,model_name,num_layers,dimensions,learning_rate,trial,epoch,acc_test,acc_train,acc_val
0,HyboNet,2,128,0.0002,1,1,0.33858267716535434,0.5333333333333333,0.46153846153846156
1,HyboNet,2,128,0.0002,1,10,0.5354330708661418,0.6,0.5769230769230769
2,HyboNet,2,128,0.0002,1,100,0.5196850393700787,0.9666666666666667,0.6153846153846154
3,HyboNet,2,128,0.0002,1,11,0.5354330708661418,0.6333333333333333,0.5769230769230769
4,HyboNet,2,128,0.0002,1,12,0.5354330708661418,0.6333333333333333,0.5384615384615384
5,HyboNet,2,128,0.0002,1,13,0.5354330708661418,0.6666666666666666,0.5384615384615384
6,HyboNet,2,128,0.0002,1,14,0.5354330708661418,0.6666666666666666,0.5384615384615384
7,HyboNet,2,128,0.0002,1,15,0.5275590551181102,0.6666666666666666,0.5384615384615384
8,HyboNet,2,128,0.0002,1,16,0.5275590551181102,0.6666666666666666,0.5384615384615384
9,HyboNet,2,128,0.0002,1,17,0.5275590551181102,0.6666666666666666,0.5384615384615384
10,HyboNet,2,128,0.0002,1,18,0.5118110236220472,0.7,0.5384615384615384
11,HyboNet,2,128,0.0002,1,19,0.5196850393700787,0.7,0.5384615384615384
12,HyboNet,2,128,0.0002,1,2,0.44881889763779526,0.5666666666666667,0.5384615384615384
13,HyboNet,2,128,0.0002,1,20,0.5118110236220472,0.7333333333333333,0.5384615384615384
14,HyboNet,2,128,0.0002,1,21,0.5196850393700787,0.7666666666666667,0.5384615384615384
15,HyboNet,2,128,0.0002,1,22,0.5118110236220472,0.8,0.5769230769230769
16,HyboNet,2,128,0.0002,1,23,0.5118110236220472,0.8,0.5769230769230769
17,HyboNet,2,128,0.0002,1,24,0.5118110236220472,0.8,0.5769230769230769
18,HyboNet,2,128,0.0002,1,25,0.5118110236220472,0.8,0.5384615384615384
19,HyboNet,2,128,0.0002,1,26,0.5196850393700787,0.8,0.5384615384615384
20,HyboNet,2,128,0.0002,1,27,0.5354330708661418,0.8,0.5384615384615384
21,HyboNet,2,128,0.0002,1,28,0.5196850393700787,0.8,0.5384615384615384
22,HyboNet,2,128,0.0002,1,29,0.5196850393700787,0.8,0.5384615384615384
23,HyboNet,2,128,0.0002,1,3,0.49606299212598426,0.5666666666666667,0.5384615384615384
24,HyboNet,2,128,0.0002,1,30,0.5275590551181102,0.8,0.5384615384615384
25,HyboNet,2,128,0.0002,1,31,0.5354330708661418,0.8,0.5384615384615384
26,HyboNet,2,128,0.0002,1,32,0.5354330708661418,0.8,0.5384615384615384
27,HyboNet,2,128,0.0002,1,33,0.5354330708661418,0.8,0.5384615384615384
28,HyboNet,2,128,0.0002,1,34,0.5354330708661418,0.8,0.5384615384615384
29,HyboNet,2,128,0.0002,1,35,0.5354330708661418,0.8,0.5384615384615384
30,HyboNet,2,128,0.0002,1,36,0.5354330708661418,0.8,0.5384615384615384
31,HyboNet,2,128,0.0002,1,37,0.5354330708661418,0.8,0.5384615384615384
32,HyboNet,2,128,0.0002,1,38,0.5275590551181102,0.8,0.5384615384615384
33,HyboNet,2,128,0.0002,1,39,0.5275590551181102,0.8,0.5384615384615384
34,HyboNet,2,128,0.0002,1,4,0.5196850393700787,0.5666666666666667,0.5769230769230769
35,HyboNet,2,128,0.0002,1,40,0.5354330708661418,0.8,0.5384615384615384
36,HyboNet,2,128,0.0002,1,41,0.5433070866141733,0.8,0.5384615384615384
37,HyboNet,2,128,0.0002,1,42,0.5433070866141733,0.8,0.5384615384615384
38,HyboNet,2,128,0.0002,1,43,0.5511811023622047,0.8,0.5384615384615384
39,HyboNet,2,128,0.0002,1,44,0.5433070866141733,0.8,0.5384615384615384
40,HyboNet,2,128,0.0002,1,45,0.5433070866141733,0.8,0.5384615384615384
41,HyboNet,2,128,0.0002,1,46,0.5433070866141733,0.8,0.5769230769230769
42,HyboNet,2,128,0.0002,1,47,0.5511811023622047,0.8,0.5769230769230769
43,HyboNet,2,128,0.0002,1,48,0.5433070866141733,0.8,0.5384615384615384
44,HyboNet,2,128,0.0002,1,49,0.5433070866141733,0.8,0.5384615384615384
45,HyboNet,2,128,0.0002,1,5,0.5354330708661418,0.5666666666666667,0.5769230769230769
46,HyboNet,2,128,0.0002,1,50,0.5433070866141733,0.8,0.5384615384615384
47,HyboNet,2,128,0.0002,1,51,0.5354330708661418,0.8333333333333334,0.5769230769230769
48,HyboNet,2,128,0.0002,1,52,0.5196850393700787,0.8333333333333334,0.5769230769230769
49,HyboNet,2,128,0.0002,1,53,0.5196850393700787,0.8666666666666667,0.5769230769230769
50,HyboNet,2,128,0.0002,1,54,0.5039370078740157,0.8666666666666667,0.5769230769230769
51,HyboNet,2,128,0.0002,1,55,0.5039370078740157,0.8666666666666667,0.5769230769230769
52,HyboNet,2,128,0.0002,1,56,0.5039370078740157,0.8666666666666667,0.5769230769230769
53,HyboNet,2,128,0.0002,1,57,0.49606299212598426,0.8666666666666667,0.5769230769230769
54,HyboNet,2,128,0.0002,1,58,0.4881889763779528,0.8666666666666667,0.5769230769230769
55,HyboNet,2,128,0.0002,1,59,0.4881889763779528,0.8666666666666667,0.5769230769230769
56,HyboNet,2,128,0.0002,1,6,0.5354330708661418,0.5666666666666667,0.5769230769230769
57,HyboNet,2,128,0.0002,1,60,0.49606299212598426,0.8666666666666667,0.5769230769230769
58,HyboNet,2,128,0.0002,1,61,0.4881889763779528,0.8666666666666667,0.6153846153846154
59,HyboNet,2,128,0.0002,1,62,0.4881889763779528,0.8666666666666667,0.6153846153846154
60,HyboNet,2,128,0.0002,1,63,0.4881889763779528,0.8666666666666667,0.6153846153846154
61,HyboNet,2,128,0.0002,1,64,0.4881889763779528,0.9,0.6153846153846154
62,HyboNet,2,128,0.0002,1,65,0.4881889763779528,0.9,0.6153846153846154
63,HyboNet,2,128,0.0002,1,66,0.4881889763779528,0.9,0.6153846153846154
64,HyboNet,2,128,0.0002,1,67,0.49606299212598426,0.9,0.6153846153846154
65,HyboNet,2,128,0.0002,1,68,0.4881889763779528,0.9,0.6153846153846154
66,HyboNet,2,128,0.0002,1,69,0.4881889763779528,0.9333333333333333,0.6153846153846154
67,HyboNet,2,128,0.0002,1,7,0.5354330708661418,0.6,0.5769230769230769
68,HyboNet,2,128,0.0002,1,70,0.48031496062992124,0.9333333333333333,0.6153846153846154
69,HyboNet,2,128,0.0002,1,71,0.48031496062992124,0.9333333333333333,0.6153846153846154
70,HyboNet,2,128,0.0002,1,72,0.48031496062992124,0.9333333333333333,0.6153846153846154
71,HyboNet,2,128,0.0002,1,73,0.4881889763779528,0.9333333333333333,0.6153846153846154
72,HyboNet,2,128,0.0002,1,74,0.48031496062992124,0.9333333333333333,0.6153846153846154
73,HyboNet,2,128,0.0002,1,75,0.48031496062992124,0.9333333333333333,0.6153846153846154
74,HyboNet,2,128,0.0002,1,76,0.4645669291338583,0.9333333333333333,0.6153846153846154
75,HyboNet,2,128,0.0002,1,77,0.47244094488188976,0.9333333333333333,0.6153846153846154
76,HyboNet,2,128,0.0002,1,78,0.47244094488188976,0.9333333333333333,0.6153846153846154
77,HyboNet,2,128,0.0002,1,79,0.47244094488188976,0.9333333333333333,0.6153846153846154
78,HyboNet,2,128,0.0002,1,8,0.5354330708661418,0.6,0.5769230769230769
79,HyboNet,2,128,0.0002,1,80,0.47244094488188976,0.9333333333333333,0.6153846153846154
80,HyboNet,2,128,0.0002,1,81,0.47244094488188976,0.9333333333333333,0.6153846153846154
81,HyboNet,2,128,0.0002,1,82,0.47244094488188976,0.9333333333333333,0.6153846153846154
82,HyboNet,2,128,0.0002,1,83,0.4881889763779528,0.9666666666666667,0.5769230769230769
83,HyboNet,2,128,0.0002,1,84,0.4881889763779528,0.9666666666666667,0.5769230769230769
84,HyboNet,2,128,0.0002,1,85,0.49606299212598426,0.9666666666666667,0.5769230769230769
85,HyboNet,2,128,0.0002,1,86,0.49606299212598426,0.9666666666666667,0.5769230769230769
86,HyboNet,2,128,0.0002,1,87,0.5039370078740157,0.9666666666666667,0.5769230769230769
87,HyboNet,2,128,0.0002,1,88,0.5039370078740157,0.9666666666666667,0.5769230769230769
88,HyboNet,2,128,0.0002,1,89,0.5039370078740157,0.9666666666666667,0.5769230769230769
89,HyboNet,2,128,0.0002,1,9,0.5354330708661418,0.6,0.5769230769230769
90,HyboNet,2,128,0.0002,1,90,0.5039370078740157,0.9666666666666667,0.5769230769230769
91,HyboNet,2,128,0.0002,1,91,0.5118110236220472,0.9666666666666667,0.5769230769230769
92,HyboNet,2,128,0.0002,1,92,0.5118110236220472,0.9666666666666667,0.5769230769230769
93,HyboNet,2,128,0.0002,1,93,0.5196850393700787,0.9666666666666667,0.6153846153846154
94,HyboNet,2,128,0.0002,1,94,0.5196850393700787,0.9666666666666667,0.6153846153846154
95,HyboNet,2,128,0.0002,1,95,0.5196850393700787,0.9666666666666667,0.6153846153846154
96,HyboNet,2,128,0.0002,1,96,0.5196850393700787,0.9666666666666667,0.6153846153846154
97,HyboNet,2,128,0.0002,1,97,0.5196850393700787,0.9666666666666667,0.6153846153846154
98,HyboNet,2,128,0.0002,1,98,0.5196850393700787,0.9666666666666667,0.6153846153846154
99,HyboNet,2,128,0.0002,1,99,0.5196850393700787,0.9666666666666667,0.6153846153846154
100,HyboNet,2,128,0.0002,10,1,0.15748031496062992,0.16666666666666666,0.15384615384615385
101,HyboNet,2,128,0.0002,10,10,0.5354330708661418,0.6,0.5769230769230769
102,HyboNet,2,128,0.0002,10,100,0.5039370078740157,0.9666666666666667,0.5
103,HyboNet,2,128,0.0002,10,11,0.5354330708661418,0.6,0.5769230769230769
104,HyboNet,2,128,0.0002,10,12,0.5354330708661418,0.6,0.5769230769230769
105,HyboNet,2,128,0.0002,10,13,0.5354330708661418,0.6,0.5769230769230769
106,HyboNet,2,128,0.0002,10,14,0.5354330708661418,0.6333333333333333,0.5769230769230769
107,HyboNet,2,128,0.0002,10,15,0.5354330708661418,0.6333333333333333,0.5769230769230769
108,HyboNet,2,128,0.0002,10,16,0.5354330708661418,0.6333333333333333,0.5769230769230769
109,HyboNet,2,128,0.0002,10,17,0.5354330708661418,0.6333333333333333,0.5769230769230769
110,HyboNet,2,128,0.0002,10,18,0.5354330708661418,0.6333333333333333,0.5769230769230769
111,HyboNet,2,128,0.0002,10,19,0.5354330708661418,0.6666666666666666,0.5769230769230769
112,HyboNet,2,128,0.0002,10,2,0.29133858267716534,0.3333333333333333,0.38461538461538464
113,HyboNet,2,128,0.0002,10,20,0.5354330708661418,0.6666666666666666,0.5769230769230769
114,HyboNet,2,128,0.0002,10,21,0.5354330708661418,0.6666666666666666,0.5769230769230769
115,HyboNet,2,128,0.0002,10,22,0.5354330708661418,0.6666666666666666,0.5769230769230769
116,HyboNet,2,128,0.0002,10,23,0.5433070866141733,0.6666666666666666,0.5769230769230769
117,HyboNet,2,128,0.0002,10,24,0.5433070866141733,0.6666666666666666,0.5769230769230769
118,HyboNet,2,128,0.0002,10,25,0.5433070866141733,0.7,0.5384615384615384
119,HyboNet,2,128,0.0002,10,26,0.5354330708661418,0.7333333333333333,0.5384615384615384
120,HyboNet,2,128,0.0002,10,27,0.5354330708661418,0.7333333333333333,0.5384615384615384
121,HyboNet,2,128,0.0002,10,28,0.5354330708661418,0.7333333333333333,0.5384615384615384
122,HyboNet,2,128,0.0002,10,29,0.5275590551181102,0.7333333333333333,0.5769230769230769
123,HyboNet,2,128,0.0002,10,3,0.4409448818897638,0.5333333333333333,0.5
124,HyboNet,2,128,0.0002,10,30,0.5275590551181102,0.7333333333333333,0.5769230769230769
125,HyboNet,2,128,0.0002,10,31,0.5275590551181102,0.7333333333333333,0.5769230769230769
126,HyboNet,2,128,0.0002,10,32,0.5275590551181102,0.7666666666666667,0.5384615384615384
127,HyboNet,2,128,0.0002,10,33,0.5275590551181102,0.7666666666666667,0.5384615384615384
128,HyboNet,2,128,0.0002,10,34,0.5275590551181102,0.7666666666666667,0.5384615384615384
129,HyboNet,2,128,0.0002,10,35,0.5275590551181102,0.7666666666666667,0.5384615384615384
130,HyboNet,2,128,0.0002,10,36,0.5275590551181102,0.7666666666666667,0.5384615384615384
131,HyboNet,2,128,0.0002,10,37,0.5433070866141733,0.7666666666666667,0.5384615384615384
132,HyboNet,2,128,0.0002,10,38,0.5433070866141733,0.7666666666666667,0.5384615384615384
133,HyboNet,2,128,0.0002,10,39,0.5433070866141733,0.7666666666666667,0.5769230769230769
134,HyboNet,2,128,0.0002,10,4,0.49606299212598426,0.5666666666666667,0.5384615384615384
135,HyboNet,2,128,0.0002,10,40,0.5433070866141733,0.7666666666666667,0.5769230769230769
136,HyboNet,2,128,0.0002,10,41,0.5433070866141733,0.7333333333333333,0.5769230769230769
137,HyboNet,2,128,0.0002,10,42,0.5433070866141733,0.7333333333333333,0.5769230769230769
138,HyboNet,2,128,0.0002,10,43,0.5433070866141733,0.7333333333333333,0.5769230769230769
139,HyboNet,2,128,0.0002,10,44,0.5433070866141733,0.7333333333333333,0.5769230769230769
140,HyboNet,2,128,0.0002,10,45,0.5433070866141733,0.7666666666666667,0.5769230769230769
141,HyboNet,2,128,0.0002,10,46,0.5433070866141733,0.7666666666666667,0.5769230769230769
142,HyboNet,2,128,0.0002,10,47,0.5433070866141733,0.7666666666666667,0.5769230769230769
143,HyboNet,2,128,0.0002,10,48,0.5433070866141733,0.7666666666666667,0.5769230769230769
144,HyboNet,2,128,0.0002,10,49,0.5433070866141733,0.7666666666666667,0.5384615384615384
145,HyboNet,2,128,0.0002,10,5,0.5196850393700787,0.6,0.5769230769230769
146,HyboNet,2,128,0.0002,10,50,0.5433070866141733,0.7666666666666667,0.5384615384615384
147,HyboNet,2,128,0.0002,10,51,0.5354330708661418,0.7666666666666667,0.5769230769230769
148,HyboNet,2,128,0.0002,10,52,0.5354330708661418,0.8,0.5384615384615384
149,HyboNet,2,128,0.0002,10,53,0.5354330708661418,0.8,0.5384615384615384
150,HyboNet,2,128,0.0002,10,54,0.5511811023622047,0.8,0.5384615384615384
151,HyboNet,2,128,0.0002,10,55,0.5433070866141733,0.8,0.5384615384615384
152,HyboNet,2,128,0.0002,10,56,0.5275590551181102,0.8,0.5384615384615384
153,HyboNet,2,128,0.0002,10,57,0.5275590551181102,0.8,0.5384615384615384
154,HyboNet,2,128,0.0002,10,58,0.5196850393700787,0.8333333333333334,0.5384615384615384
155,HyboNet,2,128,0.0002,10,59,0.5196850393700787,0.8333333333333334,0.5384615384615384
156,HyboNet,2,128,0.0002,10,6,0.5354330708661418,0.6,0.5769230769230769
157,HyboNet,2,128,0.0002,10,60,0.5196850393700787,0.8666666666666667,0.5384615384615384
158,HyboNet,2,128,0.0002,10,61,0.5275590551181102,0.8666666666666667,0.5384615384615384
159,HyboNet,2,128,0.0002,10,62,0.5275590551181102,0.8666666666666667,0.5384615384615384
160,HyboNet,2,128,0.0002,10,63,0.5275590551181102,0.8666666666666667,0.5384615384615384
161,HyboNet,2,128,0.0002,10,64,0.5196850393700787,0.8666666666666667,0.5384615384615384
162,HyboNet,2,128,0.0002,10,65,0.5196850393700787,0.8666666666666667,0.5384615384615384
163,HyboNet,2,128,0.0002,10,66,0.5196850393700787,0.8666666666666667,0.5384615384615384
164,HyboNet,2,128,0.0002,10,67,0.5196850393700787,0.8666666666666667,0.5769230769230769
165,HyboNet,2,128,0.0002,10,68,0.5196850393700787,0.8666666666666667,0.5769230769230769
166,HyboNet,2,128,0.0002,10,69,0.5196850393700787,0.8666666666666667,0.5769230769230769
167,HyboNet,2,128,0.0002,10,7,0.5354330708661418,0.6,0.5769230769230769
168,HyboNet,2,128,0.0002,10,70,0.5196850393700787,0.8666666666666667,0.5384615384615384
169,HyboNet,2,128,0.0002,10,71,0.5196850393700787,0.8666666666666667,0.5384615384615384
170,HyboNet,2,128,0.0002,10,72,0.5118110236220472,0.8666666666666667,0.5384615384615384
171,HyboNet,2,128,0.0002,10,73,0.5196850393700787,0.8666666666666667,0.5384615384615384
172,HyboNet,2,128,0.0002,10,74,0.5118110236220472,0.8666666666666667,0.5384615384615384
173,HyboNet,2,128,0.0002,10,75,0.5118110236220472,0.9,0.5
174,HyboNet,2,128,0.0002,10,76,0.5118110236220472,0.9,0.5
175,HyboNet,2,128,0.0002,10,77,0.49606299212598426,0.9,0.5
176,HyboNet,2,128,0.0002,10,78,0.5039370078740157,0.9333333333333333,0.5
177,HyboNet,2,128,0.0002,10,79,0.5196850393700787,0.9333333333333333,0.5
178,HyboNet,2,128,0.0002,10,8,0.5354330708661418,0.6,0.5769230769230769
179,HyboNet,2,128,0.0002,10,80,0.5118110236220472,0.9333333333333333,0.5
180,HyboNet,2,128,0.0002,10,81,0.5118110236220472,0.9333333333333333,0.5
181,HyboNet,2,128,0.0002,10,82,0.5039370078740157,0.9333333333333333,0.5
182,HyboNet,2,128,0.0002,10,83,0.49606299212598426,0.9333333333333333,0.5
183,HyboNet,2,128,0.0002,10,84,0.49606299212598426,0.9666666666666667,0.5384615384615384
184,HyboNet,2,128,0.0002,10,85,0.49606299212598426,0.9666666666666667,0.5384615384615384
185,HyboNet,2,128,0.0002,10,86,0.5118110236220472,0.9666666666666667,0.5384615384615384
186,HyboNet,2,128,0.0002,10,87,0.5196850393700787,0.9666666666666667,0.5384615384615384
187,HyboNet,2,128,0.0002,10,88,0.5196850393700787,0.9666666666666667,0.5384615384615384
188,HyboNet,2,128,0.0002,10,89,0.5118110236220472,0.9666666666666667,0.5384615384615384
189,HyboNet,2,128,0.0002,10,9,0.5354330708661418,0.6,0.5769230769230769
190,HyboNet,2,128,0.0002,10,90,0.5039370078740157,0.9666666666666667,0.5384615384615384
191,HyboNet,2,128,0.0002,10,91,0.5039370078740157,0.9666666666666667,0.5384615384615384
192,HyboNet,2,128,0.0002,10,92,0.5039370078740157,0.9666666666666667,0.5384615384615384
193,HyboNet,2,128,0.0002,10,93,0.5039370078740157,0.9666666666666667,0.5384615384615384
194,HyboNet,2,128,0.0002,10,94,0.5039370078740157,0.9666666666666667,0.5384615384615384
195,HyboNet,2,128,0.0002,10,95,0.5118110236220472,0.9666666666666667,0.5384615384615384
196,HyboNet,2,128,0.0002,10,96,0.5118110236220472,0.9666666666666667,0.5
197,HyboNet,2,128,0.0002,10,97,0.5118110236220472,0.9666666666666667,0.5
198,HyboNet,2,128,0.0002,10,98,0.5118110236220472,0.9666666666666667,0.5
199,HyboNet,2,128,0.0002,10,99,0.49606299212598426,0.9666666666666667,0.5
200,HyboNet,2,128,0.0002,2,1,0.12598425196850394,0.3,0.19230769230769232
201,HyboNet,2,128,0.0002,2,10,0.5275590551181102,0.6,0.5769230769230769
202,HyboNet,2,128,0.0002,2,100,0.5590551181102362,1.0,0.5769230769230769
203,HyboNet,2,128,0.0002,2,11,0.5275590551181102,0.6,0.5769230769230769
204,HyboNet,2,128,0.0002,2,12,0.5275590551181102,0.6333333333333333,0.5769230769230769
205,HyboNet,2,128,0.0002,2,13,0.5275590551181102,0.6333333333333333,0.5769230769230769
206,HyboNet,2,128,0.0002,2,14,0.5275590551181102,0.6666666666666666,0.5769230769230769
207,HyboNet,2,128,0.0002,2,15,0.5275590551181102,0.6666666666666666,0.5769230769230769
208,HyboNet,2,128,0.0002,2,16,0.5354330708661418,0.6666666666666666,0.5769230769230769
209,HyboNet,2,128,0.0002,2,17,0.5275590551181102,0.7,0.5769230769230769
210,HyboNet,2,128,0.0002,2,18,0.5275590551181102,0.7333333333333333,0.5769230769230769
211,HyboNet,2,128,0.0002,2,19,0.5354330708661418,0.7333333333333333,0.5769230769230769
212,HyboNet,2,128,0.0002,2,2,0.30708661417322836,0.5333333333333333,0.38461538461538464
213,HyboNet,2,128,0.0002,2,20,0.5354330708661418,0.7666666666666667,0.5769230769230769
214,HyboNet,2,128,0.0002,2,21,0.5354330708661418,0.7666666666666667,0.5769230769230769
215,HyboNet,2,128,0.0002,2,22,0.5275590551181102,0.7666666666666667,0.5769230769230769
216,HyboNet,2,128,0.0002,2,23,0.5275590551181102,0.7666666666666667,0.5769230769230769
217,HyboNet,2,128,0.0002,2,24,0.5275590551181102,0.7666666666666667,0.5769230769230769
218,HyboNet,2,128,0.0002,2,25,0.5275590551181102,0.7666666666666667,0.5769230769230769
219,HyboNet,2,128,0.0002,2,26,0.5275590551181102,0.7666666666666667,0.5769230769230769
220,HyboNet,2,128,0.0002,2,27,0.5275590551181102,0.7666666666666667,0.5769230769230769
221,HyboNet,2,128,0.0002,2,28,0.5275590551181102,0.7666666666666667,0.5769230769230769
222,HyboNet,2,128,0.0002,2,29,0.5275590551181102,0.7666666666666667,0.5769230769230769
223,HyboNet,2,128,0.0002,2,3,0.4566929133858268,0.5666666666666667,0.46153846153846156
224,HyboNet,2,128,0.0002,2,30,0.5275590551181102,0.7666666666666667,0.5769230769230769
225,HyboNet,2,128,0.0002,2,31,0.5275590551181102,0.7666666666666667,0.5769230769230769
226,HyboNet,2,128,0.0002,2,32,0.5275590551181102,0.7666666666666667,0.5769230769230769
227,HyboNet,2,128,0.0002,2,33,0.5275590551181102,0.7666666666666667,0.5769230769230769
228,HyboNet,2,128,0.0002,2,34,0.5275590551181102,0.7666666666666667,0.5769230769230769
229,HyboNet,2,128,0.0002,2,35,0.5196850393700787,0.7666666666666667,0.5769230769230769
230,HyboNet,2,128,0.0002,2,36,0.5196850393700787,0.7666666666666667,0.5769230769230769
231,HyboNet,2,128,0.0002,2,37,0.5196850393700787,0.7666666666666667,0.5769230769230769
232,HyboNet,2,128,0.0002,2,38,0.5118110236220472,0.7666666666666667,0.5769230769230769
233,HyboNet,2,128,0.0002,2,39,0.5118110236220472,0.7666666666666667,0.5769230769230769
234,HyboNet,2,128,0.0002,2,4,0.49606299212598426,0.6,0.5769230769230769
235,HyboNet,2,128,0.0002,2,40,0.5118110236220472,0.7666666666666667,0.5769230769230769
236,HyboNet,2,128,0.0002,2,41,0.5196850393700787,0.7666666666666667,0.5769230769230769
237,HyboNet,2,128,0.0002,2,42,0.5196850393700787,0.7666666666666667,0.5769230769230769
238,HyboNet,2,128,0.0002,2,43,0.5196850393700787,0.7666666666666667,0.5769230769230769
239,HyboNet,2,128,0.0002,2,44,0.5196850393700787,0.7666666666666667,0.5769230769230769
240,HyboNet,2,128,0.0002,2,45,0.5196850393700787,0.7666666666666667,0.5769230769230769
241,HyboNet,2,128,0.0002,2,46,0.5275590551181102,0.8,0.5769230769230769
242,HyboNet,2,128,0.0002,2,47,0.5354330708661418,0.8,0.5769230769230769
243,HyboNet,2,128,0.0002,2,48,0.5511811023622047,0.8,0.5769230769230769
244,HyboNet,2,128,0.0002,2,49,0.5511811023622047,0.8,0.5769230769230769
245,HyboNet,2,128,0.0002,2,5,0.5196850393700787,0.6,0.5769230769230769
246,HyboNet,2,128,0.0002,2,50,0.5511811023622047,0.8,0.5769230769230769
247,HyboNet,2,128,0.0002,2,51,0.5511811023622047,0.8,0.5769230769230769
248,HyboNet,2,128,0.0002,2,52,0.5511811023622047,0.8,0.5769230769230769
249,HyboNet,2,128,0.0002,2,53,0.5511811023622047,0.8,0.5769230769230769
250,HyboNet,2,128,0.0002,2,54,0.5511811023622047,0.8333333333333334,0.5769230769230769
251,HyboNet,2,128,0.0002,2,55,0.5511811023622047,0.8333333333333334,0.5384615384615384
252,HyboNet,2,128,0.0002,2,56,0.5511811023622047,0.8333333333333334,0.5384615384615384
253,HyboNet,2,128,0.0002,2,57,0.5511811023622047,0.8333333333333334,0.5384615384615384
254,HyboNet,2,128,0.0002,2,58,0.5511811023622047,0.8333333333333334,0.5384615384615384
255,HyboNet,2,128,0.0002,2,59,0.5511811023622047,0.8333333333333334,0.5384615384615384
256,HyboNet,2,128,0.0002,2,6,0.5275590551181102,0.6,0.5769230769230769
257,HyboNet,2,128,0.0002,2,60,0.5590551181102362,0.8333333333333334,0.5384615384615384
258,HyboNet,2,128,0.0002,2,61,0.5590551181102362,0.8333333333333334,0.5384615384615384
259,HyboNet,2,128,0.0002,2,62,0.5590551181102362,0.8333333333333334,0.5384615384615384
260,HyboNet,2,128,0.0002,2,63,0.5511811023622047,0.8333333333333334,0.5384615384615384
261,HyboNet,2,128,0.0002,2,64,0.5433070866141733,0.8333333333333334,0.5
262,HyboNet,2,128,0.0002,2,65,0.5433070866141733,0.8666666666666667,0.5
263,HyboNet,2,128,0.0002,2,66,0.5433070866141733,0.9,0.5
264,HyboNet,2,128,0.0002,2,67,0.5433070866141733,0.9,0.5
265,HyboNet,2,128,0.0002,2,68,0.5433070866141733,0.9,0.5
266,HyboNet,2,128,0.0002,2,69,0.5354330708661418,0.9,0.5
267,HyboNet,2,128,0.0002,2,7,0.5275590551181102,0.6,0.5769230769230769
268,HyboNet,2,128,0.0002,2,70,0.5354330708661418,0.9,0.5
269,HyboNet,2,128,0.0002,2,71,0.5354330708661418,0.9,0.5384615384615384
270,HyboNet,2,128,0.0002,2,72,0.5354330708661418,0.9,0.5769230769230769
271,HyboNet,2,128,0.0002,2,73,0.5354330708661418,0.9,0.5769230769230769
272,HyboNet,2,128,0.0002,2,74,0.5275590551181102,0.9,0.5769230769230769
273,HyboNet,2,128,0.0002,2,75,0.5275590551181102,0.9,0.5769230769230769
274,HyboNet,2,128,0.0002,2,76,0.5354330708661418,0.9,0.5384615384615384
275,HyboNet,2,128,0.0002,2,77,0.5433070866141733,0.9,0.5384615384615384
276,HyboNet,2,128,0.0002,2,78,0.5433070866141733,0.9,0.5384615384615384
277,HyboNet,2,128,0.0002,2,79,0.5511811023622047,0.9,0.5769230769230769
278,HyboNet,2,128,0.0002,2,8,0.5275590551181102,0.6,0.5769230769230769
279,HyboNet,2,128,0.0002,2,80,0.5511811023622047,0.9333333333333333,0.5769230769230769
280,HyboNet,2,128,0.0002,2,81,0.5590551181102362,0.9333333333333333,0.5769230769230769
281,HyboNet,2,128,0.0002,2,82,0.5590551181102362,0.9333333333333333,0.5769230769230769
282,HyboNet,2,128,0.0002,2,83,0.5511811023622047,0.9666666666666667,0.5769230769230769
283,HyboNet,2,128,0.0002,2,84,0.5590551181102362,0.9666666666666667,0.5769230769230769
284,HyboNet,2,128,0.0002,2,85,0.5590551181102362,0.9666666666666667,0.5769230769230769
285,HyboNet,2,128,0.0002,2,86,0.5590551181102362,0.9666666666666667,0.6153846153846154
286,HyboNet,2,128,0.0002,2,87,0.5511811023622047,0.9666666666666667,0.6153846153846154
287,HyboNet,2,128,0.0002,2,88,0.5511811023622047,0.9666666666666667,0.6153846153846154
288,HyboNet,2,128,0.0002,2,89,0.5511811023622047,1.0,0.6153846153846154
289,HyboNet,2,128,0.0002,2,9,0.5275590551181102,0.6,0.5769230769230769
290,HyboNet,2,128,0.0002,2,90,0.5354330708661418,1.0,0.6153846153846154
291,HyboNet,2,128,0.0002,2,91,0.5275590551181102,1.0,0.6153846153846154
292,HyboNet,2,128,0.0002,2,92,0.5275590551181102,1.0,0.6153846153846154
293,HyboNet,2,128,0.0002,2,93,0.5275590551181102,1.0,0.6153846153846154
294,HyboNet,2,128,0.0002,2,94,0.5275590551181102,1.0,0.5769230769230769
295,HyboNet,2,128,0.0002,2,95,0.5275590551181102,1.0,0.5769230769230769
296,HyboNet,2,128,0.0002,2,96,0.5275590551181102,1.0,0.5769230769230769
297,HyboNet,2,128,0.0002,2,97,0.5511811023622047,1.0,0.5769230769230769
298,HyboNet,2,128,0.0002,2,98,0.5511811023622047,1.0,0.5769230769230769
299,HyboNet,2,128,0.0002,2,99,0.5511811023622047,1.0,0.5769230769230769
300,HyboNet,2,128,0.0002,3,1,0.07086614173228346,0.13333333333333333,0.11538461538461539
301,HyboNet,2,128,0.0002,3,10,0.5354330708661418,0.6,0.5769230769230769
302,HyboNet,2,128,0.0002,3,100,0.5275590551181102,1.0,0.6153846153846154
303,HyboNet,2,128,0.0002,3,11,0.5354330708661418,0.6,0.5769230769230769
304,HyboNet,2,128,0.0002,3,12,0.5354330708661418,0.6,0.5769230769230769
305,HyboNet,2,128,0.0002,3,13,0.5354330708661418,0.6,0.5769230769230769
306,HyboNet,2,128,0.0002,3,14,0.5354330708661418,0.6,0.5769230769230769
307,HyboNet,2,128,0.0002,3,15,0.5354330708661418,0.6,0.5769230769230769
308,HyboNet,2,128,0.0002,3,16,0.5354330708661418,0.6333333333333333,0.5769230769230769
309,HyboNet,2,128,0.0002,3,17,0.5433070866141733,0.6333333333333333,0.5769230769230769
310,HyboNet,2,128,0.0002,3,18,0.5433070866141733,0.6333333333333333,0.5769230769230769
311,HyboNet,2,128,0.0002,3,19,0.5354330708661418,0.6333333333333333,0.5769230769230769
312,HyboNet,2,128,0.0002,3,2,0.2677165354330709,0.43333333333333335,0.3076923076923077
313,HyboNet,2,128,0.0002,3,20,0.5354330708661418,0.7333333333333333,0.5769230769230769
314,HyboNet,2,128,0.0002,3,21,0.5433070866141733,0.7333333333333333,0.5769230769230769
315,HyboNet,2,128,0.0002,3,22,0.5511811023622047,0.7333333333333333,0.5769230769230769
316,HyboNet,2,128,0.0002,3,23,0.5511811023622047,0.7333333333333333,0.5384615384615384
317,HyboNet,2,128,0.0002,3,24,0.5511811023622047,0.7666666666666667,0.5384615384615384
318,HyboNet,2,128,0.0002,3,25,0.5275590551181102,0.7666666666666667,0.5384615384615384
319,HyboNet,2,128,0.0002,3,26,0.5275590551181102,0.7666666666666667,0.5384615384615384
320,HyboNet,2,128,0.0002,3,27,0.5275590551181102,0.8,0.5384615384615384
321,HyboNet,2,128,0.0002,3,28,0.5275590551181102,0.8,0.5384615384615384
322,HyboNet,2,128,0.0002,3,29,0.5354330708661418,0.8,0.5384615384615384
323,HyboNet,2,128,0.0002,3,3,0.4409448818897638,0.5333333333333333,0.4230769230769231
324,HyboNet,2,128,0.0002,3,30,0.5354330708661418,0.8,0.5384615384615384
325,HyboNet,2,128,0.0002,3,31,0.5354330708661418,0.7666666666666667,0.5384615384615384
326,HyboNet,2,128,0.0002,3,32,0.5433070866141733,0.7666666666666667,0.5384615384615384
327,HyboNet,2,128,0.0002,3,33,0.5433070866141733,0.7666666666666667,0.5384615384615384
328,HyboNet,2,128,0.0002,3,34,0.5433070866141733,0.7666666666666667,0.5384615384615384
329,HyboNet,2,128,0.0002,3,35,0.5433070866141733,0.7666666666666667,0.5384615384615384
330,HyboNet,2,128,0.0002,3,36,0.5433070866141733,0.7666666666666667,0.5384615384615384
331,HyboNet,2,128,0.0002,3,37,0.5433070866141733,0.7666666666666667,0.5384615384615384
332,HyboNet,2,128,0.0002,3,38,0.5433070866141733,0.7666666666666667,0.5384615384615384
333,HyboNet,2,128,0.0002,3,39,0.5433070866141733,0.7666666666666667,0.5384615384615384
334,HyboNet,2,128,0.0002,3,4,0.5039370078740157,0.6,0.5769230769230769
335,HyboNet,2,128,0.0002,3,40,0.5354330708661418,0.7666666666666667,0.5384615384615384
336,HyboNet,2,128,0.0002,3,41,0.5354330708661418,0.7666666666666667,0.5384615384615384
337,HyboNet,2,128,0.0002,3,42,0.5354330708661418,0.7666666666666667,0.5384615384615384
338,HyboNet,2,128,0.0002,3,43,0.5354330708661418,0.8,0.5384615384615384
339,HyboNet,2,128,0.0002,3,44,0.5433070866141733,0.8,0.5384615384615384
340,HyboNet,2,128,0.0002,3,45,0.5433070866141733,0.8,0.5384615384615384
341,HyboNet,2,128,0.0002,3,46,0.5354330708661418,0.8,0.5384615384615384
342,HyboNet,2,128,0.0002,3,47,0.5275590551181102,0.8,0.5384615384615384
343,HyboNet,2,128,0.0002,3,48,0.5354330708661418,0.8,0.5384615384615384
344,HyboNet,2,128,0.0002,3,49,0.5275590551181102,0.8,0.5
345,HyboNet,2,128,0.0002,3,5,0.5118110236220472,0.6,0.5769230769230769
346,HyboNet,2,128,0.0002,3,50,0.5354330708661418,0.8333333333333334,0.5
347,HyboNet,2,128,0.0002,3,51,0.5511811023622047,0.8333333333333334,0.46153846153846156
348,HyboNet,2,128,0.0002,3,52,0.5511811023622047,0.8333333333333334,0.46153846153846156
349,HyboNet,2,128,0.0002,3,53,0.5511811023622047,0.8333333333333334,0.46153846153846156
350,HyboNet,2,128,0.0002,3,54,0.5511811023622047,0.8333333333333334,0.46153846153846156
351,HyboNet,2,128,0.0002,3,55,0.5511811023622047,0.8333333333333334,0.46153846153846156
352,HyboNet,2,128,0.0002,3,56,0.5511811023622047,0.8333333333333334,0.46153846153846156
353,HyboNet,2,128,0.0002,3,57,0.5511811023622047,0.8666666666666667,0.46153846153846156
354,HyboNet,2,128,0.0002,3,58,0.5511811023622047,0.8666666666666667,0.46153846153846156
355,HyboNet,2,128,0.0002,3,59,0.5511811023622047,0.8666666666666667,0.46153846153846156
356,HyboNet,2,128,0.0002,3,6,0.5275590551181102,0.6,0.5769230769230769
357,HyboNet,2,128,0.0002,3,60,0.5511811023622047,0.8666666666666667,0.46153846153846156
358,HyboNet,2,128,0.0002,3,61,0.5511811023622047,0.8666666666666667,0.5
359,HyboNet,2,128,0.0002,3,62,0.5511811023622047,0.8666666666666667,0.5
360,HyboNet,2,128,0.0002,3,63,0.5511811023622047,0.8666666666666667,0.5
361,HyboNet,2,128,0.0002,3,64,0.5511811023622047,0.8666666666666667,0.5
362,HyboNet,2,128,0.0002,3,65,0.5511811023622047,0.8666666666666667,0.5
363,HyboNet,2,128,0.0002,3,66,0.5511811023622047,0.8666666666666667,0.5
364,HyboNet,2,128,0.0002,3,67,0.5511811023622047,0.8666666666666667,0.5
365,HyboNet,2,128,0.0002,3,68,0.5511811023622047,0.8666666666666667,0.5
366,HyboNet,2,128,0.0002,3,69,0.5511811023622047,0.8666666666666667,0.5
367,HyboNet,2,128,0.0002,3,7,0.5354330708661418,0.6,0.5769230769230769
368,HyboNet,2,128,0.0002,3,70,0.5511811023622047,0.8666666666666667,0.5
369,HyboNet,2,128,0.0002,3,71,0.5511811023622047,0.8666666666666667,0.5
370,HyboNet,2,128,0.0002,3,72,0.5590551181102362,0.8666666666666667,0.5
371,HyboNet,2,128,0.0002,3,73,0.5511811023622047,0.8666666666666667,0.5
372,HyboNet,2,128,0.0002,3,74,0.5433070866141733,0.8666666666666667,0.5
373,HyboNet,2,128,0.0002,3,75,0.5433070866141733,0.8666666666666667,0.5
374,HyboNet,2,128,0.0002,3,76,0.5433070866141733,0.8666666666666667,0.5
375,HyboNet,2,128,0.0002,3,77,0.5433070866141733,0.9,0.5
376,HyboNet,2,128,0.0002,3,78,0.5433070866141733,0.9333333333333333,0.5
377,HyboNet,2,128,0.0002,3,79,0.5433070866141733,0.9333333333333333,0.5
378,HyboNet,2,128,0.0002,3,8,0.5354330708661418,0.6,0.5769230769230769
379,HyboNet,2,128,0.0002,3,80,0.5433070866141733,0.9333333333333333,0.5
380,HyboNet,2,128,0.0002,3,81,0.5511811023622047,0.9333333333333333,0.5
381,HyboNet,2,128,0.0002,3,82,0.5433070866141733,0.9333333333333333,0.5
382,HyboNet,2,128,0.0002,3,83,0.5275590551181102,0.9333333333333333,0.5
383,HyboNet,2,128,0.0002,3,84,0.5275590551181102,0.9333333333333333,0.5
384,HyboNet,2,128,0.0002,3,85,0.5275590551181102,0.9333333333333333,0.5
385,HyboNet,2,128,0.0002,3,86,0.5275590551181102,0.9333333333333333,0.5
386,HyboNet,2,128,0.0002,3,87,0.5275590551181102,0.9333333333333333,0.5
387,HyboNet,2,128,0.0002,3,88,0.5354330708661418,0.9333333333333333,0.5
388,HyboNet,2,128,0.0002,3,89,0.5433070866141733,0.9666666666666667,0.5
389,HyboNet,2,128,0.0002,3,9,0.5354330708661418,0.6,0.5769230769230769
390,HyboNet,2,128,0.0002,3,90,0.5433070866141733,0.9666666666666667,0.5384615384615384
391,HyboNet,2,128,0.0002,3,91,0.5433070866141733,0.9666666666666667,0.5384615384615384
392,HyboNet,2,128,0.0002,3,92,0.5433070866141733,0.9666666666666667,0.5769230769230769
393,HyboNet,2,128,0.0002,3,93,0.5433070866141733,0.9666666666666667,0.5769230769230769
394,HyboNet,2,128,0.0002,3,94,0.5354330708661418,0.9666666666666667,0.6153846153846154
395,HyboNet,2,128,0.0002,3,95,0.5354330708661418,0.9666666666666667,0.6153846153846154
396,HyboNet,2,128,0.0002,3,96,0.5354330708661418,0.9666666666666667,0.6153846153846154
397,HyboNet,2,128,0.0002,3,97,0.5354330708661418,0.9666666666666667,0.6153846153846154
398,HyboNet,2,128,0.0002,3,98,0.5354330708661418,0.9666666666666667,0.6153846153846154
399,HyboNet,2,128,0.0002,3,99,0.5354330708661418,1.0,0.6153846153846154
400,HyboNet,2,128,0.0002,4,1,0.4330708661417323,0.5333333333333333,0.5769230769230769
401,HyboNet,2,128,0.0002,4,10,0.5275590551181102,0.6,0.5769230769230769
402,HyboNet,2,128,0.0002,4,100,0.5118110236220472,0.9666666666666667,0.6538461538461539
403,HyboNet,2,128,0.0002,4,11,0.5275590551181102,0.6,0.5769230769230769
404,HyboNet,2,128,0.0002,4,12,0.5275590551181102,0.6,0.5769230769230769
405,HyboNet,2,128,0.0002,4,13,0.5275590551181102,0.6,0.5769230769230769
406,HyboNet,2,128,0.0002,4,14,0.5354330708661418,0.6333333333333333,0.5769230769230769
407,HyboNet,2,128,0.0002,4,15,0.5354330708661418,0.6666666666666666,0.5769230769230769
408,HyboNet,2,128,0.0002,4,16,0.5354330708661418,0.6666666666666666,0.6153846153846154
409,HyboNet,2,128,0.0002,4,17,0.5275590551181102,0.6666666666666666,0.6153846153846154
410,HyboNet,2,128,0.0002,4,18,0.5354330708661418,0.7333333333333333,0.6538461538461539
411,HyboNet,2,128,0.0002,4,19,0.5196850393700787,0.7666666666666667,0.6538461538461539
412,HyboNet,2,128,0.0002,4,2,0.4881889763779528,0.5666666666666667,0.6153846153846154
413,HyboNet,2,128,0.0002,4,20,0.5275590551181102,0.7666666666666667,0.6538461538461539
414,HyboNet,2,128,0.0002,4,21,0.5196850393700787,0.7666666666666667,0.6153846153846154
415,HyboNet,2,128,0.0002,4,22,0.5196850393700787,0.7666666666666667,0.6153846153846154
416,HyboNet,2,128,0.0002,4,23,0.5275590551181102,0.7666666666666667,0.6153846153846154
417,HyboNet,2,128,0.0002,4,24,0.5354330708661418,0.7666666666666667,0.6153846153846154
418,HyboNet,2,128,0.0002,4,25,0.5354330708661418,0.7666666666666667,0.6153846153846154
419,HyboNet,2,128,0.0002,4,26,0.5275590551181102,0.7666666666666667,0.6153846153846154
420,HyboNet,2,128,0.0002,4,27,0.5275590551181102,0.7666666666666667,0.6153846153846154
421,HyboNet,2,128,0.0002,4,28,0.5354330708661418,0.7666666666666667,0.6153846153846154
422,HyboNet,2,128,0.0002,4,29,0.5275590551181102,0.7666666666666667,0.6153846153846154
423,HyboNet,2,128,0.0002,4,3,0.5196850393700787,0.5666666666666667,0.5769230769230769
424,HyboNet,2,128,0.0002,4,30,0.5275590551181102,0.7666666666666667,0.6153846153846154
425,HyboNet,2,128,0.0002,4,31,0.5275590551181102,0.7666666666666667,0.6153846153846154
426,HyboNet,2,128,0.0002,4,32,0.5275590551181102,0.7666666666666667,0.6153846153846154
427,HyboNet,2,128,0.0002,4,33,0.5275590551181102,0.8,0.6153846153846154
428,HyboNet,2,128,0.0002,4,34,0.5354330708661418,0.8,0.6153846153846154
429,HyboNet,2,128,0.0002,4,35,0.5433070866141733,0.8,0.6153846153846154
430,HyboNet,2,128,0.0002,4,36,0.5511811023622047,0.8,0.6153846153846154
431,HyboNet,2,128,0.0002,4,37,0.5511811023622047,0.8,0.6153846153846154
432,HyboNet,2,128,0.0002,4,38,0.5511811023622047,0.8,0.6153846153846154
433,HyboNet,2,128,0.0002,4,39,0.5590551181102362,0.8,0.6153846153846154
434,HyboNet,2,128,0.0002,4,4,0.5275590551181102,0.6,0.5769230769230769
435,HyboNet,2,128,0.0002,4,40,0.5590551181102362,0.8,0.6153846153846154
436,HyboNet,2,128,0.0002,4,41,0.5590551181102362,0.8333333333333334,0.6153846153846154
437,HyboNet,2,128,0.0002,4,42,0.5590551181102362,0.8333333333333334,0.6153846153846154
438,HyboNet,2,128,0.0002,4,43,0.5511811023622047,0.8333333333333334,0.6153846153846154
439,HyboNet,2,128,0.0002,4,44,0.5511811023622047,0.8333333333333334,0.6153846153846154
440,HyboNet,2,128,0.0002,4,45,0.5511811023622047,0.8333333333333334,0.6153846153846154
441,HyboNet,2,128,0.0002,4,46,0.5511811023622047,0.8333333333333334,0.6153846153846154
442,HyboNet,2,128,0.0002,4,47,0.5354330708661418,0.8333333333333334,0.6153846153846154
443,HyboNet,2,128,0.0002,4,48,0.5354330708661418,0.8333333333333334,0.6153846153846154
444,HyboNet,2,128,0.0002,4,49,0.5275590551181102,0.8333333333333334,0.6153846153846154
445,HyboNet,2,128,0.0002,4,5,0.5275590551181102,0.6,0.5769230769230769
446,HyboNet,2,128,0.0002,4,50,0.5354330708661418,0.8666666666666667,0.6153846153846154
447,HyboNet,2,128,0.0002,4,51,0.5354330708661418,0.8666666666666667,0.6153846153846154
448,HyboNet,2,128,0.0002,4,52,0.5354330708661418,0.8666666666666667,0.6153846153846154
449,HyboNet,2,128,0.0002,4,53,0.5354330708661418,0.8666666666666667,0.6153846153846154
450,HyboNet,2,128,0.0002,4,54,0.5196850393700787,0.8666666666666667,0.6153846153846154
451,HyboNet,2,128,0.0002,4,55,0.5275590551181102,0.8666666666666667,0.6153846153846154
452,HyboNet,2,128,0.0002,4,56,0.5275590551181102,0.9,0.6153846153846154
453,HyboNet,2,128,0.0002,4,57,0.5354330708661418,0.9,0.6153846153846154
454,HyboNet,2,128,0.0002,4,58,0.5354330708661418,0.9,0.6153846153846154
455,HyboNet,2,128,0.0002,4,59,0.5354330708661418,0.9,0.6153846153846154
456,HyboNet,2,128,0.0002,4,6,0.5275590551181102,0.6,0.5769230769230769
457,HyboNet,2,128,0.0002,4,60,0.5354330708661418,0.9,0.6153846153846154
458,HyboNet,2,128,0.0002,4,61,0.5275590551181102,0.9,0.6153846153846154
459,HyboNet,2,128,0.0002,4,62,0.5196850393700787,0.9,0.6153846153846154
460,HyboNet,2,128,0.0002,4,63,0.5118110236220472,0.9,0.6153846153846154
461,HyboNet,2,128,0.0002,4,64,0.5118110236220472,0.9,0.6153846153846154
462,HyboNet,2,128,0.0002,4,65,0.5196850393700787,0.9,0.6153846153846154
463,HyboNet,2,128,0.0002,4,66,0.5196850393700787,0.9,0.6153846153846154
464,HyboNet,2,128,0.0002,4,67,0.5196850393700787,0.9,0.6153846153846154
465,HyboNet,2,128,0.0002,4,68,0.5118110236220472,0.9333333333333333,0.6538461538461539
466,HyboNet,2,128,0.0002,4,69,0.5039370078740157,0.9333333333333333,0.6153846153846154
467,HyboNet,2,128,0.0002,4,7,0.5275590551181102,0.6,0.5769230769230769
468,HyboNet,2,128,0.0002,4,70,0.5039370078740157,0.9333333333333333,0.6153846153846154
469,HyboNet,2,128,0.0002,4,71,0.5118110236220472,0.9333333333333333,0.6153846153846154
470,HyboNet,2,128,0.0002,4,72,0.5118110236220472,0.9333333333333333,0.5769230769230769
471,HyboNet,2,128,0.0002,4,73,0.5118110236220472,0.9333333333333333,0.5769230769230769
472,HyboNet,2,128,0.0002,4,74,0.5118110236220472,0.9333333333333333,0.5769230769230769
473,HyboNet,2,128,0.0002,4,75,0.5118110236220472,0.9333333333333333,0.5769230769230769
474,HyboNet,2,128,0.0002,4,76,0.5118110236220472,0.9333333333333333,0.6153846153846154
475,HyboNet,2,128,0.0002,4,77,0.5196850393700787,0.9333333333333333,0.6153846153846154
476,HyboNet,2,128,0.0002,4,78,0.5196850393700787,0.9333333333333333,0.6153846153846154
477,HyboNet,2,128,0.0002,4,79,0.5196850393700787,0.9333333333333333,0.6153846153846154
478,HyboNet,2,128,0.0002,4,8,0.5275590551181102,0.6,0.5769230769230769
479,HyboNet,2,128,0.0002,4,80,0.5196850393700787,0.9333333333333333,0.6153846153846154
480,HyboNet,2,128,0.0002,4,81,0.5196850393700787,0.9333333333333333,0.6153846153846154
481,HyboNet,2,128,0.0002,4,82,0.5275590551181102,0.9333333333333333,0.6153846153846154
482,HyboNet,2,128,0.0002,4,83,0.5275590551181102,0.9333333333333333,0.6153846153846154
483,HyboNet,2,128,0.0002,4,84,0.5275590551181102,0.9333333333333333,0.6153846153846154
484,HyboNet,2,128,0.0002,4,85,0.5118110236220472,0.9333333333333333,0.6153846153846154
485,HyboNet,2,128,0.0002,4,86,0.5039370078740157,0.9333333333333333,0.6153846153846154
486,HyboNet,2,128,0.0002,4,87,0.5196850393700787,0.9333333333333333,0.6153846153846154
487,HyboNet,2,128,0.0002,4,88,0.5039370078740157,0.9333333333333333,0.6538461538461539
488,HyboNet,2,128,0.0002,4,89,0.5196850393700787,0.9666666666666667,0.6538461538461539
489,HyboNet,2,128,0.0002,4,9,0.5275590551181102,0.6,0.5769230769230769
490,HyboNet,2,128,0.0002,4,90,0.5196850393700787,0.9666666666666667,0.6538461538461539
491,HyboNet,2,128,0.0002,4,91,0.5196850393700787,0.9666666666666667,0.6538461538461539
492,HyboNet,2,128,0.0002,4,92,0.5118110236220472,0.9666666666666667,0.6538461538461539
493,HyboNet,2,128,0.0002,4,93,0.5196850393700787,0.9666666666666667,0.6538461538461539
494,HyboNet,2,128,0.0002,4,94,0.5196850393700787,0.9666666666666667,0.6538461538461539
495,HyboNet,2,128,0.0002,4,95,0.5118110236220472,0.9666666666666667,0.6538461538461539
496,HyboNet,2,128,0.0002,4,96,0.5118110236220472,0.9666666666666667,0.6538461538461539
497,HyboNet,2,128,0.0002,4,97,0.5039370078740157,0.9666666666666667,0.6538461538461539
498,HyboNet,2,128,0.0002,4,98,0.5039370078740157,0.9666666666666667,0.6538461538461539
499,HyboNet,2,128,0.0002,4,99,0.5118110236220472,0.9666666666666667,0.6538461538461539
500,HyboNet,2,128,0.0002,5,1,0.5039370078740157,0.5666666666666667,0.6538461538461539
501,HyboNet,2,128,0.0002,5,10,0.5275590551181102,0.7,0.6153846153846154
502,HyboNet,2,128,0.0002,5,100,0.48031496062992124,1.0,0.6538461538461539
503,HyboNet,2,128,0.0002,5,11,0.5354330708661418,0.7,0.5769230769230769
504,HyboNet,2,128,0.0002,5,12,0.5196850393700787,0.7333333333333333,0.5769230769230769
505,HyboNet,2,128,0.0002,5,13,0.5196850393700787,0.7333333333333333,0.5769230769230769
506,HyboNet,2,128,0.0002,5,14,0.5196850393700787,0.7333333333333333,0.5769230769230769
507,HyboNet,2,128,0.0002,5,15,0.5118110236220472,0.7333333333333333,0.5769230769230769
508,HyboNet,2,128,0.0002,5,16,0.5275590551181102,0.7333333333333333,0.5769230769230769
509,HyboNet,2,128,0.0002,5,17,0.5354330708661418,0.7333333333333333,0.5769230769230769
510,HyboNet,2,128,0.0002,5,18,0.5433070866141733,0.7333333333333333,0.5769230769230769
511,HyboNet,2,128,0.0002,5,19,0.5433070866141733,0.7333333333333333,0.5769230769230769
512,HyboNet,2,128,0.0002,5,2,0.4881889763779528,0.6,0.6153846153846154
513,HyboNet,2,128,0.0002,5,20,0.5511811023622047,0.7333333333333333,0.5769230769230769
514,HyboNet,2,128,0.0002,5,21,0.5511811023622047,0.7333333333333333,0.5769230769230769
515,HyboNet,2,128,0.0002,5,22,0.5511811023622047,0.7333333333333333,0.5384615384615384
516,HyboNet,2,128,0.0002,5,23,0.5433070866141733,0.7333333333333333,0.5384615384615384
517,HyboNet,2,128,0.0002,5,24,0.5511811023622047,0.7333333333333333,0.5384615384615384
518,HyboNet,2,128,0.0002,5,25,0.5511811023622047,0.7333333333333333,0.5384615384615384
519,HyboNet,2,128,0.0002,5,26,0.5511811023622047,0.7333333333333333,0.5384615384615384
520,HyboNet,2,128,0.0002,5,27,0.5511811023622047,0.7666666666666667,0.5384615384615384
521,HyboNet,2,128,0.0002,5,28,0.5590551181102362,0.7666666666666667,0.5384615384615384
522,HyboNet,2,128,0.0002,5,29,0.5511811023622047,0.7666666666666667,0.5769230769230769
523,HyboNet,2,128,0.0002,5,3,0.5433070866141733,0.6,0.6153846153846154
524,HyboNet,2,128,0.0002,5,30,0.5590551181102362,0.7666666666666667,0.5769230769230769
525,HyboNet,2,128,0.0002,5,31,0.5590551181102362,0.7666666666666667,0.5769230769230769
526,HyboNet,2,128,0.0002,5,32,0.5433070866141733,0.7666666666666667,0.5769230769230769
527,HyboNet,2,128,0.0002,5,33,0.5433070866141733,0.7666666666666667,0.5769230769230769
528,HyboNet,2,128,0.0002,5,34,0.5433070866141733,0.7666666666666667,0.5769230769230769
529,HyboNet,2,128,0.0002,5,35,0.5590551181102362,0.8,0.5769230769230769
530,HyboNet,2,128,0.0002,5,36,0.5433070866141733,0.8,0.5769230769230769
531,HyboNet,2,128,0.0002,5,37,0.5354330708661418,0.8333333333333334,0.6153846153846154
532,HyboNet,2,128,0.0002,5,38,0.5354330708661418,0.8333333333333334,0.6153846153846154
533,HyboNet,2,128,0.0002,5,39,0.5354330708661418,0.8333333333333334,0.6153846153846154
534,HyboNet,2,128,0.0002,5,4,0.5433070866141733,0.6,0.5769230769230769
535,HyboNet,2,128,0.0002,5,40,0.5354330708661418,0.8333333333333334,0.6153846153846154
536,HyboNet,2,128,0.0002,5,41,0.5354330708661418,0.8333333333333334,0.6153846153846154
537,HyboNet,2,128,0.0002,5,42,0.5354330708661418,0.8333333333333334,0.6153846153846154
538,HyboNet,2,128,0.0002,5,43,0.5354330708661418,0.8666666666666667,0.6153846153846154
539,HyboNet,2,128,0.0002,5,44,0.5354330708661418,0.8666666666666667,0.6153846153846154
540,HyboNet,2,128,0.0002,5,45,0.5354330708661418,0.8666666666666667,0.6153846153846154
541,HyboNet,2,128,0.0002,5,46,0.5354330708661418,0.8666666666666667,0.6153846153846154
542,HyboNet,2,128,0.0002,5,47,0.5354330708661418,0.8666666666666667,0.6153846153846154
543,HyboNet,2,128,0.0002,5,48,0.5275590551181102,0.8666666666666667,0.6153846153846154
544,HyboNet,2,128,0.0002,5,49,0.5354330708661418,0.8666666666666667,0.6153846153846154
545,HyboNet,2,128,0.0002,5,5,0.5433070866141733,0.6,0.5769230769230769
546,HyboNet,2,128,0.0002,5,50,0.5354330708661418,0.8666666666666667,0.5769230769230769
547,HyboNet,2,128,0.0002,5,51,0.5354330708661418,0.8666666666666667,0.6153846153846154
548,HyboNet,2,128,0.0002,5,52,0.5275590551181102,0.8666666666666667,0.6153846153846154
549,HyboNet,2,128,0.0002,5,53,0.5275590551181102,0.8666666666666667,0.6153846153846154
550,HyboNet,2,128,0.0002,5,54,0.5275590551181102,0.8666666666666667,0.6153846153846154
551,HyboNet,2,128,0.0002,5,55,0.5354330708661418,0.8666666666666667,0.6153846153846154
552,HyboNet,2,128,0.0002,5,56,0.5275590551181102,0.8666666666666667,0.5769230769230769
553,HyboNet,2,128,0.0002,5,57,0.5275590551181102,0.8666666666666667,0.5769230769230769
554,HyboNet,2,128,0.0002,5,58,0.5275590551181102,0.9,0.5769230769230769
555,HyboNet,2,128,0.0002,5,59,0.5118110236220472,0.9,0.5769230769230769
556,HyboNet,2,128,0.0002,5,6,0.5433070866141733,0.6,0.5769230769230769
557,HyboNet,2,128,0.0002,5,60,0.5039370078740157,0.9,0.5769230769230769
558,HyboNet,2,128,0.0002,5,61,0.5039370078740157,0.9333333333333333,0.5769230769230769
559,HyboNet,2,128,0.0002,5,62,0.5118110236220472,0.9333333333333333,0.5769230769230769
560,HyboNet,2,128,0.0002,5,63,0.5118110236220472,0.9333333333333333,0.5769230769230769
561,HyboNet,2,128,0.0002,5,64,0.5118110236220472,0.9333333333333333,0.5769230769230769
562,HyboNet,2,128,0.0002,5,65,0.5039370078740157,0.9666666666666667,0.5769230769230769
563,HyboNet,2,128,0.0002,5,66,0.5039370078740157,0.9666666666666667,0.5769230769230769
564,HyboNet,2,128,0.0002,5,67,0.5118110236220472,0.9666666666666667,0.5769230769230769
565,HyboNet,2,128,0.0002,5,68,0.5118110236220472,0.9666666666666667,0.5769230769230769
566,HyboNet,2,128,0.0002,5,69,0.5039370078740157,0.9666666666666667,0.5769230769230769
567,HyboNet,2,128,0.0002,5,7,0.5433070866141733,0.6333333333333333,0.5769230769230769
568,HyboNet,2,128,0.0002,5,70,0.5275590551181102,0.9666666666666667,0.5769230769230769
569,HyboNet,2,128,0.0002,5,71,0.5275590551181102,0.9666666666666667,0.5769230769230769
570,HyboNet,2,128,0.0002,5,72,0.5196850393700787,0.9666666666666667,0.5769230769230769
571,HyboNet,2,128,0.0002,5,73,0.5275590551181102,0.9666666666666667,0.6538461538461539
572,HyboNet,2,128,0.0002,5,74,0.5275590551181102,0.9666666666666667,0.6153846153846154
573,HyboNet,2,128,0.0002,5,75,0.5196850393700787,0.9666666666666667,0.6153846153846154
574,HyboNet,2,128,0.0002,5,76,0.5275590551181102,0.9666666666666667,0.6153846153846154
575,HyboNet,2,128,0.0002,5,77,0.5275590551181102,1.0,0.6153846153846154
576,HyboNet,2,128,0.0002,5,78,0.5196850393700787,1.0,0.6153846153846154
577,HyboNet,2,128,0.0002,5,79,0.5196850393700787,1.0,0.6538461538461539
578,HyboNet,2,128,0.0002,5,8,0.5433070866141733,0.7,0.5769230769230769
579,HyboNet,2,128,0.0002,5,80,0.5118110236220472,1.0,0.6538461538461539
580,HyboNet,2,128,0.0002,5,81,0.5039370078740157,1.0,0.6538461538461539
581,HyboNet,2,128,0.0002,5,82,0.5039370078740157,1.0,0.6538461538461539
582,HyboNet,2,128,0.0002,5,83,0.49606299212598426,1.0,0.6538461538461539
583,HyboNet,2,128,0.0002,5,84,0.49606299212598426,1.0,0.6538461538461539
584,HyboNet,2,128,0.0002,5,85,0.49606299212598426,1.0,0.6538461538461539
585,HyboNet,2,128,0.0002,5,86,0.49606299212598426,1.0,0.6538461538461539
586,HyboNet,2,128,0.0002,5,87,0.49606299212598426,1.0,0.6538461538461539
587,HyboNet,2,128,0.0002,5,88,0.49606299212598426,1.0,0.6538461538461539
588,HyboNet,2,128,0.0002,5,89,0.48031496062992124,1.0,0.6538461538461539
589,HyboNet,2,128,0.0002,5,9,0.5354330708661418,0.7,0.5769230769230769
590,HyboNet,2,128,0.0002,5,90,0.4881889763779528,1.0,0.6538461538461539
591,HyboNet,2,128,0.0002,5,91,0.4881889763779528,1.0,0.6538461538461539
592,HyboNet,2,128,0.0002,5,92,0.48031496062992124,1.0,0.6538461538461539
593,HyboNet,2,128,0.0002,5,93,0.48031496062992124,1.0,0.6538461538461539
594,HyboNet,2,128,0.0002,5,94,0.48031496062992124,1.0,0.6538461538461539
595,HyboNet,2,128,0.0002,5,95,0.4881889763779528,1.0,0.6538461538461539
596,HyboNet,2,128,0.0002,5,96,0.48031496062992124,1.0,0.6538461538461539
597,HyboNet,2,128,0.0002,5,97,0.48031496062992124,1.0,0.6538461538461539
598,HyboNet,2,128,0.0002,5,98,0.4881889763779528,1.0,0.6538461538461539
599,HyboNet,2,128,0.0002,5,99,0.4881889763779528,1.0,0.6538461538461539
600,HyboNet,2,128,0.0002,6,1,0.18110236220472442,0.3333333333333333,0.2692307692307692
601,HyboNet,2,128,0.0002,6,10,0.5354330708661418,0.6,0.5769230769230769
602,HyboNet,2,128,0.0002,6,100,0.5433070866141733,0.9666666666666667,0.6538461538461539
603,HyboNet,2,128,0.0002,6,11,0.5354330708661418,0.6,0.5769230769230769
604,HyboNet,2,128,0.0002,6,12,0.5354330708661418,0.6,0.5769230769230769
605,HyboNet,2,128,0.0002,6,13,0.5354330708661418,0.6,0.5769230769230769
606,HyboNet,2,128,0.0002,6,14,0.5354330708661418,0.6,0.5769230769230769
607,HyboNet,2,128,0.0002,6,15,0.5354330708661418,0.6,0.5769230769230769
608,HyboNet,2,128,0.0002,6,16,0.5275590551181102,0.6,0.5769230769230769
609,HyboNet,2,128,0.0002,6,17,0.5275590551181102,0.6333333333333333,0.5769230769230769
610,HyboNet,2,128,0.0002,6,18,0.5275590551181102,0.6333333333333333,0.5769230769230769
611,HyboNet,2,128,0.0002,6,19,0.5275590551181102,0.6333333333333333,0.5769230769230769
612,HyboNet,2,128,0.0002,6,2,0.3228346456692913,0.4,0.34615384615384615
613,HyboNet,2,128,0.0002,6,20,0.5275590551181102,0.6333333333333333,0.5769230769230769
614,HyboNet,2,128,0.0002,6,21,0.5275590551181102,0.6333333333333333,0.5769230769230769
615,HyboNet,2,128,0.0002,6,22,0.5275590551181102,0.6333333333333333,0.5769230769230769
616,HyboNet,2,128,0.0002,6,23,0.5275590551181102,0.6333333333333333,0.5384615384615384
617,HyboNet,2,128,0.0002,6,24,0.5275590551181102,0.7,0.5384615384615384
618,HyboNet,2,128,0.0002,6,25,0.5354330708661418,0.7333333333333333,0.5384615384615384
619,HyboNet,2,128,0.0002,6,26,0.5354330708661418,0.7333333333333333,0.5384615384615384
620,HyboNet,2,128,0.0002,6,27,0.5354330708661418,0.7333333333333333,0.5384615384615384
621,HyboNet,2,128,0.0002,6,28,0.5433070866141733,0.7666666666666667,0.5384615384615384
622,HyboNet,2,128,0.0002,6,29,0.5433070866141733,0.8,0.5384615384615384
623,HyboNet,2,128,0.0002,6,3,0.4330708661417323,0.5666666666666667,0.5384615384615384
624,HyboNet,2,128,0.0002,6,30,0.5433070866141733,0.8,0.5384615384615384
625,HyboNet,2,128,0.0002,6,31,0.5433070866141733,0.8,0.5384615384615384
626,HyboNet,2,128,0.0002,6,32,0.5433070866141733,0.8,0.5384615384615384
627,HyboNet,2,128,0.0002,6,33,0.5354330708661418,0.8,0.5384615384615384
628,HyboNet,2,128,0.0002,6,34,0.5354330708661418,0.8,0.5384615384615384
629,HyboNet,2,128,0.0002,6,35,0.5354330708661418,0.8,0.5384615384615384
630,HyboNet,2,128,0.0002,6,36,0.5433070866141733,0.8,0.5384615384615384
631,HyboNet,2,128,0.0002,6,37,0.5433070866141733,0.8,0.5384615384615384
632,HyboNet,2,128,0.0002,6,38,0.5433070866141733,0.8,0.5384615384615384
633,HyboNet,2,128,0.0002,6,39,0.5433070866141733,0.8,0.5384615384615384
634,HyboNet,2,128,0.0002,6,4,0.5196850393700787,0.6,0.5769230769230769
635,HyboNet,2,128,0.0002,6,40,0.5433070866141733,0.8,0.5384615384615384
636,HyboNet,2,128,0.0002,6,41,0.5433070866141733,0.8,0.5384615384615384
637,HyboNet,2,128,0.0002,6,42,0.5433070866141733,0.8,0.5384615384615384
638,HyboNet,2,128,0.0002,6,43,0.5433070866141733,0.8,0.5384615384615384
639,HyboNet,2,128,0.0002,6,44,0.5354330708661418,0.8,0.5384615384615384
640,HyboNet,2,128,0.0002,6,45,0.5275590551181102,0.8,0.5384615384615384
641,HyboNet,2,128,0.0002,6,46,0.5275590551181102,0.8,0.5384615384615384
642,HyboNet,2,128,0.0002,6,47,0.5275590551181102,0.8,0.5384615384615384
643,HyboNet,2,128,0.0002,6,48,0.5275590551181102,0.8,0.5384615384615384
644,HyboNet,2,128,0.0002,6,49,0.5275590551181102,0.8,0.5384615384615384
645,HyboNet,2,128,0.0002,6,5,0.5118110236220472,0.6,0.5769230769230769
646,HyboNet,2,128,0.0002,6,50,0.5354330708661418,0.8,0.5384615384615384
647,HyboNet,2,128,0.0002,6,51,0.5433070866141733,0.8,0.5384615384615384
648,HyboNet,2,128,0.0002,6,52,0.5433070866141733,0.8,0.5384615384615384
649,HyboNet,2,128,0.0002,6,53,0.5433070866141733,0.8,0.5769230769230769
650,HyboNet,2,128,0.0002,6,54,0.5433070866141733,0.8,0.5769230769230769
651,HyboNet,2,128,0.0002,6,55,0.5433070866141733,0.8,0.5769230769230769
652,HyboNet,2,128,0.0002,6,56,0.5433070866141733,0.8,0.5769230769230769
653,HyboNet,2,128,0.0002,6,57,0.5433070866141733,0.8333333333333334,0.5769230769230769
654,HyboNet,2,128,0.0002,6,58,0.5433070866141733,0.8333333333333334,0.5769230769230769
655,HyboNet,2,128,0.0002,6,59,0.5433070866141733,0.8333333333333334,0.5769230769230769
656,HyboNet,2,128,0.0002,6,6,0.5196850393700787,0.6,0.5769230769230769
657,HyboNet,2,128,0.0002,6,60,0.5354330708661418,0.8333333333333334,0.5769230769230769
658,HyboNet,2,128,0.0002,6,61,0.5354330708661418,0.8333333333333334,0.5769230769230769
659,HyboNet,2,128,0.0002,6,62,0.5354330708661418,0.8333333333333334,0.5769230769230769
660,HyboNet,2,128,0.0002,6,63,0.5354330708661418,0.8333333333333334,0.5769230769230769
661,HyboNet,2,128,0.0002,6,64,0.5354330708661418,0.8333333333333334,0.6153846153846154
662,HyboNet,2,128,0.0002,6,65,0.5275590551181102,0.8333333333333334,0.6153846153846154
663,HyboNet,2,128,0.0002,6,66,0.5275590551181102,0.8333333333333334,0.6153846153846154
664,HyboNet,2,128,0.0002,6,67,0.5039370078740157,0.8666666666666667,0.6153846153846154
665,HyboNet,2,128,0.0002,6,68,0.5039370078740157,0.8666666666666667,0.6153846153846154
666,HyboNet,2,128,0.0002,6,69,0.5039370078740157,0.8666666666666667,0.6153846153846154
667,HyboNet,2,128,0.0002,6,7,0.5196850393700787,0.6,0.5769230769230769
668,HyboNet,2,128,0.0002,6,70,0.5039370078740157,0.8666666666666667,0.6538461538461539
669,HyboNet,2,128,0.0002,6,71,0.5118110236220472,0.8666666666666667,0.6538461538461539
670,HyboNet,2,128,0.0002,6,72,0.5118110236220472,0.8666666666666667,0.6538461538461539
671,HyboNet,2,128,0.0002,6,73,0.5118110236220472,0.9,0.6538461538461539
672,HyboNet,2,128,0.0002,6,74,0.5039370078740157,0.9,0.6538461538461539
673,HyboNet,2,128,0.0002,6,75,0.5039370078740157,0.9,0.6538461538461539
674,HyboNet,2,128,0.0002,6,76,0.5118110236220472,0.9,0.6538461538461539
675,HyboNet,2,128,0.0002,6,77,0.5118110236220472,0.9,0.6538461538461539
676,HyboNet,2,128,0.0002,6,78,0.5039370078740157,0.9333333333333333,0.6538461538461539
677,HyboNet,2,128,0.0002,6,79,0.5039370078740157,0.9333333333333333,0.6538461538461539
678,HyboNet,2,128,0.0002,6,8,0.5275590551181102,0.6,0.5769230769230769
679,HyboNet,2,128,0.0002,6,80,0.5118110236220472,0.9333333333333333,0.6538461538461539
680,HyboNet,2,128,0.0002,6,81,0.5118110236220472,0.9333333333333333,0.6153846153846154
681,HyboNet,2,128,0.0002,6,82,0.5039370078740157,0.9333333333333333,0.6153846153846154
682,HyboNet,2,128,0.0002,6,83,0.5039370078740157,0.9333333333333333,0.6153846153846154
683,HyboNet,2,128,0.0002,6,84,0.5118110236220472,0.9333333333333333,0.6153846153846154
684,HyboNet,2,128,0.0002,6,85,0.5118110236220472,0.9333333333333333,0.6153846153846154
685,HyboNet,2,128,0.0002,6,86,0.5275590551181102,0.9333333333333333,0.6153846153846154
686,HyboNet,2,128,0.0002,6,87,0.5275590551181102,0.9333333333333333,0.6153846153846154
687,HyboNet,2,128,0.0002,6,88,0.5354330708661418,0.9333333333333333,0.6153846153846154
688,HyboNet,2,128,0.0002,6,89,0.5354330708661418,0.9333333333333333,0.6153846153846154
689,HyboNet,2,128,0.0002,6,9,0.5275590551181102,0.6,0.5769230769230769
690,HyboNet,2,128,0.0002,6,90,0.5433070866141733,0.9333333333333333,0.6153846153846154
691,HyboNet,2,128,0.0002,6,91,0.5433070866141733,0.9333333333333333,0.6538461538461539
692,HyboNet,2,128,0.0002,6,92,0.5433070866141733,0.9333333333333333,0.6538461538461539
693,HyboNet,2,128,0.0002,6,93,0.5433070866141733,0.9333333333333333,0.6538461538461539
694,HyboNet,2,128,0.0002,6,94,0.5433070866141733,0.9333333333333333,0.6538461538461539
695,HyboNet,2,128,0.0002,6,95,0.5511811023622047,0.9666666666666667,0.6538461538461539
696,HyboNet,2,128,0.0002,6,96,0.5511811023622047,0.9666666666666667,0.6538461538461539
697,HyboNet,2,128,0.0002,6,97,0.5511811023622047,0.9666666666666667,0.6538461538461539
698,HyboNet,2,128,0.0002,6,98,0.5433070866141733,0.9666666666666667,0.6538461538461539
699,HyboNet,2,128,0.0002,6,99,0.5354330708661418,0.9666666666666667,0.6538461538461539
700,HyboNet,2,128,0.0002,7,1,0.25984251968503935,0.16666666666666666,0.19230769230769232
701,HyboNet,2,128,0.0002,7,10,0.5354330708661418,0.6,0.5769230769230769
702,HyboNet,2,128,0.0002,7,100,0.5354330708661418,1.0,0.5384615384615384
703,HyboNet,2,128,0.0002,7,11,0.5275590551181102,0.6,0.5769230769230769
704,HyboNet,2,128,0.0002,7,12,0.5275590551181102,0.6,0.5769230769230769
705,HyboNet,2,128,0.0002,7,13,0.5275590551181102,0.6,0.5769230769230769
706,HyboNet,2,128,0.0002,7,14,0.5275590551181102,0.6,0.5769230769230769
707,HyboNet,2,128,0.0002,7,15,0.5354330708661418,0.6333333333333333,0.5769230769230769
708,HyboNet,2,128,0.0002,7,16,0.5433070866141733,0.6333333333333333,0.5384615384615384
709,HyboNet,2,128,0.0002,7,17,0.5433070866141733,0.6333333333333333,0.5384615384615384
710,HyboNet,2,128,0.0002,7,18,0.5433070866141733,0.6666666666666666,0.5384615384615384
711,HyboNet,2,128,0.0002,7,19,0.5433070866141733,0.6666666666666666,0.5384615384615384
712,HyboNet,2,128,0.0002,7,2,0.4015748031496063,0.4,0.4230769230769231
713,HyboNet,2,128,0.0002,7,20,0.5433070866141733,0.6666666666666666,0.5384615384615384
714,HyboNet,2,128,0.0002,7,21,0.5433070866141733,0.7,0.5769230769230769
715,HyboNet,2,128,0.0002,7,22,0.5354330708661418,0.7333333333333333,0.5769230769230769
716,HyboNet,2,128,0.0002,7,23,0.5354330708661418,0.7333333333333333,0.5769230769230769
717,HyboNet,2,128,0.0002,7,24,0.5354330708661418,0.7333333333333333,0.5769230769230769
718,HyboNet,2,128,0.0002,7,25,0.5354330708661418,0.7666666666666667,0.5769230769230769
719,HyboNet,2,128,0.0002,7,26,0.5433070866141733,0.7666666666666667,0.5769230769230769
720,HyboNet,2,128,0.0002,7,27,0.5511811023622047,0.7666666666666667,0.5769230769230769
721,HyboNet,2,128,0.0002,7,28,0.5511811023622047,0.7666666666666667,0.5769230769230769
722,HyboNet,2,128,0.0002,7,29,0.5511811023622047,0.8,0.5769230769230769
723,HyboNet,2,128,0.0002,7,3,0.49606299212598426,0.6,0.5384615384615384
724,HyboNet,2,128,0.0002,7,30,0.5511811023622047,0.8,0.5769230769230769
725,HyboNet,2,128,0.0002,7,31,0.5511811023622047,0.8,0.5769230769230769
726,HyboNet,2,128,0.0002,7,32,0.5511811023622047,0.8,0.5769230769230769
727,HyboNet,2,128,0.0002,7,33,0.5433070866141733,0.8,0.5769230769230769
728,HyboNet,2,128,0.0002,7,34,0.5433070866141733,0.8,0.5769230769230769
729,HyboNet,2,128,0.0002,7,35,0.5433070866141733,0.8,0.5384615384615384
730,HyboNet,2,128,0.0002,7,36,0.5354330708661418,0.8,0.5384615384615384
731,HyboNet,2,128,0.0002,7,37,0.5433070866141733,0.8,0.5384615384615384
732,HyboNet,2,128,0.0002,7,38,0.5433070866141733,0.8,0.5384615384615384
733,HyboNet,2,128,0.0002,7,39,0.5433070866141733,0.8,0.5384615384615384
734,HyboNet,2,128,0.0002,7,4,0.5039370078740157,0.6,0.5769230769230769
735,HyboNet,2,128,0.0002,7,40,0.5433070866141733,0.8,0.5384615384615384
736,HyboNet,2,128,0.0002,7,41,0.5354330708661418,0.8,0.5384615384615384
737,HyboNet,2,128,0.0002,7,42,0.5354330708661418,0.8,0.5384615384615384
738,HyboNet,2,128,0.0002,7,43,0.5354330708661418,0.8,0.5384615384615384
739,HyboNet,2,128,0.0002,7,44,0.5354330708661418,0.8,0.5384615384615384
740,HyboNet,2,128,0.0002,7,45,0.5275590551181102,0.8,0.5384615384615384
741,HyboNet,2,128,0.0002,7,46,0.5275590551181102,0.8,0.5384615384615384
742,HyboNet,2,128,0.0002,7,47,0.5275590551181102,0.8,0.5384615384615384
743,HyboNet,2,128,0.0002,7,48,0.5275590551181102,0.8,0.5769230769230769
744,HyboNet,2,128,0.0002,7,49,0.5275590551181102,0.8,0.5769230769230769
745,HyboNet,2,128,0.0002,7,5,0.5196850393700787,0.6,0.5769230769230769
746,HyboNet,2,128,0.0002,7,50,0.5118110236220472,0.8,0.5769230769230769
747,HyboNet,2,128,0.0002,7,51,0.5118110236220472,0.8,0.5769230769230769
748,HyboNet,2,128,0.0002,7,52,0.5039370078740157,0.8,0.5769230769230769
749,HyboNet,2,128,0.0002,7,53,0.5118110236220472,0.8,0.5384615384615384
750,HyboNet,2,128,0.0002,7,54,0.5196850393700787,0.8,0.5384615384615384
751,HyboNet,2,128,0.0002,7,55,0.5196850393700787,0.8,0.5384615384615384
752,HyboNet,2,128,0.0002,7,56,0.5196850393700787,0.8333333333333334,0.5384615384615384
753,HyboNet,2,128,0.0002,7,57,0.5196850393700787,0.8333333333333334,0.5384615384615384
754,HyboNet,2,128,0.0002,7,58,0.5196850393700787,0.8333333333333334,0.5384615384615384
755,HyboNet,2,128,0.0002,7,59,0.5039370078740157,0.8333333333333334,0.5384615384615384
756,HyboNet,2,128,0.0002,7,6,0.5275590551181102,0.6,0.5769230769230769
757,HyboNet,2,128,0.0002,7,60,0.5039370078740157,0.8333333333333334,0.5384615384615384
758,HyboNet,2,128,0.0002,7,61,0.5039370078740157,0.8666666666666667,0.5384615384615384
759,HyboNet,2,128,0.0002,7,62,0.5039370078740157,0.8666666666666667,0.5384615384615384
760,HyboNet,2,128,0.0002,7,63,0.5118110236220472,0.8666666666666667,0.5384615384615384
761,HyboNet,2,128,0.0002,7,64,0.5118110236220472,0.8666666666666667,0.5384615384615384
762,HyboNet,2,128,0.0002,7,65,0.5118110236220472,0.8666666666666667,0.5384615384615384
763,HyboNet,2,128,0.0002,7,66,0.5275590551181102,0.9,0.5384615384615384
764,HyboNet,2,128,0.0002,7,67,0.5275590551181102,0.9,0.5384615384615384
765,HyboNet,2,128,0.0002,7,68,0.5275590551181102,0.9,0.5384615384615384
766,HyboNet,2,128,0.0002,7,69,0.5275590551181102,0.9,0.5384615384615384
767,HyboNet,2,128,0.0002,7,7,0.5354330708661418,0.6,0.5769230769230769
768,HyboNet,2,128,0.0002,7,70,0.5118110236220472,0.9,0.5384615384615384
769,HyboNet,2,128,0.0002,7,71,0.5118110236220472,0.9,0.5384615384615384
770,HyboNet,2,128,0.0002,7,72,0.5118110236220472,0.9,0.5384615384615384
771,HyboNet,2,128,0.0002,7,73,0.5039370078740157,0.9,0.5384615384615384
772,HyboNet,2,128,0.0002,7,74,0.5039370078740157,0.9,0.5384615384615384
773,HyboNet,2,128,0.0002,7,75,0.5039370078740157,0.9333333333333333,0.5384615384615384
774,HyboNet,2,128,0.0002,7,76,0.5118110236220472,0.9333333333333333,0.5384615384615384
775,HyboNet,2,128,0.0002,7,77,0.5118110236220472,0.9333333333333333,0.5384615384615384
776,HyboNet,2,128,0.0002,7,78,0.5118110236220472,0.9333333333333333,0.5384615384615384
777,HyboNet,2,128,0.0002,7,79,0.5118110236220472,0.9333333333333333,0.5384615384615384
778,HyboNet,2,128,0.0002,7,8,0.5354330708661418,0.6,0.5769230769230769
779,HyboNet,2,128,0.0002,7,80,0.5196850393700787,0.9333333333333333,0.5384615384615384
780,HyboNet,2,128,0.0002,7,81,0.5275590551181102,0.9333333333333333,0.5384615384615384
781,HyboNet,2,128,0.0002,7,82,0.5275590551181102,0.9333333333333333,0.5384615384615384
782,HyboNet,2,128,0.0002,7,83,0.5196850393700787,0.9333333333333333,0.5384615384615384
783,HyboNet,2,128,0.0002,7,84,0.5196850393700787,0.9333333333333333,0.5384615384615384
784,HyboNet,2,128,0.0002,7,85,0.5196850393700787,0.9333333333333333,0.5384615384615384
785,HyboNet,2,128,0.0002,7,86,0.5275590551181102,0.9333333333333333,0.5384615384615384
786,HyboNet,2,128,0.0002,7,87,0.5354330708661418,0.9333333333333333,0.5384615384615384
787,HyboNet,2,128,0.0002,7,88,0.5354330708661418,0.9333333333333333,0.5384615384615384
788,HyboNet,2,128,0.0002,7,89,0.5354330708661418,0.9333333333333333,0.5384615384615384
789,HyboNet,2,128,0.0002,7,9,0.5354330708661418,0.6,0.5769230769230769
790,HyboNet,2,128,0.0002,7,90,0.5354330708661418,0.9333333333333333,0.5384615384615384
791,HyboNet,2,128,0.0002,7,91,0.5433070866141733,0.9333333333333333,0.5384615384615384
792,HyboNet,2,128,0.0002,7,92,0.5433070866141733,0.9666666666666667,0.5384615384615384
793,HyboNet,2,128,0.0002,7,93,0.5354330708661418,0.9666666666666667,0.5384615384615384
794,HyboNet,2,128,0.0002,7,94,0.5354330708661418,0.9666666666666667,0.5384615384615384
795,HyboNet,2,128,0.0002,7,95,0.5354330708661418,0.9666666666666667,0.5384615384615384
796,HyboNet,2,128,0.0002,7,96,0.5275590551181102,1.0,0.5769230769230769
797,HyboNet,2,128,0.0002,7,97,0.5354330708661418,1.0,0.5384615384615384
798,HyboNet,2,128,0.0002,7,98,0.5354330708661418,1.0,0.5384615384615384
799,HyboNet,2,128,0.0002,7,99,0.5354330708661418,0.9666666666666667,0.5384615384615384
800,HyboNet,2,128,0.0002,8,1,0.08661417322834646,0.16666666666666666,0.07692307692307693
801,HyboNet,2,128,0.0002,8,10,0.5354330708661418,0.6,0.5769230769230769
802,HyboNet,2,128,0.0002,8,100,0.5118110236220472,0.9666666666666667,0.5384615384615384
803,HyboNet,2,128,0.0002,8,11,0.5354330708661418,0.6,0.5769230769230769
804,HyboNet,2,128,0.0002,8,12,0.5433070866141733,0.6333333333333333,0.5769230769230769
805,HyboNet,2,128,0.0002,8,13,0.5433070866141733,0.6333333333333333,0.5769230769230769
806,HyboNet,2,128,0.0002,8,14,0.5433070866141733,0.6333333333333333,0.5769230769230769
807,HyboNet,2,128,0.0002,8,15,0.5433070866141733,0.6333333333333333,0.5769230769230769
808,HyboNet,2,128,0.0002,8,16,0.5433070866141733,0.6666666666666666,0.5769230769230769
809,HyboNet,2,128,0.0002,8,17,0.5433070866141733,0.7,0.5769230769230769
810,HyboNet,2,128,0.0002,8,18,0.5433070866141733,0.7666666666666667,0.5769230769230769
811,HyboNet,2,128,0.0002,8,19,0.5433070866141733,0.7666666666666667,0.5769230769230769
812,HyboNet,2,128,0.0002,8,2,0.23622047244094488,0.26666666666666666,0.19230769230769232
813,HyboNet,2,128,0.0002,8,20,0.5118110236220472,0.7666666666666667,0.5769230769230769
814,HyboNet,2,128,0.0002,8,21,0.5196850393700787,0.7666666666666667,0.5769230769230769
815,HyboNet,2,128,0.0002,8,22,0.5118110236220472,0.7666666666666667,0.5769230769230769
816,HyboNet,2,128,0.0002,8,23,0.4881889763779528,0.7666666666666667,0.5769230769230769
817,HyboNet,2,128,0.0002,8,24,0.48031496062992124,0.7666666666666667,0.5384615384615384
818,HyboNet,2,128,0.0002,8,25,0.4881889763779528,0.7666666666666667,0.5384615384615384
819,HyboNet,2,128,0.0002,8,26,0.4881889763779528,0.7666666666666667,0.5384615384615384
820,HyboNet,2,128,0.0002,8,27,0.49606299212598426,0.7666666666666667,0.5384615384615384
821,HyboNet,2,128,0.0002,8,28,0.5039370078740157,0.7666666666666667,0.5384615384615384
822,HyboNet,2,128,0.0002,8,29,0.5118110236220472,0.7666666666666667,0.5384615384615384
823,HyboNet,2,128,0.0002,8,3,0.3543307086614173,0.5333333333333333,0.46153846153846156
824,HyboNet,2,128,0.0002,8,30,0.5118110236220472,0.7666666666666667,0.5384615384615384
825,HyboNet,2,128,0.0002,8,31,0.5196850393700787,0.7666666666666667,0.5384615384615384
826,HyboNet,2,128,0.0002,8,32,0.5196850393700787,0.7666666666666667,0.5384615384615384
827,HyboNet,2,128,0.0002,8,33,0.5275590551181102,0.7666666666666667,0.5384615384615384
828,HyboNet,2,128,0.0002,8,34,0.5354330708661418,0.7666666666666667,0.5769230769230769
829,HyboNet,2,128,0.0002,8,35,0.5354330708661418,0.7666666666666667,0.5769230769230769
830,HyboNet,2,128,0.0002,8,36,0.5354330708661418,0.7666666666666667,0.5769230769230769
831,HyboNet,2,128,0.0002,8,37,0.5433070866141733,0.7666666666666667,0.5769230769230769
832,HyboNet,2,128,0.0002,8,38,0.5433070866141733,0.7666666666666667,0.5769230769230769
833,HyboNet,2,128,0.0002,8,39,0.5433070866141733,0.7666666666666667,0.5769230769230769
834,HyboNet,2,128,0.0002,8,4,0.47244094488188976,0.6,0.5384615384615384
835,HyboNet,2,128,0.0002,8,40,0.5433070866141733,0.7666666666666667,0.5384615384615384
836,HyboNet,2,128,0.0002,8,41,0.5433070866141733,0.7666666666666667,0.5384615384615384
837,HyboNet,2,128,0.0002,8,42,0.5433070866141733,0.7666666666666667,0.5384615384615384
838,HyboNet,2,128,0.0002,8,43,0.5433070866141733,0.7666666666666667,0.5384615384615384
839,HyboNet,2,128,0.0002,8,44,0.5433070866141733,0.7666666666666667,0.5384615384615384
840,HyboNet,2,128,0.0002,8,45,0.5433070866141733,0.7666666666666667,0.5384615384615384
841,HyboNet,2,128,0.0002,8,46,0.5511811023622047,0.7666666666666667,0.5384615384615384
842,HyboNet,2,128,0.0002,8,47,0.5511811023622047,0.8,0.5384615384615384
843,HyboNet,2,128,0.0002,8,48,0.5669291338582677,0.8,0.5384615384615384
844,HyboNet,2,128,0.0002,8,49,0.5748031496062992,0.8,0.5384615384615384
845,HyboNet,2,128,0.0002,8,5,0.5039370078740157,0.6,0.5384615384615384
846,HyboNet,2,128,0.0002,8,50,0.5669291338582677,0.8,0.5384615384615384
847,HyboNet,2,128,0.0002,8,51,0.5511811023622047,0.8,0.5384615384615384
848,HyboNet,2,128,0.0002,8,52,0.5433070866141733,0.8333333333333334,0.5384615384615384
849,HyboNet,2,128,0.0002,8,53,0.5433070866141733,0.8333333333333334,0.5384615384615384
850,HyboNet,2,128,0.0002,8,54,0.5275590551181102,0.8333333333333334,0.5384615384615384
851,HyboNet,2,128,0.0002,8,55,0.5275590551181102,0.8333333333333334,0.5384615384615384
852,HyboNet,2,128,0.0002,8,56,0.5275590551181102,0.8333333333333334,0.5384615384615384
853,HyboNet,2,128,0.0002,8,57,0.5275590551181102,0.8333333333333334,0.5384615384615384
854,HyboNet,2,128,0.0002,8,58,0.5275590551181102,0.8333333333333334,0.5769230769230769
855,HyboNet,2,128,0.0002,8,59,0.5196850393700787,0.8333333333333334,0.5769230769230769
856,HyboNet,2,128,0.0002,8,6,0.5275590551181102,0.6,0.5384615384615384
857,HyboNet,2,128,0.0002,8,60,0.5196850393700787,0.8333333333333334,0.5769230769230769
858,HyboNet,2,128,0.0002,8,61,0.5196850393700787,0.8333333333333334,0.5769230769230769
859,HyboNet,2,128,0.0002,8,62,0.5196850393700787,0.8666666666666667,0.5769230769230769
860,HyboNet,2,128,0.0002,8,63,0.5196850393700787,0.8666666666666667,0.5769230769230769
861,HyboNet,2,128,0.0002,8,64,0.5196850393700787,0.8666666666666667,0.5769230769230769
862,HyboNet,2,128,0.0002,8,65,0.5196850393700787,0.8666666666666667,0.5769230769230769
863,HyboNet,2,128,0.0002,8,66,0.5196850393700787,0.8666666666666667,0.5769230769230769
864,HyboNet,2,128,0.0002,8,67,0.5196850393700787,0.8666666666666667,0.5769230769230769
865,HyboNet,2,128,0.0002,8,68,0.5196850393700787,0.8666666666666667,0.5769230769230769
866,HyboNet,2,128,0.0002,8,69,0.5196850393700787,0.8666666666666667,0.5769230769230769
867,HyboNet,2,128,0.0002,8,7,0.5354330708661418,0.6,0.5769230769230769
868,HyboNet,2,128,0.0002,8,70,0.5118110236220472,0.8666666666666667,0.5769230769230769
869,HyboNet,2,128,0.0002,8,71,0.5118110236220472,0.9,0.5769230769230769
870,HyboNet,2,128,0.0002,8,72,0.5118110236220472,0.9,0.5769230769230769
871,HyboNet,2,128,0.0002,8,73,0.5118110236220472,0.9,0.5769230769230769
872,HyboNet,2,128,0.0002,8,74,0.5118110236220472,0.9,0.5769230769230769
873,HyboNet,2,128,0.0002,8,75,0.5118110236220472,0.9,0.5769230769230769
874,HyboNet,2,128,0.0002,8,76,0.5118110236220472,0.9333333333333333,0.5769230769230769
875,HyboNet,2,128,0.0002,8,77,0.5118110236220472,0.9333333333333333,0.5769230769230769
876,HyboNet,2,128,0.0002,8,78,0.5118110236220472,0.9333333333333333,0.5769230769230769
877,HyboNet,2,128,0.0002,8,79,0.5118110236220472,0.9333333333333333,0.5769230769230769
878,HyboNet,2,128,0.0002,8,8,0.5354330708661418,0.6,0.5769230769230769
879,HyboNet,2,128,0.0002,8,80,0.5118110236220472,0.9333333333333333,0.6153846153846154
880,HyboNet,2,128,0.0002,8,81,0.5118110236220472,0.9333333333333333,0.6153846153846154
881,HyboNet,2,128,0.0002,8,82,0.5118110236220472,0.9333333333333333,0.6153846153846154
882,HyboNet,2,128,0.0002,8,83,0.5039370078740157,0.9333333333333333,0.6153846153846154
883,HyboNet,2,128,0.0002,8,84,0.5039370078740157,0.9333333333333333,0.6153846153846154
884,HyboNet,2,128,0.0002,8,85,0.5039370078740157,0.9333333333333333,0.6153846153846154
885,HyboNet,2,128,0.0002,8,86,0.5039370078740157,0.9333333333333333,0.6153846153846154
886,HyboNet,2,128,0.0002,8,87,0.5118110236220472,0.9333333333333333,0.6153846153846154
887,HyboNet,2,128,0.0002,8,88,0.5118110236220472,0.9666666666666667,0.6153846153846154
888,HyboNet,2,128,0.0002,8,89,0.5118110236220472,0.9666666666666667,0.6153846153846154
889,HyboNet,2,128,0.0002,8,9,0.5354330708661418,0.6,0.5769230769230769
890,HyboNet,2,128,0.0002,8,90,0.5118110236220472,0.9666666666666667,0.6153846153846154
891,HyboNet,2,128,0.0002,8,91,0.5039370078740157,0.9666666666666667,0.6153846153846154
892,HyboNet,2,128,0.0002,8,92,0.49606299212598426,0.9666666666666667,0.6153846153846154
893,HyboNet,2,128,0.0002,8,93,0.5039370078740157,0.9666666666666667,0.6153846153846154
894,HyboNet,2,128,0.0002,8,94,0.5118110236220472,0.9666666666666667,0.5769230769230769
895,HyboNet,2,128,0.0002,8,95,0.5118110236220472,0.9666666666666667,0.5384615384615384
896,HyboNet,2,128,0.0002,8,96,0.5118110236220472,0.9666666666666667,0.5384615384615384
897,HyboNet,2,128,0.0002,8,97,0.5118110236220472,0.9666666666666667,0.5384615384615384
898,HyboNet,2,128,0.0002,8,98,0.5118110236220472,0.9666666666666667,0.5384615384615384
899,HyboNet,2,128,0.0002,8,99,0.5118110236220472,0.9666666666666667,0.5384615384615384
900,HyboNet,2,128,0.0002,9,1,0.49606299212598426,0.5666666666666667,0.5
901,HyboNet,2,128,0.0002,9,10,0.5354330708661418,0.6333333333333333,0.5769230769230769
902,HyboNet,2,128,0.0002,9,100,0.5039370078740157,1.0,0.5769230769230769
903,HyboNet,2,128,0.0002,9,11,0.5354330708661418,0.6666666666666666,0.5769230769230769
904,HyboNet,2,128,0.0002,9,12,0.5354330708661418,0.6666666666666666,0.5769230769230769
905,HyboNet,2,128,0.0002,9,13,0.5275590551181102,0.7,0.5769230769230769
906,HyboNet,2,128,0.0002,9,14,0.5275590551181102,0.7,0.5769230769230769
907,HyboNet,2,128,0.0002,9,15,0.5118110236220472,0.7333333333333333,0.5384615384615384
908,HyboNet,2,128,0.0002,9,16,0.5196850393700787,0.7333333333333333,0.5
909,HyboNet,2,128,0.0002,9,17,0.5118110236220472,0.7666666666666667,0.5384615384615384
910,HyboNet,2,128,0.0002,9,18,0.5196850393700787,0.7666666666666667,0.5384615384615384
911,HyboNet,2,128,0.0002,9,19,0.5196850393700787,0.8,0.5384615384615384
912,HyboNet,2,128,0.0002,9,2,0.5196850393700787,0.6,0.5769230769230769
913,HyboNet,2,128,0.0002,9,20,0.5196850393700787,0.8,0.5384615384615384
914,HyboNet,2,128,0.0002,9,21,0.5275590551181102,0.7666666666666667,0.5384615384615384
915,HyboNet,2,128,0.0002,9,22,0.5196850393700787,0.7666666666666667,0.5
916,HyboNet,2,128,0.0002,9,23,0.5196850393700787,0.7666666666666667,0.5384615384615384
917,HyboNet,2,128,0.0002,9,24,0.5196850393700787,0.7666666666666667,0.5769230769230769
918,HyboNet,2,128,0.0002,9,25,0.5196850393700787,0.7666666666666667,0.5769230769230769
919,HyboNet,2,128,0.0002,9,26,0.5196850393700787,0.7666666666666667,0.5769230769230769
920,HyboNet,2,128,0.0002,9,27,0.5196850393700787,0.7666666666666667,0.5769230769230769
921,HyboNet,2,128,0.0002,9,28,0.5196850393700787,0.7666666666666667,0.5769230769230769
922,HyboNet,2,128,0.0002,9,29,0.5196850393700787,0.7666666666666667,0.5769230769230769
923,HyboNet,2,128,0.0002,9,3,0.5275590551181102,0.6,0.5769230769230769
924,HyboNet,2,128,0.0002,9,30,0.5196850393700787,0.7666666666666667,0.5769230769230769
925,HyboNet,2,128,0.0002,9,31,0.5275590551181102,0.7666666666666667,0.5769230769230769
926,HyboNet,2,128,0.0002,9,32,0.5433070866141733,0.8,0.5769230769230769
927,HyboNet,2,128,0.0002,9,33,0.5511811023622047,0.8,0.6153846153846154
928,HyboNet,2,128,0.0002,9,34,0.5511811023622047,0.8,0.6153846153846154
929,HyboNet,2,128,0.0002,9,35,0.5511811023622047,0.8,0.6153846153846154
930,HyboNet,2,128,0.0002,9,36,0.5511811023622047,0.8,0.6153846153846154
931,HyboNet,2,128,0.0002,9,37,0.5590551181102362,0.8333333333333334,0.5769230769230769
932,HyboNet,2,128,0.0002,9,38,0.5590551181102362,0.8333333333333334,0.5384615384615384
933,HyboNet,2,128,0.0002,9,39,0.5511811023622047,0.8333333333333334,0.5384615384615384
934,HyboNet,2,128,0.0002,9,4,0.5354330708661418,0.6,0.5769230769230769
935,HyboNet,2,128,0.0002,9,40,0.5511811023622047,0.8333333333333334,0.5384615384615384
936,HyboNet,2,128,0.0002,9,41,0.5511811023622047,0.8333333333333334,0.5384615384615384
937,HyboNet,2,128,0.0002,9,42,0.5511811023622047,0.8333333333333334,0.5384615384615384
938,HyboNet,2,128,0.0002,9,43,0.5511811023622047,0.8333333333333334,0.6153846153846154
939,HyboNet,2,128,0.0002,9,44,0.5511811023622047,0.8333333333333334,0.6153846153846154
940,HyboNet,2,128,0.0002,9,45,0.5590551181102362,0.8333333333333334,0.6153846153846154
941,HyboNet,2,128,0.0002,9,46,0.5590551181102362,0.8666666666666667,0.6153846153846154
942,HyboNet,2,128,0.0002,9,47,0.5590551181102362,0.8666666666666667,0.6153846153846154
943,HyboNet,2,128,0.0002,9,48,0.5590551181102362,0.8666666666666667,0.6153846153846154
944,HyboNet,2,128,0.0002,9,49,0.5511811023622047,0.8666666666666667,0.6153846153846154
945,HyboNet,2,128,0.0002,9,5,0.5354330708661418,0.6,0.5769230769230769
946,HyboNet,2,128,0.0002,9,50,0.5511811023622047,0.8666666666666667,0.6153846153846154
947,HyboNet,2,128,0.0002,9,51,0.5511811023622047,0.8666666666666667,0.6153846153846154
948,HyboNet,2,128,0.0002,9,52,0.5590551181102362,0.8666666666666667,0.6153846153846154
949,HyboNet,2,128,0.0002,9,53,0.5511811023622047,0.8666666666666667,0.5769230769230769
950,HyboNet,2,128,0.0002,9,54,0.5511811023622047,0.8666666666666667,0.5769230769230769
951,HyboNet,2,128,0.0002,9,55,0.5511811023622047,0.8666666666666667,0.6153846153846154
952,HyboNet,2,128,0.0002,9,56,0.5590551181102362,0.8666666666666667,0.6153846153846154
953,HyboNet,2,128,0.0002,9,57,0.5669291338582677,0.8666666666666667,0.6153846153846154
954,HyboNet,2,128,0.0002,9,58,0.5590551181102362,0.9,0.6153846153846154
955,HyboNet,2,128,0.0002,9,59,0.5590551181102362,0.9333333333333333,0.6153846153846154
956,HyboNet,2,128,0.0002,9,6,0.5354330708661418,0.6,0.5769230769230769
957,HyboNet,2,128,0.0002,9,60,0.5590551181102362,0.9333333333333333,0.5769230769230769
958,HyboNet,2,128,0.0002,9,61,0.5590551181102362,0.9666666666666667,0.5769230769230769
959,HyboNet,2,128,0.0002,9,62,0.5590551181102362,0.9666666666666667,0.6153846153846154
960,HyboNet,2,128,0.0002,9,63,0.5590551181102362,0.9666666666666667,0.6153846153846154
961,HyboNet,2,128,0.0002,9,64,0.5590551181102362,0.9666666666666667,0.6153846153846154
962,HyboNet,2,128,0.0002,9,65,0.5590551181102362,0.9666666666666667,0.5769230769230769
963,HyboNet,2,128,0.0002,9,66,0.5669291338582677,0.9666666666666667,0.5769230769230769
964,HyboNet,2,128,0.0002,9,67,0.5669291338582677,0.9666666666666667,0.5769230769230769
965,HyboNet,2,128,0.0002,9,68,0.5669291338582677,0.9666666666666667,0.5384615384615384
966,HyboNet,2,128,0.0002,9,69,0.5669291338582677,0.9666666666666667,0.5769230769230769
967,HyboNet,2,128,0.0002,9,7,0.5354330708661418,0.6,0.5769230769230769
968,HyboNet,2,128,0.0002,9,70,0.5590551181102362,0.9666666666666667,0.5384615384615384
969,HyboNet,2,128,0.0002,9,71,0.5511811023622047,0.9666666666666667,0.5384615384615384
970,HyboNet,2,128,0.0002,9,72,0.5511811023622047,0.9666666666666667,0.5384615384615384
971,HyboNet,2,128,0.0002,9,73,0.5511811023622047,0.9666666666666667,0.5
972,HyboNet,2,128,0.0002,9,74,0.5433070866141733,0.9666666666666667,0.5
973,HyboNet,2,128,0.0002,9,75,0.5511811023622047,0.9666666666666667,0.5
974,HyboNet,2,128,0.0002,9,76,0.5590551181102362,0.9666666666666667,0.5
975,HyboNet,2,128,0.0002,9,77,0.5590551181102362,1.0,0.5
976,HyboNet,2,128,0.0002,9,78,0.5590551181102362,1.0,0.5
977,HyboNet,2,128,0.0002,9,79,0.5590551181102362,1.0,0.5
978,HyboNet,2,128,0.0002,9,8,0.5354330708661418,0.6,0.5769230769230769
979,HyboNet,2,128,0.0002,9,80,0.5590551181102362,1.0,0.5
980,HyboNet,2,128,0.0002,9,81,0.5590551181102362,1.0,0.5
981,HyboNet,2,128,0.0002,9,82,0.5511811023622047,1.0,0.5
982,HyboNet,2,128,0.0002,9,83,0.5433070866141733,1.0,0.5
983,HyboNet,2,128,0.0002,9,84,0.5433070866141733,1.0,0.5
984,HyboNet,2,128,0.0002,9,85,0.5354330708661418,1.0,0.5
985,HyboNet,2,128,0.0002,9,86,0.5354330708661418,1.0,0.5384615384615384
986,HyboNet,2,128,0.0002,9,87,0.5354330708661418,1.0,0.5384615384615384
987,HyboNet,2,128,0.0002,9,88,0.5275590551181102,1.0,0.5384615384615384
988,HyboNet,2,128,0.0002,9,89,0.5275590551181102,1.0,0.5384615384615384
989,HyboNet,2,128,0.0002,9,9,0.5354330708661418,0.6,0.5769230769230769
990,HyboNet,2,128,0.0002,9,90,0.5275590551181102,1.0,0.5384615384615384
991,HyboNet,2,128,0.0002,9,91,0.5196850393700787,1.0,0.5384615384615384
992,HyboNet,2,128,0.0002,9,92,0.5196850393700787,1.0,0.5769230769230769
993,HyboNet,2,128,0.0002,9,93,0.5118110236220472,1.0,0.5769230769230769
994,HyboNet,2,128,0.0002,9,94,0.5196850393700787,1.0,0.5769230769230769
995,HyboNet,2,128,0.0002,9,95,0.5196850393700787,1.0,0.5769230769230769
996,HyboNet,2,128,0.0002,9,96,0.5196850393700787,1.0,0.5769230769230769
997,HyboNet,2,128,0.0002,9,97,0.49606299212598426,1.0,0.5769230769230769
998,HyboNet,2,128,0.0002,9,98,0.49606299212598426,1.0,0.5769230769230769
999,HyboNet,2,128,0.0002,9,99,0.5039370078740157,1.0,0.5769230769230769
1000,HyboNet,2,128,0.001,1,1,0.5354330708661418,0.6,0.5769230769230769
1001,HyboNet,2,128,0.001,1,10,0.5590551181102362,0.7666666666666667,0.5384615384615384
1002,HyboNet,2,128,0.001,1,100,0.4645669291338583,1.0,0.5
1003,HyboNet,2,128,0.001,1,11,0.5669291338582677,0.7666666666666667,0.5384615384615384
1004,HyboNet,2,128,0.001,1,12,0.5669291338582677,0.8,0.5384615384615384
1005,HyboNet,2,128,0.001,1,13,0.5590551181102362,0.8,0.5384615384615384
1006,HyboNet,2,128,0.001,1,14,0.5669291338582677,0.8,0.5384615384615384
1007,HyboNet,2,128,0.001,1,15,0.5669291338582677,0.8,0.5384615384615384
1008,HyboNet,2,128,0.001,1,16,0.5669291338582677,0.8,0.5384615384615384
1009,HyboNet,2,128,0.001,1,17,0.5590551181102362,0.8,0.5384615384615384
1010,HyboNet,2,128,0.001,1,18,0.5590551181102362,0.8,0.5384615384615384
1011,HyboNet,2,128,0.001,1,19,0.5433070866141733,0.8,0.5769230769230769
1012,HyboNet,2,128,0.001,1,2,0.5354330708661418,0.6,0.5769230769230769
1013,HyboNet,2,128,0.001,1,20,0.5354330708661418,0.8,0.6153846153846154
1014,HyboNet,2,128,0.001,1,21,0.5511811023622047,0.8333333333333334,0.6538461538461539
1015,HyboNet,2,128,0.001,1,22,0.5511811023622047,0.8666666666666667,0.6538461538461539
1016,HyboNet,2,128,0.001,1,23,0.5433070866141733,0.8666666666666667,0.6538461538461539
1017,HyboNet,2,128,0.001,1,24,0.5354330708661418,0.9,0.6538461538461539
1018,HyboNet,2,128,0.001,1,25,0.5354330708661418,0.9,0.6153846153846154
1019,HyboNet,2,128,0.001,1,26,0.5354330708661418,0.9,0.6153846153846154
1020,HyboNet,2,128,0.001,1,27,0.5354330708661418,0.9666666666666667,0.6153846153846154
1021,HyboNet,2,128,0.001,1,28,0.5433070866141733,0.9333333333333333,0.6153846153846154
1022,HyboNet,2,128,0.001,1,29,0.5354330708661418,0.9,0.5769230769230769
1023,HyboNet,2,128,0.001,1,3,0.5354330708661418,0.6,0.5769230769230769
1024,HyboNet,2,128,0.001,1,30,0.5196850393700787,0.9333333333333333,0.5769230769230769
1025,HyboNet,2,128,0.001,1,31,0.5118110236220472,0.9666666666666667,0.5769230769230769
1026,HyboNet,2,128,0.001,1,32,0.5196850393700787,0.9666666666666667,0.5384615384615384
1027,HyboNet,2,128,0.001,1,33,0.5039370078740157,0.9666666666666667,0.46153846153846156
1028,HyboNet,2,128,0.001,1,34,0.49606299212598426,0.9666666666666667,0.46153846153846156
1029,HyboNet,2,128,0.001,1,35,0.48031496062992124,0.9666666666666667,0.46153846153846156
1030,HyboNet,2,128,0.001,1,36,0.47244094488188976,1.0,0.4230769230769231
1031,HyboNet,2,128,0.001,1,37,0.48031496062992124,1.0,0.4230769230769231
1032,HyboNet,2,128,0.001,1,38,0.5039370078740157,0.9666666666666667,0.4230769230769231
1033,HyboNet,2,128,0.001,1,39,0.5039370078740157,0.9666666666666667,0.46153846153846156
1034,HyboNet,2,128,0.001,1,4,0.5354330708661418,0.6333333333333333,0.5769230769230769
1035,HyboNet,2,128,0.001,1,40,0.5039370078740157,0.9666666666666667,0.46153846153846156
1036,HyboNet,2,128,0.001,1,41,0.5118110236220472,1.0,0.46153846153846156
1037,HyboNet,2,128,0.001,1,42,0.5039370078740157,1.0,0.46153846153846156
1038,HyboNet,2,128,0.001,1,43,0.5039370078740157,1.0,0.46153846153846156
1039,HyboNet,2,128,0.001,1,44,0.49606299212598426,1.0,0.46153846153846156
1040,HyboNet,2,128,0.001,1,45,0.47244094488188976,1.0,0.46153846153846156
1041,HyboNet,2,128,0.001,1,46,0.47244094488188976,1.0,0.46153846153846156
1042,HyboNet,2,128,0.001,1,47,0.48031496062992124,1.0,0.5384615384615384
1043,HyboNet,2,128,0.001,1,48,0.47244094488188976,1.0,0.5384615384615384
1044,HyboNet,2,128,0.001,1,49,0.47244094488188976,1.0,0.5
1045,HyboNet,2,128,0.001,1,5,0.5354330708661418,0.6333333333333333,0.5769230769230769
1046,HyboNet,2,128,0.001,1,50,0.47244094488188976,1.0,0.5384615384615384
1047,HyboNet,2,128,0.001,1,51,0.47244094488188976,1.0,0.5
1048,HyboNet,2,128,0.001,1,52,0.47244094488188976,1.0,0.5
1049,HyboNet,2,128,0.001,1,53,0.47244094488188976,1.0,0.5
1050,HyboNet,2,128,0.001,1,54,0.4645669291338583,1.0,0.5
1051,HyboNet,2,128,0.001,1,55,0.47244094488188976,1.0,0.5384615384615384
1052,HyboNet,2,128,0.001,1,56,0.47244094488188976,1.0,0.5384615384615384
1053,HyboNet,2,128,0.001,1,57,0.47244094488188976,1.0,0.5
1054,HyboNet,2,128,0.001,1,58,0.47244094488188976,1.0,0.5
1055,HyboNet,2,128,0.001,1,59,0.48031496062992124,1.0,0.46153846153846156
1056,HyboNet,2,128,0.001,1,6,0.5354330708661418,0.6666666666666666,0.5769230769230769
1057,HyboNet,2,128,0.001,1,60,0.48031496062992124,1.0,0.4230769230769231
1058,HyboNet,2,128,0.001,1,61,0.48031496062992124,1.0,0.46153846153846156
1059,HyboNet,2,128,0.001,1,62,0.48031496062992124,1.0,0.46153846153846156
1060,HyboNet,2,128,0.001,1,63,0.4645669291338583,1.0,0.46153846153846156
1061,HyboNet,2,128,0.001,1,64,0.4645669291338583,1.0,0.4230769230769231
1062,HyboNet,2,128,0.001,1,65,0.47244094488188976,1.0,0.4230769230769231
1063,HyboNet,2,128,0.001,1,66,0.4566929133858268,1.0,0.4230769230769231
1064,HyboNet,2,128,0.001,1,67,0.44881889763779526,1.0,0.4230769230769231
1065,HyboNet,2,128,0.001,1,68,0.4645669291338583,1.0,0.4230769230769231
1066,HyboNet,2,128,0.001,1,69,0.4566929133858268,1.0,0.46153846153846156
1067,HyboNet,2,128,0.001,1,7,0.5433070866141733,0.7,0.5384615384615384
1068,HyboNet,2,128,0.001,1,70,0.4645669291338583,1.0,0.46153846153846156
1069,HyboNet,2,128,0.001,1,71,0.4645669291338583,1.0,0.46153846153846156
1070,HyboNet,2,128,0.001,1,72,0.44881889763779526,1.0,0.5
1071,HyboNet,2,128,0.001,1,73,0.44881889763779526,1.0,0.5
1072,HyboNet,2,128,0.001,1,74,0.4409448818897638,1.0,0.5
1073,HyboNet,2,128,0.001,1,75,0.4409448818897638,1.0,0.5
1074,HyboNet,2,128,0.001,1,76,0.44881889763779526,1.0,0.5
1075,HyboNet,2,128,0.001,1,77,0.44881889763779526,1.0,0.5
1076,HyboNet,2,128,0.001,1,78,0.44881889763779526,1.0,0.5
1077,HyboNet,2,128,0.001,1,79,0.4566929133858268,1.0,0.5
1078,HyboNet,2,128,0.001,1,8,0.5511811023622047,0.7,0.5384615384615384
1079,HyboNet,2,128,0.001,1,80,0.4566929133858268,1.0,0.46153846153846156
1080,HyboNet,2,128,0.001,1,81,0.4566929133858268,1.0,0.5
1081,HyboNet,2,128,0.001,1,82,0.4566929133858268,1.0,0.5
1082,HyboNet,2,128,0.001,1,83,0.4330708661417323,1.0,0.5
1083,HyboNet,2,128,0.001,1,84,0.4251968503937008,1.0,0.5
1084,HyboNet,2,128,0.001,1,85,0.4251968503937008,1.0,0.46153846153846156
1085,HyboNet,2,128,0.001,1,86,0.4251968503937008,1.0,0.46153846153846156
1086,HyboNet,2,128,0.001,1,87,0.44881889763779526,1.0,0.46153846153846156
1087,HyboNet,2,128,0.001,1,88,0.4645669291338583,1.0,0.5
1088,HyboNet,2,128,0.001,1,89,0.4645669291338583,1.0,0.5
1089,HyboNet,2,128,0.001,1,9,0.5511811023622047,0.7333333333333333,0.5384615384615384
1090,HyboNet,2,128,0.001,1,90,0.4645669291338583,1.0,0.5
1091,HyboNet,2,128,0.001,1,91,0.4645669291338583,1.0,0.5
1092,HyboNet,2,128,0.001,1,92,0.47244094488188976,1.0,0.5
1093,HyboNet,2,128,0.001,1,93,0.47244094488188976,1.0,0.5
1094,HyboNet,2,128,0.001,1,94,0.47244094488188976,1.0,0.5
1095,HyboNet,2,128,0.001,1,95,0.4566929133858268,1.0,0.5
1096,HyboNet,2,128,0.001,1,96,0.44881889763779526,1.0,0.46153846153846156
1097,HyboNet,2,128,0.001,1,97,0.4566929133858268,1.0,0.5
1098,HyboNet,2,128,0.001,1,98,0.4645669291338583,1.0,0.5
1099,HyboNet,2,128,0.001,1,99,0.47244094488188976,1.0,0.5
1100,HyboNet,2,128,0.001,10,1,0.5354330708661418,0.6,0.5769230769230769
1101,HyboNet,2,128,0.001,10,10,0.5433070866141733,0.7333333333333333,0.5
1102,HyboNet,2,128,0.001,10,100,0.41732283464566927,1.0,0.38461538461538464
1103,HyboNet,2,128,0.001,10,11,0.5433070866141733,0.7333333333333333,0.5
1104,HyboNet,2,128,0.001,10,12,0.5511811023622047,0.7333333333333333,0.5
1105,HyboNet,2,128,0.001,10,13,0.5511811023622047,0.7333333333333333,0.5
1106,HyboNet,2,128,0.001,10,14,0.5511811023622047,0.7333333333333333,0.5
1107,HyboNet,2,128,0.001,10,15,0.5511811023622047,0.7333333333333333,0.5
1108,HyboNet,2,128,0.001,10,16,0.5511811023622047,0.7666666666666667,0.5
1109,HyboNet,2,128,0.001,10,17,0.5511811023622047,0.7666666666666667,0.5
1110,HyboNet,2,128,0.001,10,18,0.5433070866141733,0.8,0.5
1111,HyboNet,2,128,0.001,10,19,0.5354330708661418,0.8,0.5
1112,HyboNet,2,128,0.001,10,2,0.5354330708661418,0.6,0.5769230769230769
1113,HyboNet,2,128,0.001,10,20,0.5354330708661418,0.8,0.5
1114,HyboNet,2,128,0.001,10,21,0.5433070866141733,0.8,0.5
1115,HyboNet,2,128,0.001,10,22,0.5511811023622047,0.8,0.5
1116,HyboNet,2,128,0.001,10,23,0.5275590551181102,0.8,0.5769230769230769
1117,HyboNet,2,128,0.001,10,24,0.5275590551181102,0.8333333333333334,0.5769230769230769
1118,HyboNet,2,128,0.001,10,25,0.5196850393700787,0.8666666666666667,0.6153846153846154
1119,HyboNet,2,128,0.001,10,26,0.49606299212598426,0.8666666666666667,0.6153846153846154
1120,HyboNet,2,128,0.001,10,27,0.49606299212598426,0.8666666666666667,0.6153846153846154
1121,HyboNet,2,128,0.001,10,28,0.4881889763779528,0.8666666666666667,0.6153846153846154
1122,HyboNet,2,128,0.001,10,29,0.4881889763779528,0.8666666666666667,0.6153846153846154
1123,HyboNet,2,128,0.001,10,3,0.5354330708661418,0.6,0.5769230769230769
1124,HyboNet,2,128,0.001,10,30,0.4881889763779528,0.8666666666666667,0.6153846153846154
1125,HyboNet,2,128,0.001,10,31,0.48031496062992124,0.8666666666666667,0.6153846153846154
1126,HyboNet,2,128,0.001,10,32,0.47244094488188976,0.9,0.6153846153846154
1127,HyboNet,2,128,0.001,10,33,0.4881889763779528,0.9333333333333333,0.6153846153846154
1128,HyboNet,2,128,0.001,10,34,0.49606299212598426,0.9333333333333333,0.6153846153846154
1129,HyboNet,2,128,0.001,10,35,0.5039370078740157,0.9333333333333333,0.5769230769230769
1130,HyboNet,2,128,0.001,10,36,0.5118110236220472,0.9333333333333333,0.5769230769230769
1131,HyboNet,2,128,0.001,10,37,0.49606299212598426,0.9666666666666667,0.5769230769230769
1132,HyboNet,2,128,0.001,10,38,0.49606299212598426,0.9666666666666667,0.5384615384615384
1133,HyboNet,2,128,0.001,10,39,0.4881889763779528,0.9666666666666667,0.5
1134,HyboNet,2,128,0.001,10,4,0.5354330708661418,0.6,0.5769230769230769
1135,HyboNet,2,128,0.001,10,40,0.49606299212598426,1.0,0.5
1136,HyboNet,2,128,0.001,10,41,0.5039370078740157,1.0,0.5384615384615384
1137,HyboNet,2,128,0.001,10,42,0.5118110236220472,1.0,0.5384615384615384
1138,HyboNet,2,128,0.001,10,43,0.5118110236220472,1.0,0.5384615384615384
1139,HyboNet,2,128,0.001,10,44,0.5039370078740157,1.0,0.5384615384615384
1140,HyboNet,2,128,0.001,10,45,0.5039370078740157,1.0,0.5384615384615384
1141,HyboNet,2,128,0.001,10,46,0.5039370078740157,1.0,0.5384615384615384
1142,HyboNet,2,128,0.001,10,47,0.49606299212598426,1.0,0.5769230769230769
1143,HyboNet,2,128,0.001,10,48,0.4645669291338583,1.0,0.5384615384615384
1144,HyboNet,2,128,0.001,10,49,0.4645669291338583,1.0,0.46153846153846156
1145,HyboNet,2,128,0.001,10,5,0.5354330708661418,0.6,0.5769230769230769
1146,HyboNet,2,128,0.001,10,50,0.4645669291338583,1.0,0.46153846153846156
1147,HyboNet,2,128,0.001,10,51,0.4645669291338583,1.0,0.46153846153846156
1148,HyboNet,2,128,0.001,10,52,0.4566929133858268,1.0,0.46153846153846156
1149,HyboNet,2,128,0.001,10,53,0.4566929133858268,1.0,0.46153846153846156
1150,HyboNet,2,128,0.001,10,54,0.4645669291338583,1.0,0.46153846153846156
1151,HyboNet,2,128,0.001,10,55,0.4645669291338583,1.0,0.46153846153846156
1152,HyboNet,2,128,0.001,10,56,0.47244094488188976,1.0,0.46153846153846156
1153,HyboNet,2,128,0.001,10,57,0.4645669291338583,1.0,0.46153846153846156
1154,HyboNet,2,128,0.001,10,58,0.47244094488188976,1.0,0.46153846153846156
1155,HyboNet,2,128,0.001,10,59,0.4645669291338583,1.0,0.46153846153846156
1156,HyboNet,2,128,0.001,10,6,0.5354330708661418,0.6666666666666666,0.5769230769230769
1157,HyboNet,2,128,0.001,10,60,0.4566929133858268,1.0,0.5
1158,HyboNet,2,128,0.001,10,61,0.48031496062992124,1.0,0.5
1159,HyboNet,2,128,0.001,10,62,0.48031496062992124,1.0,0.5
1160,HyboNet,2,128,0.001,10,63,0.49606299212598426,1.0,0.5
1161,HyboNet,2,128,0.001,10,64,0.48031496062992124,1.0,0.5384615384615384
1162,HyboNet,2,128,0.001,10,65,0.48031496062992124,1.0,0.5384615384615384
1163,HyboNet,2,128,0.001,10,66,0.48031496062992124,1.0,0.5
1164,HyboNet,2,128,0.001,10,67,0.48031496062992124,1.0,0.5
1165,HyboNet,2,128,0.001,10,68,0.48031496062992124,1.0,0.5
1166,HyboNet,2,128,0.001,10,69,0.4881889763779528,1.0,0.5
1167,HyboNet,2,128,0.001,10,7,0.5511811023622047,0.7,0.5
1168,HyboNet,2,128,0.001,10,70,0.47244094488188976,1.0,0.5
1169,HyboNet,2,128,0.001,10,71,0.4566929133858268,1.0,0.5
1170,HyboNet,2,128,0.001,10,72,0.47244094488188976,1.0,0.46153846153846156
1171,HyboNet,2,128,0.001,10,73,0.4645669291338583,1.0,0.4230769230769231
1172,HyboNet,2,128,0.001,10,74,0.4566929133858268,1.0,0.4230769230769231
1173,HyboNet,2,128,0.001,10,75,0.47244094488188976,1.0,0.4230769230769231
1174,HyboNet,2,128,0.001,10,76,0.4645669291338583,1.0,0.4230769230769231
1175,HyboNet,2,128,0.001,10,77,0.4566929133858268,1.0,0.4230769230769231
1176,HyboNet,2,128,0.001,10,78,0.44881889763779526,1.0,0.4230769230769231
1177,HyboNet,2,128,0.001,10,79,0.4330708661417323,1.0,0.4230769230769231
1178,HyboNet,2,128,0.001,10,8,0.5433070866141733,0.7333333333333333,0.5
1179,HyboNet,2,128,0.001,10,80,0.4330708661417323,1.0,0.4230769230769231
1180,HyboNet,2,128,0.001,10,81,0.4409448818897638,1.0,0.4230769230769231
1181,HyboNet,2,128,0.001,10,82,0.4330708661417323,1.0,0.4230769230769231
1182,HyboNet,2,128,0.001,10,83,0.4251968503937008,1.0,0.4230769230769231
1183,HyboNet,2,128,0.001,10,84,0.4251968503937008,1.0,0.38461538461538464
1184,HyboNet,2,128,0.001,10,85,0.41732283464566927,1.0,0.38461538461538464
1185,HyboNet,2,128,0.001,10,86,0.41732283464566927,1.0,0.38461538461538464
1186,HyboNet,2,128,0.001,10,87,0.4330708661417323,1.0,0.38461538461538464
1187,HyboNet,2,128,0.001,10,88,0.4409448818897638,1.0,0.38461538461538464
1188,HyboNet,2,128,0.001,10,89,0.4409448818897638,1.0,0.38461538461538464
1189,HyboNet,2,128,0.001,10,9,0.5433070866141733,0.7333333333333333,0.5
1190,HyboNet,2,128,0.001,10,90,0.4409448818897638,1.0,0.4230769230769231
1191,HyboNet,2,128,0.001,10,91,0.4409448818897638,1.0,0.4230769230769231
1192,HyboNet,2,128,0.001,10,92,0.4409448818897638,1.0,0.4230769230769231
1193,HyboNet,2,128,0.001,10,93,0.4409448818897638,1.0,0.4230769230769231
1194,HyboNet,2,128,0.001,10,94,0.4409448818897638,1.0,0.4230769230769231
1195,HyboNet,2,128,0.001,10,95,0.4409448818897638,1.0,0.4230769230769231
1196,HyboNet,2,128,0.001,10,96,0.44881889763779526,1.0,0.4230769230769231
1197,HyboNet,2,128,0.001,10,97,0.4330708661417323,1.0,0.4230769230769231
1198,HyboNet,2,128,0.001,10,98,0.4409448818897638,1.0,0.38461538461538464
1199,HyboNet,2,128,0.001,10,99,0.4251968503937008,1.0,0.38461538461538464
1200,HyboNet,2,128,0.001,2,1,0.5275590551181102,0.6,0.5769230769230769
1201,HyboNet,2,128,0.001,2,10,0.5590551181102362,0.7,0.5384615384615384
1202,HyboNet,2,128,0.001,2,100,0.4094488188976378,1.0,0.5
1203,HyboNet,2,128,0.001,2,11,0.5669291338582677,0.7333333333333333,0.5384615384615384
1204,HyboNet,2,128,0.001,2,12,0.5590551181102362,0.8,0.5384615384615384
1205,HyboNet,2,128,0.001,2,13,0.5511811023622047,0.8,0.5
1206,HyboNet,2,128,0.001,2,14,0.5511811023622047,0.8,0.5
1207,HyboNet,2,128,0.001,2,15,0.5748031496062992,0.8,0.5
1208,HyboNet,2,128,0.001,2,16,0.5511811023622047,0.8,0.5384615384615384
1209,HyboNet,2,128,0.001,2,17,0.5511811023622047,0.8,0.5384615384615384
1210,HyboNet,2,128,0.001,2,18,0.5511811023622047,0.8,0.5384615384615384
1211,HyboNet,2,128,0.001,2,19,0.5433070866141733,0.8,0.5384615384615384
1212,HyboNet,2,128,0.001,2,2,0.5354330708661418,0.6,0.5769230769230769
1213,HyboNet,2,128,0.001,2,20,0.5511811023622047,0.8,0.5384615384615384
1214,HyboNet,2,128,0.001,2,21,0.5511811023622047,0.8,0.5384615384615384
1215,HyboNet,2,128,0.001,2,22,0.5511811023622047,0.8,0.5384615384615384
1216,HyboNet,2,128,0.001,2,23,0.5511811023622047,0.8,0.5384615384615384
1217,HyboNet,2,128,0.001,2,24,0.5511811023622047,0.8,0.5384615384615384
1218,HyboNet,2,128,0.001,2,25,0.5433070866141733,0.8,0.5384615384615384
1219,HyboNet,2,128,0.001,2,26,0.5433070866141733,0.8,0.5384615384615384
1220,HyboNet,2,128,0.001,2,27,0.5590551181102362,0.8,0.5384615384615384
1221,HyboNet,2,128,0.001,2,28,0.5590551181102362,0.8333333333333334,0.5384615384615384
1222,HyboNet,2,128,0.001,2,29,0.5669291338582677,0.8666666666666667,0.5769230769230769
1223,HyboNet,2,128,0.001,2,3,0.5354330708661418,0.6,0.5769230769230769
1224,HyboNet,2,128,0.001,2,30,0.5669291338582677,0.8666666666666667,0.5769230769230769
1225,HyboNet,2,128,0.001,2,31,0.5590551181102362,0.9,0.5769230769230769
1226,HyboNet,2,128,0.001,2,32,0.5590551181102362,0.9,0.6153846153846154
1227,HyboNet,2,128,0.001,2,33,0.5511811023622047,0.9666666666666667,0.5769230769230769
1228,HyboNet,2,128,0.001,2,34,0.5433070866141733,0.9666666666666667,0.5384615384615384
1229,HyboNet,2,128,0.001,2,35,0.5354330708661418,0.9666666666666667,0.5384615384615384
1230,HyboNet,2,128,0.001,2,36,0.5275590551181102,0.9666666666666667,0.5384615384615384
1231,HyboNet,2,128,0.001,2,37,0.5196850393700787,1.0,0.5
1232,HyboNet,2,128,0.001,2,38,0.5039370078740157,1.0,0.5
1233,HyboNet,2,128,0.001,2,39,0.5039370078740157,1.0,0.5
1234,HyboNet,2,128,0.001,2,4,0.5354330708661418,0.6,0.5769230769230769
1235,HyboNet,2,128,0.001,2,40,0.48031496062992124,1.0,0.5
1236,HyboNet,2,128,0.001,2,41,0.4881889763779528,1.0,0.5
1237,HyboNet,2,128,0.001,2,42,0.48031496062992124,1.0,0.5
1238,HyboNet,2,128,0.001,2,43,0.4881889763779528,1.0,0.5
1239,HyboNet,2,128,0.001,2,44,0.4881889763779528,1.0,0.5384615384615384
1240,HyboNet,2,128,0.001,2,45,0.48031496062992124,1.0,0.5
1241,HyboNet,2,128,0.001,2,46,0.47244094488188976,1.0,0.4230769230769231
1242,HyboNet,2,128,0.001,2,47,0.4881889763779528,1.0,0.4230769230769231
1243,HyboNet,2,128,0.001,2,48,0.49606299212598426,1.0,0.4230769230769231
1244,HyboNet,2,128,0.001,2,49,0.49606299212598426,1.0,0.4230769230769231
1245,HyboNet,2,128,0.001,2,5,0.5354330708661418,0.6,0.5769230769230769
1246,HyboNet,2,128,0.001,2,50,0.4881889763779528,1.0,0.4230769230769231
1247,HyboNet,2,128,0.001,2,51,0.48031496062992124,1.0,0.4230769230769231
1248,HyboNet,2,128,0.001,2,52,0.48031496062992124,1.0,0.4230769230769231
1249,HyboNet,2,128,0.001,2,53,0.48031496062992124,1.0,0.4230769230769231
1250,HyboNet,2,128,0.001,2,54,0.48031496062992124,1.0,0.4230769230769231
1251,HyboNet,2,128,0.001,2,55,0.48031496062992124,1.0,0.4230769230769231
1252,HyboNet,2,128,0.001,2,56,0.48031496062992124,1.0,0.38461538461538464
1253,HyboNet,2,128,0.001,2,57,0.48031496062992124,1.0,0.38461538461538464
1254,HyboNet,2,128,0.001,2,58,0.47244094488188976,1.0,0.38461538461538464
1255,HyboNet,2,128,0.001,2,59,0.4645669291338583,1.0,0.4230769230769231
1256,HyboNet,2,128,0.001,2,6,0.5354330708661418,0.6,0.5769230769230769
1257,HyboNet,2,128,0.001,2,60,0.47244094488188976,1.0,0.4230769230769231
1258,HyboNet,2,128,0.001,2,61,0.47244094488188976,1.0,0.4230769230769231
1259,HyboNet,2,128,0.001,2,62,0.47244094488188976,1.0,0.38461538461538464
1260,HyboNet,2,128,0.001,2,63,0.44881889763779526,1.0,0.38461538461538464
1261,HyboNet,2,128,0.001,2,64,0.4566929133858268,1.0,0.4230769230769231
1262,HyboNet,2,128,0.001,2,65,0.4566929133858268,1.0,0.46153846153846156
1263,HyboNet,2,128,0.001,2,66,0.4566929133858268,1.0,0.4230769230769231
1264,HyboNet,2,128,0.001,2,67,0.4566929133858268,1.0,0.4230769230769231
1265,HyboNet,2,128,0.001,2,68,0.4566929133858268,1.0,0.4230769230769231
1266,HyboNet,2,128,0.001,2,69,0.4566929133858268,1.0,0.38461538461538464
1267,HyboNet,2,128,0.001,2,7,0.5354330708661418,0.6333333333333333,0.5769230769230769
1268,HyboNet,2,128,0.001,2,70,0.4409448818897638,1.0,0.46153846153846156
1269,HyboNet,2,128,0.001,2,71,0.41732283464566927,1.0,0.46153846153846156
1270,HyboNet,2,128,0.001,2,72,0.41732283464566927,1.0,0.46153846153846156
1271,HyboNet,2,128,0.001,2,73,0.4330708661417323,1.0,0.46153846153846156
1272,HyboNet,2,128,0.001,2,74,0.4409448818897638,1.0,0.46153846153846156
1273,HyboNet,2,128,0.001,2,75,0.4251968503937008,1.0,0.46153846153846156
1274,HyboNet,2,128,0.001,2,76,0.41732283464566927,1.0,0.46153846153846156
1275,HyboNet,2,128,0.001,2,77,0.41732283464566927,1.0,0.5
1276,HyboNet,2,128,0.001,2,78,0.41732283464566927,1.0,0.5
1277,HyboNet,2,128,0.001,2,79,0.41732283464566927,1.0,0.46153846153846156
1278,HyboNet,2,128,0.001,2,8,0.5354330708661418,0.6333333333333333,0.5769230769230769
1279,HyboNet,2,128,0.001,2,80,0.41732283464566927,1.0,0.46153846153846156
1280,HyboNet,2,128,0.001,2,81,0.4015748031496063,1.0,0.46153846153846156
1281,HyboNet,2,128,0.001,2,82,0.4015748031496063,1.0,0.4230769230769231
1282,HyboNet,2,128,0.001,2,83,0.4015748031496063,1.0,0.4230769230769231
1283,HyboNet,2,128,0.001,2,84,0.4015748031496063,1.0,0.46153846153846156
1284,HyboNet,2,128,0.001,2,85,0.4015748031496063,1.0,0.46153846153846156
1285,HyboNet,2,128,0.001,2,86,0.4094488188976378,1.0,0.46153846153846156
1286,HyboNet,2,128,0.001,2,87,0.4094488188976378,1.0,0.5
1287,HyboNet,2,128,0.001,2,88,0.4094488188976378,1.0,0.5
1288,HyboNet,2,128,0.001,2,89,0.4094488188976378,1.0,0.5
1289,HyboNet,2,128,0.001,2,9,0.5433070866141733,0.7,0.5769230769230769
1290,HyboNet,2,128,0.001,2,90,0.4015748031496063,1.0,0.5
1291,HyboNet,2,128,0.001,2,91,0.3858267716535433,1.0,0.5
1292,HyboNet,2,128,0.001,2,92,0.4015748031496063,1.0,0.5
1293,HyboNet,2,128,0.001,2,93,0.4094488188976378,1.0,0.5
1294,HyboNet,2,128,0.001,2,94,0.4094488188976378,1.0,0.5
1295,HyboNet,2,128,0.001,2,95,0.4094488188976378,1.0,0.5
1296,HyboNet,2,128,0.001,2,96,0.4094488188976378,1.0,0.5
1297,HyboNet,2,128,0.001,2,97,0.3937007874015748,1.0,0.5
1298,HyboNet,2,128,0.001,2,98,0.3937007874015748,1.0,0.5
1299,HyboNet,2,128,0.001,2,99,0.4094488188976378,1.0,0.5
1300,HyboNet,2,128,0.001,3,1,0.5354330708661418,0.6,0.5769230769230769
1301,HyboNet,2,128,0.001,3,10,0.5590551181102362,0.8,0.5384615384615384
1302,HyboNet,2,128,0.001,3,100,0.5669291338582677,1.0,0.5384615384615384
1303,HyboNet,2,128,0.001,3,11,0.5511811023622047,0.8,0.5384615384615384
1304,HyboNet,2,128,0.001,3,12,0.5590551181102362,0.8,0.5769230769230769
1305,HyboNet,2,128,0.001,3,13,0.5748031496062992,0.8,0.6153846153846154
1306,HyboNet,2,128,0.001,3,14,0.5826771653543307,0.8,0.6153846153846154
1307,HyboNet,2,128,0.001,3,15,0.5826771653543307,0.8,0.6153846153846154
1308,HyboNet,2,128,0.001,3,16,0.5826771653543307,0.8,0.6153846153846154
1309,HyboNet,2,128,0.001,3,17,0.5826771653543307,0.8,0.6153846153846154
1310,HyboNet,2,128,0.001,3,18,0.5826771653543307,0.8,0.6153846153846154
1311,HyboNet,2,128,0.001,3,19,0.5826771653543307,0.8,0.6153846153846154
1312,HyboNet,2,128,0.001,3,2,0.5354330708661418,0.6,0.5769230769230769
1313,HyboNet,2,128,0.001,3,20,0.5748031496062992,0.8,0.6153846153846154
1314,HyboNet,2,128,0.001,3,21,0.5748031496062992,0.8,0.6153846153846154
1315,HyboNet,2,128,0.001,3,22,0.5748031496062992,0.8333333333333334,0.6153846153846154
1316,HyboNet,2,128,0.001,3,23,0.5748031496062992,0.8333333333333334,0.6153846153846154
1317,HyboNet,2,128,0.001,3,24,0.5826771653543307,0.8333333333333334,0.6153846153846154
1318,HyboNet,2,128,0.001,3,25,0.5826771653543307,0.8666666666666667,0.6538461538461539
1319,HyboNet,2,128,0.001,3,26,0.5826771653543307,0.8666666666666667,0.6538461538461539
1320,HyboNet,2,128,0.001,3,27,0.5748031496062992,0.8666666666666667,0.6538461538461539
1321,HyboNet,2,128,0.001,3,28,0.5748031496062992,0.8666666666666667,0.6538461538461539
1322,HyboNet,2,128,0.001,3,29,0.5826771653543307,0.8666666666666667,0.6538461538461539
1323,HyboNet,2,128,0.001,3,3,0.5354330708661418,0.6,0.5769230769230769
1324,HyboNet,2,128,0.001,3,30,0.5826771653543307,0.8666666666666667,0.6538461538461539
1325,HyboNet,2,128,0.001,3,31,0.5826771653543307,0.8666666666666667,0.6153846153846154
1326,HyboNet,2,128,0.001,3,32,0.5748031496062992,0.8666666666666667,0.6153846153846154
1327,HyboNet,2,128,0.001,3,33,0.5590551181102362,0.9,0.6153846153846154
1328,HyboNet,2,128,0.001,3,34,0.5433070866141733,0.9333333333333333,0.5769230769230769
1329,HyboNet,2,128,0.001,3,35,0.5433070866141733,0.9333333333333333,0.5769230769230769
1330,HyboNet,2,128,0.001,3,36,0.5511811023622047,1.0,0.5769230769230769
1331,HyboNet,2,128,0.001,3,37,0.5433070866141733,1.0,0.5769230769230769
1332,HyboNet,2,128,0.001,3,38,0.5433070866141733,1.0,0.5769230769230769
1333,HyboNet,2,128,0.001,3,39,0.5433070866141733,1.0,0.5769230769230769
1334,HyboNet,2,128,0.001,3,4,0.5354330708661418,0.6,0.5769230769230769
1335,HyboNet,2,128,0.001,3,40,0.5433070866141733,1.0,0.5769230769230769
1336,HyboNet,2,128,0.001,3,41,0.5354330708661418,1.0,0.5769230769230769
1337,HyboNet,2,128,0.001,3,42,0.5354330708661418,1.0,0.5769230769230769
1338,HyboNet,2,128,0.001,3,43,0.5511811023622047,1.0,0.5769230769230769
1339,HyboNet,2,128,0.001,3,44,0.5433070866141733,1.0,0.5769230769230769
1340,HyboNet,2,128,0.001,3,45,0.5511811023622047,1.0,0.5769230769230769
1341,HyboNet,2,128,0.001,3,46,0.5590551181102362,1.0,0.5769230769230769
1342,HyboNet,2,128,0.001,3,47,0.5669291338582677,1.0,0.6153846153846154
1343,HyboNet,2,128,0.001,3,48,0.5669291338582677,1.0,0.6153846153846154
1344,HyboNet,2,128,0.001,3,49,0.5669291338582677,1.0,0.6153846153846154
1345,HyboNet,2,128,0.001,3,5,0.5354330708661418,0.6,0.5769230769230769
1346,HyboNet,2,128,0.001,3,50,0.5511811023622047,1.0,0.6153846153846154
1347,HyboNet,2,128,0.001,3,51,0.5511811023622047,1.0,0.6153846153846154
1348,HyboNet,2,128,0.001,3,52,0.5511811023622047,1.0,0.6153846153846154
1349,HyboNet,2,128,0.001,3,53,0.5511811023622047,1.0,0.6153846153846154
1350,HyboNet,2,128,0.001,3,54,0.5511811023622047,1.0,0.6153846153846154
1351,HyboNet,2,128,0.001,3,55,0.5511811023622047,1.0,0.6153846153846154
1352,HyboNet,2,128,0.001,3,56,0.5511811023622047,1.0,0.6153846153846154
1353,HyboNet,2,128,0.001,3,57,0.5511811023622047,1.0,0.6153846153846154
1354,HyboNet,2,128,0.001,3,58,0.5590551181102362,1.0,0.6153846153846154
1355,HyboNet,2,128,0.001,3,59,0.5669291338582677,1.0,0.6153846153846154
1356,HyboNet,2,128,0.001,3,6,0.5433070866141733,0.6333333333333333,0.5769230769230769
1357,HyboNet,2,128,0.001,3,60,0.5669291338582677,1.0,0.6153846153846154
1358,HyboNet,2,128,0.001,3,61,0.5669291338582677,1.0,0.6153846153846154
1359,HyboNet,2,128,0.001,3,62,0.5590551181102362,1.0,0.6153846153846154
1360,HyboNet,2,128,0.001,3,63,0.5669291338582677,1.0,0.6153846153846154
1361,HyboNet,2,128,0.001,3,64,0.5669291338582677,1.0,0.6153846153846154
1362,HyboNet,2,128,0.001,3,65,0.5669291338582677,1.0,0.6153846153846154
1363,HyboNet,2,128,0.001,3,66,0.5669291338582677,1.0,0.6153846153846154
1364,HyboNet,2,128,0.001,3,67,0.5748031496062992,1.0,0.5769230769230769
1365,HyboNet,2,128,0.001,3,68,0.5748031496062992,1.0,0.5769230769230769
1366,HyboNet,2,128,0.001,3,69,0.5826771653543307,1.0,0.5769230769230769
1367,HyboNet,2,128,0.001,3,7,0.5511811023622047,0.7,0.5769230769230769
1368,HyboNet,2,128,0.001,3,70,0.5826771653543307,1.0,0.6153846153846154
1369,HyboNet,2,128,0.001,3,71,0.5826771653543307,1.0,0.6153846153846154
1370,HyboNet,2,128,0.001,3,72,0.5826771653543307,1.0,0.5384615384615384
1371,HyboNet,2,128,0.001,3,73,0.5826771653543307,1.0,0.5384615384615384
1372,HyboNet,2,128,0.001,3,74,0.5826771653543307,1.0,0.5
1373,HyboNet,2,128,0.001,3,75,0.5748031496062992,1.0,0.5
1374,HyboNet,2,128,0.001,3,76,0.5748031496062992,1.0,0.5384615384615384
1375,HyboNet,2,128,0.001,3,77,0.5748031496062992,1.0,0.5384615384615384
1376,HyboNet,2,128,0.001,3,78,0.5748031496062992,1.0,0.5384615384615384
1377,HyboNet,2,128,0.001,3,79,0.5590551181102362,1.0,0.5384615384615384
1378,HyboNet,2,128,0.001,3,8,0.5590551181102362,0.7,0.5384615384615384
1379,HyboNet,2,128,0.001,3,80,0.5669291338582677,1.0,0.5384615384615384
1380,HyboNet,2,128,0.001,3,81,0.5669291338582677,1.0,0.5384615384615384
1381,HyboNet,2,128,0.001,3,82,0.5669291338582677,1.0,0.5384615384615384
1382,HyboNet,2,128,0.001,3,83,0.5669291338582677,1.0,0.5384615384615384
1383,HyboNet,2,128,0.001,3,84,0.5669291338582677,1.0,0.5384615384615384
1384,HyboNet,2,128,0.001,3,85,0.5590551181102362,1.0,0.5384615384615384
1385,HyboNet,2,128,0.001,3,86,0.5590551181102362,1.0,0.5384615384615384
1386,HyboNet,2,128,0.001,3,87,0.5669291338582677,1.0,0.5384615384615384
1387,HyboNet,2,128,0.001,3,88,0.5669291338582677,1.0,0.5384615384615384
1388,HyboNet,2,128,0.001,3,89,0.5826771653543307,1.0,0.5384615384615384
1389,HyboNet,2,128,0.001,3,9,0.5669291338582677,0.7333333333333333,0.5384615384615384
1390,HyboNet,2,128,0.001,3,90,0.5748031496062992,1.0,0.5384615384615384
1391,HyboNet,2,128,0.001,3,91,0.5748031496062992,1.0,0.5384615384615384
1392,HyboNet,2,128,0.001,3,92,0.5748031496062992,1.0,0.5384615384615384
1393,HyboNet,2,128,0.001,3,93,0.5826771653543307,1.0,0.5384615384615384
1394,HyboNet,2,128,0.001,3,94,0.5826771653543307,1.0,0.5384615384615384
1395,HyboNet,2,128,0.001,3,95,0.5748031496062992,1.0,0.5384615384615384
1396,HyboNet,2,128,0.001,3,96,0.5748031496062992,1.0,0.5384615384615384
1397,HyboNet,2,128,0.001,3,97,0.5748031496062992,1.0,0.5384615384615384
1398,HyboNet,2,128,0.001,3,98,0.5826771653543307,1.0,0.5384615384615384
1399,HyboNet,2,128,0.001,3,99,0.5826771653543307,1.0,0.5384615384615384
1400,HyboNet,2,128,0.001,4,1,0.5354330708661418,0.6,0.5769230769230769
1401,HyboNet,2,128,0.001,4,10,0.5433070866141733,0.7666666666666667,0.5384615384615384
1402,HyboNet,2,128,0.001,4,100,0.5039370078740157,1.0,0.5384615384615384
1403,HyboNet,2,128,0.001,4,11,0.5511811023622047,0.8,0.5384615384615384
1404,HyboNet,2,128,0.001,4,12,0.5433070866141733,0.8,0.5384615384615384
1405,HyboNet,2,128,0.001,4,13,0.5354330708661418,0.8,0.5384615384615384
1406,HyboNet,2,128,0.001,4,14,0.5354330708661418,0.8,0.5384615384615384
1407,HyboNet,2,128,0.001,4,15,0.5275590551181102,0.8,0.5384615384615384
1408,HyboNet,2,128,0.001,4,16,0.5354330708661418,0.8,0.5384615384615384
1409,HyboNet,2,128,0.001,4,17,0.5433070866141733,0.8,0.5384615384615384
1410,HyboNet,2,128,0.001,4,18,0.5433070866141733,0.8,0.5384615384615384
1411,HyboNet,2,128,0.001,4,19,0.5433070866141733,0.8,0.5384615384615384
1412,HyboNet,2,128,0.001,4,2,0.5354330708661418,0.6,0.5769230769230769
1413,HyboNet,2,128,0.001,4,20,0.5590551181102362,0.8,0.5384615384615384
1414,HyboNet,2,128,0.001,4,21,0.5669291338582677,0.8,0.5384615384615384
1415,HyboNet,2,128,0.001,4,22,0.5669291338582677,0.8333333333333334,0.5384615384615384
1416,HyboNet,2,128,0.001,4,23,0.5669291338582677,0.8333333333333334,0.5769230769230769
1417,HyboNet,2,128,0.001,4,24,0.5748031496062992,0.8333333333333334,0.5769230769230769
1418,HyboNet,2,128,0.001,4,25,0.5748031496062992,0.8333333333333334,0.6153846153846154
1419,HyboNet,2,128,0.001,4,26,0.5669291338582677,0.8333333333333334,0.6153846153846154
1420,HyboNet,2,128,0.001,4,27,0.5669291338582677,0.8666666666666667,0.6153846153846154
1421,HyboNet,2,128,0.001,4,28,0.5669291338582677,0.8666666666666667,0.6153846153846154
1422,HyboNet,2,128,0.001,4,29,0.5669291338582677,0.9,0.5769230769230769
1423,HyboNet,2,128,0.001,4,3,0.5354330708661418,0.6,0.5769230769230769
1424,HyboNet,2,128,0.001,4,30,0.5669291338582677,0.9333333333333333,0.5769230769230769
1425,HyboNet,2,128,0.001,4,31,0.5511811023622047,0.9333333333333333,0.5769230769230769
1426,HyboNet,2,128,0.001,4,32,0.5433070866141733,0.9666666666666667,0.5769230769230769
1427,HyboNet,2,128,0.001,4,33,0.5275590551181102,1.0,0.5769230769230769
1428,HyboNet,2,128,0.001,4,34,0.5275590551181102,1.0,0.5769230769230769
1429,HyboNet,2,128,0.001,4,35,0.5275590551181102,0.9666666666666667,0.5769230769230769
1430,HyboNet,2,128,0.001,4,36,0.5118110236220472,0.9666666666666667,0.6153846153846154
1431,HyboNet,2,128,0.001,4,37,0.5196850393700787,0.9666666666666667,0.6153846153846154
1432,HyboNet,2,128,0.001,4,38,0.5196850393700787,0.9666666666666667,0.6153846153846154
1433,HyboNet,2,128,0.001,4,39,0.5275590551181102,0.9666666666666667,0.6538461538461539
1434,HyboNet,2,128,0.001,4,4,0.5354330708661418,0.6,0.5769230769230769
1435,HyboNet,2,128,0.001,4,40,0.5511811023622047,1.0,0.6153846153846154
1436,HyboNet,2,128,0.001,4,41,0.5511811023622047,1.0,0.6153846153846154
1437,HyboNet,2,128,0.001,4,42,0.5433070866141733,1.0,0.6538461538461539
1438,HyboNet,2,128,0.001,4,43,0.5433070866141733,1.0,0.6538461538461539
1439,HyboNet,2,128,0.001,4,44,0.5433070866141733,1.0,0.6538461538461539
1440,HyboNet,2,128,0.001,4,45,0.5511811023622047,1.0,0.6538461538461539
1441,HyboNet,2,128,0.001,4,46,0.5511811023622047,1.0,0.6538461538461539
1442,HyboNet,2,128,0.001,4,47,0.5433070866141733,1.0,0.6538461538461539
1443,HyboNet,2,128,0.001,4,48,0.5511811023622047,1.0,0.6538461538461539
1444,HyboNet,2,128,0.001,4,49,0.5511811023622047,1.0,0.6538461538461539
1445,HyboNet,2,128,0.001,4,5,0.5354330708661418,0.6,0.5769230769230769
1446,HyboNet,2,128,0.001,4,50,0.5511811023622047,1.0,0.6538461538461539
1447,HyboNet,2,128,0.001,4,51,0.5511811023622047,1.0,0.6538461538461539
1448,HyboNet,2,128,0.001,4,52,0.5354330708661418,1.0,0.6538461538461539
1449,HyboNet,2,128,0.001,4,53,0.5354330708661418,1.0,0.6538461538461539
1450,HyboNet,2,128,0.001,4,54,0.5354330708661418,1.0,0.6538461538461539
1451,HyboNet,2,128,0.001,4,55,0.5354330708661418,1.0,0.6538461538461539
1452,HyboNet,2,128,0.001,4,56,0.5354330708661418,1.0,0.6538461538461539
1453,HyboNet,2,128,0.001,4,57,0.5433070866141733,1.0,0.6538461538461539
1454,HyboNet,2,128,0.001,4,58,0.5433070866141733,1.0,0.6538461538461539
1455,HyboNet,2,128,0.001,4,59,0.5433070866141733,1.0,0.6538461538461539
1456,HyboNet,2,128,0.001,4,6,0.5433070866141733,0.6333333333333333,0.5769230769230769
1457,HyboNet,2,128,0.001,4,60,0.5511811023622047,1.0,0.6153846153846154
1458,HyboNet,2,128,0.001,4,61,0.5354330708661418,1.0,0.5384615384615384
1459,HyboNet,2,128,0.001,4,62,0.5433070866141733,1.0,0.5
1460,HyboNet,2,128,0.001,4,63,0.5433070866141733,1.0,0.5
1461,HyboNet,2,128,0.001,4,64,0.5433070866141733,1.0,0.5
1462,HyboNet,2,128,0.001,4,65,0.5433070866141733,1.0,0.5
1463,HyboNet,2,128,0.001,4,66,0.5275590551181102,1.0,0.5
1464,HyboNet,2,128,0.001,4,67,0.5118110236220472,1.0,0.5
1465,HyboNet,2,128,0.001,4,68,0.5118110236220472,1.0,0.5
1466,HyboNet,2,128,0.001,4,69,0.5039370078740157,1.0,0.46153846153846156
1467,HyboNet,2,128,0.001,4,7,0.5433070866141733,0.7,0.5769230769230769
1468,HyboNet,2,128,0.001,4,70,0.5039370078740157,1.0,0.46153846153846156
1469,HyboNet,2,128,0.001,4,71,0.5039370078740157,1.0,0.46153846153846156
1470,HyboNet,2,128,0.001,4,72,0.5039370078740157,1.0,0.46153846153846156
1471,HyboNet,2,128,0.001,4,73,0.5039370078740157,1.0,0.46153846153846156
1472,HyboNet,2,128,0.001,4,74,0.5039370078740157,1.0,0.46153846153846156
1473,HyboNet,2,128,0.001,4,75,0.49606299212598426,1.0,0.46153846153846156
1474,HyboNet,2,128,0.001,4,76,0.49606299212598426,1.0,0.46153846153846156
1475,HyboNet,2,128,0.001,4,77,0.49606299212598426,1.0,0.5
1476,HyboNet,2,128,0.001,4,78,0.49606299212598426,1.0,0.5
1477,HyboNet,2,128,0.001,4,79,0.5039370078740157,1.0,0.5
1478,HyboNet,2,128,0.001,4,8,0.5433070866141733,0.7333333333333333,0.5384615384615384
1479,HyboNet,2,128,0.001,4,80,0.5039370078740157,1.0,0.5
1480,HyboNet,2,128,0.001,4,81,0.5039370078740157,1.0,0.5
1481,HyboNet,2,128,0.001,4,82,0.5039370078740157,1.0,0.5
1482,HyboNet,2,128,0.001,4,83,0.49606299212598426,1.0,0.46153846153846156
1483,HyboNet,2,128,0.001,4,84,0.49606299212598426,1.0,0.5
1484,HyboNet,2,128,0.001,4,85,0.5039370078740157,1.0,0.5
1485,HyboNet,2,128,0.001,4,86,0.5039370078740157,1.0,0.5
1486,HyboNet,2,128,0.001,4,87,0.4881889763779528,1.0,0.5384615384615384
1487,HyboNet,2,128,0.001,4,88,0.4881889763779528,1.0,0.5384615384615384
1488,HyboNet,2,128,0.001,4,89,0.4881889763779528,1.0,0.5384615384615384
1489,HyboNet,2,128,0.001,4,9,0.5433070866141733,0.7666666666666667,0.5384615384615384
1490,HyboNet,2,128,0.001,4,90,0.49606299212598426,1.0,0.5
1491,HyboNet,2,128,0.001,4,91,0.4881889763779528,1.0,0.5
1492,HyboNet,2,128,0.001,4,92,0.49606299212598426,1.0,0.5
1493,HyboNet,2,128,0.001,4,93,0.49606299212598426,1.0,0.5
1494,HyboNet,2,128,0.001,4,94,0.49606299212598426,1.0,0.5
1495,HyboNet,2,128,0.001,4,95,0.49606299212598426,1.0,0.5384615384615384
1496,HyboNet,2,128,0.001,4,96,0.49606299212598426,1.0,0.5384615384615384
1497,HyboNet,2,128,0.001,4,97,0.49606299212598426,1.0,0.5384615384615384
1498,HyboNet,2,128,0.001,4,98,0.5039370078740157,1.0,0.5384615384615384
1499,HyboNet,2,128,0.001,4,99,0.5039370078740157,1.0,0.5384615384615384
1500,HyboNet,2,128,0.001,5,1,0.5275590551181102,0.6,0.5769230769230769
1501,HyboNet,2,128,0.001,5,10,0.5511811023622047,0.6666666666666666,0.5769230769230769
1502,HyboNet,2,128,0.001,5,100,0.4881889763779528,1.0,0.5769230769230769
1503,HyboNet,2,128,0.001,5,11,0.5511811023622047,0.7,0.5769230769230769
1504,HyboNet,2,128,0.001,5,12,0.5590551181102362,0.7333333333333333,0.5769230769230769
1505,HyboNet,2,128,0.001,5,13,0.5669291338582677,0.7666666666666667,0.5384615384615384
1506,HyboNet,2,128,0.001,5,14,0.5669291338582677,0.8,0.5384615384615384
1507,HyboNet,2,128,0.001,5,15,0.5511811023622047,0.8,0.5384615384615384
1508,HyboNet,2,128,0.001,5,16,0.5511811023622047,0.8,0.5384615384615384
1509,HyboNet,2,128,0.001,5,17,0.5433070866141733,0.8,0.5384615384615384
1510,HyboNet,2,128,0.001,5,18,0.5354330708661418,0.8,0.5384615384615384
1511,HyboNet,2,128,0.001,5,19,0.5433070866141733,0.8,0.5384615384615384
1512,HyboNet,2,128,0.001,5,2,0.5354330708661418,0.6,0.5769230769230769
1513,HyboNet,2,128,0.001,5,20,0.5433070866141733,0.8,0.5384615384615384
1514,HyboNet,2,128,0.001,5,21,0.5433070866141733,0.8,0.5384615384615384
1515,HyboNet,2,128,0.001,5,22,0.5511811023622047,0.8,0.5384615384615384
1516,HyboNet,2,128,0.001,5,23,0.5511811023622047,0.8333333333333334,0.5384615384615384
1517,HyboNet,2,128,0.001,5,24,0.5433070866141733,0.8333333333333334,0.5384615384615384
1518,HyboNet,2,128,0.001,5,25,0.5433070866141733,0.8666666666666667,0.5384615384615384
1519,HyboNet,2,128,0.001,5,26,0.5511811023622047,0.8666666666666667,0.5384615384615384
1520,HyboNet,2,128,0.001,5,27,0.5590551181102362,0.8666666666666667,0.5769230769230769
1521,HyboNet,2,128,0.001,5,28,0.5511811023622047,0.8666666666666667,0.5769230769230769
1522,HyboNet,2,128,0.001,5,29,0.5511811023622047,0.8666666666666667,0.5769230769230769
1523,HyboNet,2,128,0.001,5,3,0.5354330708661418,0.6,0.5769230769230769
1524,HyboNet,2,128,0.001,5,30,0.5511811023622047,0.9,0.5769230769230769
1525,HyboNet,2,128,0.001,5,31,0.5196850393700787,0.9333333333333333,0.5769230769230769
1526,HyboNet,2,128,0.001,5,32,0.5275590551181102,0.9666666666666667,0.5769230769230769
1527,HyboNet,2,128,0.001,5,33,0.5275590551181102,0.9666666666666667,0.5769230769230769
1528,HyboNet,2,128,0.001,5,34,0.5354330708661418,0.9666666666666667,0.5769230769230769
1529,HyboNet,2,128,0.001,5,35,0.5354330708661418,1.0,0.5769230769230769
1530,HyboNet,2,128,0.001,5,36,0.5354330708661418,1.0,0.5769230769230769
1531,HyboNet,2,128,0.001,5,37,0.5275590551181102,1.0,0.5769230769230769
1532,HyboNet,2,128,0.001,5,38,0.5196850393700787,0.9666666666666667,0.5384615384615384
1533,HyboNet,2,128,0.001,5,39,0.5275590551181102,0.9666666666666667,0.6153846153846154
1534,HyboNet,2,128,0.001,5,4,0.5354330708661418,0.6,0.5769230769230769
1535,HyboNet,2,128,0.001,5,40,0.5196850393700787,0.9666666666666667,0.5769230769230769
1536,HyboNet,2,128,0.001,5,41,0.5354330708661418,0.9666666666666667,0.5769230769230769
1537,HyboNet,2,128,0.001,5,42,0.5354330708661418,0.9666666666666667,0.5769230769230769
1538,HyboNet,2,128,0.001,5,43,0.5118110236220472,0.9666666666666667,0.5769230769230769
1539,HyboNet,2,128,0.001,5,44,0.5196850393700787,0.9666666666666667,0.5769230769230769
1540,HyboNet,2,128,0.001,5,45,0.5196850393700787,1.0,0.5769230769230769
1541,HyboNet,2,128,0.001,5,46,0.5196850393700787,1.0,0.5769230769230769
1542,HyboNet,2,128,0.001,5,47,0.5196850393700787,1.0,0.5769230769230769
1543,HyboNet,2,128,0.001,5,48,0.5196850393700787,1.0,0.5384615384615384
1544,HyboNet,2,128,0.001,5,49,0.5196850393700787,1.0,0.5384615384615384
1545,HyboNet,2,128,0.001,5,5,0.5354330708661418,0.6,0.5769230769230769
1546,HyboNet,2,128,0.001,5,50,0.5196850393700787,1.0,0.5384615384615384
1547,HyboNet,2,128,0.001,5,51,0.5196850393700787,1.0,0.5384615384615384
1548,HyboNet,2,128,0.001,5,52,0.5118110236220472,1.0,0.5384615384615384
1549,HyboNet,2,128,0.001,5,53,0.5039370078740157,1.0,0.5769230769230769
1550,HyboNet,2,128,0.001,5,54,0.5118110236220472,1.0,0.6153846153846154
1551,HyboNet,2,128,0.001,5,55,0.49606299212598426,1.0,0.6153846153846154
1552,HyboNet,2,128,0.001,5,56,0.4881889763779528,1.0,0.6153846153846154
1553,HyboNet,2,128,0.001,5,57,0.49606299212598426,1.0,0.6153846153846154
1554,HyboNet,2,128,0.001,5,58,0.5039370078740157,1.0,0.6153846153846154
1555,HyboNet,2,128,0.001,5,59,0.5039370078740157,1.0,0.6153846153846154
1556,HyboNet,2,128,0.001,5,6,0.5354330708661418,0.6,0.5769230769230769
1557,HyboNet,2,128,0.001,5,60,0.49606299212598426,1.0,0.5769230769230769
1558,HyboNet,2,128,0.001,5,61,0.49606299212598426,1.0,0.5769230769230769
1559,HyboNet,2,128,0.001,5,62,0.4881889763779528,1.0,0.5769230769230769
1560,HyboNet,2,128,0.001,5,63,0.4881889763779528,1.0,0.5769230769230769
1561,HyboNet,2,128,0.001,5,64,0.4881889763779528,1.0,0.5384615384615384
1562,HyboNet,2,128,0.001,5,65,0.4881889763779528,1.0,0.5384615384615384
1563,HyboNet,2,128,0.001,5,66,0.4881889763779528,1.0,0.5769230769230769
1564,HyboNet,2,128,0.001,5,67,0.48031496062992124,1.0,0.5769230769230769
1565,HyboNet,2,128,0.001,5,68,0.48031496062992124,1.0,0.5384615384615384
1566,HyboNet,2,128,0.001,5,69,0.48031496062992124,1.0,0.5769230769230769
1567,HyboNet,2,128,0.001,5,7,0.5354330708661418,0.6,0.5769230769230769
1568,HyboNet,2,128,0.001,5,70,0.48031496062992124,1.0,0.5769230769230769
1569,HyboNet,2,128,0.001,5,71,0.4881889763779528,1.0,0.5769230769230769
1570,HyboNet,2,128,0.001,5,72,0.4881889763779528,1.0,0.5769230769230769
1571,HyboNet,2,128,0.001,5,73,0.47244094488188976,1.0,0.5769230769230769
1572,HyboNet,2,128,0.001,5,74,0.48031496062992124,1.0,0.5769230769230769
1573,HyboNet,2,128,0.001,5,75,0.48031496062992124,1.0,0.5769230769230769
1574,HyboNet,2,128,0.001,5,76,0.49606299212598426,1.0,0.6153846153846154
1575,HyboNet,2,128,0.001,5,77,0.49606299212598426,1.0,0.6153846153846154
1576,HyboNet,2,128,0.001,5,78,0.4881889763779528,1.0,0.5769230769230769
1577,HyboNet,2,128,0.001,5,79,0.4881889763779528,1.0,0.5769230769230769
1578,HyboNet,2,128,0.001,5,8,0.5354330708661418,0.6333333333333333,0.5769230769230769
1579,HyboNet,2,128,0.001,5,80,0.5039370078740157,1.0,0.6153846153846154
1580,HyboNet,2,128,0.001,5,81,0.5039370078740157,1.0,0.6153846153846154
1581,HyboNet,2,128,0.001,5,82,0.49606299212598426,1.0,0.5769230769230769
1582,HyboNet,2,128,0.001,5,83,0.49606299212598426,1.0,0.5769230769230769
1583,HyboNet,2,128,0.001,5,84,0.5039370078740157,1.0,0.5769230769230769
1584,HyboNet,2,128,0.001,5,85,0.5039370078740157,1.0,0.5769230769230769
1585,HyboNet,2,128,0.001,5,86,0.5039370078740157,1.0,0.5769230769230769
1586,HyboNet,2,128,0.001,5,87,0.5039370078740157,1.0,0.5769230769230769
1587,HyboNet,2,128,0.001,5,88,0.5039370078740157,1.0,0.5769230769230769
1588,HyboNet,2,128,0.001,5,89,0.5039370078740157,1.0,0.6153846153846154
1589,HyboNet,2,128,0.001,5,9,0.5433070866141733,0.6333333333333333,0.5769230769230769
1590,HyboNet,2,128,0.001,5,90,0.5039370078740157,1.0,0.6153846153846154
1591,HyboNet,2,128,0.001,5,91,0.5039370078740157,1.0,0.6153846153846154
1592,HyboNet,2,128,0.001,5,92,0.4881889763779528,1.0,0.5769230769230769
1593,HyboNet,2,128,0.001,5,93,0.48031496062992124,1.0,0.5769230769230769
1594,HyboNet,2,128,0.001,5,94,0.48031496062992124,1.0,0.5769230769230769
1595,HyboNet,2,128,0.001,5,95,0.4881889763779528,1.0,0.6153846153846154
1596,HyboNet,2,128,0.001,5,96,0.49606299212598426,1.0,0.5769230769230769
1597,HyboNet,2,128,0.001,5,97,0.49606299212598426,1.0,0.5769230769230769
1598,HyboNet,2,128,0.001,5,98,0.49606299212598426,1.0,0.5769230769230769
1599,HyboNet,2,128,0.001,5,99,0.5039370078740157,1.0,0.5769230769230769
1600,HyboNet,2,128,0.001,6,1,0.5354330708661418,0.6,0.5769230769230769
1601,HyboNet,2,128,0.001,6,10,0.5433070866141733,0.7666666666666667,0.5384615384615384
1602,HyboNet,2,128,0.001,6,100,0.4881889763779528,1.0,0.5
1603,HyboNet,2,128,0.001,6,11,0.5590551181102362,0.7666666666666667,0.5769230769230769
1604,HyboNet,2,128,0.001,6,12,0.5669291338582677,0.8,0.5769230769230769
1605,HyboNet,2,128,0.001,6,13,0.5669291338582677,0.8,0.5769230769230769
1606,HyboNet,2,128,0.001,6,14,0.5669291338582677,0.8,0.5769230769230769
1607,HyboNet,2,128,0.001,6,15,0.5590551181102362,0.8,0.5769230769230769
1608,HyboNet,2,128,0.001,6,16,0.5590551181102362,0.8,0.5769230769230769
1609,HyboNet,2,128,0.001,6,17,0.5590551181102362,0.8,0.5769230769230769
1610,HyboNet,2,128,0.001,6,18,0.5590551181102362,0.8,0.5769230769230769
1611,HyboNet,2,128,0.001,6,19,0.5590551181102362,0.8,0.5769230769230769
1612,HyboNet,2,128,0.001,6,2,0.5354330708661418,0.6,0.5769230769230769
1613,HyboNet,2,128,0.001,6,20,0.5669291338582677,0.8,0.5769230769230769
1614,HyboNet,2,128,0.001,6,21,0.5669291338582677,0.8,0.5769230769230769
1615,HyboNet,2,128,0.001,6,22,0.5669291338582677,0.8,0.5769230769230769
1616,HyboNet,2,128,0.001,6,23,0.5590551181102362,0.8666666666666667,0.6153846153846154
1617,HyboNet,2,128,0.001,6,24,0.5590551181102362,0.8666666666666667,0.6153846153846154
1618,HyboNet,2,128,0.001,6,25,0.5354330708661418,0.8666666666666667,0.6153846153846154
1619,HyboNet,2,128,0.001,6,26,0.5275590551181102,0.8666666666666667,0.6153846153846154
1620,HyboNet,2,128,0.001,6,27,0.5354330708661418,0.8666666666666667,0.6153846153846154
1621,HyboNet,2,128,0.001,6,28,0.5354330708661418,0.8666666666666667,0.6153846153846154
1622,HyboNet,2,128,0.001,6,29,0.5275590551181102,0.8666666666666667,0.6153846153846154
1623,HyboNet,2,128,0.001,6,3,0.5354330708661418,0.6,0.5769230769230769
1624,HyboNet,2,128,0.001,6,30,0.5275590551181102,0.9333333333333333,0.6153846153846154
1625,HyboNet,2,128,0.001,6,31,0.5433070866141733,0.9666666666666667,0.6153846153846154
1626,HyboNet,2,128,0.001,6,32,0.5590551181102362,0.9666666666666667,0.6153846153846154
1627,HyboNet,2,128,0.001,6,33,0.5590551181102362,0.9666666666666667,0.6153846153846154
1628,HyboNet,2,128,0.001,6,34,0.5590551181102362,0.9666666666666667,0.6153846153846154
1629,HyboNet,2,128,0.001,6,35,0.5590551181102362,0.9666666666666667,0.5769230769230769
1630,HyboNet,2,128,0.001,6,36,0.5511811023622047,0.9666666666666667,0.5769230769230769
1631,HyboNet,2,128,0.001,6,37,0.5511811023622047,0.9666666666666667,0.5384615384615384
1632,HyboNet,2,128,0.001,6,38,0.5511811023622047,0.9666666666666667,0.5384615384615384
1633,HyboNet,2,128,0.001,6,39,0.5511811023622047,0.9666666666666667,0.5384615384615384
1634,HyboNet,2,128,0.001,6,4,0.5354330708661418,0.6,0.5769230769230769
1635,HyboNet,2,128,0.001,6,40,0.5511811023622047,0.9666666666666667,0.5384615384615384
1636,HyboNet,2,128,0.001,6,41,0.5433070866141733,0.9666666666666667,0.5384615384615384
1637,HyboNet,2,128,0.001,6,42,0.5433070866141733,0.9666666666666667,0.5384615384615384
1638,HyboNet,2,128,0.001,6,43,0.5354330708661418,1.0,0.5769230769230769
1639,HyboNet,2,128,0.001,6,44,0.5196850393700787,1.0,0.5769230769230769
1640,HyboNet,2,128,0.001,6,45,0.5039370078740157,1.0,0.5384615384615384
1641,HyboNet,2,128,0.001,6,46,0.4881889763779528,1.0,0.5
1642,HyboNet,2,128,0.001,6,47,0.4881889763779528,1.0,0.5384615384615384
1643,HyboNet,2,128,0.001,6,48,0.5039370078740157,1.0,0.5384615384615384
1644,HyboNet,2,128,0.001,6,49,0.5118110236220472,1.0,0.5384615384615384
1645,HyboNet,2,128,0.001,6,5,0.5354330708661418,0.6,0.5769230769230769
1646,HyboNet,2,128,0.001,6,50,0.5196850393700787,1.0,0.5384615384615384
1647,HyboNet,2,128,0.001,6,51,0.5196850393700787,1.0,0.5769230769230769
1648,HyboNet,2,128,0.001,6,52,0.5196850393700787,1.0,0.5769230769230769
1649,HyboNet,2,128,0.001,6,53,0.5196850393700787,1.0,0.5384615384615384
1650,HyboNet,2,128,0.001,6,54,0.5196850393700787,1.0,0.5384615384615384
1651,HyboNet,2,128,0.001,6,55,0.5196850393700787,1.0,0.5384615384615384
1652,HyboNet,2,128,0.001,6,56,0.5196850393700787,1.0,0.5384615384615384
1653,HyboNet,2,128,0.001,6,57,0.5039370078740157,1.0,0.5384615384615384
1654,HyboNet,2,128,0.001,6,58,0.48031496062992124,1.0,0.5
1655,HyboNet,2,128,0.001,6,59,0.4881889763779528,1.0,0.5
1656,HyboNet,2,128,0.001,6,6,0.5354330708661418,0.6333333333333333,0.5769230769230769
1657,HyboNet,2,128,0.001,6,60,0.49606299212598426,1.0,0.5
1658,HyboNet,2,128,0.001,6,61,0.47244094488188976,1.0,0.5
1659,HyboNet,2,128,0.001,6,62,0.4881889763779528,1.0,0.5
1660,HyboNet,2,128,0.001,6,63,0.4881889763779528,1.0,0.5
1661,HyboNet,2,128,0.001,6,64,0.47244094488188976,1.0,0.46153846153846156
1662,HyboNet,2,128,0.001,6,65,0.47244094488188976,1.0,0.4230769230769231
1663,HyboNet,2,128,0.001,6,66,0.47244094488188976,1.0,0.4230769230769231
1664,HyboNet,2,128,0.001,6,67,0.47244094488188976,1.0,0.5
1665,HyboNet,2,128,0.001,6,68,0.48031496062992124,1.0,0.5
1666,HyboNet,2,128,0.001,6,69,0.48031496062992124,1.0,0.5
1667,HyboNet,2,128,0.001,6,7,0.5354330708661418,0.6333333333333333,0.5769230769230769
1668,HyboNet,2,128,0.001,6,70,0.48031496062992124,1.0,0.5
1669,HyboNet,2,128,0.001,6,71,0.4881889763779528,1.0,0.5
1670,HyboNet,2,128,0.001,6,72,0.48031496062992124,1.0,0.5
1671,HyboNet,2,128,0.001,6,73,0.47244094488188976,1.0,0.46153846153846156
1672,HyboNet,2,128,0.001,6,74,0.48031496062992124,1.0,0.46153846153846156
1673,HyboNet,2,128,0.001,6,75,0.4645669291338583,1.0,0.46153846153846156
1674,HyboNet,2,128,0.001,6,76,0.4645669291338583,1.0,0.46153846153846156
1675,HyboNet,2,128,0.001,6,77,0.4645669291338583,1.0,0.46153846153846156
1676,HyboNet,2,128,0.001,6,78,0.44881889763779526,1.0,0.4230769230769231
1677,HyboNet,2,128,0.001,6,79,0.44881889763779526,1.0,0.46153846153846156
1678,HyboNet,2,128,0.001,6,8,0.5433070866141733,0.6333333333333333,0.5769230769230769
1679,HyboNet,2,128,0.001,6,80,0.4566929133858268,1.0,0.46153846153846156
1680,HyboNet,2,128,0.001,6,81,0.4566929133858268,1.0,0.46153846153846156
1681,HyboNet,2,128,0.001,6,82,0.4566929133858268,1.0,0.5
1682,HyboNet,2,128,0.001,6,83,0.44881889763779526,1.0,0.5
1683,HyboNet,2,128,0.001,6,84,0.44881889763779526,1.0,0.5
1684,HyboNet,2,128,0.001,6,85,0.4566929133858268,1.0,0.5
1685,HyboNet,2,128,0.001,6,86,0.4645669291338583,1.0,0.5
1686,HyboNet,2,128,0.001,6,87,0.4566929133858268,1.0,0.5
1687,HyboNet,2,128,0.001,6,88,0.44881889763779526,1.0,0.5
1688,HyboNet,2,128,0.001,6,89,0.4566929133858268,1.0,0.46153846153846156
1689,HyboNet,2,128,0.001,6,9,0.5354330708661418,0.6666666666666666,0.5769230769230769
1690,HyboNet,2,128,0.001,6,90,0.44881889763779526,1.0,0.46153846153846156
1691,HyboNet,2,128,0.001,6,91,0.4409448818897638,1.0,0.46153846153846156
1692,HyboNet,2,128,0.001,6,92,0.4330708661417323,1.0,0.46153846153846156
1693,HyboNet,2,128,0.001,6,93,0.4409448818897638,1.0,0.5
1694,HyboNet,2,128,0.001,6,94,0.4566929133858268,1.0,0.5
1695,HyboNet,2,128,0.001,6,95,0.47244094488188976,1.0,0.5
1696,HyboNet,2,128,0.001,6,96,0.47244094488188976,1.0,0.5
1697,HyboNet,2,128,0.001,6,97,0.48031496062992124,1.0,0.5
1698,HyboNet,2,128,0.001,6,98,0.48031496062992124,1.0,0.5
1699,HyboNet,2,128,0.001,6,99,0.47244094488188976,1.0,0.5
1700,HyboNet,2,128,0.001,7,1,0.5354330708661418,0.6,0.5769230769230769
1701,HyboNet,2,128,0.001,7,10,0.5590551181102362,0.8,0.5769230769230769
1702,HyboNet,2,128,0.001,7,100,0.5354330708661418,1.0,0.5
1703,HyboNet,2,128,0.001,7,11,0.5511811023622047,0.8,0.5769230769230769
1704,HyboNet,2,128,0.001,7,12,0.5433070866141733,0.8,0.6153846153846154
1705,HyboNet,2,128,0.001,7,13,0.5354330708661418,0.8,0.6538461538461539
1706,HyboNet,2,128,0.001,7,14,0.5354330708661418,0.8,0.6538461538461539
1707,HyboNet,2,128,0.001,7,15,0.5433070866141733,0.8,0.6538461538461539
1708,HyboNet,2,128,0.001,7,16,0.5433070866141733,0.8,0.6538461538461539
1709,HyboNet,2,128,0.001,7,17,0.5433070866141733,0.8,0.6538461538461539
1710,HyboNet,2,128,0.001,7,18,0.5511811023622047,0.8,0.6538461538461539
1711,HyboNet,2,128,0.001,7,19,0.5590551181102362,0.8,0.6538461538461539
1712,HyboNet,2,128,0.001,7,2,0.5354330708661418,0.6,0.5769230769230769
1713,HyboNet,2,128,0.001,7,20,0.5590551181102362,0.8333333333333334,0.6538461538461539
1714,HyboNet,2,128,0.001,7,21,0.5590551181102362,0.8333333333333334,0.6538461538461539
1715,HyboNet,2,128,0.001,7,22,0.5590551181102362,0.8333333333333334,0.6538461538461539
1716,HyboNet,2,128,0.001,7,23,0.5669291338582677,0.8333333333333334,0.6153846153846154
1717,HyboNet,2,128,0.001,7,24,0.5669291338582677,0.8333333333333334,0.6153846153846154
1718,HyboNet,2,128,0.001,7,25,0.5669291338582677,0.8666666666666667,0.6153846153846154
1719,HyboNet,2,128,0.001,7,26,0.5669291338582677,0.8666666666666667,0.5769230769230769
1720,HyboNet,2,128,0.001,7,27,0.5590551181102362,0.8666666666666667,0.5769230769230769
1721,HyboNet,2,128,0.001,7,28,0.5590551181102362,0.8666666666666667,0.5769230769230769
1722,HyboNet,2,128,0.001,7,29,0.5354330708661418,0.8666666666666667,0.5769230769230769
1723,HyboNet,2,128,0.001,7,3,0.5354330708661418,0.6,0.5769230769230769
1724,HyboNet,2,128,0.001,7,30,0.5433070866141733,0.8666666666666667,0.5769230769230769
1725,HyboNet,2,128,0.001,7,31,0.5433070866141733,0.8666666666666667,0.5769230769230769
1726,HyboNet,2,128,0.001,7,32,0.5433070866141733,0.9333333333333333,0.5769230769230769
1727,HyboNet,2,128,0.001,7,33,0.5354330708661418,0.9333333333333333,0.5769230769230769
1728,HyboNet,2,128,0.001,7,34,0.5354330708661418,0.9666666666666667,0.5769230769230769
1729,HyboNet,2,128,0.001,7,35,0.5354330708661418,0.9666666666666667,0.5769230769230769
1730,HyboNet,2,128,0.001,7,36,0.5511811023622047,0.9666666666666667,0.5769230769230769
1731,HyboNet,2,128,0.001,7,37,0.5590551181102362,0.9666666666666667,0.5769230769230769
1732,HyboNet,2,128,0.001,7,38,0.5511811023622047,0.9666666666666667,0.5769230769230769
1733,HyboNet,2,128,0.001,7,39,0.5511811023622047,0.9333333333333333,0.5769230769230769
1734,HyboNet,2,128,0.001,7,4,0.5354330708661418,0.6,0.5769230769230769
1735,HyboNet,2,128,0.001,7,40,0.5511811023622047,0.9333333333333333,0.6153846153846154
1736,HyboNet,2,128,0.001,7,41,0.5433070866141733,0.9333333333333333,0.6153846153846154
1737,HyboNet,2,128,0.001,7,42,0.5354330708661418,0.9666666666666667,0.6153846153846154
1738,HyboNet,2,128,0.001,7,43,0.5354330708661418,0.9666666666666667,0.6153846153846154
1739,HyboNet,2,128,0.001,7,44,0.5275590551181102,0.9666666666666667,0.6153846153846154
1740,HyboNet,2,128,0.001,7,45,0.5275590551181102,0.9666666666666667,0.6153846153846154
1741,HyboNet,2,128,0.001,7,46,0.5354330708661418,0.9666666666666667,0.6153846153846154
1742,HyboNet,2,128,0.001,7,47,0.5354330708661418,0.9666666666666667,0.6153846153846154
1743,HyboNet,2,128,0.001,7,48,0.5433070866141733,0.9666666666666667,0.6153846153846154
1744,HyboNet,2,128,0.001,7,49,0.5511811023622047,0.9666666666666667,0.6153846153846154
1745,HyboNet,2,128,0.001,7,5,0.5354330708661418,0.6333333333333333,0.5769230769230769
1746,HyboNet,2,128,0.001,7,50,0.5433070866141733,0.9666666666666667,0.6153846153846154
1747,HyboNet,2,128,0.001,7,51,0.5433070866141733,0.9666666666666667,0.6153846153846154
1748,HyboNet,2,128,0.001,7,52,0.5433070866141733,0.9666666666666667,0.6153846153846154
1749,HyboNet,2,128,0.001,7,53,0.5433070866141733,0.9666666666666667,0.6153846153846154
1750,HyboNet,2,128,0.001,7,54,0.5433070866141733,0.9666666666666667,0.6153846153846154
1751,HyboNet,2,128,0.001,7,55,0.5354330708661418,0.9666666666666667,0.6153846153846154
1752,HyboNet,2,128,0.001,7,56,0.5354330708661418,0.9666666666666667,0.5769230769230769
1753,HyboNet,2,128,0.001,7,57,0.5354330708661418,0.9666666666666667,0.5769230769230769
1754,HyboNet,2,128,0.001,7,58,0.5354330708661418,0.9666666666666667,0.5769230769230769
1755,HyboNet,2,128,0.001,7,59,0.5354330708661418,0.9666666666666667,0.5769230769230769
1756,HyboNet,2,128,0.001,7,6,0.5354330708661418,0.6333333333333333,0.5769230769230769
1757,HyboNet,2,128,0.001,7,60,0.5433070866141733,0.9666666666666667,0.6153846153846154
1758,HyboNet,2,128,0.001,7,61,0.5511811023622047,0.9666666666666667,0.5769230769230769
1759,HyboNet,2,128,0.001,7,62,0.5511811023622047,0.9666666666666667,0.5384615384615384
1760,HyboNet,2,128,0.001,7,63,0.5511811023622047,0.9666666666666667,0.5384615384615384
1761,HyboNet,2,128,0.001,7,64,0.5511811023622047,1.0,0.5384615384615384
1762,HyboNet,2,128,0.001,7,65,0.5433070866141733,1.0,0.5769230769230769
1763,HyboNet,2,128,0.001,7,66,0.5433070866141733,1.0,0.5769230769230769
1764,HyboNet,2,128,0.001,7,67,0.5590551181102362,1.0,0.5769230769230769
1765,HyboNet,2,128,0.001,7,68,0.5590551181102362,1.0,0.5769230769230769
1766,HyboNet,2,128,0.001,7,69,0.5433070866141733,1.0,0.5769230769230769
1767,HyboNet,2,128,0.001,7,7,0.5433070866141733,0.6666666666666666,0.5769230769230769
1768,HyboNet,2,128,0.001,7,70,0.5433070866141733,1.0,0.5769230769230769
1769,HyboNet,2,128,0.001,7,71,0.5433070866141733,1.0,0.5384615384615384
1770,HyboNet,2,128,0.001,7,72,0.5433070866141733,1.0,0.5384615384615384
1771,HyboNet,2,128,0.001,7,73,0.5433070866141733,1.0,0.5384615384615384
1772,HyboNet,2,128,0.001,7,74,0.5433070866141733,1.0,0.5384615384615384
1773,HyboNet,2,128,0.001,7,75,0.5433070866141733,1.0,0.5384615384615384
1774,HyboNet,2,128,0.001,7,76,0.5433070866141733,1.0,0.5384615384615384
1775,HyboNet,2,128,0.001,7,77,0.5433070866141733,1.0,0.5384615384615384
1776,HyboNet,2,128,0.001,7,78,0.5433070866141733,1.0,0.5384615384615384
1777,HyboNet,2,128,0.001,7,79,0.5433070866141733,1.0,0.5384615384615384
1778,HyboNet,2,128,0.001,7,8,0.5433070866141733,0.7,0.5769230769230769
1779,HyboNet,2,128,0.001,7,80,0.5433070866141733,1.0,0.5384615384615384
1780,HyboNet,2,128,0.001,7,81,0.5433070866141733,1.0,0.5384615384615384
1781,HyboNet,2,128,0.001,7,82,0.5433070866141733,1.0,0.5384615384615384
1782,HyboNet,2,128,0.001,7,83,0.5354330708661418,1.0,0.5
1783,HyboNet,2,128,0.001,7,84,0.5354330708661418,1.0,0.5
1784,HyboNet,2,128,0.001,7,85,0.5354330708661418,1.0,0.5
1785,HyboNet,2,128,0.001,7,86,0.5354330708661418,1.0,0.5
1786,HyboNet,2,128,0.001,7,87,0.5354330708661418,1.0,0.5
1787,HyboNet,2,128,0.001,7,88,0.5354330708661418,1.0,0.5
1788,HyboNet,2,128,0.001,7,89,0.5354330708661418,1.0,0.5
1789,HyboNet,2,128,0.001,7,9,0.5511811023622047,0.7333333333333333,0.5769230769230769
1790,HyboNet,2,128,0.001,7,90,0.5433070866141733,1.0,0.5
1791,HyboNet,2,128,0.001,7,91,0.5433070866141733,1.0,0.5
1792,HyboNet,2,128,0.001,7,92,0.5433070866141733,1.0,0.5
1793,HyboNet,2,128,0.001,7,93,0.5433070866141733,1.0,0.5
1794,HyboNet,2,128,0.001,7,94,0.5433070866141733,1.0,0.5
1795,HyboNet,2,128,0.001,7,95,0.5433070866141733,1.0,0.5
1796,HyboNet,2,128,0.001,7,96,0.5433070866141733,1.0,0.5
1797,HyboNet,2,128,0.001,7,97,0.5354330708661418,1.0,0.5
1798,HyboNet,2,128,0.001,7,98,0.5354330708661418,1.0,0.5
1799,HyboNet,2,128,0.001,7,99,0.5275590551181102,1.0,0.5
1800,HyboNet,2,128,0.001,8,1,0.5354330708661418,0.6,0.5769230769230769
1801,HyboNet,2,128,0.001,8,10,0.5669291338582677,0.8,0.5384615384615384
1802,HyboNet,2,128,0.001,8,100,0.47244094488188976,1.0,0.5769230769230769
1803,HyboNet,2,128,0.001,8,11,0.5590551181102362,0.8333333333333334,0.5769230769230769
1804,HyboNet,2,128,0.001,8,12,0.5590551181102362,0.8333333333333334,0.5384615384615384
1805,HyboNet,2,128,0.001,8,13,0.5669291338582677,0.8,0.5384615384615384
1806,HyboNet,2,128,0.001,8,14,0.5669291338582677,0.8,0.5384615384615384
1807,HyboNet,2,128,0.001,8,15,0.5590551181102362,0.8,0.5384615384615384
1808,HyboNet,2,128,0.001,8,16,0.5590551181102362,0.8,0.5384615384615384
1809,HyboNet,2,128,0.001,8,17,0.5590551181102362,0.8,0.5384615384615384
1810,HyboNet,2,128,0.001,8,18,0.5669291338582677,0.8,0.5384615384615384
1811,HyboNet,2,128,0.001,8,19,0.5669291338582677,0.8,0.5384615384615384
1812,HyboNet,2,128,0.001,8,2,0.5354330708661418,0.6,0.5769230769230769
1813,HyboNet,2,128,0.001,8,20,0.5590551181102362,0.8333333333333334,0.5384615384615384
1814,HyboNet,2,128,0.001,8,21,0.5669291338582677,0.8333333333333334,0.5769230769230769
1815,HyboNet,2,128,0.001,8,22,0.5590551181102362,0.8333333333333334,0.6538461538461539
1816,HyboNet,2,128,0.001,8,23,0.5511811023622047,0.8666666666666667,0.6538461538461539
1817,HyboNet,2,128,0.001,8,24,0.5511811023622047,0.8666666666666667,0.6538461538461539
1818,HyboNet,2,128,0.001,8,25,0.5669291338582677,0.8666666666666667,0.6538461538461539
1819,HyboNet,2,128,0.001,8,26,0.5669291338582677,0.8666666666666667,0.6538461538461539
1820,HyboNet,2,128,0.001,8,27,0.5669291338582677,0.8666666666666667,0.6153846153846154
1821,HyboNet,2,128,0.001,8,28,0.5748031496062992,0.8666666666666667,0.6153846153846154
1822,HyboNet,2,128,0.001,8,29,0.5669291338582677,0.9,0.6153846153846154
1823,HyboNet,2,128,0.001,8,3,0.5354330708661418,0.6,0.5769230769230769
1824,HyboNet,2,128,0.001,8,30,0.5433070866141733,0.9333333333333333,0.6153846153846154
1825,HyboNet,2,128,0.001,8,31,0.5354330708661418,0.9333333333333333,0.5769230769230769
1826,HyboNet,2,128,0.001,8,32,0.5433070866141733,0.9333333333333333,0.5769230769230769
1827,HyboNet,2,128,0.001,8,33,0.5433070866141733,0.9333333333333333,0.6153846153846154
1828,HyboNet,2,128,0.001,8,34,0.5354330708661418,0.9333333333333333,0.6153846153846154
1829,HyboNet,2,128,0.001,8,35,0.5275590551181102,0.9333333333333333,0.6153846153846154
1830,HyboNet,2,128,0.001,8,36,0.5354330708661418,0.9333333333333333,0.6153846153846154
1831,HyboNet,2,128,0.001,8,37,0.5433070866141733,0.9666666666666667,0.6153846153846154
1832,HyboNet,2,128,0.001,8,38,0.5433070866141733,0.9666666666666667,0.5769230769230769
1833,HyboNet,2,128,0.001,8,39,0.5433070866141733,0.9666666666666667,0.5769230769230769
1834,HyboNet,2,128,0.001,8,4,0.5354330708661418,0.6,0.5769230769230769
1835,HyboNet,2,128,0.001,8,40,0.5433070866141733,0.9666666666666667,0.5769230769230769
1836,HyboNet,2,128,0.001,8,41,0.5433070866141733,0.9666666666666667,0.6153846153846154
1837,HyboNet,2,128,0.001,8,42,0.5433070866141733,0.9666666666666667,0.6153846153846154
1838,HyboNet,2,128,0.001,8,43,0.5511811023622047,0.9666666666666667,0.6153846153846154
1839,HyboNet,2,128,0.001,8,44,0.5196850393700787,0.9333333333333333,0.6153846153846154
1840,HyboNet,2,128,0.001,8,45,0.5118110236220472,0.9666666666666667,0.6153846153846154
1841,HyboNet,2,128,0.001,8,46,0.5275590551181102,1.0,0.6538461538461539
1842,HyboNet,2,128,0.001,8,47,0.5275590551181102,1.0,0.6153846153846154
1843,HyboNet,2,128,0.001,8,48,0.5354330708661418,1.0,0.6153846153846154
1844,HyboNet,2,128,0.001,8,49,0.5354330708661418,1.0,0.6153846153846154
1845,HyboNet,2,128,0.001,8,5,0.5354330708661418,0.6333333333333333,0.5769230769230769
1846,HyboNet,2,128,0.001,8,50,0.5354330708661418,1.0,0.5769230769230769
1847,HyboNet,2,128,0.001,8,51,0.5354330708661418,1.0,0.5769230769230769
1848,HyboNet,2,128,0.001,8,52,0.5275590551181102,1.0,0.6153846153846154
1849,HyboNet,2,128,0.001,8,53,0.5118110236220472,1.0,0.6153846153846154
1850,HyboNet,2,128,0.001,8,54,0.5275590551181102,1.0,0.5769230769230769
1851,HyboNet,2,128,0.001,8,55,0.5275590551181102,1.0,0.6153846153846154
1852,HyboNet,2,128,0.001,8,56,0.5196850393700787,1.0,0.6153846153846154
1853,HyboNet,2,128,0.001,8,57,0.5196850393700787,1.0,0.6153846153846154
1854,HyboNet,2,128,0.001,8,58,0.5196850393700787,1.0,0.6153846153846154
1855,HyboNet,2,128,0.001,8,59,0.5118110236220472,1.0,0.6153846153846154
1856,HyboNet,2,128,0.001,8,6,0.5433070866141733,0.6666666666666666,0.5769230769230769
1857,HyboNet,2,128,0.001,8,60,0.5196850393700787,1.0,0.6153846153846154
1858,HyboNet,2,128,0.001,8,61,0.5196850393700787,1.0,0.5769230769230769
1859,HyboNet,2,128,0.001,8,62,0.5275590551181102,1.0,0.5769230769230769
1860,HyboNet,2,128,0.001,8,63,0.5196850393700787,1.0,0.5769230769230769
1861,HyboNet,2,128,0.001,8,64,0.5354330708661418,1.0,0.5769230769230769
1862,HyboNet,2,128,0.001,8,65,0.5118110236220472,1.0,0.5769230769230769
1863,HyboNet,2,128,0.001,8,66,0.5118110236220472,1.0,0.5769230769230769
1864,HyboNet,2,128,0.001,8,67,0.5196850393700787,1.0,0.5769230769230769
1865,HyboNet,2,128,0.001,8,68,0.5354330708661418,1.0,0.5769230769230769
1866,HyboNet,2,128,0.001,8,69,0.5039370078740157,1.0,0.6153846153846154
1867,HyboNet,2,128,0.001,8,7,0.5433070866141733,0.7333333333333333,0.5769230769230769
1868,HyboNet,2,128,0.001,8,70,0.5039370078740157,1.0,0.6153846153846154
1869,HyboNet,2,128,0.001,8,71,0.49606299212598426,1.0,0.6153846153846154
1870,HyboNet,2,128,0.001,8,72,0.49606299212598426,1.0,0.6153846153846154
1871,HyboNet,2,128,0.001,8,73,0.49606299212598426,1.0,0.6153846153846154
1872,HyboNet,2,128,0.001,8,74,0.49606299212598426,1.0,0.6153846153846154
1873,HyboNet,2,128,0.001,8,75,0.49606299212598426,1.0,0.6153846153846154
1874,HyboNet,2,128,0.001,8,76,0.49606299212598426,1.0,0.6153846153846154
1875,HyboNet,2,128,0.001,8,77,0.49606299212598426,1.0,0.6153846153846154
1876,HyboNet,2,128,0.001,8,78,0.4881889763779528,1.0,0.6153846153846154
1877,HyboNet,2,128,0.001,8,79,0.49606299212598426,1.0,0.6153846153846154
1878,HyboNet,2,128,0.001,8,8,0.5433070866141733,0.7666666666666667,0.5384615384615384
1879,HyboNet,2,128,0.001,8,80,0.49606299212598426,1.0,0.6153846153846154
1880,HyboNet,2,128,0.001,8,81,0.49606299212598426,1.0,0.6153846153846154
1881,HyboNet,2,128,0.001,8,82,0.4881889763779528,1.0,0.6153846153846154
1882,HyboNet,2,128,0.001,8,83,0.4881889763779528,1.0,0.6153846153846154
1883,HyboNet,2,128,0.001,8,84,0.48031496062992124,1.0,0.5769230769230769
1884,HyboNet,2,128,0.001,8,85,0.4881889763779528,1.0,0.6153846153846154
1885,HyboNet,2,128,0.001,8,86,0.4881889763779528,1.0,0.6153846153846154
1886,HyboNet,2,128,0.001,8,87,0.4881889763779528,1.0,0.5769230769230769
1887,HyboNet,2,128,0.001,8,88,0.48031496062992124,1.0,0.5769230769230769
1888,HyboNet,2,128,0.001,8,89,0.47244094488188976,1.0,0.5769230769230769
1889,HyboNet,2,128,0.001,8,9,0.5590551181102362,0.7666666666666667,0.5384615384615384
1890,HyboNet,2,128,0.001,8,90,0.47244094488188976,1.0,0.5769230769230769
1891,HyboNet,2,128,0.001,8,91,0.48031496062992124,1.0,0.5384615384615384
1892,HyboNet,2,128,0.001,8,92,0.48031496062992124,1.0,0.5384615384615384
1893,HyboNet,2,128,0.001,8,93,0.47244094488188976,1.0,0.5769230769230769
1894,HyboNet,2,128,0.001,8,94,0.4645669291338583,1.0,0.5384615384615384
1895,HyboNet,2,128,0.001,8,95,0.48031496062992124,1.0,0.5384615384615384
1896,HyboNet,2,128,0.001,8,96,0.47244094488188976,1.0,0.5
1897,HyboNet,2,128,0.001,8,97,0.4645669291338583,1.0,0.5
1898,HyboNet,2,128,0.001,8,98,0.4645669291338583,1.0,0.5
1899,HyboNet,2,128,0.001,8,99,0.4566929133858268,1.0,0.5
1900,HyboNet,2,128,0.001,9,1,0.5354330708661418,0.6,0.5769230769230769
1901,HyboNet,2,128,0.001,9,10,0.5590551181102362,0.7666666666666667,0.5384615384615384
1902,HyboNet,2,128,0.001,9,100,0.48031496062992124,1.0,0.46153846153846156
1903,HyboNet,2,128,0.001,9,11,0.5669291338582677,0.8,0.5384615384615384
1904,HyboNet,2,128,0.001,9,12,0.5590551181102362,0.8,0.5384615384615384
1905,HyboNet,2,128,0.001,9,13,0.5511811023622047,0.8,0.5769230769230769
1906,HyboNet,2,128,0.001,9,14,0.5511811023622047,0.8,0.5769230769230769
1907,HyboNet,2,128,0.001,9,15,0.5511811023622047,0.8,0.5769230769230769
1908,HyboNet,2,128,0.001,9,16,0.5590551181102362,0.8,0.5769230769230769
1909,HyboNet,2,128,0.001,9,17,0.5590551181102362,0.8,0.5769230769230769
1910,HyboNet,2,128,0.001,9,18,0.5590551181102362,0.8,0.5769230769230769
1911,HyboNet,2,128,0.001,9,19,0.5826771653543307,0.8,0.6153846153846154
1912,HyboNet,2,128,0.001,9,2,0.5354330708661418,0.6,0.5769230769230769
1913,HyboNet,2,128,0.001,9,20,0.5826771653543307,0.8333333333333334,0.6538461538461539
1914,HyboNet,2,128,0.001,9,21,0.5826771653543307,0.8333333333333334,0.6538461538461539
1915,HyboNet,2,128,0.001,9,22,0.5826771653543307,0.8666666666666667,0.6538461538461539
1916,HyboNet,2,128,0.001,9,23,0.5826771653543307,0.8666666666666667,0.6538461538461539
1917,HyboNet,2,128,0.001,9,24,0.5748031496062992,0.8666666666666667,0.6538461538461539
1918,HyboNet,2,128,0.001,9,25,0.5748031496062992,0.8666666666666667,0.6538461538461539
1919,HyboNet,2,128,0.001,9,26,0.5669291338582677,0.8666666666666667,0.6153846153846154
1920,HyboNet,2,128,0.001,9,27,0.5511811023622047,0.9,0.6153846153846154
1921,HyboNet,2,128,0.001,9,28,0.5511811023622047,0.9,0.6153846153846154
1922,HyboNet,2,128,0.001,9,29,0.5511811023622047,0.9,0.5769230769230769
1923,HyboNet,2,128,0.001,9,3,0.5354330708661418,0.6,0.5769230769230769
1924,HyboNet,2,128,0.001,9,30,0.5590551181102362,0.9666666666666667,0.5769230769230769
1925,HyboNet,2,128,0.001,9,31,0.5669291338582677,0.9666666666666667,0.5769230769230769
1926,HyboNet,2,128,0.001,9,32,0.5748031496062992,0.9666666666666667,0.5769230769230769
1927,HyboNet,2,128,0.001,9,33,0.5511811023622047,0.9666666666666667,0.6153846153846154
1928,HyboNet,2,128,0.001,9,34,0.5511811023622047,0.9666666666666667,0.6153846153846154
1929,HyboNet,2,128,0.001,9,35,0.5511811023622047,0.9666666666666667,0.6153846153846154
1930,HyboNet,2,128,0.001,9,36,0.5590551181102362,0.9666666666666667,0.6153846153846154
1931,HyboNet,2,128,0.001,9,37,0.5511811023622047,0.9666666666666667,0.6153846153846154
1932,HyboNet,2,128,0.001,9,38,0.5433070866141733,0.9666666666666667,0.6153846153846154
1933,HyboNet,2,128,0.001,9,39,0.5433070866141733,0.9666666666666667,0.6153846153846154
1934,HyboNet,2,128,0.001,9,4,0.5354330708661418,0.6,0.5769230769230769
1935,HyboNet,2,128,0.001,9,40,0.5354330708661418,0.9666666666666667,0.6153846153846154
1936,HyboNet,2,128,0.001,9,41,0.5196850393700787,0.9666666666666667,0.5384615384615384
1937,HyboNet,2,128,0.001,9,42,0.5275590551181102,1.0,0.6153846153846154
1938,HyboNet,2,128,0.001,9,43,0.5275590551181102,1.0,0.6153846153846154
1939,HyboNet,2,128,0.001,9,44,0.5275590551181102,1.0,0.6153846153846154
1940,HyboNet,2,128,0.001,9,45,0.5196850393700787,1.0,0.5769230769230769
1941,HyboNet,2,128,0.001,9,46,0.5196850393700787,1.0,0.5769230769230769
1942,HyboNet,2,128,0.001,9,47,0.5275590551181102,1.0,0.5769230769230769
1943,HyboNet,2,128,0.001,9,48,0.5196850393700787,1.0,0.5384615384615384
1944,HyboNet,2,128,0.001,9,49,0.49606299212598426,1.0,0.5384615384615384
1945,HyboNet,2,128,0.001,9,5,0.5354330708661418,0.6,0.5769230769230769
1946,HyboNet,2,128,0.001,9,50,0.5118110236220472,1.0,0.5384615384615384
1947,HyboNet,2,128,0.001,9,51,0.5196850393700787,1.0,0.5769230769230769
1948,HyboNet,2,128,0.001,9,52,0.5196850393700787,1.0,0.5769230769230769
1949,HyboNet,2,128,0.001,9,53,0.5196850393700787,1.0,0.5769230769230769
1950,HyboNet,2,128,0.001,9,54,0.5354330708661418,1.0,0.5769230769230769
1951,HyboNet,2,128,0.001,9,55,0.5354330708661418,1.0,0.5769230769230769
1952,HyboNet,2,128,0.001,9,56,0.5354330708661418,1.0,0.5384615384615384
1953,HyboNet,2,128,0.001,9,57,0.5118110236220472,1.0,0.5384615384615384
1954,HyboNet,2,128,0.001,9,58,0.5118110236220472,1.0,0.5384615384615384
1955,HyboNet,2,128,0.001,9,59,0.5039370078740157,1.0,0.5769230769230769
1956,HyboNet,2,128,0.001,9,6,0.5433070866141733,0.6333333333333333,0.5769230769230769
1957,HyboNet,2,128,0.001,9,60,0.5039370078740157,1.0,0.5769230769230769
1958,HyboNet,2,128,0.001,9,61,0.5039370078740157,1.0,0.6153846153846154
1959,HyboNet,2,128,0.001,9,62,0.5039370078740157,1.0,0.6153846153846154
1960,HyboNet,2,128,0.001,9,63,0.5118110236220472,1.0,0.6153846153846154
1961,HyboNet,2,128,0.001,9,64,0.5196850393700787,1.0,0.6153846153846154
1962,HyboNet,2,128,0.001,9,65,0.49606299212598426,1.0,0.6153846153846154
1963,HyboNet,2,128,0.001,9,66,0.49606299212598426,1.0,0.5
1964,HyboNet,2,128,0.001,9,67,0.48031496062992124,1.0,0.5
1965,HyboNet,2,128,0.001,9,68,0.48031496062992124,1.0,0.5
1966,HyboNet,2,128,0.001,9,69,0.48031496062992124,1.0,0.5
1967,HyboNet,2,128,0.001,9,7,0.5511811023622047,0.7,0.5769230769230769
1968,HyboNet,2,128,0.001,9,70,0.47244094488188976,1.0,0.5
1969,HyboNet,2,128,0.001,9,71,0.48031496062992124,1.0,0.46153846153846156
1970,HyboNet,2,128,0.001,9,72,0.4881889763779528,1.0,0.46153846153846156
1971,HyboNet,2,128,0.001,9,73,0.4881889763779528,1.0,0.46153846153846156
1972,HyboNet,2,128,0.001,9,74,0.4881889763779528,1.0,0.5
1973,HyboNet,2,128,0.001,9,75,0.48031496062992124,1.0,0.46153846153846156
1974,HyboNet,2,128,0.001,9,76,0.49606299212598426,1.0,0.46153846153846156
1975,HyboNet,2,128,0.001,9,77,0.49606299212598426,1.0,0.46153846153846156
1976,HyboNet,2,128,0.001,9,78,0.49606299212598426,1.0,0.46153846153846156
1977,HyboNet,2,128,0.001,9,79,0.49606299212598426,1.0,0.46153846153846156
1978,HyboNet,2,128,0.001,9,8,0.5590551181102362,0.7666666666666667,0.5384615384615384
1979,HyboNet,2,128,0.001,9,80,0.48031496062992124,1.0,0.46153846153846156
1980,HyboNet,2,128,0.001,9,81,0.47244094488188976,1.0,0.4230769230769231
1981,HyboNet,2,128,0.001,9,82,0.48031496062992124,1.0,0.4230769230769231
1982,HyboNet,2,128,0.001,9,83,0.48031496062992124,1.0,0.4230769230769231
1983,HyboNet,2,128,0.001,9,84,0.48031496062992124,1.0,0.4230769230769231
1984,HyboNet,2,128,0.001,9,85,0.48031496062992124,1.0,0.46153846153846156
1985,HyboNet,2,128,0.001,9,86,0.48031496062992124,1.0,0.46153846153846156
1986,HyboNet,2,128,0.001,9,87,0.47244094488188976,1.0,0.46153846153846156
1987,HyboNet,2,128,0.001,9,88,0.48031496062992124,1.0,0.46153846153846156
1988,HyboNet,2,128,0.001,9,89,0.48031496062992124,1.0,0.46153846153846156
1989,HyboNet,2,128,0.001,9,9,0.5590551181102362,0.7666666666666667,0.5384615384615384
1990,HyboNet,2,128,0.001,9,90,0.4881889763779528,1.0,0.46153846153846156
1991,HyboNet,2,128,0.001,9,91,0.48031496062992124,1.0,0.46153846153846156
1992,HyboNet,2,128,0.001,9,92,0.48031496062992124,1.0,0.46153846153846156
1993,HyboNet,2,128,0.001,9,93,0.48031496062992124,1.0,0.46153846153846156
1994,HyboNet,2,128,0.001,9,94,0.48031496062992124,1.0,0.46153846153846156
1995,HyboNet,2,128,0.001,9,95,0.47244094488188976,1.0,0.46153846153846156
1996,HyboNet,2,128,0.001,9,96,0.4645669291338583,1.0,0.4230769230769231
1997,HyboNet,2,128,0.001,9,97,0.47244094488188976,1.0,0.38461538461538464
1998,HyboNet,2,128,0.001,9,98,0.48031496062992124,1.0,0.38461538461538464
1999,HyboNet,2,128,0.001,9,99,0.48031496062992124,1.0,0.4230769230769231
2000,HyboNet,2,128,0.005,1,1,0.5354330708661418,0.6,0.5769230769230769
2001,HyboNet,2,128,0.005,1,10,0.5354330708661418,0.6,0.5769230769230769
2002,HyboNet,2,128,0.005,1,100,0.5669291338582677,1.0,0.6153846153846154
2003,HyboNet,2,128,0.005,1,11,0.5354330708661418,0.6333333333333333,0.5769230769230769
2004,HyboNet,2,128,0.005,1,12,0.5354330708661418,0.6333333333333333,0.5769230769230769
2005,HyboNet,2,128,0.005,1,13,0.5433070866141733,0.6333333333333333,0.5769230769230769
2006,HyboNet,2,128,0.005,1,14,0.5433070866141733,0.6666666666666666,0.5769230769230769
2007,HyboNet,2,128,0.005,1,15,0.5433070866141733,0.7,0.5769230769230769
2008,HyboNet,2,128,0.005,1,16,0.5433070866141733,0.7333333333333333,0.5769230769230769
2009,HyboNet,2,128,0.005,1,17,0.5511811023622047,0.7333333333333333,0.5769230769230769
2010,HyboNet,2,128,0.005,1,18,0.5511811023622047,0.7333333333333333,0.5384615384615384
2011,HyboNet,2,128,0.005,1,19,0.5511811023622047,0.7333333333333333,0.5384615384615384
2012,HyboNet,2,128,0.005,1,2,0.5354330708661418,0.6,0.5769230769230769
2013,HyboNet,2,128,0.005,1,20,0.5590551181102362,0.7333333333333333,0.5384615384615384
2014,HyboNet,2,128,0.005,1,21,0.5590551181102362,0.8,0.5384615384615384
2015,HyboNet,2,128,0.005,1,22,0.5669291338582677,0.8,0.5384615384615384
2016,HyboNet,2,128,0.005,1,23,0.5748031496062992,0.8,0.5384615384615384
2017,HyboNet,2,128,0.005,1,24,0.5748031496062992,0.8,0.5384615384615384
2018,HyboNet,2,128,0.005,1,25,0.5669291338582677,0.8,0.5769230769230769
2019,HyboNet,2,128,0.005,1,26,0.5590551181102362,0.8,0.5769230769230769
2020,HyboNet,2,128,0.005,1,27,0.5669291338582677,0.8,0.5769230769230769
2021,HyboNet,2,128,0.005,1,28,0.5669291338582677,0.8,0.5769230769230769
2022,HyboNet,2,128,0.005,1,29,0.5669291338582677,0.8,0.5769230769230769
2023,HyboNet,2,128,0.005,1,3,0.5354330708661418,0.6,0.5769230769230769
2024,HyboNet,2,128,0.005,1,30,0.5669291338582677,0.8,0.5769230769230769
2025,HyboNet,2,128,0.005,1,31,0.5669291338582677,0.8,0.5769230769230769
2026,HyboNet,2,128,0.005,1,32,0.5669291338582677,0.8,0.5769230769230769
2027,HyboNet,2,128,0.005,1,33,0.5669291338582677,0.8,0.5769230769230769
2028,HyboNet,2,128,0.005,1,34,0.5669291338582677,0.8,0.5769230769230769
2029,HyboNet,2,128,0.005,1,35,0.5669291338582677,0.8,0.5769230769230769
2030,HyboNet,2,128,0.005,1,36,0.5669291338582677,0.8,0.5769230769230769
2031,HyboNet,2,128,0.005,1,37,0.5590551181102362,0.8,0.5769230769230769
2032,HyboNet,2,128,0.005,1,38,0.5590551181102362,0.8333333333333334,0.5769230769230769
2033,HyboNet,2,128,0.005,1,39,0.5511811023622047,0.8333333333333334,0.5769230769230769
2034,HyboNet,2,128,0.005,1,4,0.5354330708661418,0.6,0.5769230769230769
2035,HyboNet,2,128,0.005,1,40,0.5511811023622047,0.8333333333333334,0.5769230769230769
2036,HyboNet,2,128,0.005,1,41,0.5511811023622047,0.8666666666666667,0.5769230769230769
2037,HyboNet,2,128,0.005,1,42,0.5433070866141733,0.8666666666666667,0.5769230769230769
2038,HyboNet,2,128,0.005,1,43,0.5433070866141733,0.8666666666666667,0.5769230769230769
2039,HyboNet,2,128,0.005,1,44,0.5433070866141733,0.8666666666666667,0.5769230769230769
2040,HyboNet,2,128,0.005,1,45,0.5433070866141733,0.8666666666666667,0.5769230769230769
2041,HyboNet,2,128,0.005,1,46,0.5433070866141733,0.8666666666666667,0.5769230769230769
2042,HyboNet,2,128,0.005,1,47,0.5433070866141733,0.8666666666666667,0.5769230769230769
2043,HyboNet,2,128,0.005,1,48,0.5433070866141733,0.9,0.6153846153846154
2044,HyboNet,2,128,0.005,1,49,0.5433070866141733,0.9,0.6538461538461539
2045,HyboNet,2,128,0.005,1,5,0.5354330708661418,0.6,0.5769230769230769
2046,HyboNet,2,128,0.005,1,50,0.5511811023622047,0.9666666666666667,0.6538461538461539
2047,HyboNet,2,128,0.005,1,51,0.5590551181102362,0.9666666666666667,0.6538461538461539
2048,HyboNet,2,128,0.005,1,52,0.5590551181102362,0.9666666666666667,0.6538461538461539
2049,HyboNet,2,128,0.005,1,53,0.5669291338582677,0.9666666666666667,0.6538461538461539
2050,HyboNet,2,128,0.005,1,54,0.5590551181102362,0.9666666666666667,0.6153846153846154
2051,HyboNet,2,128,0.005,1,55,0.5669291338582677,0.9666666666666667,0.5769230769230769
2052,HyboNet,2,128,0.005,1,56,0.5748031496062992,1.0,0.5769230769230769
2053,HyboNet,2,128,0.005,1,57,0.5748031496062992,1.0,0.5769230769230769
2054,HyboNet,2,128,0.005,1,58,0.5748031496062992,1.0,0.5769230769230769
2055,HyboNet,2,128,0.005,1,59,0.5748031496062992,1.0,0.5769230769230769
2056,HyboNet,2,128,0.005,1,6,0.5354330708661418,0.6,0.5769230769230769
2057,HyboNet,2,128,0.005,1,60,0.5669291338582677,1.0,0.5769230769230769
2058,HyboNet,2,128,0.005,1,61,0.5669291338582677,1.0,0.5769230769230769
2059,HyboNet,2,128,0.005,1,62,0.5511811023622047,1.0,0.5769230769230769
2060,HyboNet,2,128,0.005,1,63,0.5669291338582677,1.0,0.5769230769230769
2061,HyboNet,2,128,0.005,1,64,0.5669291338582677,1.0,0.5769230769230769
2062,HyboNet,2,128,0.005,1,65,0.5669291338582677,1.0,0.5769230769230769
2063,HyboNet,2,128,0.005,1,66,0.5669291338582677,0.9666666666666667,0.5769230769230769
2064,HyboNet,2,128,0.005,1,67,0.5669291338582677,0.9666666666666667,0.5769230769230769
2065,HyboNet,2,128,0.005,1,68,0.5748031496062992,0.9666666666666667,0.5769230769230769
2066,HyboNet,2,128,0.005,1,69,0.5748031496062992,0.9666666666666667,0.5769230769230769
2067,HyboNet,2,128,0.005,1,7,0.5354330708661418,0.6,0.5769230769230769
2068,HyboNet,2,128,0.005,1,70,0.5669291338582677,0.9666666666666667,0.5769230769230769
2069,HyboNet,2,128,0.005,1,71,0.5748031496062992,1.0,0.5769230769230769
2070,HyboNet,2,128,0.005,1,72,0.5669291338582677,1.0,0.5769230769230769
2071,HyboNet,2,128,0.005,1,73,0.5590551181102362,1.0,0.5769230769230769
2072,HyboNet,2,128,0.005,1,74,0.5590551181102362,1.0,0.5769230769230769
2073,HyboNet,2,128,0.005,1,75,0.5590551181102362,1.0,0.5769230769230769
2074,HyboNet,2,128,0.005,1,76,0.5590551181102362,1.0,0.5769230769230769
2075,HyboNet,2,128,0.005,1,77,0.5590551181102362,1.0,0.5769230769230769
2076,HyboNet,2,128,0.005,1,78,0.5590551181102362,1.0,0.5769230769230769
2077,HyboNet,2,128,0.005,1,79,0.5590551181102362,1.0,0.5769230769230769
2078,HyboNet,2,128,0.005,1,8,0.5354330708661418,0.6,0.5769230769230769
2079,HyboNet,2,128,0.005,1,80,0.5590551181102362,1.0,0.5769230769230769
2080,HyboNet,2,128,0.005,1,81,0.5590551181102362,1.0,0.6153846153846154
2081,HyboNet,2,128,0.005,1,82,0.5669291338582677,1.0,0.6153846153846154
2082,HyboNet,2,128,0.005,1,83,0.5748031496062992,1.0,0.5769230769230769
2083,HyboNet,2,128,0.005,1,84,0.5748031496062992,1.0,0.5769230769230769
2084,HyboNet,2,128,0.005,1,85,0.5748031496062992,1.0,0.5769230769230769
2085,HyboNet,2,128,0.005,1,86,0.5748031496062992,1.0,0.5769230769230769
2086,HyboNet,2,128,0.005,1,87,0.5748031496062992,1.0,0.5769230769230769
2087,HyboNet,2,128,0.005,1,88,0.5748031496062992,1.0,0.5769230769230769
2088,HyboNet,2,128,0.005,1,89,0.5669291338582677,1.0,0.6153846153846154
2089,HyboNet,2,128,0.005,1,9,0.5354330708661418,0.6,0.5769230769230769
2090,HyboNet,2,128,0.005,1,90,0.5590551181102362,1.0,0.6153846153846154
2091,HyboNet,2,128,0.005,1,91,0.5669291338582677,1.0,0.6153846153846154
2092,HyboNet,2,128,0.005,1,92,0.5669291338582677,1.0,0.6153846153846154
2093,HyboNet,2,128,0.005,1,93,0.5669291338582677,1.0,0.6153846153846154
2094,HyboNet,2,128,0.005,1,94,0.5669291338582677,1.0,0.6153846153846154
2095,HyboNet,2,128,0.005,1,95,0.5590551181102362,1.0,0.6153846153846154
2096,HyboNet,2,128,0.005,1,96,0.5590551181102362,1.0,0.6153846153846154
2097,HyboNet,2,128,0.005,1,97,0.5590551181102362,1.0,0.6153846153846154
2098,HyboNet,2,128,0.005,1,98,0.5590551181102362,1.0,0.6153846153846154
2099,HyboNet,2,128,0.005,1,99,0.5669291338582677,1.0,0.6153846153846154
2100,HyboNet,2,128,0.005,10,1,0.5354330708661418,0.6,0.5769230769230769
2101,HyboNet,2,128,0.005,10,10,0.5354330708661418,0.6,0.5769230769230769
2102,HyboNet,2,128,0.005,10,100,0.5590551181102362,1.0,0.5769230769230769
2103,HyboNet,2,128,0.005,10,11,0.5354330708661418,0.6,0.5769230769230769
2104,HyboNet,2,128,0.005,10,12,0.5354330708661418,0.6,0.5769230769230769
2105,HyboNet,2,128,0.005,10,13,0.5354330708661418,0.6,0.5769230769230769
2106,HyboNet,2,128,0.005,10,14,0.5354330708661418,0.6,0.5769230769230769
2107,HyboNet,2,128,0.005,10,15,0.5354330708661418,0.6,0.5769230769230769
2108,HyboNet,2,128,0.005,10,16,0.5354330708661418,0.6333333333333333,0.5769230769230769
2109,HyboNet,2,128,0.005,10,17,0.5354330708661418,0.6333333333333333,0.5769230769230769
2110,HyboNet,2,128,0.005,10,18,0.5354330708661418,0.6333333333333333,0.5769230769230769
2111,HyboNet,2,128,0.005,10,19,0.5433070866141733,0.7,0.5769230769230769
2112,HyboNet,2,128,0.005,10,2,0.5354330708661418,0.6,0.5769230769230769
2113,HyboNet,2,128,0.005,10,20,0.5433070866141733,0.7,0.5769230769230769
2114,HyboNet,2,128,0.005,10,21,0.5433070866141733,0.7,0.5769230769230769
2115,HyboNet,2,128,0.005,10,22,0.5433070866141733,0.7333333333333333,0.5769230769230769
2116,HyboNet,2,128,0.005,10,23,0.5511811023622047,0.7333333333333333,0.5384615384615384
2117,HyboNet,2,128,0.005,10,24,0.5590551181102362,0.7333333333333333,0.5384615384615384
2118,HyboNet,2,128,0.005,10,25,0.5511811023622047,0.7333333333333333,0.5384615384615384
2119,HyboNet,2,128,0.005,10,26,0.5511811023622047,0.7666666666666667,0.5384615384615384
2120,HyboNet,2,128,0.005,10,27,0.5433070866141733,0.8,0.5384615384615384
2121,HyboNet,2,128,0.005,10,28,0.5511811023622047,0.8,0.5384615384615384
2122,HyboNet,2,128,0.005,10,29,0.5511811023622047,0.8,0.5384615384615384
2123,HyboNet,2,128,0.005,10,3,0.5354330708661418,0.6,0.5769230769230769
2124,HyboNet,2,128,0.005,10,30,0.5511811023622047,0.8,0.5384615384615384
2125,HyboNet,2,128,0.005,10,31,0.5511811023622047,0.8,0.5384615384615384
2126,HyboNet,2,128,0.005,10,32,0.5511811023622047,0.8,0.5384615384615384
2127,HyboNet,2,128,0.005,10,33,0.5511811023622047,0.8,0.5384615384615384
2128,HyboNet,2,128,0.005,10,34,0.5511811023622047,0.8,0.5384615384615384
2129,HyboNet,2,128,0.005,10,35,0.5511811023622047,0.8,0.5384615384615384
2130,HyboNet,2,128,0.005,10,36,0.5511811023622047,0.8,0.5384615384615384
2131,HyboNet,2,128,0.005,10,37,0.5511811023622047,0.8,0.5384615384615384
2132,HyboNet,2,128,0.005,10,38,0.5511811023622047,0.8,0.5384615384615384
2133,HyboNet,2,128,0.005,10,39,0.5433070866141733,0.8,0.5384615384615384
2134,HyboNet,2,128,0.005,10,4,0.5354330708661418,0.6,0.5769230769230769
2135,HyboNet,2,128,0.005,10,40,0.5433070866141733,0.8,0.5384615384615384
2136,HyboNet,2,128,0.005,10,41,0.5433070866141733,0.8,0.5384615384615384
2137,HyboNet,2,128,0.005,10,42,0.5433070866141733,0.8,0.5384615384615384
2138,HyboNet,2,128,0.005,10,43,0.5433070866141733,0.8,0.5384615384615384
2139,HyboNet,2,128,0.005,10,44,0.5433070866141733,0.8,0.5384615384615384
2140,HyboNet,2,128,0.005,10,45,0.5433070866141733,0.8,0.5384615384615384
2141,HyboNet,2,128,0.005,10,46,0.5433070866141733,0.8,0.5384615384615384
2142,HyboNet,2,128,0.005,10,47,0.5433070866141733,0.8,0.5384615384615384
2143,HyboNet,2,128,0.005,10,48,0.5511811023622047,0.8333333333333334,0.5384615384615384
2144,HyboNet,2,128,0.005,10,49,0.5511811023622047,0.8666666666666667,0.5384615384615384
2145,HyboNet,2,128,0.005,10,5,0.5354330708661418,0.6,0.5769230769230769
2146,HyboNet,2,128,0.005,10,50,0.5511811023622047,0.8666666666666667,0.5384615384615384
2147,HyboNet,2,128,0.005,10,51,0.5433070866141733,0.8666666666666667,0.5384615384615384
2148,HyboNet,2,128,0.005,10,52,0.5433070866141733,0.8666666666666667,0.5384615384615384
2149,HyboNet,2,128,0.005,10,53,0.5354330708661418,0.8666666666666667,0.5
2150,HyboNet,2,128,0.005,10,54,0.5433070866141733,0.8666666666666667,0.5
2151,HyboNet,2,128,0.005,10,55,0.5433070866141733,0.9,0.5769230769230769
2152,HyboNet,2,128,0.005,10,56,0.5433070866141733,0.9,0.6153846153846154
2153,HyboNet,2,128,0.005,10,57,0.5433070866141733,0.9,0.6153846153846154
2154,HyboNet,2,128,0.005,10,58,0.5354330708661418,0.9,0.6153846153846154
2155,HyboNet,2,128,0.005,10,59,0.5433070866141733,0.9333333333333333,0.6153846153846154
2156,HyboNet,2,128,0.005,10,6,0.5354330708661418,0.6,0.5769230769230769
2157,HyboNet,2,128,0.005,10,60,0.5275590551181102,0.9666666666666667,0.6153846153846154
2158,HyboNet,2,128,0.005,10,61,0.5354330708661418,0.9666666666666667,0.6153846153846154
2159,HyboNet,2,128,0.005,10,62,0.5433070866141733,0.9666666666666667,0.6153846153846154
2160,HyboNet,2,128,0.005,10,63,0.5354330708661418,0.9666666666666667,0.6153846153846154
2161,HyboNet,2,128,0.005,10,64,0.5433070866141733,0.9666666666666667,0.6153846153846154
2162,HyboNet,2,128,0.005,10,65,0.5590551181102362,1.0,0.6153846153846154
2163,HyboNet,2,128,0.005,10,66,0.5590551181102362,1.0,0.5769230769230769
2164,HyboNet,2,128,0.005,10,67,0.5590551181102362,1.0,0.5769230769230769
2165,HyboNet,2,128,0.005,10,68,0.5590551181102362,1.0,0.5769230769230769
2166,HyboNet,2,128,0.005,10,69,0.5669291338582677,1.0,0.6153846153846154
2167,HyboNet,2,128,0.005,10,7,0.5354330708661418,0.6,0.5769230769230769
2168,HyboNet,2,128,0.005,10,70,0.5826771653543307,1.0,0.6153846153846154
2169,HyboNet,2,128,0.005,10,71,0.5826771653543307,1.0,0.6153846153846154
2170,HyboNet,2,128,0.005,10,72,0.5905511811023622,1.0,0.6153846153846154
2171,HyboNet,2,128,0.005,10,73,0.5905511811023622,1.0,0.6153846153846154
2172,HyboNet,2,128,0.005,10,74,0.5905511811023622,1.0,0.6153846153846154
2173,HyboNet,2,128,0.005,10,75,0.5826771653543307,1.0,0.6153846153846154
2174,HyboNet,2,128,0.005,10,76,0.5748031496062992,1.0,0.6153846153846154
2175,HyboNet,2,128,0.005,10,77,0.5826771653543307,1.0,0.6153846153846154
2176,HyboNet,2,128,0.005,10,78,0.5826771653543307,1.0,0.6538461538461539
2177,HyboNet,2,128,0.005,10,79,0.5826771653543307,1.0,0.6538461538461539
2178,HyboNet,2,128,0.005,10,8,0.5354330708661418,0.6,0.5769230769230769
2179,HyboNet,2,128,0.005,10,80,0.5748031496062992,1.0,0.6538461538461539
2180,HyboNet,2,128,0.005,10,81,0.5826771653543307,1.0,0.6538461538461539
2181,HyboNet,2,128,0.005,10,82,0.5826771653543307,1.0,0.6538461538461539
2182,HyboNet,2,128,0.005,10,83,0.5826771653543307,1.0,0.6538461538461539
2183,HyboNet,2,128,0.005,10,84,0.5826771653543307,1.0,0.6538461538461539
2184,HyboNet,2,128,0.005,10,85,0.5826771653543307,1.0,0.6538461538461539
2185,HyboNet,2,128,0.005,10,86,0.5826771653543307,1.0,0.6538461538461539
2186,HyboNet,2,128,0.005,10,87,0.5826771653543307,1.0,0.6538461538461539
2187,HyboNet,2,128,0.005,10,88,0.5826771653543307,1.0,0.6538461538461539
2188,HyboNet,2,128,0.005,10,89,0.5826771653543307,1.0,0.6538461538461539
2189,HyboNet,2,128,0.005,10,9,0.5354330708661418,0.6,0.5769230769230769
2190,HyboNet,2,128,0.005,10,90,0.5826771653543307,1.0,0.6538461538461539
2191,HyboNet,2,128,0.005,10,91,0.5826771653543307,1.0,0.6538461538461539
2192,HyboNet,2,128,0.005,10,92,0.5905511811023622,1.0,0.6538461538461539
2193,HyboNet,2,128,0.005,10,93,0.5826771653543307,1.0,0.6538461538461539
2194,HyboNet,2,128,0.005,10,94,0.5669291338582677,1.0,0.6538461538461539
2195,HyboNet,2,128,0.005,10,95,0.5748031496062992,1.0,0.6538461538461539
2196,HyboNet,2,128,0.005,10,96,0.5748031496062992,1.0,0.6923076923076923
2197,HyboNet,2,128,0.005,10,97,0.5669291338582677,1.0,0.6538461538461539
2198,HyboNet,2,128,0.005,10,98,0.5590551181102362,1.0,0.6153846153846154
2199,HyboNet,2,128,0.005,10,99,0.5590551181102362,1.0,0.5769230769230769
2200,HyboNet,2,128,0.005,2,1,0.5354330708661418,0.6,0.5769230769230769
2201,HyboNet,2,128,0.005,2,10,0.5354330708661418,0.6,0.5769230769230769
2202,HyboNet,2,128,0.005,2,100,0.5669291338582677,1.0,0.6153846153846154
2203,HyboNet,2,128,0.005,2,11,0.5354330708661418,0.6,0.5769230769230769
2204,HyboNet,2,128,0.005,2,12,0.5354330708661418,0.6,0.5769230769230769
2205,HyboNet,2,128,0.005,2,13,0.5354330708661418,0.6,0.5769230769230769
2206,HyboNet,2,128,0.005,2,14,0.5354330708661418,0.6333333333333333,0.5769230769230769
2207,HyboNet,2,128,0.005,2,15,0.5354330708661418,0.6333333333333333,0.5769230769230769
2208,HyboNet,2,128,0.005,2,16,0.5354330708661418,0.6333333333333333,0.5769230769230769
2209,HyboNet,2,128,0.005,2,17,0.5354330708661418,0.6333333333333333,0.5769230769230769
2210,HyboNet,2,128,0.005,2,18,0.5433070866141733,0.6666666666666666,0.5769230769230769
2211,HyboNet,2,128,0.005,2,19,0.5433070866141733,0.7,0.5769230769230769
2212,HyboNet,2,128,0.005,2,2,0.5354330708661418,0.6,0.5769230769230769
2213,HyboNet,2,128,0.005,2,20,0.5433070866141733,0.7333333333333333,0.5769230769230769
2214,HyboNet,2,128,0.005,2,21,0.5433070866141733,0.7333333333333333,0.5769230769230769
2215,HyboNet,2,128,0.005,2,22,0.5511811023622047,0.7333333333333333,0.5769230769230769
2216,HyboNet,2,128,0.005,2,23,0.5511811023622047,0.7666666666666667,0.5384615384615384
2217,HyboNet,2,128,0.005,2,24,0.5511811023622047,0.7666666666666667,0.5384615384615384
2218,HyboNet,2,128,0.005,2,25,0.5433070866141733,0.8,0.5384615384615384
2219,HyboNet,2,128,0.005,2,26,0.5590551181102362,0.8,0.5384615384615384
2220,HyboNet,2,128,0.005,2,27,0.5669291338582677,0.8,0.5384615384615384
2221,HyboNet,2,128,0.005,2,28,0.5669291338582677,0.8,0.5769230769230769
2222,HyboNet,2,128,0.005,2,29,0.5669291338582677,0.8,0.5769230769230769
2223,HyboNet,2,128,0.005,2,3,0.5354330708661418,0.6,0.5769230769230769
2224,HyboNet,2,128,0.005,2,30,0.5669291338582677,0.8,0.5769230769230769
2225,HyboNet,2,128,0.005,2,31,0.5669291338582677,0.8,0.5769230769230769
2226,HyboNet,2,128,0.005,2,32,0.5669291338582677,0.8,0.5769230769230769
2227,HyboNet,2,128,0.005,2,33,0.5669291338582677,0.8,0.5769230769230769
2228,HyboNet,2,128,0.005,2,34,0.5669291338582677,0.8,0.5384615384615384
2229,HyboNet,2,128,0.005,2,35,0.5669291338582677,0.8,0.5384615384615384
2230,HyboNet,2,128,0.005,2,36,0.5669291338582677,0.8,0.5384615384615384
2231,HyboNet,2,128,0.005,2,37,0.5669291338582677,0.8,0.5384615384615384
2232,HyboNet,2,128,0.005,2,38,0.5669291338582677,0.8,0.5384615384615384
2233,HyboNet,2,128,0.005,2,39,0.5590551181102362,0.8,0.5384615384615384
2234,HyboNet,2,128,0.005,2,4,0.5354330708661418,0.6,0.5769230769230769
2235,HyboNet,2,128,0.005,2,40,0.5590551181102362,0.8,0.5384615384615384
2236,HyboNet,2,128,0.005,2,41,0.5590551181102362,0.8,0.5384615384615384
2237,HyboNet,2,128,0.005,2,42,0.5590551181102362,0.8333333333333334,0.5384615384615384
2238,HyboNet,2,128,0.005,2,43,0.5511811023622047,0.8333333333333334,0.5384615384615384
2239,HyboNet,2,128,0.005,2,44,0.5433070866141733,0.8333333333333334,0.5384615384615384
2240,HyboNet,2,128,0.005,2,45,0.5433070866141733,0.8333333333333334,0.5384615384615384
2241,HyboNet,2,128,0.005,2,46,0.5433070866141733,0.8333333333333334,0.5384615384615384
2242,HyboNet,2,128,0.005,2,47,0.5433070866141733,0.8333333333333334,0.5384615384615384
2243,HyboNet,2,128,0.005,2,48,0.5433070866141733,0.8333333333333334,0.5769230769230769
2244,HyboNet,2,128,0.005,2,49,0.5433070866141733,0.8666666666666667,0.6153846153846154
2245,HyboNet,2,128,0.005,2,5,0.5354330708661418,0.6,0.5769230769230769
2246,HyboNet,2,128,0.005,2,50,0.5354330708661418,0.8666666666666667,0.6153846153846154
2247,HyboNet,2,128,0.005,2,51,0.5433070866141733,0.8666666666666667,0.6538461538461539
2248,HyboNet,2,128,0.005,2,52,0.5511811023622047,0.9,0.6538461538461539
2249,HyboNet,2,128,0.005,2,53,0.5511811023622047,0.9,0.6538461538461539
2250,HyboNet,2,128,0.005,2,54,0.5590551181102362,0.9333333333333333,0.6538461538461539
2251,HyboNet,2,128,0.005,2,55,0.5669291338582677,0.9333333333333333,0.6153846153846154
2252,HyboNet,2,128,0.005,2,56,0.5590551181102362,0.9666666666666667,0.6153846153846154
2253,HyboNet,2,128,0.005,2,57,0.5669291338582677,0.9666666666666667,0.6153846153846154
2254,HyboNet,2,128,0.005,2,58,0.5669291338582677,0.9666666666666667,0.6153846153846154
2255,HyboNet,2,128,0.005,2,59,0.5826771653543307,0.9666666666666667,0.5769230769230769
2256,HyboNet,2,128,0.005,2,6,0.5354330708661418,0.6,0.5769230769230769
2257,HyboNet,2,128,0.005,2,60,0.5826771653543307,0.9666666666666667,0.5769230769230769
2258,HyboNet,2,128,0.005,2,61,0.5748031496062992,0.9666666666666667,0.5769230769230769
2259,HyboNet,2,128,0.005,2,62,0.5669291338582677,0.9666666666666667,0.5769230769230769
2260,HyboNet,2,128,0.005,2,63,0.5590551181102362,0.9666666666666667,0.5769230769230769
2261,HyboNet,2,128,0.005,2,64,0.5669291338582677,0.9666666666666667,0.5769230769230769
2262,HyboNet,2,128,0.005,2,65,0.5590551181102362,0.9666666666666667,0.5769230769230769
2263,HyboNet,2,128,0.005,2,66,0.5511811023622047,1.0,0.5769230769230769
2264,HyboNet,2,128,0.005,2,67,0.5590551181102362,1.0,0.5769230769230769
2265,HyboNet,2,128,0.005,2,68,0.5590551181102362,1.0,0.5769230769230769
2266,HyboNet,2,128,0.005,2,69,0.5669291338582677,1.0,0.5769230769230769
2267,HyboNet,2,128,0.005,2,7,0.5354330708661418,0.6,0.5769230769230769
2268,HyboNet,2,128,0.005,2,70,0.5669291338582677,1.0,0.5769230769230769
2269,HyboNet,2,128,0.005,2,71,0.5669291338582677,1.0,0.5769230769230769
2270,HyboNet,2,128,0.005,2,72,0.5669291338582677,1.0,0.5769230769230769
2271,HyboNet,2,128,0.005,2,73,0.5669291338582677,1.0,0.5769230769230769
2272,HyboNet,2,128,0.005,2,74,0.5826771653543307,1.0,0.5769230769230769
2273,HyboNet,2,128,0.005,2,75,0.5826771653543307,1.0,0.6153846153846154
2274,HyboNet,2,128,0.005,2,76,0.5826771653543307,1.0,0.6153846153846154
2275,HyboNet,2,128,0.005,2,77,0.6062992125984252,1.0,0.6153846153846154
2276,HyboNet,2,128,0.005,2,78,0.5905511811023622,1.0,0.6153846153846154
2277,HyboNet,2,128,0.005,2,79,0.5905511811023622,1.0,0.6538461538461539
2278,HyboNet,2,128,0.005,2,8,0.5354330708661418,0.6,0.5769230769230769
2279,HyboNet,2,128,0.005,2,80,0.5905511811023622,1.0,0.6538461538461539
2280,HyboNet,2,128,0.005,2,81,0.5826771653543307,1.0,0.6538461538461539
2281,HyboNet,2,128,0.005,2,82,0.5826771653543307,1.0,0.6538461538461539
2282,HyboNet,2,128,0.005,2,83,0.5826771653543307,1.0,0.6538461538461539
2283,HyboNet,2,128,0.005,2,84,0.5748031496062992,1.0,0.6538461538461539
2284,HyboNet,2,128,0.005,2,85,0.5748031496062992,1.0,0.6538461538461539
2285,HyboNet,2,128,0.005,2,86,0.5748031496062992,1.0,0.6538461538461539
2286,HyboNet,2,128,0.005,2,87,0.5748031496062992,1.0,0.6538461538461539
2287,HyboNet,2,128,0.005,2,88,0.5748031496062992,1.0,0.6538461538461539
2288,HyboNet,2,128,0.005,2,89,0.5669291338582677,1.0,0.6538461538461539
2289,HyboNet,2,128,0.005,2,9,0.5354330708661418,0.6,0.5769230769230769
2290,HyboNet,2,128,0.005,2,90,0.5669291338582677,1.0,0.6538461538461539
2291,HyboNet,2,128,0.005,2,91,0.5511811023622047,1.0,0.6538461538461539
2292,HyboNet,2,128,0.005,2,92,0.5511811023622047,1.0,0.6153846153846154
2293,HyboNet,2,128,0.005,2,93,0.5590551181102362,1.0,0.6153846153846154
2294,HyboNet,2,128,0.005,2,94,0.5590551181102362,1.0,0.6153846153846154
2295,HyboNet,2,128,0.005,2,95,0.5511811023622047,1.0,0.6153846153846154
2296,HyboNet,2,128,0.005,2,96,0.5511811023622047,1.0,0.6153846153846154
2297,HyboNet,2,128,0.005,2,97,0.5590551181102362,1.0,0.6153846153846154
2298,HyboNet,2,128,0.005,2,98,0.5590551181102362,1.0,0.6153846153846154
2299,HyboNet,2,128,0.005,2,99,0.5669291338582677,1.0,0.6153846153846154
2300,HyboNet,2,128,0.005,3,1,0.5354330708661418,0.6,0.5769230769230769
2301,HyboNet,2,128,0.005,3,10,0.5354330708661418,0.6,0.5769230769230769
2302,HyboNet,2,128,0.005,3,100,0.5433070866141733,1.0,0.46153846153846156
2303,HyboNet,2,128,0.005,3,11,0.5354330708661418,0.6,0.5769230769230769
2304,HyboNet,2,128,0.005,3,12,0.5354330708661418,0.6,0.5769230769230769
2305,HyboNet,2,128,0.005,3,13,0.5354330708661418,0.6,0.5769230769230769
2306,HyboNet,2,128,0.005,3,14,0.5354330708661418,0.6333333333333333,0.5769230769230769
2307,HyboNet,2,128,0.005,3,15,0.5354330708661418,0.6333333333333333,0.5769230769230769
2308,HyboNet,2,128,0.005,3,16,0.5354330708661418,0.6333333333333333,0.5769230769230769
2309,HyboNet,2,128,0.005,3,17,0.5433070866141733,0.6333333333333333,0.5769230769230769
2310,HyboNet,2,128,0.005,3,18,0.5433070866141733,0.6666666666666666,0.5769230769230769
2311,HyboNet,2,128,0.005,3,19,0.5433070866141733,0.7,0.5769230769230769
2312,HyboNet,2,128,0.005,3,2,0.5354330708661418,0.6,0.5769230769230769
2313,HyboNet,2,128,0.005,3,20,0.5511811023622047,0.7,0.5769230769230769
2314,HyboNet,2,128,0.005,3,21,0.5511811023622047,0.7333333333333333,0.5769230769230769
2315,HyboNet,2,128,0.005,3,22,0.5511811023622047,0.7333333333333333,0.5384615384615384
2316,HyboNet,2,128,0.005,3,23,0.5433070866141733,0.7333333333333333,0.5384615384615384
2317,HyboNet,2,128,0.005,3,24,0.5590551181102362,0.7333333333333333,0.5384615384615384
2318,HyboNet,2,128,0.005,3,25,0.5669291338582677,0.8,0.5384615384615384
2319,HyboNet,2,128,0.005,3,26,0.5826771653543307,0.8,0.5384615384615384
2320,HyboNet,2,128,0.005,3,27,0.5669291338582677,0.8,0.5769230769230769
2321,HyboNet,2,128,0.005,3,28,0.5669291338582677,0.8,0.5769230769230769
2322,HyboNet,2,128,0.005,3,29,0.5590551181102362,0.8,0.5769230769230769
2323,HyboNet,2,128,0.005,3,3,0.5354330708661418,0.6,0.5769230769230769
2324,HyboNet,2,128,0.005,3,30,0.5590551181102362,0.8333333333333334,0.5769230769230769
2325,HyboNet,2,128,0.005,3,31,0.5590551181102362,0.8333333333333334,0.5769230769230769
2326,HyboNet,2,128,0.005,3,32,0.5590551181102362,0.8333333333333334,0.5769230769230769
2327,HyboNet,2,128,0.005,3,33,0.5590551181102362,0.8333333333333334,0.5769230769230769
2328,HyboNet,2,128,0.005,3,34,0.5590551181102362,0.8,0.5769230769230769
2329,HyboNet,2,128,0.005,3,35,0.5590551181102362,0.8,0.5769230769230769
2330,HyboNet,2,128,0.005,3,36,0.5590551181102362,0.8,0.5769230769230769
2331,HyboNet,2,128,0.005,3,37,0.5590551181102362,0.8,0.5769230769230769
2332,HyboNet,2,128,0.005,3,38,0.5590551181102362,0.8333333333333334,0.5769230769230769
2333,HyboNet,2,128,0.005,3,39,0.5590551181102362,0.8333333333333334,0.5769230769230769
2334,HyboNet,2,128,0.005,3,4,0.5354330708661418,0.6,0.5769230769230769
2335,HyboNet,2,128,0.005,3,40,0.5511811023622047,0.8333333333333334,0.5769230769230769
2336,HyboNet,2,128,0.005,3,41,0.5433070866141733,0.8333333333333334,0.5769230769230769
2337,HyboNet,2,128,0.005,3,42,0.5433070866141733,0.8666666666666667,0.5769230769230769
2338,HyboNet,2,128,0.005,3,43,0.5433070866141733,0.8666666666666667,0.5769230769230769
2339,HyboNet,2,128,0.005,3,44,0.5433070866141733,0.8666666666666667,0.5769230769230769
2340,HyboNet,2,128,0.005,3,45,0.5433070866141733,0.8666666666666667,0.6153846153846154
2341,HyboNet,2,128,0.005,3,46,0.5433070866141733,0.8666666666666667,0.6153846153846154
2342,HyboNet,2,128,0.005,3,47,0.5433070866141733,0.8666666666666667,0.6153846153846154
2343,HyboNet,2,128,0.005,3,48,0.5511811023622047,0.8666666666666667,0.6153846153846154
2344,HyboNet,2,128,0.005,3,49,0.5511811023622047,0.8666666666666667,0.6153846153846154
2345,HyboNet,2,128,0.005,3,5,0.5354330708661418,0.6,0.5769230769230769
2346,HyboNet,2,128,0.005,3,50,0.5590551181102362,0.8666666666666667,0.6153846153846154
2347,HyboNet,2,128,0.005,3,51,0.5511811023622047,0.9333333333333333,0.6153846153846154
2348,HyboNet,2,128,0.005,3,52,0.5433070866141733,0.9666666666666667,0.6153846153846154
2349,HyboNet,2,128,0.005,3,53,0.5511811023622047,0.9666666666666667,0.6153846153846154
2350,HyboNet,2,128,0.005,3,54,0.5511811023622047,0.9666666666666667,0.6153846153846154
2351,HyboNet,2,128,0.005,3,55,0.5511811023622047,0.9666666666666667,0.5769230769230769
2352,HyboNet,2,128,0.005,3,56,0.5433070866141733,0.9666666666666667,0.5769230769230769
2353,HyboNet,2,128,0.005,3,57,0.5433070866141733,0.9666666666666667,0.5769230769230769
2354,HyboNet,2,128,0.005,3,58,0.5433070866141733,0.9666666666666667,0.5769230769230769
2355,HyboNet,2,128,0.005,3,59,0.5590551181102362,0.9666666666666667,0.5769230769230769
2356,HyboNet,2,128,0.005,3,6,0.5354330708661418,0.6,0.5769230769230769
2357,HyboNet,2,128,0.005,3,60,0.5669291338582677,0.9666666666666667,0.5769230769230769
2358,HyboNet,2,128,0.005,3,61,0.5748031496062992,0.9666666666666667,0.5769230769230769
2359,HyboNet,2,128,0.005,3,62,0.5748031496062992,0.9666666666666667,0.5769230769230769
2360,HyboNet,2,128,0.005,3,63,0.5669291338582677,0.9666666666666667,0.5769230769230769
2361,HyboNet,2,128,0.005,3,64,0.5590551181102362,0.9666666666666667,0.5769230769230769
2362,HyboNet,2,128,0.005,3,65,0.5590551181102362,0.9666666666666667,0.5769230769230769
2363,HyboNet,2,128,0.005,3,66,0.5511811023622047,1.0,0.5769230769230769
2364,HyboNet,2,128,0.005,3,67,0.5511811023622047,1.0,0.5769230769230769
2365,HyboNet,2,128,0.005,3,68,0.5511811023622047,1.0,0.5769230769230769
2366,HyboNet,2,128,0.005,3,69,0.5511811023622047,1.0,0.5769230769230769
2367,HyboNet,2,128,0.005,3,7,0.5354330708661418,0.6,0.5769230769230769
2368,HyboNet,2,128,0.005,3,70,0.5511811023622047,1.0,0.5769230769230769
2369,HyboNet,2,128,0.005,3,71,0.5669291338582677,1.0,0.5769230769230769
2370,HyboNet,2,128,0.005,3,72,0.5748031496062992,1.0,0.5769230769230769
2371,HyboNet,2,128,0.005,3,73,0.5748031496062992,1.0,0.5769230769230769
2372,HyboNet,2,128,0.005,3,74,0.5748031496062992,1.0,0.6153846153846154
2373,HyboNet,2,128,0.005,3,75,0.5669291338582677,1.0,0.6153846153846154
2374,HyboNet,2,128,0.005,3,76,0.5590551181102362,1.0,0.6153846153846154
2375,HyboNet,2,128,0.005,3,77,0.5669291338582677,1.0,0.6153846153846154
2376,HyboNet,2,128,0.005,3,78,0.5669291338582677,1.0,0.6153846153846154
2377,HyboNet,2,128,0.005,3,79,0.5590551181102362,1.0,0.6153846153846154
2378,HyboNet,2,128,0.005,3,8,0.5354330708661418,0.6,0.5769230769230769
2379,HyboNet,2,128,0.005,3,80,0.5511811023622047,1.0,0.6153846153846154
2380,HyboNet,2,128,0.005,3,81,0.5433070866141733,1.0,0.6153846153846154
2381,HyboNet,2,128,0.005,3,82,0.5433070866141733,1.0,0.6153846153846154
2382,HyboNet,2,128,0.005,3,83,0.5511811023622047,1.0,0.5769230769230769
2383,HyboNet,2,128,0.005,3,84,0.5511811023622047,1.0,0.5769230769230769
2384,HyboNet,2,128,0.005,3,85,0.5433070866141733,1.0,0.5769230769230769
2385,HyboNet,2,128,0.005,3,86,0.5354330708661418,1.0,0.5769230769230769
2386,HyboNet,2,128,0.005,3,87,0.5433070866141733,1.0,0.5769230769230769
2387,HyboNet,2,128,0.005,3,88,0.5433070866141733,1.0,0.5384615384615384
2388,HyboNet,2,128,0.005,3,89,0.5433070866141733,1.0,0.5384615384615384
2389,HyboNet,2,128,0.005,3,9,0.5354330708661418,0.6,0.5769230769230769
2390,HyboNet,2,128,0.005,3,90,0.5433070866141733,1.0,0.5384615384615384
2391,HyboNet,2,128,0.005,3,91,0.5511811023622047,1.0,0.5384615384615384
2392,HyboNet,2,128,0.005,3,92,0.5511811023622047,1.0,0.5384615384615384
2393,HyboNet,2,128,0.005,3,93,0.5511811023622047,1.0,0.5384615384615384
2394,HyboNet,2,128,0.005,3,94,0.5511811023622047,1.0,0.5384615384615384
2395,HyboNet,2,128,0.005,3,95,0.5511811023622047,1.0,0.5384615384615384
2396,HyboNet,2,128,0.005,3,96,0.5511811023622047,1.0,0.5384615384615384
2397,HyboNet,2,128,0.005,3,97,0.5590551181102362,1.0,0.5
2398,HyboNet,2,128,0.005,3,98,0.5669291338582677,1.0,0.46153846153846156
2399,HyboNet,2,128,0.005,3,99,0.5433070866141733,1.0,0.46153846153846156
2400,HyboNet,2,128,0.005,4,1,0.5354330708661418,0.6,0.5769230769230769
2401,HyboNet,2,128,0.005,4,10,0.5354330708661418,0.6,0.5769230769230769
2402,HyboNet,2,128,0.005,4,100,0.5039370078740157,1.0,0.5384615384615384
2403,HyboNet,2,128,0.005,4,11,0.5354330708661418,0.6333333333333333,0.5769230769230769
2404,HyboNet,2,128,0.005,4,12,0.5354330708661418,0.6333333333333333,0.5769230769230769
2405,HyboNet,2,128,0.005,4,13,0.5354330708661418,0.6333333333333333,0.5769230769230769
2406,HyboNet,2,128,0.005,4,14,0.5433070866141733,0.6333333333333333,0.5769230769230769
2407,HyboNet,2,128,0.005,4,15,0.5433070866141733,0.7,0.5769230769230769
2408,HyboNet,2,128,0.005,4,16,0.5433070866141733,0.7,0.5769230769230769
2409,HyboNet,2,128,0.005,4,17,0.5433070866141733,0.7,0.5769230769230769
2410,HyboNet,2,128,0.005,4,18,0.5511811023622047,0.7333333333333333,0.5769230769230769
2411,HyboNet,2,128,0.005,4,19,0.5511811023622047,0.7333333333333333,0.5384615384615384
2412,HyboNet,2,128,0.005,4,2,0.5354330708661418,0.6,0.5769230769230769
2413,HyboNet,2,128,0.005,4,20,0.5590551181102362,0.7333333333333333,0.5384615384615384
2414,HyboNet,2,128,0.005,4,21,0.5669291338582677,0.8,0.5384615384615384
2415,HyboNet,2,128,0.005,4,22,0.5590551181102362,0.8,0.5384615384615384
2416,HyboNet,2,128,0.005,4,23,0.5669291338582677,0.8,0.5384615384615384
2417,HyboNet,2,128,0.005,4,24,0.5590551181102362,0.8,0.5384615384615384
2418,HyboNet,2,128,0.005,4,25,0.5669291338582677,0.8,0.5769230769230769
2419,HyboNet,2,128,0.005,4,26,0.5669291338582677,0.8,0.5769230769230769
2420,HyboNet,2,128,0.005,4,27,0.5511811023622047,0.8,0.5769230769230769
2421,HyboNet,2,128,0.005,4,28,0.5511811023622047,0.8,0.5769230769230769
2422,HyboNet,2,128,0.005,4,29,0.5511811023622047,0.8,0.5769230769230769
2423,HyboNet,2,128,0.005,4,3,0.5354330708661418,0.6,0.5769230769230769
2424,HyboNet,2,128,0.005,4,30,0.5511811023622047,0.8333333333333334,0.5769230769230769
2425,HyboNet,2,128,0.005,4,31,0.5511811023622047,0.8333333333333334,0.5769230769230769
2426,HyboNet,2,128,0.005,4,32,0.5590551181102362,0.8333333333333334,0.5769230769230769
2427,HyboNet,2,128,0.005,4,33,0.5590551181102362,0.8333333333333334,0.5769230769230769
2428,HyboNet,2,128,0.005,4,34,0.5590551181102362,0.8333333333333334,0.5769230769230769
2429,HyboNet,2,128,0.005,4,35,0.5590551181102362,0.8333333333333334,0.5769230769230769
2430,HyboNet,2,128,0.005,4,36,0.5590551181102362,0.8333333333333334,0.6153846153846154
2431,HyboNet,2,128,0.005,4,37,0.5511811023622047,0.8333333333333334,0.6153846153846154
2432,HyboNet,2,128,0.005,4,38,0.5511811023622047,0.8333333333333334,0.6153846153846154
2433,HyboNet,2,128,0.005,4,39,0.5511811023622047,0.8666666666666667,0.6153846153846154
2434,HyboNet,2,128,0.005,4,4,0.5354330708661418,0.6,0.5769230769230769
2435,HyboNet,2,128,0.005,4,40,0.5511811023622047,0.8666666666666667,0.6153846153846154
2436,HyboNet,2,128,0.005,4,41,0.5511811023622047,0.9,0.6153846153846154
2437,HyboNet,2,128,0.005,4,42,0.5511811023622047,0.9,0.6153846153846154
2438,HyboNet,2,128,0.005,4,43,0.5511811023622047,0.9,0.6153846153846154
2439,HyboNet,2,128,0.005,4,44,0.5511811023622047,0.9,0.6153846153846154
2440,HyboNet,2,128,0.005,4,45,0.5354330708661418,0.9,0.6153846153846154
2441,HyboNet,2,128,0.005,4,46,0.5275590551181102,0.9333333333333333,0.6153846153846154
2442,HyboNet,2,128,0.005,4,47,0.5275590551181102,0.9333333333333333,0.6153846153846154
2443,HyboNet,2,128,0.005,4,48,0.5275590551181102,0.9666666666666667,0.6153846153846154
2444,HyboNet,2,128,0.005,4,49,0.5275590551181102,0.9666666666666667,0.6153846153846154
2445,HyboNet,2,128,0.005,4,5,0.5354330708661418,0.6,0.5769230769230769
2446,HyboNet,2,128,0.005,4,50,0.5196850393700787,1.0,0.5769230769230769
2447,HyboNet,2,128,0.005,4,51,0.5196850393700787,1.0,0.5769230769230769
2448,HyboNet,2,128,0.005,4,52,0.5275590551181102,1.0,0.5769230769230769
2449,HyboNet,2,128,0.005,4,53,0.5275590551181102,1.0,0.5769230769230769
2450,HyboNet,2,128,0.005,4,54,0.5275590551181102,1.0,0.5769230769230769
2451,HyboNet,2,128,0.005,4,55,0.5354330708661418,1.0,0.5769230769230769
2452,HyboNet,2,128,0.005,4,56,0.5433070866141733,1.0,0.5769230769230769
2453,HyboNet,2,128,0.005,4,57,0.5511811023622047,0.9666666666666667,0.5769230769230769
2454,HyboNet,2,128,0.005,4,58,0.5433070866141733,0.9666666666666667,0.5769230769230769
2455,HyboNet,2,128,0.005,4,59,0.5118110236220472,0.9666666666666667,0.6153846153846154
2456,HyboNet,2,128,0.005,4,6,0.5354330708661418,0.6,0.5769230769230769
2457,HyboNet,2,128,0.005,4,60,0.5118110236220472,0.9666666666666667,0.6153846153846154
2458,HyboNet,2,128,0.005,4,61,0.5118110236220472,0.9666666666666667,0.6153846153846154
2459,HyboNet,2,128,0.005,4,62,0.5196850393700787,1.0,0.6153846153846154
2460,HyboNet,2,128,0.005,4,63,0.5275590551181102,1.0,0.6153846153846154
2461,HyboNet,2,128,0.005,4,64,0.5275590551181102,1.0,0.6153846153846154
2462,HyboNet,2,128,0.005,4,65,0.5196850393700787,1.0,0.5769230769230769
2463,HyboNet,2,128,0.005,4,66,0.5196850393700787,1.0,0.5384615384615384
2464,HyboNet,2,128,0.005,4,67,0.5275590551181102,1.0,0.5384615384615384
2465,HyboNet,2,128,0.005,4,68,0.5275590551181102,1.0,0.5384615384615384
2466,HyboNet,2,128,0.005,4,69,0.5275590551181102,1.0,0.5384615384615384
2467,HyboNet,2,128,0.005,4,7,0.5354330708661418,0.6,0.5769230769230769
2468,HyboNet,2,128,0.005,4,70,0.5275590551181102,1.0,0.5769230769230769
2469,HyboNet,2,128,0.005,4,71,0.5275590551181102,1.0,0.5769230769230769
2470,HyboNet,2,128,0.005,4,72,0.5275590551181102,1.0,0.5384615384615384
2471,HyboNet,2,128,0.005,4,73,0.5275590551181102,1.0,0.5384615384615384
2472,HyboNet,2,128,0.005,4,74,0.5275590551181102,1.0,0.5769230769230769
2473,HyboNet,2,128,0.005,4,75,0.5196850393700787,1.0,0.5769230769230769
2474,HyboNet,2,128,0.005,4,76,0.5275590551181102,1.0,0.5769230769230769
2475,HyboNet,2,128,0.005,4,77,0.5275590551181102,1.0,0.5769230769230769
2476,HyboNet,2,128,0.005,4,78,0.5275590551181102,1.0,0.5769230769230769
2477,HyboNet,2,128,0.005,4,79,0.5275590551181102,1.0,0.5769230769230769
2478,HyboNet,2,128,0.005,4,8,0.5354330708661418,0.6,0.5769230769230769
2479,HyboNet,2,128,0.005,4,80,0.5275590551181102,1.0,0.5769230769230769
2480,HyboNet,2,128,0.005,4,81,0.5118110236220472,1.0,0.5769230769230769
2481,HyboNet,2,128,0.005,4,82,0.4881889763779528,1.0,0.5384615384615384
2482,HyboNet,2,128,0.005,4,83,0.4881889763779528,1.0,0.5384615384615384
2483,HyboNet,2,128,0.005,4,84,0.49606299212598426,1.0,0.5384615384615384
2484,HyboNet,2,128,0.005,4,85,0.49606299212598426,1.0,0.5384615384615384
2485,HyboNet,2,128,0.005,4,86,0.49606299212598426,1.0,0.5384615384615384
2486,HyboNet,2,128,0.005,4,87,0.5039370078740157,1.0,0.5384615384615384
2487,HyboNet,2,128,0.005,4,88,0.49606299212598426,1.0,0.5384615384615384
2488,HyboNet,2,128,0.005,4,89,0.49606299212598426,1.0,0.5384615384615384
2489,HyboNet,2,128,0.005,4,9,0.5354330708661418,0.6,0.5769230769230769
2490,HyboNet,2,128,0.005,4,90,0.49606299212598426,1.0,0.5384615384615384
2491,HyboNet,2,128,0.005,4,91,0.49606299212598426,1.0,0.5384615384615384
2492,HyboNet,2,128,0.005,4,92,0.49606299212598426,1.0,0.5384615384615384
2493,HyboNet,2,128,0.005,4,93,0.49606299212598426,1.0,0.5384615384615384
2494,HyboNet,2,128,0.005,4,94,0.49606299212598426,1.0,0.5384615384615384
2495,HyboNet,2,128,0.005,4,95,0.49606299212598426,1.0,0.5384615384615384
2496,HyboNet,2,128,0.005,4,96,0.49606299212598426,1.0,0.5
2497,HyboNet,2,128,0.005,4,97,0.49606299212598426,1.0,0.5
2498,HyboNet,2,128,0.005,4,98,0.49606299212598426,1.0,0.5
2499,HyboNet,2,128,0.005,4,99,0.5039370078740157,1.0,0.5
2500,HyboNet,2,128,0.005,5,1,0.5354330708661418,0.6,0.5769230769230769
2501,HyboNet,2,128,0.005,5,10,0.5354330708661418,0.6,0.5769230769230769
2502,HyboNet,2,128,0.005,5,100,0.5354330708661418,1.0,0.5769230769230769
2503,HyboNet,2,128,0.005,5,11,0.5354330708661418,0.6,0.5769230769230769
2504,HyboNet,2,128,0.005,5,12,0.5354330708661418,0.6,0.5769230769230769
2505,HyboNet,2,128,0.005,5,13,0.5354330708661418,0.6333333333333333,0.5769230769230769
2506,HyboNet,2,128,0.005,5,14,0.5354330708661418,0.6333333333333333,0.5769230769230769
2507,HyboNet,2,128,0.005,5,15,0.5354330708661418,0.6333333333333333,0.5769230769230769
2508,HyboNet,2,128,0.005,5,16,0.5433070866141733,0.6333333333333333,0.5769230769230769
2509,HyboNet,2,128,0.005,5,17,0.5433070866141733,0.7,0.5769230769230769
2510,HyboNet,2,128,0.005,5,18,0.5433070866141733,0.7,0.5769230769230769
2511,HyboNet,2,128,0.005,5,19,0.5511811023622047,0.7333333333333333,0.5769230769230769
2512,HyboNet,2,128,0.005,5,2,0.5354330708661418,0.6,0.5769230769230769
2513,HyboNet,2,128,0.005,5,20,0.5511811023622047,0.7333333333333333,0.5384615384615384
2514,HyboNet,2,128,0.005,5,21,0.5511811023622047,0.7333333333333333,0.5384615384615384
2515,HyboNet,2,128,0.005,5,22,0.5511811023622047,0.7333333333333333,0.5384615384615384
2516,HyboNet,2,128,0.005,5,23,0.5511811023622047,0.8,0.5384615384615384
2517,HyboNet,2,128,0.005,5,24,0.5590551181102362,0.8,0.5384615384615384
2518,HyboNet,2,128,0.005,5,25,0.5590551181102362,0.8,0.5384615384615384
2519,HyboNet,2,128,0.005,5,26,0.5669291338582677,0.8,0.5384615384615384
2520,HyboNet,2,128,0.005,5,27,0.5669291338582677,0.8,0.5384615384615384
2521,HyboNet,2,128,0.005,5,28,0.5669291338582677,0.8,0.5384615384615384
2522,HyboNet,2,128,0.005,5,29,0.5590551181102362,0.8,0.5384615384615384
2523,HyboNet,2,128,0.005,5,3,0.5354330708661418,0.6,0.5769230769230769
2524,HyboNet,2,128,0.005,5,30,0.5590551181102362,0.8,0.5384615384615384
2525,HyboNet,2,128,0.005,5,31,0.5590551181102362,0.8,0.5384615384615384
2526,HyboNet,2,128,0.005,5,32,0.5511811023622047,0.8,0.5384615384615384
2527,HyboNet,2,128,0.005,5,33,0.5511811023622047,0.8,0.5384615384615384
2528,HyboNet,2,128,0.005,5,34,0.5511811023622047,0.8,0.5384615384615384
2529,HyboNet,2,128,0.005,5,35,0.5511811023622047,0.8,0.5384615384615384
2530,HyboNet,2,128,0.005,5,36,0.5511811023622047,0.8,0.5384615384615384
2531,HyboNet,2,128,0.005,5,37,0.5511811023622047,0.8,0.5384615384615384
2532,HyboNet,2,128,0.005,5,38,0.5511811023622047,0.8,0.5384615384615384
2533,HyboNet,2,128,0.005,5,39,0.5511811023622047,0.8,0.5384615384615384
2534,HyboNet,2,128,0.005,5,4,0.5354330708661418,0.6,0.5769230769230769
2535,HyboNet,2,128,0.005,5,40,0.5511811023622047,0.8,0.5384615384615384
2536,HyboNet,2,128,0.005,5,41,0.5511811023622047,0.8,0.5384615384615384
2537,HyboNet,2,128,0.005,5,42,0.5590551181102362,0.8,0.5384615384615384
2538,HyboNet,2,128,0.005,5,43,0.5669291338582677,0.8,0.5384615384615384
2539,HyboNet,2,128,0.005,5,44,0.5669291338582677,0.8,0.5384615384615384
2540,HyboNet,2,128,0.005,5,45,0.5669291338582677,0.8333333333333334,0.5384615384615384
2541,HyboNet,2,128,0.005,5,46,0.5669291338582677,0.8333333333333334,0.5384615384615384
2542,HyboNet,2,128,0.005,5,47,0.5433070866141733,0.8666666666666667,0.5384615384615384
2543,HyboNet,2,128,0.005,5,48,0.5433070866141733,0.8666666666666667,0.5384615384615384
2544,HyboNet,2,128,0.005,5,49,0.5354330708661418,0.8666666666666667,0.5769230769230769
2545,HyboNet,2,128,0.005,5,5,0.5354330708661418,0.6,0.5769230769230769
2546,HyboNet,2,128,0.005,5,50,0.5354330708661418,0.9,0.5769230769230769
2547,HyboNet,2,128,0.005,5,51,0.5354330708661418,0.9,0.5769230769230769
2548,HyboNet,2,128,0.005,5,52,0.5354330708661418,0.9,0.6153846153846154
2549,HyboNet,2,128,0.005,5,53,0.5275590551181102,0.9,0.6153846153846154
2550,HyboNet,2,128,0.005,5,54,0.5196850393700787,0.9,0.6153846153846154
2551,HyboNet,2,128,0.005,5,55,0.5196850393700787,0.9,0.6153846153846154
2552,HyboNet,2,128,0.005,5,56,0.5275590551181102,0.9333333333333333,0.6153846153846154
2553,HyboNet,2,128,0.005,5,57,0.5275590551181102,0.9333333333333333,0.6153846153846154
2554,HyboNet,2,128,0.005,5,58,0.5196850393700787,0.9666666666666667,0.6153846153846154
2555,HyboNet,2,128,0.005,5,59,0.5275590551181102,0.9666666666666667,0.6153846153846154
2556,HyboNet,2,128,0.005,5,6,0.5354330708661418,0.6,0.5769230769230769
2557,HyboNet,2,128,0.005,5,60,0.5354330708661418,0.9666666666666667,0.6153846153846154
2558,HyboNet,2,128,0.005,5,61,0.5354330708661418,0.9666666666666667,0.6153846153846154
2559,HyboNet,2,128,0.005,5,62,0.5354330708661418,0.9666666666666667,0.5769230769230769
2560,HyboNet,2,128,0.005,5,63,0.5433070866141733,0.9666666666666667,0.5769230769230769
2561,HyboNet,2,128,0.005,5,64,0.5590551181102362,0.9666666666666667,0.5769230769230769
2562,HyboNet,2,128,0.005,5,65,0.5669291338582677,0.9666666666666667,0.5769230769230769
2563,HyboNet,2,128,0.005,5,66,0.5669291338582677,0.9666666666666667,0.5769230769230769
2564,HyboNet,2,128,0.005,5,67,0.5826771653543307,0.9666666666666667,0.6153846153846154
2565,HyboNet,2,128,0.005,5,68,0.5826771653543307,1.0,0.6153846153846154
2566,HyboNet,2,128,0.005,5,69,0.5748031496062992,1.0,0.6153846153846154
2567,HyboNet,2,128,0.005,5,7,0.5354330708661418,0.6,0.5769230769230769
2568,HyboNet,2,128,0.005,5,70,0.5669291338582677,1.0,0.6153846153846154
2569,HyboNet,2,128,0.005,5,71,0.5669291338582677,1.0,0.6153846153846154
2570,HyboNet,2,128,0.005,5,72,0.5748031496062992,1.0,0.6153846153846154
2571,HyboNet,2,128,0.005,5,73,0.5669291338582677,1.0,0.6153846153846154
2572,HyboNet,2,128,0.005,5,74,0.5669291338582677,1.0,0.6153846153846154
2573,HyboNet,2,128,0.005,5,75,0.5748031496062992,1.0,0.6153846153846154
2574,HyboNet,2,128,0.005,5,76,0.5748031496062992,1.0,0.6153846153846154
2575,HyboNet,2,128,0.005,5,77,0.5748031496062992,1.0,0.6538461538461539
2576,HyboNet,2,128,0.005,5,78,0.5748031496062992,1.0,0.6538461538461539
2577,HyboNet,2,128,0.005,5,79,0.5748031496062992,1.0,0.6538461538461539
2578,HyboNet,2,128,0.005,5,8,0.5354330708661418,0.6,0.5769230769230769
2579,HyboNet,2,128,0.005,5,80,0.5669291338582677,1.0,0.6538461538461539
2580,HyboNet,2,128,0.005,5,81,0.5669291338582677,1.0,0.6538461538461539
2581,HyboNet,2,128,0.005,5,82,0.5590551181102362,1.0,0.6538461538461539
2582,HyboNet,2,128,0.005,5,83,0.5511811023622047,1.0,0.6538461538461539
2583,HyboNet,2,128,0.005,5,84,0.5433070866141733,1.0,0.6538461538461539
2584,HyboNet,2,128,0.005,5,85,0.5433070866141733,1.0,0.6538461538461539
2585,HyboNet,2,128,0.005,5,86,0.5433070866141733,1.0,0.6538461538461539
2586,HyboNet,2,128,0.005,5,87,0.5433070866141733,1.0,0.6538461538461539
2587,HyboNet,2,128,0.005,5,88,0.5433070866141733,1.0,0.6538461538461539
2588,HyboNet,2,128,0.005,5,89,0.5433070866141733,1.0,0.6538461538461539
2589,HyboNet,2,128,0.005,5,9,0.5354330708661418,0.6,0.5769230769230769
2590,HyboNet,2,128,0.005,5,90,0.5511811023622047,1.0,0.6153846153846154
2591,HyboNet,2,128,0.005,5,91,0.5433070866141733,1.0,0.5769230769230769
2592,HyboNet,2,128,0.005,5,92,0.5433070866141733,1.0,0.5769230769230769
2593,HyboNet,2,128,0.005,5,93,0.5433070866141733,1.0,0.5769230769230769
2594,HyboNet,2,128,0.005,5,94,0.5433070866141733,1.0,0.5769230769230769
2595,HyboNet,2,128,0.005,5,95,0.5433070866141733,1.0,0.5769230769230769
2596,HyboNet,2,128,0.005,5,96,0.5433070866141733,1.0,0.5769230769230769
2597,HyboNet,2,128,0.005,5,97,0.5433070866141733,1.0,0.5769230769230769
2598,HyboNet,2,128,0.005,5,98,0.5354330708661418,1.0,0.5769230769230769
2599,HyboNet,2,128,0.005,5,99,0.5354330708661418,1.0,0.5769230769230769
2600,HyboNet,2,128,0.005,6,1,0.5354330708661418,0.6,0.5769230769230769
2601,HyboNet,2,128,0.005,6,10,0.5354330708661418,0.6,0.5769230769230769
2602,HyboNet,2,128,0.005,6,100,0.5590551181102362,1.0,0.6153846153846154
2603,HyboNet,2,128,0.005,6,11,0.5354330708661418,0.6,0.5769230769230769
2604,HyboNet,2,128,0.005,6,12,0.5354330708661418,0.6,0.5769230769230769
2605,HyboNet,2,128,0.005,6,13,0.5354330708661418,0.6,0.5769230769230769
2606,HyboNet,2,128,0.005,6,14,0.5354330708661418,0.6,0.5769230769230769
2607,HyboNet,2,128,0.005,6,15,0.5354330708661418,0.6333333333333333,0.5769230769230769
2608,HyboNet,2,128,0.005,6,16,0.5354330708661418,0.6333333333333333,0.5769230769230769
2609,HyboNet,2,128,0.005,6,17,0.5433070866141733,0.6333333333333333,0.5769230769230769
2610,HyboNet,2,128,0.005,6,18,0.5433070866141733,0.6333333333333333,0.5769230769230769
2611,HyboNet,2,128,0.005,6,19,0.5433070866141733,0.7,0.5769230769230769
2612,HyboNet,2,128,0.005,6,2,0.5354330708661418,0.6,0.5769230769230769
2613,HyboNet,2,128,0.005,6,20,0.5433070866141733,0.7,0.5769230769230769
2614,HyboNet,2,128,0.005,6,21,0.5511811023622047,0.7333333333333333,0.5769230769230769
2615,HyboNet,2,128,0.005,6,22,0.5511811023622047,0.7333333333333333,0.5769230769230769
2616,HyboNet,2,128,0.005,6,23,0.5511811023622047,0.7333333333333333,0.5384615384615384
2617,HyboNet,2,128,0.005,6,24,0.5511811023622047,0.7666666666666667,0.5384615384615384
2618,HyboNet,2,128,0.005,6,25,0.5511811023622047,0.8,0.5384615384615384
2619,HyboNet,2,128,0.005,6,26,0.5590551181102362,0.8,0.5384615384615384
2620,HyboNet,2,128,0.005,6,27,0.5590551181102362,0.8,0.5384615384615384
2621,HyboNet,2,128,0.005,6,28,0.5590551181102362,0.8,0.5769230769230769
2622,HyboNet,2,128,0.005,6,29,0.5590551181102362,0.8,0.5769230769230769
2623,HyboNet,2,128,0.005,6,3,0.5354330708661418,0.6,0.5769230769230769
2624,HyboNet,2,128,0.005,6,30,0.5590551181102362,0.8,0.5769230769230769
2625,HyboNet,2,128,0.005,6,31,0.5590551181102362,0.8,0.5769230769230769
2626,HyboNet,2,128,0.005,6,32,0.5590551181102362,0.8,0.5769230769230769
2627,HyboNet,2,128,0.005,6,33,0.5511811023622047,0.8,0.5769230769230769
2628,HyboNet,2,128,0.005,6,34,0.5590551181102362,0.8,0.5769230769230769
2629,HyboNet,2,128,0.005,6,35,0.5590551181102362,0.8,0.5769230769230769
2630,HyboNet,2,128,0.005,6,36,0.5590551181102362,0.8,0.5384615384615384
2631,HyboNet,2,128,0.005,6,37,0.5590551181102362,0.8,0.5384615384615384
2632,HyboNet,2,128,0.005,6,38,0.5590551181102362,0.8,0.5384615384615384
2633,HyboNet,2,128,0.005,6,39,0.5590551181102362,0.8,0.5384615384615384
2634,HyboNet,2,128,0.005,6,4,0.5354330708661418,0.6,0.5769230769230769
2635,HyboNet,2,128,0.005,6,40,0.5590551181102362,0.8333333333333334,0.5384615384615384
2636,HyboNet,2,128,0.005,6,41,0.5511811023622047,0.8333333333333334,0.5384615384615384
2637,HyboNet,2,128,0.005,6,42,0.5511811023622047,0.8333333333333334,0.5384615384615384
2638,HyboNet,2,128,0.005,6,43,0.5433070866141733,0.8333333333333334,0.5384615384615384
2639,HyboNet,2,128,0.005,6,44,0.5433070866141733,0.8333333333333334,0.5384615384615384
2640,HyboNet,2,128,0.005,6,45,0.5433070866141733,0.8333333333333334,0.5384615384615384
2641,HyboNet,2,128,0.005,6,46,0.5433070866141733,0.8333333333333334,0.5384615384615384
2642,HyboNet,2,128,0.005,6,47,0.5354330708661418,0.8333333333333334,0.5769230769230769
2643,HyboNet,2,128,0.005,6,48,0.5354330708661418,0.8666666666666667,0.5769230769230769
2644,HyboNet,2,128,0.005,6,49,0.5433070866141733,0.9,0.5769230769230769
2645,HyboNet,2,128,0.005,6,5,0.5354330708661418,0.6,0.5769230769230769
2646,HyboNet,2,128,0.005,6,50,0.5433070866141733,0.9333333333333333,0.5769230769230769
2647,HyboNet,2,128,0.005,6,51,0.5511811023622047,0.9666666666666667,0.6538461538461539
2648,HyboNet,2,128,0.005,6,52,0.5511811023622047,0.9666666666666667,0.6538461538461539
2649,HyboNet,2,128,0.005,6,53,0.5511811023622047,0.9666666666666667,0.6538461538461539
2650,HyboNet,2,128,0.005,6,54,0.5511811023622047,0.9666666666666667,0.6538461538461539
2651,HyboNet,2,128,0.005,6,55,0.5433070866141733,0.9666666666666667,0.6538461538461539
2652,HyboNet,2,128,0.005,6,56,0.5511811023622047,0.9666666666666667,0.5769230769230769
2653,HyboNet,2,128,0.005,6,57,0.5669291338582677,0.9666666666666667,0.5769230769230769
2654,HyboNet,2,128,0.005,6,58,0.5669291338582677,0.9666666666666667,0.5769230769230769
2655,HyboNet,2,128,0.005,6,59,0.5669291338582677,0.9666666666666667,0.5769230769230769
2656,HyboNet,2,128,0.005,6,6,0.5354330708661418,0.6,0.5769230769230769
2657,HyboNet,2,128,0.005,6,60,0.5669291338582677,0.9666666666666667,0.5769230769230769
2658,HyboNet,2,128,0.005,6,61,0.5669291338582677,0.9666666666666667,0.5769230769230769
2659,HyboNet,2,128,0.005,6,62,0.5748031496062992,0.9666666666666667,0.5769230769230769
2660,HyboNet,2,128,0.005,6,63,0.5748031496062992,0.9666666666666667,0.5769230769230769
2661,HyboNet,2,128,0.005,6,64,0.5669291338582677,0.9666666666666667,0.5769230769230769
2662,HyboNet,2,128,0.005,6,65,0.5669291338582677,0.9666666666666667,0.5769230769230769
2663,HyboNet,2,128,0.005,6,66,0.5669291338582677,0.9666666666666667,0.5769230769230769
2664,HyboNet,2,128,0.005,6,67,0.5669291338582677,0.9666666666666667,0.5769230769230769
2665,HyboNet,2,128,0.005,6,68,0.5669291338582677,0.9666666666666667,0.5769230769230769
2666,HyboNet,2,128,0.005,6,69,0.5748031496062992,0.9666666666666667,0.5769230769230769
2667,HyboNet,2,128,0.005,6,7,0.5354330708661418,0.6,0.5769230769230769
2668,HyboNet,2,128,0.005,6,70,0.5669291338582677,0.9666666666666667,0.5769230769230769
2669,HyboNet,2,128,0.005,6,71,0.5748031496062992,0.9666666666666667,0.5769230769230769
2670,HyboNet,2,128,0.005,6,72,0.5748031496062992,0.9666666666666667,0.5769230769230769
2671,HyboNet,2,128,0.005,6,73,0.5826771653543307,0.9666666666666667,0.5769230769230769
2672,HyboNet,2,128,0.005,6,74,0.5748031496062992,0.9666666666666667,0.5769230769230769
2673,HyboNet,2,128,0.005,6,75,0.5748031496062992,0.9666666666666667,0.6153846153846154
2674,HyboNet,2,128,0.005,6,76,0.5748031496062992,0.9666666666666667,0.6153846153846154
2675,HyboNet,2,128,0.005,6,77,0.5748031496062992,0.9666666666666667,0.6153846153846154
2676,HyboNet,2,128,0.005,6,78,0.5826771653543307,0.9666666666666667,0.6153846153846154
2677,HyboNet,2,128,0.005,6,79,0.5748031496062992,0.9666666666666667,0.6153846153846154
2678,HyboNet,2,128,0.005,6,8,0.5354330708661418,0.6,0.5769230769230769
2679,HyboNet,2,128,0.005,6,80,0.5669291338582677,1.0,0.6153846153846154
2680,HyboNet,2,128,0.005,6,81,0.5669291338582677,1.0,0.6153846153846154
2681,HyboNet,2,128,0.005,6,82,0.5669291338582677,1.0,0.6153846153846154
2682,HyboNet,2,128,0.005,6,83,0.5748031496062992,1.0,0.6538461538461539
2683,HyboNet,2,128,0.005,6,84,0.5669291338582677,1.0,0.6538461538461539
2684,HyboNet,2,128,0.005,6,85,0.5669291338582677,1.0,0.6538461538461539
2685,HyboNet,2,128,0.005,6,86,0.5669291338582677,1.0,0.6538461538461539
2686,HyboNet,2,128,0.005,6,87,0.5669291338582677,1.0,0.6538461538461539
2687,HyboNet,2,128,0.005,6,88,0.5669291338582677,1.0,0.6538461538461539
2688,HyboNet,2,128,0.005,6,89,0.5669291338582677,1.0,0.6538461538461539
2689,HyboNet,2,128,0.005,6,9,0.5354330708661418,0.6,0.5769230769230769
2690,HyboNet,2,128,0.005,6,90,0.5669291338582677,1.0,0.6538461538461539
2691,HyboNet,2,128,0.005,6,91,0.5669291338582677,1.0,0.6538461538461539
2692,HyboNet,2,128,0.005,6,92,0.5669291338582677,1.0,0.6538461538461539
2693,HyboNet,2,128,0.005,6,93,0.5669291338582677,1.0,0.6538461538461539
2694,HyboNet,2,128,0.005,6,94,0.5669291338582677,1.0,0.6538461538461539
2695,HyboNet,2,128,0.005,6,95,0.5590551181102362,1.0,0.6538461538461539
2696,HyboNet,2,128,0.005,6,96,0.5590551181102362,1.0,0.6153846153846154
2697,HyboNet,2,128,0.005,6,97,0.5590551181102362,1.0,0.6153846153846154
2698,HyboNet,2,128,0.005,6,98,0.5590551181102362,1.0,0.6153846153846154
2699,HyboNet,2,128,0.005,6,99,0.5590551181102362,1.0,0.6153846153846154
2700,HyboNet,2,128,0.005,7,1,0.5354330708661418,0.6,0.5769230769230769
2701,HyboNet,2,128,0.005,7,10,0.5354330708661418,0.6,0.5769230769230769
2702,HyboNet,2,128,0.005,7,100,0.5433070866141733,1.0,0.5769230769230769
2703,HyboNet,2,128,0.005,7,11,0.5354330708661418,0.6,0.5769230769230769
2704,HyboNet,2,128,0.005,7,12,0.5354330708661418,0.6333333333333333,0.5769230769230769
2705,HyboNet,2,128,0.005,7,13,0.5354330708661418,0.6333333333333333,0.5769230769230769
2706,HyboNet,2,128,0.005,7,14,0.5433070866141733,0.6666666666666666,0.5769230769230769
2707,HyboNet,2,128,0.005,7,15,0.5433070866141733,0.7,0.5769230769230769
2708,HyboNet,2,128,0.005,7,16,0.5433070866141733,0.7,0.5769230769230769
2709,HyboNet,2,128,0.005,7,17,0.5511811023622047,0.7333333333333333,0.5769230769230769
2710,HyboNet,2,128,0.005,7,18,0.5511811023622047,0.7333333333333333,0.5769230769230769
2711,HyboNet,2,128,0.005,7,19,0.5433070866141733,0.7333333333333333,0.5384615384615384
2712,HyboNet,2,128,0.005,7,2,0.5354330708661418,0.6,0.5769230769230769
2713,HyboNet,2,128,0.005,7,20,0.5590551181102362,0.7333333333333333,0.5384615384615384
2714,HyboNet,2,128,0.005,7,21,0.5511811023622047,0.7666666666666667,0.5384615384615384
2715,HyboNet,2,128,0.005,7,22,0.5669291338582677,0.8,0.5384615384615384
2716,HyboNet,2,128,0.005,7,23,0.5748031496062992,0.8,0.5384615384615384
2717,HyboNet,2,128,0.005,7,24,0.5669291338582677,0.8,0.5384615384615384
2718,HyboNet,2,128,0.005,7,25,0.5669291338582677,0.8,0.5384615384615384
2719,HyboNet,2,128,0.005,7,26,0.5748031496062992,0.8,0.5384615384615384
2720,HyboNet,2,128,0.005,7,27,0.5669291338582677,0.8,0.5384615384615384
2721,HyboNet,2,128,0.005,7,28,0.5590551181102362,0.8333333333333334,0.5384615384615384
2722,HyboNet,2,128,0.005,7,29,0.5669291338582677,0.8333333333333334,0.5384615384615384
2723,HyboNet,2,128,0.005,7,3,0.5354330708661418,0.6,0.5769230769230769
2724,HyboNet,2,128,0.005,7,30,0.5669291338582677,0.8333333333333334,0.5384615384615384
2725,HyboNet,2,128,0.005,7,31,0.5669291338582677,0.8333333333333334,0.5384615384615384
2726,HyboNet,2,128,0.005,7,32,0.5748031496062992,0.8333333333333334,0.5384615384615384
2727,HyboNet,2,128,0.005,7,33,0.5748031496062992,0.8333333333333334,0.5384615384615384
2728,HyboNet,2,128,0.005,7,34,0.5669291338582677,0.8,0.5384615384615384
2729,HyboNet,2,128,0.005,7,35,0.5669291338582677,0.8,0.5384615384615384
2730,HyboNet,2,128,0.005,7,36,0.5669291338582677,0.8,0.5384615384615384
2731,HyboNet,2,128,0.005,7,37,0.5669291338582677,0.8,0.5
2732,HyboNet,2,128,0.005,7,38,0.5669291338582677,0.8,0.5384615384615384
2733,HyboNet,2,128,0.005,7,39,0.5669291338582677,0.8,0.5384615384615384
2734,HyboNet,2,128,0.005,7,4,0.5354330708661418,0.6,0.5769230769230769
2735,HyboNet,2,128,0.005,7,40,0.5669291338582677,0.8333333333333334,0.5384615384615384
2736,HyboNet,2,128,0.005,7,41,0.5511811023622047,0.8333333333333334,0.5384615384615384
2737,HyboNet,2,128,0.005,7,42,0.5511811023622047,0.8666666666666667,0.5384615384615384
2738,HyboNet,2,128,0.005,7,43,0.5511811023622047,0.8666666666666667,0.5384615384615384
2739,HyboNet,2,128,0.005,7,44,0.5433070866141733,0.9,0.5
2740,HyboNet,2,128,0.005,7,45,0.5433070866141733,0.9,0.5
2741,HyboNet,2,128,0.005,7,46,0.5433070866141733,0.9,0.5384615384615384
2742,HyboNet,2,128,0.005,7,47,0.5433070866141733,0.9,0.5384615384615384
2743,HyboNet,2,128,0.005,7,48,0.5433070866141733,0.9,0.5769230769230769
2744,HyboNet,2,128,0.005,7,49,0.5590551181102362,0.9,0.6153846153846154
2745,HyboNet,2,128,0.005,7,5,0.5354330708661418,0.6,0.5769230769230769
2746,HyboNet,2,128,0.005,7,50,0.5433070866141733,0.9,0.6153846153846154
2747,HyboNet,2,128,0.005,7,51,0.5354330708661418,0.9,0.6153846153846154
2748,HyboNet,2,128,0.005,7,52,0.5354330708661418,0.9333333333333333,0.6153846153846154
2749,HyboNet,2,128,0.005,7,53,0.5433070866141733,0.9333333333333333,0.6153846153846154
2750,HyboNet,2,128,0.005,7,54,0.5511811023622047,0.9333333333333333,0.6153846153846154
2751,HyboNet,2,128,0.005,7,55,0.5354330708661418,0.9666666666666667,0.5769230769230769
2752,HyboNet,2,128,0.005,7,56,0.5433070866141733,0.9666666666666667,0.5769230769230769
2753,HyboNet,2,128,0.005,7,57,0.5511811023622047,0.9666666666666667,0.5769230769230769
2754,HyboNet,2,128,0.005,7,58,0.5275590551181102,0.9666666666666667,0.5769230769230769
2755,HyboNet,2,128,0.005,7,59,0.5275590551181102,0.9666666666666667,0.5769230769230769
2756,HyboNet,2,128,0.005,7,6,0.5354330708661418,0.6,0.5769230769230769
2757,HyboNet,2,128,0.005,7,60,0.5354330708661418,0.9666666666666667,0.5769230769230769
2758,HyboNet,2,128,0.005,7,61,0.5511811023622047,0.9666666666666667,0.5769230769230769
2759,HyboNet,2,128,0.005,7,62,0.5511811023622047,1.0,0.5769230769230769
2760,HyboNet,2,128,0.005,7,63,0.5511811023622047,1.0,0.6153846153846154
2761,HyboNet,2,128,0.005,7,64,0.5590551181102362,1.0,0.6153846153846154
2762,HyboNet,2,128,0.005,7,65,0.5669291338582677,1.0,0.6153846153846154
2763,HyboNet,2,128,0.005,7,66,0.5590551181102362,1.0,0.6153846153846154
2764,HyboNet,2,128,0.005,7,67,0.5669291338582677,1.0,0.6153846153846154
2765,HyboNet,2,128,0.005,7,68,0.5669291338582677,1.0,0.6153846153846154
2766,HyboNet,2,128,0.005,7,69,0.5669291338582677,1.0,0.6153846153846154
2767,HyboNet,2,128,0.005,7,7,0.5354330708661418,0.6,0.5769230769230769
2768,HyboNet,2,128,0.005,7,70,0.5669291338582677,1.0,0.6153846153846154
2769,HyboNet,2,128,0.005,7,71,0.5590551181102362,1.0,0.6153846153846154
2770,HyboNet,2,128,0.005,7,72,0.5511811023622047,1.0,0.6153846153846154
2771,HyboNet,2,128,0.005,7,73,0.5590551181102362,1.0,0.6153846153846154
2772,HyboNet,2,128,0.005,7,74,0.5511811023622047,1.0,0.6153846153846154
2773,HyboNet,2,128,0.005,7,75,0.5511811023622047,1.0,0.6153846153846154
2774,HyboNet,2,128,0.005,7,76,0.5669291338582677,1.0,0.6153846153846154
2775,HyboNet,2,128,0.005,7,77,0.5669291338582677,1.0,0.6538461538461539
2776,HyboNet,2,128,0.005,7,78,0.5590551181102362,1.0,0.6153846153846154
2777,HyboNet,2,128,0.005,7,79,0.5590551181102362,1.0,0.6153846153846154
2778,HyboNet,2,128,0.005,7,8,0.5354330708661418,0.6,0.5769230769230769
2779,HyboNet,2,128,0.005,7,80,0.5590551181102362,1.0,0.6153846153846154
2780,HyboNet,2,128,0.005,7,81,0.5590551181102362,1.0,0.6153846153846154
2781,HyboNet,2,128,0.005,7,82,0.5590551181102362,1.0,0.6153846153846154
2782,HyboNet,2,128,0.005,7,83,0.5590551181102362,1.0,0.6153846153846154
2783,HyboNet,2,128,0.005,7,84,0.5590551181102362,1.0,0.6153846153846154
2784,HyboNet,2,128,0.005,7,85,0.5590551181102362,1.0,0.6153846153846154
2785,HyboNet,2,128,0.005,7,86,0.5590551181102362,1.0,0.6153846153846154
2786,HyboNet,2,128,0.005,7,87,0.5590551181102362,1.0,0.6153846153846154
2787,HyboNet,2,128,0.005,7,88,0.5590551181102362,1.0,0.6153846153846154
2788,HyboNet,2,128,0.005,7,89,0.5669291338582677,1.0,0.6153846153846154
2789,HyboNet,2,128,0.005,7,9,0.5354330708661418,0.6,0.5769230769230769
2790,HyboNet,2,128,0.005,7,90,0.5669291338582677,1.0,0.6153846153846154
2791,HyboNet,2,128,0.005,7,91,0.5590551181102362,1.0,0.6153846153846154
2792,HyboNet,2,128,0.005,7,92,0.5590551181102362,1.0,0.6153846153846154
2793,HyboNet,2,128,0.005,7,93,0.5511811023622047,1.0,0.6153846153846154
2794,HyboNet,2,128,0.005,7,94,0.5511811023622047,1.0,0.6153846153846154
2795,HyboNet,2,128,0.005,7,95,0.5511811023622047,1.0,0.6153846153846154
2796,HyboNet,2,128,0.005,7,96,0.5511811023622047,1.0,0.5769230769230769
2797,HyboNet,2,128,0.005,7,97,0.5433070866141733,1.0,0.5769230769230769
2798,HyboNet,2,128,0.005,7,98,0.5433070866141733,1.0,0.5769230769230769
2799,HyboNet,2,128,0.005,7,99,0.5433070866141733,1.0,0.5769230769230769
2800,HyboNet,2,128,0.005,8,1,0.5354330708661418,0.6,0.5769230769230769
2801,HyboNet,2,128,0.005,8,10,0.5354330708661418,0.6,0.5769230769230769
2802,HyboNet,2,128,0.005,8,100,0.5590551181102362,1.0,0.6153846153846154
2803,HyboNet,2,128,0.005,8,11,0.5354330708661418,0.6,0.5769230769230769
2804,HyboNet,2,128,0.005,8,12,0.5354330708661418,0.6,0.5769230769230769
2805,HyboNet,2,128,0.005,8,13,0.5354330708661418,0.6333333333333333,0.5769230769230769
2806,HyboNet,2,128,0.005,8,14,0.5354330708661418,0.6333333333333333,0.5769230769230769
2807,HyboNet,2,128,0.005,8,15,0.5354330708661418,0.6333333333333333,0.5769230769230769
2808,HyboNet,2,128,0.005,8,16,0.5433070866141733,0.6333333333333333,0.5769230769230769
2809,HyboNet,2,128,0.005,8,17,0.5433070866141733,0.6666666666666666,0.5769230769230769
2810,HyboNet,2,128,0.005,8,18,0.5433070866141733,0.7,0.5769230769230769
2811,HyboNet,2,128,0.005,8,19,0.5433070866141733,0.7333333333333333,0.5769230769230769
2812,HyboNet,2,128,0.005,8,2,0.5354330708661418,0.6,0.5769230769230769
2813,HyboNet,2,128,0.005,8,20,0.5511811023622047,0.7333333333333333,0.5769230769230769
2814,HyboNet,2,128,0.005,8,21,0.5511811023622047,0.7333333333333333,0.5384615384615384
2815,HyboNet,2,128,0.005,8,22,0.5511811023622047,0.7333333333333333,0.5384615384615384
2816,HyboNet,2,128,0.005,8,23,0.5590551181102362,0.7333333333333333,0.5384615384615384
2817,HyboNet,2,128,0.005,8,24,0.5433070866141733,0.8,0.5384615384615384
2818,HyboNet,2,128,0.005,8,25,0.5590551181102362,0.8,0.5384615384615384
2819,HyboNet,2,128,0.005,8,26,0.5669291338582677,0.8,0.5384615384615384
2820,HyboNet,2,128,0.005,8,27,0.5826771653543307,0.8,0.5769230769230769
2821,HyboNet,2,128,0.005,8,28,0.5748031496062992,0.8,0.5769230769230769
2822,HyboNet,2,128,0.005,8,29,0.5748031496062992,0.8,0.5769230769230769
2823,HyboNet,2,128,0.005,8,3,0.5354330708661418,0.6,0.5769230769230769
2824,HyboNet,2,128,0.005,8,30,0.5669291338582677,0.8,0.5769230769230769
2825,HyboNet,2,128,0.005,8,31,0.5669291338582677,0.8,0.5769230769230769
2826,HyboNet,2,128,0.005,8,32,0.5669291338582677,0.8,0.5769230769230769
2827,HyboNet,2,128,0.005,8,33,0.5669291338582677,0.8,0.5769230769230769
2828,HyboNet,2,128,0.005,8,34,0.5669291338582677,0.8,0.5769230769230769
2829,HyboNet,2,128,0.005,8,35,0.5669291338582677,0.8,0.5769230769230769
2830,HyboNet,2,128,0.005,8,36,0.5669291338582677,0.8,0.5769230769230769
2831,HyboNet,2,128,0.005,8,37,0.5669291338582677,0.8,0.5769230769230769
2832,HyboNet,2,128,0.005,8,38,0.5669291338582677,0.8333333333333334,0.5769230769230769
2833,HyboNet,2,128,0.005,8,39,0.5669291338582677,0.8333333333333334,0.5769230769230769
2834,HyboNet,2,128,0.005,8,4,0.5354330708661418,0.6,0.5769230769230769
2835,HyboNet,2,128,0.005,8,40,0.5669291338582677,0.8333333333333334,0.5769230769230769
2836,HyboNet,2,128,0.005,8,41,0.5511811023622047,0.8666666666666667,0.5769230769230769
2837,HyboNet,2,128,0.005,8,42,0.5433070866141733,0.8666666666666667,0.5769230769230769
2838,HyboNet,2,128,0.005,8,43,0.5433070866141733,0.8666666666666667,0.5769230769230769
2839,HyboNet,2,128,0.005,8,44,0.5433070866141733,0.8666666666666667,0.5769230769230769
2840,HyboNet,2,128,0.005,8,45,0.5433070866141733,0.8666666666666667,0.5769230769230769
2841,HyboNet,2,128,0.005,8,46,0.5433070866141733,0.8666666666666667,0.5769230769230769
2842,HyboNet,2,128,0.005,8,47,0.5354330708661418,0.8666666666666667,0.5769230769230769
2843,HyboNet,2,128,0.005,8,48,0.5354330708661418,0.8666666666666667,0.5769230769230769
2844,HyboNet,2,128,0.005,8,49,0.5433070866141733,0.9,0.5769230769230769
2845,HyboNet,2,128,0.005,8,5,0.5354330708661418,0.6,0.5769230769230769
2846,HyboNet,2,128,0.005,8,50,0.5433070866141733,0.9,0.5769230769230769
2847,HyboNet,2,128,0.005,8,51,0.5433070866141733,0.9333333333333333,0.5769230769230769
2848,HyboNet,2,128,0.005,8,52,0.5511811023622047,0.9333333333333333,0.6153846153846154
2849,HyboNet,2,128,0.005,8,53,0.5590551181102362,0.9333333333333333,0.6538461538461539
2850,HyboNet,2,128,0.005,8,54,0.5511811023622047,0.9333333333333333,0.6538461538461539
2851,HyboNet,2,128,0.005,8,55,0.5590551181102362,0.9666666666666667,0.6538461538461539
2852,HyboNet,2,128,0.005,8,56,0.5511811023622047,0.9666666666666667,0.6153846153846154
2853,HyboNet,2,128,0.005,8,57,0.5590551181102362,0.9666666666666667,0.5769230769230769
2854,HyboNet,2,128,0.005,8,58,0.5669291338582677,0.9666666666666667,0.5769230769230769
2855,HyboNet,2,128,0.005,8,59,0.5590551181102362,0.9666666666666667,0.5769230769230769
2856,HyboNet,2,128,0.005,8,6,0.5354330708661418,0.6,0.5769230769230769
2857,HyboNet,2,128,0.005,8,60,0.5669291338582677,0.9666666666666667,0.5769230769230769
2858,HyboNet,2,128,0.005,8,61,0.5669291338582677,0.9666666666666667,0.5769230769230769
2859,HyboNet,2,128,0.005,8,62,0.5590551181102362,0.9666666666666667,0.5769230769230769
2860,HyboNet,2,128,0.005,8,63,0.5590551181102362,0.9666666666666667,0.5769230769230769
2861,HyboNet,2,128,0.005,8,64,0.5669291338582677,0.9666666666666667,0.5769230769230769
2862,HyboNet,2,128,0.005,8,65,0.5748031496062992,0.9666666666666667,0.5769230769230769
2863,HyboNet,2,128,0.005,8,66,0.5748031496062992,0.9666666666666667,0.5769230769230769
2864,HyboNet,2,128,0.005,8,67,0.5748031496062992,0.9666666666666667,0.5769230769230769
2865,HyboNet,2,128,0.005,8,68,0.5748031496062992,0.9666666666666667,0.5769230769230769
2866,HyboNet,2,128,0.005,8,69,0.5748031496062992,0.9666666666666667,0.5769230769230769
2867,HyboNet,2,128,0.005,8,7,0.5354330708661418,0.6,0.5769230769230769
2868,HyboNet,2,128,0.005,8,70,0.5748031496062992,0.9666666666666667,0.5769230769230769
2869,HyboNet,2,128,0.005,8,71,0.5748031496062992,0.9666666666666667,0.5769230769230769
2870,HyboNet,2,128,0.005,8,72,0.5748031496062992,0.9666666666666667,0.5769230769230769
2871,HyboNet,2,128,0.005,8,73,0.5826771653543307,0.9666666666666667,0.6153846153846154
2872,HyboNet,2,128,0.005,8,74,0.5669291338582677,0.9666666666666667,0.6153846153846154
2873,HyboNet,2,128,0.005,8,75,0.5590551181102362,0.9666666666666667,0.6538461538461539
2874,HyboNet,2,128,0.005,8,76,0.5590551181102362,0.9666666666666667,0.6538461538461539
2875,HyboNet,2,128,0.005,8,77,0.5748031496062992,0.9666666666666667,0.6538461538461539
2876,HyboNet,2,128,0.005,8,78,0.5669291338582677,0.9666666666666667,0.6538461538461539
2877,HyboNet,2,128,0.005,8,79,0.5590551181102362,1.0,0.6538461538461539
2878,HyboNet,2,128,0.005,8,8,0.5354330708661418,0.6,0.5769230769230769
2879,HyboNet,2,128,0.005,8,80,0.5590551181102362,1.0,0.6538461538461539
2880,HyboNet,2,128,0.005,8,81,0.5590551181102362,1.0,0.6538461538461539
2881,HyboNet,2,128,0.005,8,82,0.5590551181102362,1.0,0.6538461538461539
2882,HyboNet,2,128,0.005,8,83,0.5590551181102362,1.0,0.6538461538461539
2883,HyboNet,2,128,0.005,8,84,0.5511811023622047,1.0,0.6153846153846154
2884,HyboNet,2,128,0.005,8,85,0.5511811023622047,1.0,0.6153846153846154
2885,HyboNet,2,128,0.005,8,86,0.5511811023622047,1.0,0.6153846153846154
2886,HyboNet,2,128,0.005,8,87,0.5511811023622047,1.0,0.6153846153846154
2887,HyboNet,2,128,0.005,8,88,0.5511811023622047,1.0,0.6153846153846154
2888,HyboNet,2,128,0.005,8,89,0.5590551181102362,1.0,0.6153846153846154
2889,HyboNet,2,128,0.005,8,9,0.5354330708661418,0.6,0.5769230769230769
2890,HyboNet,2,128,0.005,8,90,0.5590551181102362,1.0,0.6153846153846154
2891,HyboNet,2,128,0.005,8,91,0.5590551181102362,1.0,0.6153846153846154
2892,HyboNet,2,128,0.005,8,92,0.5590551181102362,1.0,0.6153846153846154
2893,HyboNet,2,128,0.005,8,93,0.5590551181102362,1.0,0.6153846153846154
2894,HyboNet,2,128,0.005,8,94,0.5590551181102362,1.0,0.6153846153846154
2895,HyboNet,2,128,0.005,8,95,0.5511811023622047,1.0,0.6153846153846154
2896,HyboNet,2,128,0.005,8,96,0.5433070866141733,1.0,0.6153846153846154
2897,HyboNet,2,128,0.005,8,97,0.5433070866141733,1.0,0.6153846153846154
2898,HyboNet,2,128,0.005,8,98,0.5511811023622047,1.0,0.6153846153846154
2899,HyboNet,2,128,0.005,8,99,0.5511811023622047,1.0,0.6153846153846154
2900,HyboNet,2,128,0.005,9,1,0.5354330708661418,0.6,0.5769230769230769
2901,HyboNet,2,128,0.005,9,10,0.5354330708661418,0.6,0.5769230769230769
2902,HyboNet,2,128,0.005,9,100,0.5511811023622047,1.0,0.5384615384615384
2903,HyboNet,2,128,0.005,9,11,0.5354330708661418,0.6,0.5769230769230769
2904,HyboNet,2,128,0.005,9,12,0.5354330708661418,0.6333333333333333,0.5769230769230769
2905,HyboNet,2,128,0.005,9,13,0.5354330708661418,0.6333333333333333,0.5769230769230769
2906,HyboNet,2,128,0.005,9,14,0.5354330708661418,0.6333333333333333,0.5769230769230769
2907,HyboNet,2,128,0.005,9,15,0.5354330708661418,0.6333333333333333,0.5769230769230769
2908,HyboNet,2,128,0.005,9,16,0.5433070866141733,0.6666666666666666,0.5769230769230769
2909,HyboNet,2,128,0.005,9,17,0.5433070866141733,0.7,0.5769230769230769
2910,HyboNet,2,128,0.005,9,18,0.5433070866141733,0.7,0.5769230769230769
2911,HyboNet,2,128,0.005,9,19,0.5511811023622047,0.7333333333333333,0.5769230769230769
2912,HyboNet,2,128,0.005,9,2,0.5354330708661418,0.6,0.5769230769230769
2913,HyboNet,2,128,0.005,9,20,0.5511811023622047,0.7333333333333333,0.5769230769230769
2914,HyboNet,2,128,0.005,9,21,0.5433070866141733,0.7333333333333333,0.5384615384615384
2915,HyboNet,2,128,0.005,9,22,0.5433070866141733,0.8,0.5384615384615384
2916,HyboNet,2,128,0.005,9,23,0.5748031496062992,0.8,0.5384615384615384
2917,HyboNet,2,128,0.005,9,24,0.5590551181102362,0.8,0.5769230769230769
2918,HyboNet,2,128,0.005,9,25,0.5669291338582677,0.8,0.5769230769230769
2919,HyboNet,2,128,0.005,9,26,0.5669291338582677,0.8,0.5769230769230769
2920,HyboNet,2,128,0.005,9,27,0.5669291338582677,0.8,0.5769230769230769
2921,HyboNet,2,128,0.005,9,28,0.5669291338582677,0.8,0.5769230769230769
2922,HyboNet,2,128,0.005,9,29,0.5669291338582677,0.8,0.5769230769230769
2923,HyboNet,2,128,0.005,9,3,0.5354330708661418,0.6,0.5769230769230769
2924,HyboNet,2,128,0.005,9,30,0.5669291338582677,0.8,0.5769230769230769
2925,HyboNet,2,128,0.005,9,31,0.5669291338582677,0.8,0.5769230769230769
2926,HyboNet,2,128,0.005,9,32,0.5590551181102362,0.8,0.5384615384615384
2927,HyboNet,2,128,0.005,9,33,0.5590551181102362,0.8,0.5384615384615384
2928,HyboNet,2,128,0.005,9,34,0.5590551181102362,0.8,0.5384615384615384
2929,HyboNet,2,128,0.005,9,35,0.5511811023622047,0.8,0.5384615384615384
2930,HyboNet,2,128,0.005,9,36,0.5511811023622047,0.8,0.5384615384615384
2931,HyboNet,2,128,0.005,9,37,0.5511811023622047,0.8,0.5384615384615384
2932,HyboNet,2,128,0.005,9,38,0.5511811023622047,0.8,0.5384615384615384
2933,HyboNet,2,128,0.005,9,39,0.5511811023622047,0.8,0.5384615384615384
2934,HyboNet,2,128,0.005,9,4,0.5354330708661418,0.6,0.5769230769230769
2935,HyboNet,2,128,0.005,9,40,0.5590551181102362,0.8,0.5384615384615384
2936,HyboNet,2,128,0.005,9,41,0.5590551181102362,0.8333333333333334,0.5384615384615384
2937,HyboNet,2,128,0.005,9,42,0.5590551181102362,0.8333333333333334,0.5384615384615384
2938,HyboNet,2,128,0.005,9,43,0.5511811023622047,0.8333333333333334,0.5769230769230769
2939,HyboNet,2,128,0.005,9,44,0.5433070866141733,0.8666666666666667,0.5769230769230769
2940,HyboNet,2,128,0.005,9,45,0.5433070866141733,0.8666666666666667,0.5769230769230769
2941,HyboNet,2,128,0.005,9,46,0.5433070866141733,0.8666666666666667,0.6153846153846154
2942,HyboNet,2,128,0.005,9,47,0.5433070866141733,0.8666666666666667,0.6153846153846154
2943,HyboNet,2,128,0.005,9,48,0.5433070866141733,0.8666666666666667,0.6538461538461539
2944,HyboNet,2,128,0.005,9,49,0.5354330708661418,0.9,0.6538461538461539
2945,HyboNet,2,128,0.005,9,5,0.5354330708661418,0.6,0.5769230769230769
2946,HyboNet,2,128,0.005,9,50,0.5354330708661418,0.9,0.6538461538461539
2947,HyboNet,2,128,0.005,9,51,0.5354330708661418,0.9,0.6538461538461539
2948,HyboNet,2,128,0.005,9,52,0.5354330708661418,0.9333333333333333,0.6153846153846154
2949,HyboNet,2,128,0.005,9,53,0.5354330708661418,0.9333333333333333,0.6153846153846154
2950,HyboNet,2,128,0.005,9,54,0.5354330708661418,0.9333333333333333,0.6153846153846154
2951,HyboNet,2,128,0.005,9,55,0.5354330708661418,0.9666666666666667,0.5769230769230769
2952,HyboNet,2,128,0.005,9,56,0.5511811023622047,0.9666666666666667,0.5769230769230769
2953,HyboNet,2,128,0.005,9,57,0.5511811023622047,0.9666666666666667,0.5769230769230769
2954,HyboNet,2,128,0.005,9,58,0.5433070866141733,0.9666666666666667,0.5769230769230769
2955,HyboNet,2,128,0.005,9,59,0.5433070866141733,0.9666666666666667,0.5769230769230769
2956,HyboNet,2,128,0.005,9,6,0.5354330708661418,0.6,0.5769230769230769
2957,HyboNet,2,128,0.005,9,60,0.5511811023622047,0.9666666666666667,0.5769230769230769
2958,HyboNet,2,128,0.005,9,61,0.5511811023622047,0.9666666666666667,0.5769230769230769
2959,HyboNet,2,128,0.005,9,62,0.5433070866141733,0.9666666666666667,0.5769230769230769
2960,HyboNet,2,128,0.005,9,63,0.5354330708661418,0.9666666666666667,0.5769230769230769
2961,HyboNet,2,128,0.005,9,64,0.5590551181102362,0.9666666666666667,0.5769230769230769
2962,HyboNet,2,128,0.005,9,65,0.5590551181102362,0.9666666666666667,0.5769230769230769
2963,HyboNet,2,128,0.005,9,66,0.5905511811023622,0.9666666666666667,0.5769230769230769
2964,HyboNet,2,128,0.005,9,67,0.5826771653543307,0.9666666666666667,0.5769230769230769
2965,HyboNet,2,128,0.005,9,68,0.5748031496062992,1.0,0.5769230769230769
2966,HyboNet,2,128,0.005,9,69,0.5826771653543307,1.0,0.5769230769230769
2967,HyboNet,2,128,0.005,9,7,0.5354330708661418,0.6,0.5769230769230769
2968,HyboNet,2,128,0.005,9,70,0.5826771653543307,1.0,0.6153846153846154
2969,HyboNet,2,128,0.005,9,71,0.5826771653543307,1.0,0.6153846153846154
2970,HyboNet,2,128,0.005,9,72,0.5826771653543307,1.0,0.6153846153846154
2971,HyboNet,2,128,0.005,9,73,0.5748031496062992,0.9666666666666667,0.6153846153846154
2972,HyboNet,2,128,0.005,9,74,0.5748031496062992,1.0,0.6153846153846154
2973,HyboNet,2,128,0.005,9,75,0.5748031496062992,1.0,0.6538461538461539
2974,HyboNet,2,128,0.005,9,76,0.5748031496062992,1.0,0.6538461538461539
2975,HyboNet,2,128,0.005,9,77,0.5748031496062992,1.0,0.6538461538461539
2976,HyboNet,2,128,0.005,9,78,0.5590551181102362,1.0,0.6538461538461539
2977,HyboNet,2,128,0.005,9,79,0.5511811023622047,1.0,0.6153846153846154
2978,HyboNet,2,128,0.005,9,8,0.5354330708661418,0.6,0.5769230769230769
2979,HyboNet,2,128,0.005,9,80,0.5511811023622047,1.0,0.6153846153846154
2980,HyboNet,2,128,0.005,9,81,0.5511811023622047,1.0,0.6153846153846154
2981,HyboNet,2,128,0.005,9,82,0.5511811023622047,1.0,0.6153846153846154
2982,HyboNet,2,128,0.005,9,83,0.5511811023622047,1.0,0.6153846153846154
2983,HyboNet,2,128,0.005,9,84,0.5511811023622047,1.0,0.6153846153846154
2984,HyboNet,2,128,0.005,9,85,0.5511811023622047,1.0,0.6153846153846154
2985,HyboNet,2,128,0.005,9,86,0.5511811023622047,1.0,0.6153846153846154
2986,HyboNet,2,128,0.005,9,87,0.5433070866141733,1.0,0.5769230769230769
2987,HyboNet,2,128,0.005,9,88,0.5433070866141733,1.0,0.5769230769230769
2988,HyboNet,2,128,0.005,9,89,0.5433070866141733,1.0,0.6153846153846154
2989,HyboNet,2,128,0.005,9,9,0.5354330708661418,0.6,0.5769230769230769
2990,HyboNet,2,128,0.005,9,90,0.5433070866141733,1.0,0.5769230769230769
2991,HyboNet,2,128,0.005,9,91,0.5511811023622047,1.0,0.5769230769230769
2992,HyboNet,2,128,0.005,9,92,0.5511811023622047,1.0,0.5769230769230769
2993,HyboNet,2,128,0.005,9,93,0.5511811023622047,1.0,0.5769230769230769
2994,HyboNet,2,128,0.005,9,94,0.5511811023622047,1.0,0.5384615384615384
2995,HyboNet,2,128,0.005,9,95,0.5511811023622047,1.0,0.5384615384615384
2996,HyboNet,2,128,0.005,9,96,0.5511811023622047,1.0,0.5384615384615384
2997,HyboNet,2,128,0.005,9,97,0.5511811023622047,1.0,0.5384615384615384
2998,HyboNet,2,128,0.005,9,98,0.5511811023622047,1.0,0.5384615384615384
2999,HyboNet,2,128,0.005,9,99,0.5511811023622047,1.0,0.5384615384615384
3000,HyboNet,2,256,0.0002,1,1,0.5039370078740157,0.6,0.5769230769230769
3001,HyboNet,2,256,0.0002,1,10,0.5354330708661418,0.6,0.5769230769230769
3002,HyboNet,2,256,0.0002,1,100,0.49606299212598426,1.0,0.6153846153846154
3003,HyboNet,2,256,0.0002,1,11,0.5354330708661418,0.6,0.5769230769230769
3004,HyboNet,2,256,0.0002,1,12,0.5354330708661418,0.6666666666666666,0.5769230769230769
3005,HyboNet,2,256,0.0002,1,13,0.5354330708661418,0.7333333333333333,0.5769230769230769
3006,HyboNet,2,256,0.0002,1,14,0.5275590551181102,0.7333333333333333,0.5769230769230769
3007,HyboNet,2,256,0.0002,1,15,0.5275590551181102,0.7666666666666667,0.5769230769230769
3008,HyboNet,2,256,0.0002,1,16,0.5196850393700787,0.7666666666666667,0.5769230769230769
3009,HyboNet,2,256,0.0002,1,17,0.5196850393700787,0.8,0.5769230769230769
3010,HyboNet,2,256,0.0002,1,18,0.5196850393700787,0.8,0.5384615384615384
3011,HyboNet,2,256,0.0002,1,19,0.5196850393700787,0.7666666666666667,0.5384615384615384
3012,HyboNet,2,256,0.0002,1,2,0.5354330708661418,0.6,0.5769230769230769
3013,HyboNet,2,256,0.0002,1,20,0.5196850393700787,0.7666666666666667,0.5384615384615384
3014,HyboNet,2,256,0.0002,1,21,0.5196850393700787,0.7666666666666667,0.5384615384615384
3015,HyboNet,2,256,0.0002,1,22,0.5275590551181102,0.7666666666666667,0.5384615384615384
3016,HyboNet,2,256,0.0002,1,23,0.5354330708661418,0.7666666666666667,0.5384615384615384
3017,HyboNet,2,256,0.0002,1,24,0.5354330708661418,0.7666666666666667,0.5384615384615384
3018,HyboNet,2,256,0.0002,1,25,0.5354330708661418,0.7666666666666667,0.5384615384615384
3019,HyboNet,2,256,0.0002,1,26,0.5354330708661418,0.7666666666666667,0.5384615384615384
3020,HyboNet,2,256,0.0002,1,27,0.5275590551181102,0.7666666666666667,0.5384615384615384
3021,HyboNet,2,256,0.0002,1,28,0.5196850393700787,0.7666666666666667,0.5384615384615384
3022,HyboNet,2,256,0.0002,1,29,0.5354330708661418,0.7666666666666667,0.5384615384615384
3023,HyboNet,2,256,0.0002,1,3,0.5354330708661418,0.6,0.5769230769230769
3024,HyboNet,2,256,0.0002,1,30,0.5354330708661418,0.8,0.5384615384615384
3025,HyboNet,2,256,0.0002,1,31,0.5354330708661418,0.8,0.5384615384615384
3026,HyboNet,2,256,0.0002,1,32,0.5354330708661418,0.8,0.5384615384615384
3027,HyboNet,2,256,0.0002,1,33,0.5433070866141733,0.8,0.5384615384615384
3028,HyboNet,2,256,0.0002,1,34,0.5433070866141733,0.8,0.5384615384615384
3029,HyboNet,2,256,0.0002,1,35,0.5511811023622047,0.8,0.5384615384615384
3030,HyboNet,2,256,0.0002,1,36,0.5669291338582677,0.8,0.5384615384615384
3031,HyboNet,2,256,0.0002,1,37,0.5669291338582677,0.8,0.5769230769230769
3032,HyboNet,2,256,0.0002,1,38,0.5748031496062992,0.8,0.6153846153846154
3033,HyboNet,2,256,0.0002,1,39,0.5748031496062992,0.8333333333333334,0.5769230769230769
3034,HyboNet,2,256,0.0002,1,4,0.5354330708661418,0.6,0.5769230769230769
3035,HyboNet,2,256,0.0002,1,40,0.5748031496062992,0.8333333333333334,0.5769230769230769
3036,HyboNet,2,256,0.0002,1,41,0.5669291338582677,0.8333333333333334,0.5769230769230769
3037,HyboNet,2,256,0.0002,1,42,0.5511811023622047,0.8333333333333334,0.5769230769230769
3038,HyboNet,2,256,0.0002,1,43,0.5433070866141733,0.8666666666666667,0.5769230769230769
3039,HyboNet,2,256,0.0002,1,44,0.5433070866141733,0.8666666666666667,0.5769230769230769
3040,HyboNet,2,256,0.0002,1,45,0.5433070866141733,0.8666666666666667,0.5769230769230769
3041,HyboNet,2,256,0.0002,1,46,0.5433070866141733,0.8666666666666667,0.6153846153846154
3042,HyboNet,2,256,0.0002,1,47,0.5433070866141733,0.8666666666666667,0.6153846153846154
3043,HyboNet,2,256,0.0002,1,48,0.5433070866141733,0.8666666666666667,0.6153846153846154
3044,HyboNet,2,256,0.0002,1,49,0.5433070866141733,0.8666666666666667,0.6153846153846154
3045,HyboNet,2,256,0.0002,1,5,0.5354330708661418,0.6,0.5769230769230769
3046,HyboNet,2,256,0.0002,1,50,0.5433070866141733,0.8666666666666667,0.6153846153846154
3047,HyboNet,2,256,0.0002,1,51,0.5433070866141733,0.8666666666666667,0.6153846153846154
3048,HyboNet,2,256,0.0002,1,52,0.5433070866141733,0.8666666666666667,0.6153846153846154
3049,HyboNet,2,256,0.0002,1,53,0.5433070866141733,0.9,0.6153846153846154
3050,HyboNet,2,256,0.0002,1,54,0.5433070866141733,0.9,0.6153846153846154
3051,HyboNet,2,256,0.0002,1,55,0.5354330708661418,0.9333333333333333,0.5769230769230769
3052,HyboNet,2,256,0.0002,1,56,0.5275590551181102,0.9333333333333333,0.5769230769230769
3053,HyboNet,2,256,0.0002,1,57,0.5196850393700787,0.9333333333333333,0.5769230769230769
3054,HyboNet,2,256,0.0002,1,58,0.5118110236220472,0.9333333333333333,0.5769230769230769
3055,HyboNet,2,256,0.0002,1,59,0.5039370078740157,0.9333333333333333,0.5769230769230769
3056,HyboNet,2,256,0.0002,1,6,0.5354330708661418,0.6,0.5769230769230769
3057,HyboNet,2,256,0.0002,1,60,0.5039370078740157,0.9333333333333333,0.5769230769230769
3058,HyboNet,2,256,0.0002,1,61,0.5118110236220472,0.9333333333333333,0.5769230769230769
3059,HyboNet,2,256,0.0002,1,62,0.5196850393700787,0.9333333333333333,0.5769230769230769
3060,HyboNet,2,256,0.0002,1,63,0.5196850393700787,0.9333333333333333,0.5769230769230769
3061,HyboNet,2,256,0.0002,1,64,0.5275590551181102,0.9666666666666667,0.5769230769230769
3062,HyboNet,2,256,0.0002,1,65,0.5354330708661418,1.0,0.5769230769230769
3063,HyboNet,2,256,0.0002,1,66,0.5275590551181102,0.9666666666666667,0.5769230769230769
3064,HyboNet,2,256,0.0002,1,67,0.5354330708661418,0.9666666666666667,0.5769230769230769
3065,HyboNet,2,256,0.0002,1,68,0.5354330708661418,0.9666666666666667,0.5769230769230769
3066,HyboNet,2,256,0.0002,1,69,0.5354330708661418,0.9666666666666667,0.5769230769230769
3067,HyboNet,2,256,0.0002,1,7,0.5354330708661418,0.6,0.5769230769230769
3068,HyboNet,2,256,0.0002,1,70,0.5354330708661418,0.9666666666666667,0.5769230769230769
3069,HyboNet,2,256,0.0002,1,71,0.5354330708661418,0.9666666666666667,0.5769230769230769
3070,HyboNet,2,256,0.0002,1,72,0.5354330708661418,0.9666666666666667,0.5769230769230769
3071,HyboNet,2,256,0.0002,1,73,0.5275590551181102,0.9666666666666667,0.5769230769230769
3072,HyboNet,2,256,0.0002,1,74,0.5275590551181102,1.0,0.5769230769230769
3073,HyboNet,2,256,0.0002,1,75,0.5275590551181102,1.0,0.5769230769230769
3074,HyboNet,2,256,0.0002,1,76,0.5275590551181102,1.0,0.5769230769230769
3075,HyboNet,2,256,0.0002,1,77,0.5275590551181102,1.0,0.5769230769230769
3076,HyboNet,2,256,0.0002,1,78,0.5196850393700787,1.0,0.5769230769230769
3077,HyboNet,2,256,0.0002,1,79,0.5196850393700787,1.0,0.5769230769230769
3078,HyboNet,2,256,0.0002,1,8,0.5354330708661418,0.6,0.5769230769230769
3079,HyboNet,2,256,0.0002,1,80,0.5196850393700787,1.0,0.5769230769230769
3080,HyboNet,2,256,0.0002,1,81,0.5196850393700787,1.0,0.5769230769230769
3081,HyboNet,2,256,0.0002,1,82,0.5275590551181102,1.0,0.5769230769230769
3082,HyboNet,2,256,0.0002,1,83,0.5118110236220472,1.0,0.5769230769230769
3083,HyboNet,2,256,0.0002,1,84,0.5118110236220472,1.0,0.5769230769230769
3084,HyboNet,2,256,0.0002,1,85,0.5196850393700787,1.0,0.5769230769230769
3085,HyboNet,2,256,0.0002,1,86,0.5196850393700787,1.0,0.5769230769230769
3086,HyboNet,2,256,0.0002,1,87,0.5196850393700787,1.0,0.6153846153846154
3087,HyboNet,2,256,0.0002,1,88,0.5039370078740157,1.0,0.6153846153846154
3088,HyboNet,2,256,0.0002,1,89,0.5039370078740157,1.0,0.6153846153846154
3089,HyboNet,2,256,0.0002,1,9,0.5354330708661418,0.6,0.5769230769230769
3090,HyboNet,2,256,0.0002,1,90,0.5039370078740157,1.0,0.6153846153846154
3091,HyboNet,2,256,0.0002,1,91,0.49606299212598426,1.0,0.6153846153846154
3092,HyboNet,2,256,0.0002,1,92,0.49606299212598426,1.0,0.6153846153846154
3093,HyboNet,2,256,0.0002,1,93,0.49606299212598426,1.0,0.6153846153846154
3094,HyboNet,2,256,0.0002,1,94,0.49606299212598426,1.0,0.6538461538461539
3095,HyboNet,2,256,0.0002,1,95,0.49606299212598426,1.0,0.6538461538461539
3096,HyboNet,2,256,0.0002,1,96,0.5039370078740157,1.0,0.6538461538461539
3097,HyboNet,2,256,0.0002,1,97,0.5039370078740157,1.0,0.6153846153846154
3098,HyboNet,2,256,0.0002,1,98,0.5039370078740157,1.0,0.6153846153846154
3099,HyboNet,2,256,0.0002,1,99,0.49606299212598426,1.0,0.6153846153846154
3100,HyboNet,2,256,0.0002,10,1,0.25984251968503935,0.36666666666666664,0.11538461538461539
3101,HyboNet,2,256,0.0002,10,10,0.5354330708661418,0.6,0.5769230769230769
3102,HyboNet,2,256,0.0002,10,100,0.5118110236220472,1.0,0.5769230769230769
3103,HyboNet,2,256,0.0002,10,11,0.5354330708661418,0.6,0.5769230769230769
3104,HyboNet,2,256,0.0002,10,12,0.5354330708661418,0.6,0.5769230769230769
3105,HyboNet,2,256,0.0002,10,13,0.5354330708661418,0.6,0.5769230769230769
3106,HyboNet,2,256,0.0002,10,14,0.5354330708661418,0.6666666666666666,0.5769230769230769
3107,HyboNet,2,256,0.0002,10,15,0.5354330708661418,0.7,0.5769230769230769
3108,HyboNet,2,256,0.0002,10,16,0.5354330708661418,0.7,0.5769230769230769
3109,HyboNet,2,256,0.0002,10,17,0.5354330708661418,0.7333333333333333,0.5769230769230769
3110,HyboNet,2,256,0.0002,10,18,0.5433070866141733,0.7666666666666667,0.5384615384615384
3111,HyboNet,2,256,0.0002,10,19,0.5433070866141733,0.7666666666666667,0.5
3112,HyboNet,2,256,0.0002,10,2,0.4409448818897638,0.5,0.46153846153846156
3113,HyboNet,2,256,0.0002,10,20,0.5354330708661418,0.7666666666666667,0.5
3114,HyboNet,2,256,0.0002,10,21,0.5354330708661418,0.7666666666666667,0.5
3115,HyboNet,2,256,0.0002,10,22,0.5275590551181102,0.7666666666666667,0.5
3116,HyboNet,2,256,0.0002,10,23,0.5196850393700787,0.7666666666666667,0.5
3117,HyboNet,2,256,0.0002,10,24,0.5196850393700787,0.7666666666666667,0.5
3118,HyboNet,2,256,0.0002,10,25,0.5275590551181102,0.7666666666666667,0.5
3119,HyboNet,2,256,0.0002,10,26,0.5354330708661418,0.7666666666666667,0.5
3120,HyboNet,2,256,0.0002,10,27,0.5354330708661418,0.7666666666666667,0.5
3121,HyboNet,2,256,0.0002,10,28,0.5354330708661418,0.7666666666666667,0.5
3122,HyboNet,2,256,0.0002,10,29,0.5433070866141733,0.7666666666666667,0.5
3123,HyboNet,2,256,0.0002,10,3,0.5275590551181102,0.6,0.5769230769230769
3124,HyboNet,2,256,0.0002,10,30,0.5433070866141733,0.7666666666666667,0.5
3125,HyboNet,2,256,0.0002,10,31,0.5433070866141733,0.7666666666666667,0.5
3126,HyboNet,2,256,0.0002,10,32,0.5433070866141733,0.7666666666666667,0.5
3127,HyboNet,2,256,0.0002,10,33,0.5433070866141733,0.7666666666666667,0.5384615384615384
3128,HyboNet,2,256,0.0002,10,34,0.5433070866141733,0.7666666666666667,0.5384615384615384
3129,HyboNet,2,256,0.0002,10,35,0.5433070866141733,0.7666666666666667,0.5384615384615384
3130,HyboNet,2,256,0.0002,10,36,0.5433070866141733,0.7666666666666667,0.5384615384615384
3131,HyboNet,2,256,0.0002,10,37,0.5511811023622047,0.7666666666666667,0.5384615384615384
3132,HyboNet,2,256,0.0002,10,38,0.5511811023622047,0.7666666666666667,0.5384615384615384
3133,HyboNet,2,256,0.0002,10,39,0.5511811023622047,0.8,0.5384615384615384
3134,HyboNet,2,256,0.0002,10,4,0.5354330708661418,0.6,0.5769230769230769
3135,HyboNet,2,256,0.0002,10,40,0.5590551181102362,0.8,0.5384615384615384
3136,HyboNet,2,256,0.0002,10,41,0.5590551181102362,0.8,0.5
3137,HyboNet,2,256,0.0002,10,42,0.5590551181102362,0.8,0.5
3138,HyboNet,2,256,0.0002,10,43,0.5511811023622047,0.8,0.5
3139,HyboNet,2,256,0.0002,10,44,0.5354330708661418,0.8333333333333334,0.5
3140,HyboNet,2,256,0.0002,10,45,0.5275590551181102,0.8333333333333334,0.5
3141,HyboNet,2,256,0.0002,10,46,0.5275590551181102,0.8666666666666667,0.5384615384615384
3142,HyboNet,2,256,0.0002,10,47,0.5354330708661418,0.8666666666666667,0.5384615384615384
3143,HyboNet,2,256,0.0002,10,48,0.5354330708661418,0.8666666666666667,0.5384615384615384
3144,HyboNet,2,256,0.0002,10,49,0.5354330708661418,0.8666666666666667,0.5384615384615384
3145,HyboNet,2,256,0.0002,10,5,0.5354330708661418,0.6,0.5769230769230769
3146,HyboNet,2,256,0.0002,10,50,0.5354330708661418,0.8666666666666667,0.5384615384615384
3147,HyboNet,2,256,0.0002,10,51,0.5354330708661418,0.8666666666666667,0.5
3148,HyboNet,2,256,0.0002,10,52,0.5354330708661418,0.8666666666666667,0.5
3149,HyboNet,2,256,0.0002,10,53,0.5275590551181102,0.8666666666666667,0.5
3150,HyboNet,2,256,0.0002,10,54,0.5275590551181102,0.8666666666666667,0.5384615384615384
3151,HyboNet,2,256,0.0002,10,55,0.5354330708661418,0.8666666666666667,0.5384615384615384
3152,HyboNet,2,256,0.0002,10,56,0.5275590551181102,0.8666666666666667,0.5769230769230769
3153,HyboNet,2,256,0.0002,10,57,0.5196850393700787,0.9,0.5769230769230769
3154,HyboNet,2,256,0.0002,10,58,0.5196850393700787,0.9,0.5769230769230769
3155,HyboNet,2,256,0.0002,10,59,0.5196850393700787,0.9,0.5769230769230769
3156,HyboNet,2,256,0.0002,10,6,0.5354330708661418,0.6,0.5769230769230769
3157,HyboNet,2,256,0.0002,10,60,0.5196850393700787,0.9333333333333333,0.5769230769230769
3158,HyboNet,2,256,0.0002,10,61,0.5118110236220472,0.9333333333333333,0.5769230769230769
3159,HyboNet,2,256,0.0002,10,62,0.5039370078740157,0.9333333333333333,0.5769230769230769
3160,HyboNet,2,256,0.0002,10,63,0.5039370078740157,0.9333333333333333,0.5769230769230769
3161,HyboNet,2,256,0.0002,10,64,0.49606299212598426,0.9333333333333333,0.5769230769230769
3162,HyboNet,2,256,0.0002,10,65,0.49606299212598426,0.9333333333333333,0.5769230769230769
3163,HyboNet,2,256,0.0002,10,66,0.49606299212598426,0.9333333333333333,0.5769230769230769
3164,HyboNet,2,256,0.0002,10,67,0.5039370078740157,0.9666666666666667,0.5769230769230769
3165,HyboNet,2,256,0.0002,10,68,0.5039370078740157,0.9666666666666667,0.5769230769230769
3166,HyboNet,2,256,0.0002,10,69,0.5118110236220472,0.9666666666666667,0.5769230769230769
3167,HyboNet,2,256,0.0002,10,7,0.5354330708661418,0.6,0.5769230769230769
3168,HyboNet,2,256,0.0002,10,70,0.5196850393700787,0.9666666666666667,0.5769230769230769
3169,HyboNet,2,256,0.0002,10,71,0.5196850393700787,0.9666666666666667,0.5769230769230769
3170,HyboNet,2,256,0.0002,10,72,0.5118110236220472,0.9666666666666667,0.5769230769230769
3171,HyboNet,2,256,0.0002,10,73,0.5039370078740157,0.9666666666666667,0.5769230769230769
3172,HyboNet,2,256,0.0002,10,74,0.5039370078740157,0.9666666666666667,0.5769230769230769
3173,HyboNet,2,256,0.0002,10,75,0.5039370078740157,0.9666666666666667,0.6153846153846154
3174,HyboNet,2,256,0.0002,10,76,0.5039370078740157,0.9666666666666667,0.6153846153846154
3175,HyboNet,2,256,0.0002,10,77,0.5039370078740157,1.0,0.6153846153846154
3176,HyboNet,2,256,0.0002,10,78,0.49606299212598426,1.0,0.6153846153846154
3177,HyboNet,2,256,0.0002,10,79,0.5039370078740157,1.0,0.6153846153846154
3178,HyboNet,2,256,0.0002,10,8,0.5354330708661418,0.6,0.5769230769230769
3179,HyboNet,2,256,0.0002,10,80,0.5118110236220472,1.0,0.6153846153846154
3180,HyboNet,2,256,0.0002,10,81,0.5118110236220472,1.0,0.6153846153846154
3181,HyboNet,2,256,0.0002,10,82,0.5196850393700787,1.0,0.6153846153846154
3182,HyboNet,2,256,0.0002,10,83,0.5275590551181102,1.0,0.6153846153846154
3183,HyboNet,2,256,0.0002,10,84,0.5196850393700787,1.0,0.6153846153846154
3184,HyboNet,2,256,0.0002,10,85,0.5275590551181102,1.0,0.6153846153846154
3185,HyboNet,2,256,0.0002,10,86,0.5275590551181102,1.0,0.6153846153846154
3186,HyboNet,2,256,0.0002,10,87,0.5118110236220472,1.0,0.6153846153846154
3187,HyboNet,2,256,0.0002,10,88,0.5039370078740157,1.0,0.6153846153846154
3188,HyboNet,2,256,0.0002,10,89,0.5118110236220472,1.0,0.6153846153846154
3189,HyboNet,2,256,0.0002,10,9,0.5354330708661418,0.6,0.5769230769230769
3190,HyboNet,2,256,0.0002,10,90,0.5118110236220472,1.0,0.6153846153846154
3191,HyboNet,2,256,0.0002,10,91,0.5118110236220472,1.0,0.6153846153846154
3192,HyboNet,2,256,0.0002,10,92,0.5039370078740157,1.0,0.6153846153846154
3193,HyboNet,2,256,0.0002,10,93,0.5118110236220472,1.0,0.6153846153846154
3194,HyboNet,2,256,0.0002,10,94,0.5196850393700787,1.0,0.6153846153846154
3195,HyboNet,2,256,0.0002,10,95,0.5196850393700787,1.0,0.6153846153846154
3196,HyboNet,2,256,0.0002,10,96,0.5196850393700787,1.0,0.5769230769230769
3197,HyboNet,2,256,0.0002,10,97,0.5196850393700787,1.0,0.5769230769230769
3198,HyboNet,2,256,0.0002,10,98,0.5196850393700787,1.0,0.5769230769230769
3199,HyboNet,2,256,0.0002,10,99,0.5196850393700787,1.0,0.5769230769230769
3200,HyboNet,2,256,0.0002,2,1,0.5196850393700787,0.6,0.5384615384615384
3201,HyboNet,2,256,0.0002,2,10,0.5433070866141733,0.6333333333333333,0.5769230769230769
3202,HyboNet,2,256,0.0002,2,100,0.5511811023622047,1.0,0.5769230769230769
3203,HyboNet,2,256,0.0002,2,11,0.5511811023622047,0.6333333333333333,0.5769230769230769
3204,HyboNet,2,256,0.0002,2,12,0.5511811023622047,0.6333333333333333,0.5769230769230769
3205,HyboNet,2,256,0.0002,2,13,0.5433070866141733,0.6333333333333333,0.5769230769230769
3206,HyboNet,2,256,0.0002,2,14,0.5433070866141733,0.7,0.5769230769230769
3207,HyboNet,2,256,0.0002,2,15,0.5590551181102362,0.7333333333333333,0.5769230769230769
3208,HyboNet,2,256,0.0002,2,16,0.5511811023622047,0.7666666666666667,0.5384615384615384
3209,HyboNet,2,256,0.0002,2,17,0.5511811023622047,0.8,0.5384615384615384
3210,HyboNet,2,256,0.0002,2,18,0.5433070866141733,0.8,0.5384615384615384
3211,HyboNet,2,256,0.0002,2,19,0.5433070866141733,0.8,0.5769230769230769
3212,HyboNet,2,256,0.0002,2,2,0.5354330708661418,0.6333333333333333,0.5769230769230769
3213,HyboNet,2,256,0.0002,2,20,0.5433070866141733,0.8,0.5769230769230769
3214,HyboNet,2,256,0.0002,2,21,0.5433070866141733,0.8,0.5769230769230769
3215,HyboNet,2,256,0.0002,2,22,0.5433070866141733,0.8,0.5769230769230769
3216,HyboNet,2,256,0.0002,2,23,0.5433070866141733,0.8,0.5769230769230769
3217,HyboNet,2,256,0.0002,2,24,0.5433070866141733,0.8,0.5769230769230769
3218,HyboNet,2,256,0.0002,2,25,0.5433070866141733,0.8,0.5769230769230769
3219,HyboNet,2,256,0.0002,2,26,0.5433070866141733,0.8,0.5384615384615384
3220,HyboNet,2,256,0.0002,2,27,0.5433070866141733,0.8,0.5384615384615384
3221,HyboNet,2,256,0.0002,2,28,0.5433070866141733,0.8,0.5384615384615384
3222,HyboNet,2,256,0.0002,2,29,0.5433070866141733,0.8,0.5384615384615384
3223,HyboNet,2,256,0.0002,2,3,0.5354330708661418,0.6,0.5769230769230769
3224,HyboNet,2,256,0.0002,2,30,0.5354330708661418,0.8,0.5384615384615384
3225,HyboNet,2,256,0.0002,2,31,0.5354330708661418,0.8,0.5384615384615384
3226,HyboNet,2,256,0.0002,2,32,0.5275590551181102,0.8,0.5384615384615384
3227,HyboNet,2,256,0.0002,2,33,0.5275590551181102,0.8,0.5384615384615384
3228,HyboNet,2,256,0.0002,2,34,0.5354330708661418,0.8,0.5384615384615384
3229,HyboNet,2,256,0.0002,2,35,0.5354330708661418,0.8,0.5384615384615384
3230,HyboNet,2,256,0.0002,2,36,0.5433070866141733,0.8,0.5384615384615384
3231,HyboNet,2,256,0.0002,2,37,0.5433070866141733,0.8,0.5
3232,HyboNet,2,256,0.0002,2,38,0.5354330708661418,0.8,0.46153846153846156
3233,HyboNet,2,256,0.0002,2,39,0.5275590551181102,0.8,0.46153846153846156
3234,HyboNet,2,256,0.0002,2,4,0.5354330708661418,0.6,0.5769230769230769
3235,HyboNet,2,256,0.0002,2,40,0.5275590551181102,0.8333333333333334,0.46153846153846156
3236,HyboNet,2,256,0.0002,2,41,0.5275590551181102,0.8333333333333334,0.46153846153846156
3237,HyboNet,2,256,0.0002,2,42,0.5275590551181102,0.8333333333333334,0.5384615384615384
3238,HyboNet,2,256,0.0002,2,43,0.5275590551181102,0.8666666666666667,0.5384615384615384
3239,HyboNet,2,256,0.0002,2,44,0.5275590551181102,0.8666666666666667,0.5384615384615384
3240,HyboNet,2,256,0.0002,2,45,0.5275590551181102,0.8666666666666667,0.5384615384615384
3241,HyboNet,2,256,0.0002,2,46,0.5275590551181102,0.8666666666666667,0.5769230769230769
3242,HyboNet,2,256,0.0002,2,47,0.5354330708661418,0.8666666666666667,0.5769230769230769
3243,HyboNet,2,256,0.0002,2,48,0.5354330708661418,0.8666666666666667,0.5769230769230769
3244,HyboNet,2,256,0.0002,2,49,0.5275590551181102,0.8666666666666667,0.5769230769230769
3245,HyboNet,2,256,0.0002,2,5,0.5354330708661418,0.6333333333333333,0.5769230769230769
3246,HyboNet,2,256,0.0002,2,50,0.5354330708661418,0.8666666666666667,0.5769230769230769
3247,HyboNet,2,256,0.0002,2,51,0.5354330708661418,0.8666666666666667,0.5769230769230769
3248,HyboNet,2,256,0.0002,2,52,0.5354330708661418,0.9,0.5769230769230769
3249,HyboNet,2,256,0.0002,2,53,0.5354330708661418,0.9333333333333333,0.5769230769230769
3250,HyboNet,2,256,0.0002,2,54,0.5433070866141733,0.9333333333333333,0.5769230769230769
3251,HyboNet,2,256,0.0002,2,55,0.5354330708661418,0.9333333333333333,0.5769230769230769
3252,HyboNet,2,256,0.0002,2,56,0.5433070866141733,0.9333333333333333,0.5769230769230769
3253,HyboNet,2,256,0.0002,2,57,0.5433070866141733,0.9333333333333333,0.5769230769230769
3254,HyboNet,2,256,0.0002,2,58,0.5354330708661418,0.9666666666666667,0.5769230769230769
3255,HyboNet,2,256,0.0002,2,59,0.5354330708661418,0.9666666666666667,0.5769230769230769
3256,HyboNet,2,256,0.0002,2,6,0.5354330708661418,0.6333333333333333,0.5769230769230769
3257,HyboNet,2,256,0.0002,2,60,0.5433070866141733,0.9666666666666667,0.5769230769230769
3258,HyboNet,2,256,0.0002,2,61,0.5433070866141733,0.9666666666666667,0.5769230769230769
3259,HyboNet,2,256,0.0002,2,62,0.5433070866141733,0.9666666666666667,0.5769230769230769
3260,HyboNet,2,256,0.0002,2,63,0.5511811023622047,0.9333333333333333,0.5769230769230769
3261,HyboNet,2,256,0.0002,2,64,0.5511811023622047,0.9333333333333333,0.5769230769230769
3262,HyboNet,2,256,0.0002,2,65,0.5433070866141733,0.9333333333333333,0.5769230769230769
3263,HyboNet,2,256,0.0002,2,66,0.5433070866141733,1.0,0.5769230769230769
3264,HyboNet,2,256,0.0002,2,67,0.5433070866141733,1.0,0.5769230769230769
3265,HyboNet,2,256,0.0002,2,68,0.5354330708661418,1.0,0.5769230769230769
3266,HyboNet,2,256,0.0002,2,69,0.5433070866141733,1.0,0.5769230769230769
3267,HyboNet,2,256,0.0002,2,7,0.5354330708661418,0.6333333333333333,0.5769230769230769
3268,HyboNet,2,256,0.0002,2,70,0.5433070866141733,1.0,0.6153846153846154
3269,HyboNet,2,256,0.0002,2,71,0.5511811023622047,1.0,0.6153846153846154
3270,HyboNet,2,256,0.0002,2,72,0.5511811023622047,1.0,0.6153846153846154
3271,HyboNet,2,256,0.0002,2,73,0.5433070866141733,1.0,0.6153846153846154
3272,HyboNet,2,256,0.0002,2,74,0.5433070866141733,1.0,0.6153846153846154
3273,HyboNet,2,256,0.0002,2,75,0.5433070866141733,1.0,0.6153846153846154
3274,HyboNet,2,256,0.0002,2,76,0.5433070866141733,1.0,0.6153846153846154
3275,HyboNet,2,256,0.0002,2,77,0.5433070866141733,1.0,0.6153846153846154
3276,HyboNet,2,256,0.0002,2,78,0.5511811023622047,1.0,0.6153846153846154
3277,HyboNet,2,256,0.0002,2,79,0.5511811023622047,1.0,0.6153846153846154
3278,HyboNet,2,256,0.0002,2,8,0.5354330708661418,0.6333333333333333,0.5769230769230769
3279,HyboNet,2,256,0.0002,2,80,0.5511811023622047,1.0,0.6153846153846154
3280,HyboNet,2,256,0.0002,2,81,0.5511811023622047,1.0,0.6153846153846154
3281,HyboNet,2,256,0.0002,2,82,0.5511811023622047,1.0,0.6153846153846154
3282,HyboNet,2,256,0.0002,2,83,0.5433070866141733,1.0,0.6153846153846154
3283,HyboNet,2,256,0.0002,2,84,0.5433070866141733,1.0,0.6153846153846154
3284,HyboNet,2,256,0.0002,2,85,0.5433070866141733,1.0,0.6153846153846154
3285,HyboNet,2,256,0.0002,2,86,0.5433070866141733,1.0,0.6153846153846154
3286,HyboNet,2,256,0.0002,2,87,0.5354330708661418,1.0,0.6153846153846154
3287,HyboNet,2,256,0.0002,2,88,0.5511811023622047,1.0,0.6153846153846154
3288,HyboNet,2,256,0.0002,2,89,0.5511811023622047,1.0,0.6153846153846154
3289,HyboNet,2,256,0.0002,2,9,0.5354330708661418,0.6333333333333333,0.5769230769230769
3290,HyboNet,2,256,0.0002,2,90,0.5433070866141733,1.0,0.6153846153846154
3291,HyboNet,2,256,0.0002,2,91,0.5433070866141733,1.0,0.5769230769230769
3292,HyboNet,2,256,0.0002,2,92,0.5433070866141733,1.0,0.5769230769230769
3293,HyboNet,2,256,0.0002,2,93,0.5511811023622047,1.0,0.5769230769230769
3294,HyboNet,2,256,0.0002,2,94,0.5511811023622047,1.0,0.5769230769230769
3295,HyboNet,2,256,0.0002,2,95,0.5511811023622047,1.0,0.5769230769230769
3296,HyboNet,2,256,0.0002,2,96,0.5511811023622047,1.0,0.5769230769230769
3297,HyboNet,2,256,0.0002,2,97,0.5511811023622047,1.0,0.5769230769230769
3298,HyboNet,2,256,0.0002,2,98,0.5511811023622047,1.0,0.5769230769230769
3299,HyboNet,2,256,0.0002,2,99,0.5511811023622047,1.0,0.5769230769230769
3300,HyboNet,2,256,0.0002,3,1,0.4645669291338583,0.43333333333333335,0.5
3301,HyboNet,2,256,0.0002,3,10,0.5433070866141733,0.6333333333333333,0.5769230769230769
3302,HyboNet,2,256,0.0002,3,100,0.5433070866141733,1.0,0.6153846153846154
3303,HyboNet,2,256,0.0002,3,11,0.5433070866141733,0.6333333333333333,0.5769230769230769
3304,HyboNet,2,256,0.0002,3,12,0.5433070866141733,0.6666666666666666,0.5769230769230769
3305,HyboNet,2,256,0.0002,3,13,0.5433070866141733,0.7,0.5384615384615384
3306,HyboNet,2,256,0.0002,3,14,0.5433070866141733,0.7333333333333333,0.5384615384615384
3307,HyboNet,2,256,0.0002,3,15,0.5433070866141733,0.7333333333333333,0.5384615384615384
3308,HyboNet,2,256,0.0002,3,16,0.5354330708661418,0.7333333333333333,0.5384615384615384
3309,HyboNet,2,256,0.0002,3,17,0.5275590551181102,0.7333333333333333,0.5384615384615384
3310,HyboNet,2,256,0.0002,3,18,0.5433070866141733,0.7666666666666667,0.5384615384615384
3311,HyboNet,2,256,0.0002,3,19,0.5433070866141733,0.7666666666666667,0.5384615384615384
3312,HyboNet,2,256,0.0002,3,2,0.5354330708661418,0.6,0.5769230769230769
3313,HyboNet,2,256,0.0002,3,20,0.5433070866141733,0.7666666666666667,0.5384615384615384
3314,HyboNet,2,256,0.0002,3,21,0.5511811023622047,0.7666666666666667,0.5384615384615384
3315,HyboNet,2,256,0.0002,3,22,0.5511811023622047,0.7666666666666667,0.5384615384615384
3316,HyboNet,2,256,0.0002,3,23,0.5511811023622047,0.7666666666666667,0.5384615384615384
3317,HyboNet,2,256,0.0002,3,24,0.5511811023622047,0.7666666666666667,0.5384615384615384
3318,HyboNet,2,256,0.0002,3,25,0.5511811023622047,0.7666666666666667,0.5384615384615384
3319,HyboNet,2,256,0.0002,3,26,0.5511811023622047,0.7666666666666667,0.5384615384615384
3320,HyboNet,2,256,0.0002,3,27,0.5511811023622047,0.7666666666666667,0.5384615384615384
3321,HyboNet,2,256,0.0002,3,28,0.5590551181102362,0.7666666666666667,0.5384615384615384
3322,HyboNet,2,256,0.0002,3,29,0.5590551181102362,0.8,0.5384615384615384
3323,HyboNet,2,256,0.0002,3,3,0.5354330708661418,0.6,0.5769230769230769
3324,HyboNet,2,256,0.0002,3,30,0.5590551181102362,0.8,0.5384615384615384
3325,HyboNet,2,256,0.0002,3,31,0.5590551181102362,0.8,0.5384615384615384
3326,HyboNet,2,256,0.0002,3,32,0.5590551181102362,0.8,0.5384615384615384
3327,HyboNet,2,256,0.0002,3,33,0.5590551181102362,0.8,0.5769230769230769
3328,HyboNet,2,256,0.0002,3,34,0.5590551181102362,0.8,0.5769230769230769
3329,HyboNet,2,256,0.0002,3,35,0.5590551181102362,0.8333333333333334,0.5769230769230769
3330,HyboNet,2,256,0.0002,3,36,0.5669291338582677,0.8333333333333334,0.5769230769230769
3331,HyboNet,2,256,0.0002,3,37,0.5826771653543307,0.8333333333333334,0.5769230769230769
3332,HyboNet,2,256,0.0002,3,38,0.5669291338582677,0.8333333333333334,0.5769230769230769
3333,HyboNet,2,256,0.0002,3,39,0.5590551181102362,0.8333333333333334,0.5769230769230769
3334,HyboNet,2,256,0.0002,3,4,0.5354330708661418,0.6,0.5769230769230769
3335,HyboNet,2,256,0.0002,3,40,0.5590551181102362,0.8333333333333334,0.6153846153846154
3336,HyboNet,2,256,0.0002,3,41,0.5590551181102362,0.8333333333333334,0.6153846153846154
3337,HyboNet,2,256,0.0002,3,42,0.5669291338582677,0.8666666666666667,0.6538461538461539
3338,HyboNet,2,256,0.0002,3,43,0.5669291338582677,0.8666666666666667,0.6538461538461539
3339,HyboNet,2,256,0.0002,3,44,0.5669291338582677,0.8666666666666667,0.6538461538461539
3340,HyboNet,2,256,0.0002,3,45,0.5669291338582677,0.8666666666666667,0.6538461538461539
3341,HyboNet,2,256,0.0002,3,46,0.5590551181102362,0.8666666666666667,0.6538461538461539
3342,HyboNet,2,256,0.0002,3,47,0.5511811023622047,0.8666666666666667,0.6538461538461539
3343,HyboNet,2,256,0.0002,3,48,0.5511811023622047,0.8666666666666667,0.6538461538461539
3344,HyboNet,2,256,0.0002,3,49,0.5511811023622047,0.9,0.6538461538461539
3345,HyboNet,2,256,0.0002,3,5,0.5354330708661418,0.6,0.5769230769230769
3346,HyboNet,2,256,0.0002,3,50,0.5511811023622047,0.9,0.6538461538461539
3347,HyboNet,2,256,0.0002,3,51,0.5433070866141733,0.9,0.6538461538461539
3348,HyboNet,2,256,0.0002,3,52,0.5433070866141733,0.9333333333333333,0.6538461538461539
3349,HyboNet,2,256,0.0002,3,53,0.5354330708661418,0.9333333333333333,0.6538461538461539
3350,HyboNet,2,256,0.0002,3,54,0.5354330708661418,0.9333333333333333,0.6153846153846154
3351,HyboNet,2,256,0.0002,3,55,0.5275590551181102,0.9333333333333333,0.6153846153846154
3352,HyboNet,2,256,0.0002,3,56,0.5354330708661418,0.9333333333333333,0.6153846153846154
3353,HyboNet,2,256,0.0002,3,57,0.5433070866141733,0.9333333333333333,0.6153846153846154
3354,HyboNet,2,256,0.0002,3,58,0.5511811023622047,0.9333333333333333,0.6153846153846154
3355,HyboNet,2,256,0.0002,3,59,0.5511811023622047,0.9333333333333333,0.6153846153846154
3356,HyboNet,2,256,0.0002,3,6,0.5354330708661418,0.6,0.5769230769230769
3357,HyboNet,2,256,0.0002,3,60,0.5590551181102362,0.9333333333333333,0.6153846153846154
3358,HyboNet,2,256,0.0002,3,61,0.5590551181102362,0.9333333333333333,0.6153846153846154
3359,HyboNet,2,256,0.0002,3,62,0.5511811023622047,0.9333333333333333,0.6153846153846154
3360,HyboNet,2,256,0.0002,3,63,0.5511811023622047,0.9333333333333333,0.6153846153846154
3361,HyboNet,2,256,0.0002,3,64,0.5511811023622047,0.9666666666666667,0.6153846153846154
3362,HyboNet,2,256,0.0002,3,65,0.5669291338582677,0.9666666666666667,0.6153846153846154
3363,HyboNet,2,256,0.0002,3,66,0.5669291338582677,0.9666666666666667,0.6153846153846154
3364,HyboNet,2,256,0.0002,3,67,0.5748031496062992,0.9666666666666667,0.6153846153846154
3365,HyboNet,2,256,0.0002,3,68,0.5748031496062992,0.9666666666666667,0.6153846153846154
3366,HyboNet,2,256,0.0002,3,69,0.5669291338582677,0.9666666666666667,0.6153846153846154
3367,HyboNet,2,256,0.0002,3,7,0.5354330708661418,0.6,0.5769230769230769
3368,HyboNet,2,256,0.0002,3,70,0.5590551181102362,0.9666666666666667,0.6153846153846154
3369,HyboNet,2,256,0.0002,3,71,0.5590551181102362,0.9666666666666667,0.6153846153846154
3370,HyboNet,2,256,0.0002,3,72,0.5590551181102362,0.9666666666666667,0.6153846153846154
3371,HyboNet,2,256,0.0002,3,73,0.5590551181102362,0.9666666666666667,0.6153846153846154
3372,HyboNet,2,256,0.0002,3,74,0.5590551181102362,0.9666666666666667,0.6153846153846154
3373,HyboNet,2,256,0.0002,3,75,0.5590551181102362,0.9666666666666667,0.6153846153846154
3374,HyboNet,2,256,0.0002,3,76,0.5590551181102362,0.9666666666666667,0.6153846153846154
3375,HyboNet,2,256,0.0002,3,77,0.5669291338582677,0.9666666666666667,0.6153846153846154
3376,HyboNet,2,256,0.0002,3,78,0.5511811023622047,0.9666666666666667,0.6153846153846154
3377,HyboNet,2,256,0.0002,3,79,0.5433070866141733,0.9666666666666667,0.6153846153846154
3378,HyboNet,2,256,0.0002,3,8,0.5354330708661418,0.6,0.5769230769230769
3379,HyboNet,2,256,0.0002,3,80,0.5433070866141733,0.9666666666666667,0.6153846153846154
3380,HyboNet,2,256,0.0002,3,81,0.5433070866141733,0.9666666666666667,0.6153846153846154
3381,HyboNet,2,256,0.0002,3,82,0.5433070866141733,0.9666666666666667,0.6153846153846154
3382,HyboNet,2,256,0.0002,3,83,0.5433070866141733,0.9666666666666667,0.6153846153846154
3383,HyboNet,2,256,0.0002,3,84,0.5433070866141733,0.9666666666666667,0.6153846153846154
3384,HyboNet,2,256,0.0002,3,85,0.5433070866141733,0.9666666666666667,0.6153846153846154
3385,HyboNet,2,256,0.0002,3,86,0.5433070866141733,0.9666666666666667,0.6153846153846154
3386,HyboNet,2,256,0.0002,3,87,0.5433070866141733,1.0,0.5769230769230769
3387,HyboNet,2,256,0.0002,3,88,0.5433070866141733,1.0,0.5769230769230769
3388,HyboNet,2,256,0.0002,3,89,0.5433070866141733,1.0,0.5769230769230769
3389,HyboNet,2,256,0.0002,3,9,0.5354330708661418,0.6333333333333333,0.5769230769230769
3390,HyboNet,2,256,0.0002,3,90,0.5590551181102362,1.0,0.5769230769230769
3391,HyboNet,2,256,0.0002,3,91,0.5590551181102362,1.0,0.5769230769230769
3392,HyboNet,2,256,0.0002,3,92,0.5590551181102362,1.0,0.5769230769230769
3393,HyboNet,2,256,0.0002,3,93,0.5590551181102362,1.0,0.6153846153846154
3394,HyboNet,2,256,0.0002,3,94,0.5590551181102362,1.0,0.6153846153846154
3395,HyboNet,2,256,0.0002,3,95,0.5511811023622047,1.0,0.6153846153846154
3396,HyboNet,2,256,0.0002,3,96,0.5590551181102362,1.0,0.6153846153846154
3397,HyboNet,2,256,0.0002,3,97,0.5511811023622047,1.0,0.6153846153846154
3398,HyboNet,2,256,0.0002,3,98,0.5433070866141733,1.0,0.6153846153846154
3399,HyboNet,2,256,0.0002,3,99,0.5433070866141733,1.0,0.6153846153846154
3400,HyboNet,2,256,0.0002,4,1,0.5118110236220472,0.5666666666666667,0.6153846153846154
3401,HyboNet,2,256,0.0002,4,10,0.5354330708661418,0.6333333333333333,0.5769230769230769
3402,HyboNet,2,256,0.0002,4,100,0.5590551181102362,1.0,0.6153846153846154
3403,HyboNet,2,256,0.0002,4,11,0.5354330708661418,0.6333333333333333,0.5769230769230769
3404,HyboNet,2,256,0.0002,4,12,0.5354330708661418,0.6666666666666666,0.5769230769230769
3405,HyboNet,2,256,0.0002,4,13,0.5354330708661418,0.7333333333333333,0.5769230769230769
3406,HyboNet,2,256,0.0002,4,14,0.5354330708661418,0.7333333333333333,0.5769230769230769
3407,HyboNet,2,256,0.0002,4,15,0.5511811023622047,0.7333333333333333,0.5769230769230769
3408,HyboNet,2,256,0.0002,4,16,0.5511811023622047,0.7333333333333333,0.5769230769230769
3409,HyboNet,2,256,0.0002,4,17,0.5511811023622047,0.7333333333333333,0.5769230769230769
3410,HyboNet,2,256,0.0002,4,18,0.5590551181102362,0.7333333333333333,0.5769230769230769
3411,HyboNet,2,256,0.0002,4,19,0.5590551181102362,0.7333333333333333,0.5769230769230769
3412,HyboNet,2,256,0.0002,4,2,0.5354330708661418,0.6,0.5769230769230769
3413,HyboNet,2,256,0.0002,4,20,0.5511811023622047,0.7333333333333333,0.5769230769230769
3414,HyboNet,2,256,0.0002,4,21,0.5511811023622047,0.7333333333333333,0.5769230769230769
3415,HyboNet,2,256,0.0002,4,22,0.5511811023622047,0.7333333333333333,0.5769230769230769
3416,HyboNet,2,256,0.0002,4,23,0.5511811023622047,0.7333333333333333,0.5769230769230769
3417,HyboNet,2,256,0.0002,4,24,0.5511811023622047,0.7333333333333333,0.5769230769230769
3418,HyboNet,2,256,0.0002,4,25,0.5511811023622047,0.7333333333333333,0.5769230769230769
3419,HyboNet,2,256,0.0002,4,26,0.5590551181102362,0.7666666666666667,0.5384615384615384
3420,HyboNet,2,256,0.0002,4,27,0.5590551181102362,0.7666666666666667,0.5384615384615384
3421,HyboNet,2,256,0.0002,4,28,0.5669291338582677,0.8,0.5384615384615384
3422,HyboNet,2,256,0.0002,4,29,0.5748031496062992,0.8,0.5384615384615384
3423,HyboNet,2,256,0.0002,4,3,0.5354330708661418,0.6,0.5769230769230769
3424,HyboNet,2,256,0.0002,4,30,0.5748031496062992,0.8,0.5384615384615384
3425,HyboNet,2,256,0.0002,4,31,0.5748031496062992,0.8,0.5384615384615384
3426,HyboNet,2,256,0.0002,4,32,0.5669291338582677,0.8,0.5384615384615384
3427,HyboNet,2,256,0.0002,4,33,0.5669291338582677,0.8,0.5384615384615384
3428,HyboNet,2,256,0.0002,4,34,0.5511811023622047,0.8,0.5384615384615384
3429,HyboNet,2,256,0.0002,4,35,0.5511811023622047,0.8,0.5384615384615384
3430,HyboNet,2,256,0.0002,4,36,0.5511811023622047,0.8,0.5384615384615384
3431,HyboNet,2,256,0.0002,4,37,0.5511811023622047,0.8,0.5384615384615384
3432,HyboNet,2,256,0.0002,4,38,0.5511811023622047,0.8333333333333334,0.5384615384615384
3433,HyboNet,2,256,0.0002,4,39,0.5511811023622047,0.8666666666666667,0.5384615384615384
3434,HyboNet,2,256,0.0002,4,4,0.5354330708661418,0.6,0.5769230769230769
3435,HyboNet,2,256,0.0002,4,40,0.5590551181102362,0.8666666666666667,0.5384615384615384
3436,HyboNet,2,256,0.0002,4,41,0.5511811023622047,0.8666666666666667,0.5384615384615384
3437,HyboNet,2,256,0.0002,4,42,0.5590551181102362,0.8666666666666667,0.5384615384615384
3438,HyboNet,2,256,0.0002,4,43,0.5511811023622047,0.8666666666666667,0.5384615384615384
3439,HyboNet,2,256,0.0002,4,44,0.5590551181102362,0.8666666666666667,0.5384615384615384
3440,HyboNet,2,256,0.0002,4,45,0.5590551181102362,0.8666666666666667,0.5384615384615384
3441,HyboNet,2,256,0.0002,4,46,0.5590551181102362,0.8666666666666667,0.46153846153846156
3442,HyboNet,2,256,0.0002,4,47,0.5590551181102362,0.8666666666666667,0.5
3443,HyboNet,2,256,0.0002,4,48,0.5433070866141733,0.8666666666666667,0.5384615384615384
3444,HyboNet,2,256,0.0002,4,49,0.5354330708661418,0.8666666666666667,0.5384615384615384
3445,HyboNet,2,256,0.0002,4,5,0.5354330708661418,0.6,0.5769230769230769
3446,HyboNet,2,256,0.0002,4,50,0.5433070866141733,0.8666666666666667,0.5384615384615384
3447,HyboNet,2,256,0.0002,4,51,0.5354330708661418,0.8666666666666667,0.5384615384615384
3448,HyboNet,2,256,0.0002,4,52,0.5511811023622047,0.8666666666666667,0.5769230769230769
3449,HyboNet,2,256,0.0002,4,53,0.5433070866141733,0.8666666666666667,0.5769230769230769
3450,HyboNet,2,256,0.0002,4,54,0.5511811023622047,0.9333333333333333,0.5769230769230769
3451,HyboNet,2,256,0.0002,4,55,0.5511811023622047,0.9333333333333333,0.5769230769230769
3452,HyboNet,2,256,0.0002,4,56,0.5511811023622047,0.9333333333333333,0.5769230769230769
3453,HyboNet,2,256,0.0002,4,57,0.5511811023622047,0.9333333333333333,0.5769230769230769
3454,HyboNet,2,256,0.0002,4,58,0.5511811023622047,0.9333333333333333,0.5769230769230769
3455,HyboNet,2,256,0.0002,4,59,0.5354330708661418,0.9333333333333333,0.5769230769230769
3456,HyboNet,2,256,0.0002,4,6,0.5354330708661418,0.6,0.5769230769230769
3457,HyboNet,2,256,0.0002,4,60,0.5354330708661418,0.9666666666666667,0.5769230769230769
3458,HyboNet,2,256,0.0002,4,61,0.5433070866141733,0.9666666666666667,0.5384615384615384
3459,HyboNet,2,256,0.0002,4,62,0.5275590551181102,0.9666666666666667,0.5384615384615384
3460,HyboNet,2,256,0.0002,4,63,0.5275590551181102,0.9666666666666667,0.5769230769230769
3461,HyboNet,2,256,0.0002,4,64,0.5511811023622047,0.9666666666666667,0.5384615384615384
3462,HyboNet,2,256,0.0002,4,65,0.5511811023622047,0.9666666666666667,0.5384615384615384
3463,HyboNet,2,256,0.0002,4,66,0.5511811023622047,0.9666666666666667,0.5384615384615384
3464,HyboNet,2,256,0.0002,4,67,0.5511811023622047,0.9666666666666667,0.5769230769230769
3465,HyboNet,2,256,0.0002,4,68,0.5354330708661418,0.9666666666666667,0.5769230769230769
3466,HyboNet,2,256,0.0002,4,69,0.5354330708661418,1.0,0.5769230769230769
3467,HyboNet,2,256,0.0002,4,7,0.5354330708661418,0.6,0.5769230769230769
3468,HyboNet,2,256,0.0002,4,70,0.5590551181102362,1.0,0.5769230769230769
3469,HyboNet,2,256,0.0002,4,71,0.5669291338582677,1.0,0.5769230769230769
3470,HyboNet,2,256,0.0002,4,72,0.5590551181102362,1.0,0.5769230769230769
3471,HyboNet,2,256,0.0002,4,73,0.5590551181102362,1.0,0.6153846153846154
3472,HyboNet,2,256,0.0002,4,74,0.5590551181102362,1.0,0.6153846153846154
3473,HyboNet,2,256,0.0002,4,75,0.5511811023622047,1.0,0.6153846153846154
3474,HyboNet,2,256,0.0002,4,76,0.5511811023622047,1.0,0.6153846153846154
3475,HyboNet,2,256,0.0002,4,77,0.5590551181102362,1.0,0.6153846153846154
3476,HyboNet,2,256,0.0002,4,78,0.5511811023622047,1.0,0.6153846153846154
3477,HyboNet,2,256,0.0002,4,79,0.5511811023622047,1.0,0.6153846153846154
3478,HyboNet,2,256,0.0002,4,8,0.5354330708661418,0.6,0.5769230769230769
3479,HyboNet,2,256,0.0002,4,80,0.5669291338582677,1.0,0.6153846153846154
3480,HyboNet,2,256,0.0002,4,81,0.5748031496062992,1.0,0.6153846153846154
3481,HyboNet,2,256,0.0002,4,82,0.5669291338582677,1.0,0.6153846153846154
3482,HyboNet,2,256,0.0002,4,83,0.5669291338582677,1.0,0.6153846153846154
3483,HyboNet,2,256,0.0002,4,84,0.5511811023622047,1.0,0.6153846153846154
3484,HyboNet,2,256,0.0002,4,85,0.5433070866141733,1.0,0.6153846153846154
3485,HyboNet,2,256,0.0002,4,86,0.5511811023622047,1.0,0.6153846153846154
3486,HyboNet,2,256,0.0002,4,87,0.5511811023622047,1.0,0.6153846153846154
3487,HyboNet,2,256,0.0002,4,88,0.5511811023622047,1.0,0.6153846153846154
3488,HyboNet,2,256,0.0002,4,89,0.5433070866141733,1.0,0.6153846153846154
3489,HyboNet,2,256,0.0002,4,9,0.5354330708661418,0.6333333333333333,0.5769230769230769
3490,HyboNet,2,256,0.0002,4,90,0.5433070866141733,1.0,0.6153846153846154
3491,HyboNet,2,256,0.0002,4,91,0.5590551181102362,1.0,0.6153846153846154
3492,HyboNet,2,256,0.0002,4,92,0.5590551181102362,1.0,0.6153846153846154
3493,HyboNet,2,256,0.0002,4,93,0.5590551181102362,1.0,0.6153846153846154
3494,HyboNet,2,256,0.0002,4,94,0.5511811023622047,1.0,0.6153846153846154
3495,HyboNet,2,256,0.0002,4,95,0.5433070866141733,1.0,0.6153846153846154
3496,HyboNet,2,256,0.0002,4,96,0.5433070866141733,1.0,0.6153846153846154
3497,HyboNet,2,256,0.0002,4,97,0.5433070866141733,1.0,0.6153846153846154
3498,HyboNet,2,256,0.0002,4,98,0.5511811023622047,1.0,0.6153846153846154
3499,HyboNet,2,256,0.0002,4,99,0.5590551181102362,1.0,0.6153846153846154
3500,HyboNet,2,256,0.0002,5,1,0.5275590551181102,0.5666666666666667,0.5384615384615384
3501,HyboNet,2,256,0.0002,5,10,0.5433070866141733,0.6333333333333333,0.5769230769230769
3502,HyboNet,2,256,0.0002,5,100,0.5748031496062992,1.0,0.6153846153846154
3503,HyboNet,2,256,0.0002,5,11,0.5433070866141733,0.6333333333333333,0.5769230769230769
3504,HyboNet,2,256,0.0002,5,12,0.5433070866141733,0.6333333333333333,0.5769230769230769
3505,HyboNet,2,256,0.0002,5,13,0.5511811023622047,0.6666666666666666,0.5769230769230769
3506,HyboNet,2,256,0.0002,5,14,0.5511811023622047,0.7,0.5769230769230769
3507,HyboNet,2,256,0.0002,5,15,0.5511811023622047,0.7,0.5769230769230769
3508,HyboNet,2,256,0.0002,5,16,0.5590551181102362,0.7,0.5769230769230769
3509,HyboNet,2,256,0.0002,5,17,0.5590551181102362,0.7,0.5769230769230769
3510,HyboNet,2,256,0.0002,5,18,0.5511811023622047,0.7333333333333333,0.5384615384615384
3511,HyboNet,2,256,0.0002,5,19,0.5354330708661418,0.7333333333333333,0.5384615384615384
3512,HyboNet,2,256,0.0002,5,2,0.5433070866141733,0.6,0.5769230769230769
3513,HyboNet,2,256,0.0002,5,20,0.5433070866141733,0.7666666666666667,0.5384615384615384
3514,HyboNet,2,256,0.0002,5,21,0.5511811023622047,0.7666666666666667,0.5384615384615384
3515,HyboNet,2,256,0.0002,5,22,0.5511811023622047,0.8,0.5384615384615384
3516,HyboNet,2,256,0.0002,5,23,0.5511811023622047,0.8,0.5384615384615384
3517,HyboNet,2,256,0.0002,5,24,0.5433070866141733,0.8,0.5384615384615384
3518,HyboNet,2,256,0.0002,5,25,0.5354330708661418,0.8,0.5384615384615384
3519,HyboNet,2,256,0.0002,5,26,0.5354330708661418,0.8,0.5384615384615384
3520,HyboNet,2,256,0.0002,5,27,0.5354330708661418,0.8,0.5384615384615384
3521,HyboNet,2,256,0.0002,5,28,0.5354330708661418,0.8,0.5384615384615384
3522,HyboNet,2,256,0.0002,5,29,0.5433070866141733,0.8,0.5384615384615384
3523,HyboNet,2,256,0.0002,5,3,0.5354330708661418,0.6,0.5769230769230769
3524,HyboNet,2,256,0.0002,5,30,0.5433070866141733,0.8,0.5384615384615384
3525,HyboNet,2,256,0.0002,5,31,0.5433070866141733,0.8,0.5384615384615384
3526,HyboNet,2,256,0.0002,5,32,0.5433070866141733,0.8,0.5384615384615384
3527,HyboNet,2,256,0.0002,5,33,0.5433070866141733,0.8,0.5384615384615384
3528,HyboNet,2,256,0.0002,5,34,0.5433070866141733,0.8,0.5384615384615384
3529,HyboNet,2,256,0.0002,5,35,0.5433070866141733,0.8,0.5384615384615384
3530,HyboNet,2,256,0.0002,5,36,0.5511811023622047,0.8,0.5384615384615384
3531,HyboNet,2,256,0.0002,5,37,0.5433070866141733,0.8,0.5384615384615384
3532,HyboNet,2,256,0.0002,5,38,0.5511811023622047,0.8,0.5769230769230769
3533,HyboNet,2,256,0.0002,5,39,0.5590551181102362,0.8,0.5769230769230769
3534,HyboNet,2,256,0.0002,5,4,0.5354330708661418,0.6,0.5769230769230769
3535,HyboNet,2,256,0.0002,5,40,0.5590551181102362,0.8,0.5769230769230769
3536,HyboNet,2,256,0.0002,5,41,0.5590551181102362,0.8333333333333334,0.5769230769230769
3537,HyboNet,2,256,0.0002,5,42,0.5669291338582677,0.8333333333333334,0.5769230769230769
3538,HyboNet,2,256,0.0002,5,43,0.5669291338582677,0.8333333333333334,0.5769230769230769
3539,HyboNet,2,256,0.0002,5,44,0.5669291338582677,0.8666666666666667,0.5769230769230769
3540,HyboNet,2,256,0.0002,5,45,0.5826771653543307,0.8666666666666667,0.5769230769230769
3541,HyboNet,2,256,0.0002,5,46,0.5826771653543307,0.8666666666666667,0.5769230769230769
3542,HyboNet,2,256,0.0002,5,47,0.5905511811023622,0.8666666666666667,0.5769230769230769
3543,HyboNet,2,256,0.0002,5,48,0.5826771653543307,0.8666666666666667,0.6153846153846154
3544,HyboNet,2,256,0.0002,5,49,0.5748031496062992,0.8666666666666667,0.5769230769230769
3545,HyboNet,2,256,0.0002,5,5,0.5354330708661418,0.6,0.5769230769230769
3546,HyboNet,2,256,0.0002,5,50,0.5590551181102362,0.8666666666666667,0.5769230769230769
3547,HyboNet,2,256,0.0002,5,51,0.5590551181102362,0.8666666666666667,0.5769230769230769
3548,HyboNet,2,256,0.0002,5,52,0.5590551181102362,0.8666666666666667,0.5769230769230769
3549,HyboNet,2,256,0.0002,5,53,0.5669291338582677,0.8666666666666667,0.5769230769230769
3550,HyboNet,2,256,0.0002,5,54,0.5669291338582677,0.9,0.5769230769230769
3551,HyboNet,2,256,0.0002,5,55,0.5590551181102362,0.9,0.5769230769230769
3552,HyboNet,2,256,0.0002,5,56,0.5590551181102362,0.9333333333333333,0.5769230769230769
3553,HyboNet,2,256,0.0002,5,57,0.5669291338582677,0.9333333333333333,0.5769230769230769
3554,HyboNet,2,256,0.0002,5,58,0.5511811023622047,0.9333333333333333,0.5769230769230769
3555,HyboNet,2,256,0.0002,5,59,0.5433070866141733,0.9333333333333333,0.5769230769230769
3556,HyboNet,2,256,0.0002,5,6,0.5354330708661418,0.6,0.5769230769230769
3557,HyboNet,2,256,0.0002,5,60,0.5511811023622047,0.9333333333333333,0.5769230769230769
3558,HyboNet,2,256,0.0002,5,61,0.5748031496062992,0.9333333333333333,0.5769230769230769
3559,HyboNet,2,256,0.0002,5,62,0.5748031496062992,0.9333333333333333,0.5769230769230769
3560,HyboNet,2,256,0.0002,5,63,0.5669291338582677,0.9333333333333333,0.5769230769230769
3561,HyboNet,2,256,0.0002,5,64,0.5669291338582677,0.9333333333333333,0.6153846153846154
3562,HyboNet,2,256,0.0002,5,65,0.5669291338582677,0.9333333333333333,0.6153846153846154
3563,HyboNet,2,256,0.0002,5,66,0.5669291338582677,0.9333333333333333,0.6153846153846154
3564,HyboNet,2,256,0.0002,5,67,0.5748031496062992,0.9333333333333333,0.6153846153846154
3565,HyboNet,2,256,0.0002,5,68,0.5748031496062992,0.9666666666666667,0.6153846153846154
3566,HyboNet,2,256,0.0002,5,69,0.5748031496062992,0.9666666666666667,0.6153846153846154
3567,HyboNet,2,256,0.0002,5,7,0.5354330708661418,0.6,0.5769230769230769
3568,HyboNet,2,256,0.0002,5,70,0.5826771653543307,0.9666666666666667,0.6153846153846154
3569,HyboNet,2,256,0.0002,5,71,0.5826771653543307,0.9666666666666667,0.6153846153846154
3570,HyboNet,2,256,0.0002,5,72,0.5905511811023622,0.9666666666666667,0.6153846153846154
3571,HyboNet,2,256,0.0002,5,73,0.5905511811023622,0.9666666666666667,0.6153846153846154
3572,HyboNet,2,256,0.0002,5,74,0.5905511811023622,0.9666666666666667,0.6153846153846154
3573,HyboNet,2,256,0.0002,5,75,0.5826771653543307,1.0,0.6153846153846154
3574,HyboNet,2,256,0.0002,5,76,0.5826771653543307,1.0,0.6153846153846154
3575,HyboNet,2,256,0.0002,5,77,0.5826771653543307,1.0,0.6153846153846154
3576,HyboNet,2,256,0.0002,5,78,0.5826771653543307,1.0,0.6153846153846154
3577,HyboNet,2,256,0.0002,5,79,0.5826771653543307,1.0,0.6153846153846154
3578,HyboNet,2,256,0.0002,5,8,0.5354330708661418,0.6,0.5769230769230769
3579,HyboNet,2,256,0.0002,5,80,0.5826771653543307,1.0,0.6153846153846154
3580,HyboNet,2,256,0.0002,5,81,0.5826771653543307,1.0,0.6538461538461539
3581,HyboNet,2,256,0.0002,5,82,0.5748031496062992,1.0,0.6538461538461539
3582,HyboNet,2,256,0.0002,5,83,0.5748031496062992,1.0,0.6538461538461539
3583,HyboNet,2,256,0.0002,5,84,0.5748031496062992,1.0,0.6538461538461539
3584,HyboNet,2,256,0.0002,5,85,0.5748031496062992,1.0,0.6538461538461539
3585,HyboNet,2,256,0.0002,5,86,0.5748031496062992,1.0,0.6153846153846154
3586,HyboNet,2,256,0.0002,5,87,0.5748031496062992,1.0,0.6153846153846154
3587,HyboNet,2,256,0.0002,5,88,0.5669291338582677,1.0,0.6153846153846154
3588,HyboNet,2,256,0.0002,5,89,0.5669291338582677,1.0,0.6153846153846154
3589,HyboNet,2,256,0.0002,5,9,0.5433070866141733,0.6,0.5769230769230769
3590,HyboNet,2,256,0.0002,5,90,0.5669291338582677,1.0,0.6153846153846154
3591,HyboNet,2,256,0.0002,5,91,0.5748031496062992,1.0,0.6153846153846154
3592,HyboNet,2,256,0.0002,5,92,0.5748031496062992,1.0,0.6153846153846154
3593,HyboNet,2,256,0.0002,5,93,0.5748031496062992,1.0,0.6538461538461539
3594,HyboNet,2,256,0.0002,5,94,0.5748031496062992,1.0,0.6538461538461539
3595,HyboNet,2,256,0.0002,5,95,0.5748031496062992,1.0,0.6153846153846154
3596,HyboNet,2,256,0.0002,5,96,0.5669291338582677,1.0,0.6153846153846154
3597,HyboNet,2,256,0.0002,5,97,0.5748031496062992,1.0,0.6153846153846154
3598,HyboNet,2,256,0.0002,5,98,0.5669291338582677,1.0,0.6153846153846154
3599,HyboNet,2,256,0.0002,5,99,0.5748031496062992,1.0,0.6153846153846154
3600,HyboNet,2,256,0.0002,6,1,0.4566929133858268,0.5666666666666667,0.5769230769230769
3601,HyboNet,2,256,0.0002,6,10,0.5511811023622047,0.6333333333333333,0.5769230769230769
3602,HyboNet,2,256,0.0002,6,100,0.5354330708661418,1.0,0.6538461538461539
3603,HyboNet,2,256,0.0002,6,11,0.5511811023622047,0.6333333333333333,0.5769230769230769
3604,HyboNet,2,256,0.0002,6,12,0.5511811023622047,0.7,0.5769230769230769
3605,HyboNet,2,256,0.0002,6,13,0.5511811023622047,0.7333333333333333,0.5769230769230769
3606,HyboNet,2,256,0.0002,6,14,0.5511811023622047,0.7333333333333333,0.5769230769230769
3607,HyboNet,2,256,0.0002,6,15,0.5511811023622047,0.7333333333333333,0.5769230769230769
3608,HyboNet,2,256,0.0002,6,16,0.5590551181102362,0.7666666666666667,0.6153846153846154
3609,HyboNet,2,256,0.0002,6,17,0.5511811023622047,0.7666666666666667,0.6153846153846154
3610,HyboNet,2,256,0.0002,6,18,0.5590551181102362,0.7666666666666667,0.6153846153846154
3611,HyboNet,2,256,0.0002,6,19,0.5590551181102362,0.7666666666666667,0.6153846153846154
3612,HyboNet,2,256,0.0002,6,2,0.5354330708661418,0.6,0.5769230769230769
3613,HyboNet,2,256,0.0002,6,20,0.5511811023622047,0.7666666666666667,0.6153846153846154
3614,HyboNet,2,256,0.0002,6,21,0.5433070866141733,0.7666666666666667,0.6153846153846154
3615,HyboNet,2,256,0.0002,6,22,0.5511811023622047,0.7666666666666667,0.6153846153846154
3616,HyboNet,2,256,0.0002,6,23,0.5511811023622047,0.7666666666666667,0.6153846153846154
3617,HyboNet,2,256,0.0002,6,24,0.5511811023622047,0.7666666666666667,0.6153846153846154
3618,HyboNet,2,256,0.0002,6,25,0.5511811023622047,0.7666666666666667,0.5769230769230769
3619,HyboNet,2,256,0.0002,6,26,0.5511811023622047,0.7666666666666667,0.5769230769230769
3620,HyboNet,2,256,0.0002,6,27,0.5590551181102362,0.7666666666666667,0.5769230769230769
3621,HyboNet,2,256,0.0002,6,28,0.5590551181102362,0.7666666666666667,0.5769230769230769
3622,HyboNet,2,256,0.0002,6,29,0.5590551181102362,0.7666666666666667,0.5769230769230769
3623,HyboNet,2,256,0.0002,6,3,0.5354330708661418,0.6,0.5769230769230769
3624,HyboNet,2,256,0.0002,6,30,0.5590551181102362,0.7666666666666667,0.5769230769230769
3625,HyboNet,2,256,0.0002,6,31,0.5590551181102362,0.7666666666666667,0.5769230769230769
3626,HyboNet,2,256,0.0002,6,32,0.5590551181102362,0.7666666666666667,0.5769230769230769
3627,HyboNet,2,256,0.0002,6,33,0.5590551181102362,0.7666666666666667,0.5769230769230769
3628,HyboNet,2,256,0.0002,6,34,0.5669291338582677,0.7666666666666667,0.5769230769230769
3629,HyboNet,2,256,0.0002,6,35,0.5669291338582677,0.7666666666666667,0.5769230769230769
3630,HyboNet,2,256,0.0002,6,36,0.5669291338582677,0.7666666666666667,0.5384615384615384
3631,HyboNet,2,256,0.0002,6,37,0.5669291338582677,0.7666666666666667,0.5384615384615384
3632,HyboNet,2,256,0.0002,6,38,0.5669291338582677,0.7666666666666667,0.5384615384615384
3633,HyboNet,2,256,0.0002,6,39,0.5669291338582677,0.8,0.5384615384615384
3634,HyboNet,2,256,0.0002,6,4,0.5354330708661418,0.6,0.5769230769230769
3635,HyboNet,2,256,0.0002,6,40,0.5590551181102362,0.8,0.5769230769230769
3636,HyboNet,2,256,0.0002,6,41,0.5669291338582677,0.8,0.5769230769230769
3637,HyboNet,2,256,0.0002,6,42,0.5590551181102362,0.8,0.5769230769230769
3638,HyboNet,2,256,0.0002,6,43,0.5590551181102362,0.8666666666666667,0.5769230769230769
3639,HyboNet,2,256,0.0002,6,44,0.5590551181102362,0.8666666666666667,0.5384615384615384
3640,HyboNet,2,256,0.0002,6,45,0.5590551181102362,0.8666666666666667,0.5
3641,HyboNet,2,256,0.0002,6,46,0.5511811023622047,0.8666666666666667,0.5
3642,HyboNet,2,256,0.0002,6,47,0.5669291338582677,0.8666666666666667,0.5
3643,HyboNet,2,256,0.0002,6,48,0.5669291338582677,0.8666666666666667,0.5
3644,HyboNet,2,256,0.0002,6,49,0.5590551181102362,0.8666666666666667,0.5
3645,HyboNet,2,256,0.0002,6,5,0.5354330708661418,0.6,0.5769230769230769
3646,HyboNet,2,256,0.0002,6,50,0.5511811023622047,0.8666666666666667,0.5
3647,HyboNet,2,256,0.0002,6,51,0.5433070866141733,0.8666666666666667,0.5
3648,HyboNet,2,256,0.0002,6,52,0.5433070866141733,0.8666666666666667,0.5
3649,HyboNet,2,256,0.0002,6,53,0.5433070866141733,0.8666666666666667,0.5
3650,HyboNet,2,256,0.0002,6,54,0.5433070866141733,0.8666666666666667,0.5
3651,HyboNet,2,256,0.0002,6,55,0.5433070866141733,0.9,0.5
3652,HyboNet,2,256,0.0002,6,56,0.5433070866141733,0.9,0.5
3653,HyboNet,2,256,0.0002,6,57,0.5511811023622047,0.9,0.5
3654,HyboNet,2,256,0.0002,6,58,0.5511811023622047,0.9,0.5
3655,HyboNet,2,256,0.0002,6,59,0.5590551181102362,0.9333333333333333,0.5
3656,HyboNet,2,256,0.0002,6,6,0.5354330708661418,0.6,0.5769230769230769
3657,HyboNet,2,256,0.0002,6,60,0.5590551181102362,0.9333333333333333,0.5
3658,HyboNet,2,256,0.0002,6,61,0.5590551181102362,0.9333333333333333,0.5384615384615384
3659,HyboNet,2,256,0.0002,6,62,0.5669291338582677,0.9333333333333333,0.5384615384615384
3660,HyboNet,2,256,0.0002,6,63,0.5590551181102362,0.9333333333333333,0.5384615384615384
3661,HyboNet,2,256,0.0002,6,64,0.5590551181102362,0.9333333333333333,0.5384615384615384
3662,HyboNet,2,256,0.0002,6,65,0.5590551181102362,0.9333333333333333,0.5769230769230769
3663,HyboNet,2,256,0.0002,6,66,0.5590551181102362,0.9333333333333333,0.5769230769230769
3664,HyboNet,2,256,0.0002,6,67,0.5590551181102362,0.9333333333333333,0.5769230769230769
3665,HyboNet,2,256,0.0002,6,68,0.5669291338582677,0.9333333333333333,0.6538461538461539
3666,HyboNet,2,256,0.0002,6,69,0.5669291338582677,0.9333333333333333,0.6538461538461539
3667,HyboNet,2,256,0.0002,6,7,0.5354330708661418,0.6,0.5769230769230769
3668,HyboNet,2,256,0.0002,6,70,0.5590551181102362,0.9333333333333333,0.6153846153846154
3669,HyboNet,2,256,0.0002,6,71,0.5590551181102362,0.9666666666666667,0.6153846153846154
3670,HyboNet,2,256,0.0002,6,72,0.5433070866141733,0.9666666666666667,0.6153846153846154
3671,HyboNet,2,256,0.0002,6,73,0.5511811023622047,0.9666666666666667,0.6153846153846154
3672,HyboNet,2,256,0.0002,6,74,0.5590551181102362,0.9666666666666667,0.6153846153846154
3673,HyboNet,2,256,0.0002,6,75,0.5511811023622047,0.9666666666666667,0.6153846153846154
3674,HyboNet,2,256,0.0002,6,76,0.5433070866141733,0.9666666666666667,0.6153846153846154
3675,HyboNet,2,256,0.0002,6,77,0.5433070866141733,0.9666666666666667,0.6153846153846154
3676,HyboNet,2,256,0.0002,6,78,0.5433070866141733,0.9666666666666667,0.6153846153846154
3677,HyboNet,2,256,0.0002,6,79,0.5433070866141733,0.9666666666666667,0.6153846153846154
3678,HyboNet,2,256,0.0002,6,8,0.5354330708661418,0.6,0.5769230769230769
3679,HyboNet,2,256,0.0002,6,80,0.5511811023622047,0.9666666666666667,0.6153846153846154
3680,HyboNet,2,256,0.0002,6,81,0.5511811023622047,0.9666666666666667,0.6153846153846154
3681,HyboNet,2,256,0.0002,6,82,0.5590551181102362,1.0,0.6153846153846154
3682,HyboNet,2,256,0.0002,6,83,0.5748031496062992,1.0,0.6538461538461539
3683,HyboNet,2,256,0.0002,6,84,0.5669291338582677,1.0,0.6538461538461539
3684,HyboNet,2,256,0.0002,6,85,0.5590551181102362,1.0,0.6153846153846154
3685,HyboNet,2,256,0.0002,6,86,0.5590551181102362,1.0,0.6153846153846154
3686,HyboNet,2,256,0.0002,6,87,0.5590551181102362,1.0,0.6153846153846154
3687,HyboNet,2,256,0.0002,6,88,0.5590551181102362,1.0,0.6153846153846154
3688,HyboNet,2,256,0.0002,6,89,0.5590551181102362,1.0,0.6153846153846154
3689,HyboNet,2,256,0.0002,6,9,0.5354330708661418,0.6,0.5769230769230769
3690,HyboNet,2,256,0.0002,6,90,0.5590551181102362,1.0,0.6153846153846154
3691,HyboNet,2,256,0.0002,6,91,0.5511811023622047,1.0,0.6538461538461539
3692,HyboNet,2,256,0.0002,6,92,0.5433070866141733,1.0,0.6538461538461539
3693,HyboNet,2,256,0.0002,6,93,0.5433070866141733,1.0,0.6538461538461539
3694,HyboNet,2,256,0.0002,6,94,0.5433070866141733,1.0,0.6538461538461539
3695,HyboNet,2,256,0.0002,6,95,0.5433070866141733,1.0,0.6538461538461539
3696,HyboNet,2,256,0.0002,6,96,0.5433070866141733,1.0,0.6538461538461539
3697,HyboNet,2,256,0.0002,6,97,0.5433070866141733,1.0,0.6538461538461539
3698,HyboNet,2,256,0.0002,6,98,0.5354330708661418,1.0,0.6538461538461539
3699,HyboNet,2,256,0.0002,6,99,0.5354330708661418,1.0,0.6538461538461539
3700,HyboNet,2,256,0.0002,7,1,0.5354330708661418,0.6,0.5769230769230769
3701,HyboNet,2,256,0.0002,7,10,0.5433070866141733,0.6333333333333333,0.5384615384615384
3702,HyboNet,2,256,0.0002,7,100,0.48031496062992124,1.0,0.6153846153846154
3703,HyboNet,2,256,0.0002,7,11,0.5433070866141733,0.6333333333333333,0.5384615384615384
3704,HyboNet,2,256,0.0002,7,12,0.5433070866141733,0.7333333333333333,0.5384615384615384
3705,HyboNet,2,256,0.0002,7,13,0.5433070866141733,0.7333333333333333,0.5384615384615384
3706,HyboNet,2,256,0.0002,7,14,0.5590551181102362,0.7666666666666667,0.5384615384615384
3707,HyboNet,2,256,0.0002,7,15,0.5590551181102362,0.7666666666666667,0.5384615384615384
3708,HyboNet,2,256,0.0002,7,16,0.5590551181102362,0.7666666666666667,0.5384615384615384
3709,HyboNet,2,256,0.0002,7,17,0.5511811023622047,0.7666666666666667,0.5384615384615384
3710,HyboNet,2,256,0.0002,7,18,0.5433070866141733,0.7666666666666667,0.5384615384615384
3711,HyboNet,2,256,0.0002,7,19,0.5511811023622047,0.7666666666666667,0.5384615384615384
3712,HyboNet,2,256,0.0002,7,2,0.5354330708661418,0.6,0.5769230769230769
3713,HyboNet,2,256,0.0002,7,20,0.5433070866141733,0.7666666666666667,0.5384615384615384
3714,HyboNet,2,256,0.0002,7,21,0.5433070866141733,0.7666666666666667,0.5384615384615384
3715,HyboNet,2,256,0.0002,7,22,0.5354330708661418,0.7666666666666667,0.5384615384615384
3716,HyboNet,2,256,0.0002,7,23,0.5354330708661418,0.7666666666666667,0.5384615384615384
3717,HyboNet,2,256,0.0002,7,24,0.5354330708661418,0.7666666666666667,0.5384615384615384
3718,HyboNet,2,256,0.0002,7,25,0.5433070866141733,0.7666666666666667,0.5384615384615384
3719,HyboNet,2,256,0.0002,7,26,0.5433070866141733,0.7666666666666667,0.5384615384615384
3720,HyboNet,2,256,0.0002,7,27,0.5433070866141733,0.7666666666666667,0.5384615384615384
3721,HyboNet,2,256,0.0002,7,28,0.5511811023622047,0.7666666666666667,0.5384615384615384
3722,HyboNet,2,256,0.0002,7,29,0.5669291338582677,0.7666666666666667,0.5384615384615384
3723,HyboNet,2,256,0.0002,7,3,0.5354330708661418,0.6,0.5769230769230769
3724,HyboNet,2,256,0.0002,7,30,0.5669291338582677,0.7666666666666667,0.5384615384615384
3725,HyboNet,2,256,0.0002,7,31,0.5669291338582677,0.7666666666666667,0.5384615384615384
3726,HyboNet,2,256,0.0002,7,32,0.5748031496062992,0.7666666666666667,0.5384615384615384
3727,HyboNet,2,256,0.0002,7,33,0.5748031496062992,0.7666666666666667,0.5384615384615384
3728,HyboNet,2,256,0.0002,7,34,0.5669291338582677,0.7666666666666667,0.5384615384615384
3729,HyboNet,2,256,0.0002,7,35,0.5669291338582677,0.8,0.5384615384615384
3730,HyboNet,2,256,0.0002,7,36,0.5590551181102362,0.8333333333333334,0.5384615384615384
3731,HyboNet,2,256,0.0002,7,37,0.5511811023622047,0.8333333333333334,0.5384615384615384
3732,HyboNet,2,256,0.0002,7,38,0.5511811023622047,0.8666666666666667,0.5
3733,HyboNet,2,256,0.0002,7,39,0.5433070866141733,0.8666666666666667,0.5
3734,HyboNet,2,256,0.0002,7,4,0.5354330708661418,0.6,0.5769230769230769
3735,HyboNet,2,256,0.0002,7,40,0.5275590551181102,0.8666666666666667,0.5
3736,HyboNet,2,256,0.0002,7,41,0.5354330708661418,0.8666666666666667,0.5
3737,HyboNet,2,256,0.0002,7,42,0.5354330708661418,0.8666666666666667,0.5
3738,HyboNet,2,256,0.0002,7,43,0.5433070866141733,0.8666666666666667,0.5
3739,HyboNet,2,256,0.0002,7,44,0.5433070866141733,0.9,0.5
3740,HyboNet,2,256,0.0002,7,45,0.5433070866141733,0.9,0.5
3741,HyboNet,2,256,0.0002,7,46,0.5511811023622047,0.9,0.5384615384615384
3742,HyboNet,2,256,0.0002,7,47,0.5511811023622047,0.9,0.5
3743,HyboNet,2,256,0.0002,7,48,0.5275590551181102,0.9333333333333333,0.5
3744,HyboNet,2,256,0.0002,7,49,0.5196850393700787,0.9333333333333333,0.5
3745,HyboNet,2,256,0.0002,7,5,0.5354330708661418,0.6,0.5769230769230769
3746,HyboNet,2,256,0.0002,7,50,0.5196850393700787,0.9333333333333333,0.5
3747,HyboNet,2,256,0.0002,7,51,0.5196850393700787,0.9333333333333333,0.5
3748,HyboNet,2,256,0.0002,7,52,0.5118110236220472,0.9333333333333333,0.5
3749,HyboNet,2,256,0.0002,7,53,0.5118110236220472,0.9333333333333333,0.5384615384615384
3750,HyboNet,2,256,0.0002,7,54,0.5118110236220472,0.9333333333333333,0.5384615384615384
3751,HyboNet,2,256,0.0002,7,55,0.5196850393700787,0.9333333333333333,0.5384615384615384
3752,HyboNet,2,256,0.0002,7,56,0.5118110236220472,0.9333333333333333,0.5384615384615384
3753,HyboNet,2,256,0.0002,7,57,0.5118110236220472,0.9666666666666667,0.5384615384615384
3754,HyboNet,2,256,0.0002,7,58,0.5118110236220472,0.9666666666666667,0.5384615384615384
3755,HyboNet,2,256,0.0002,7,59,0.5196850393700787,0.9666666666666667,0.5384615384615384
3756,HyboNet,2,256,0.0002,7,6,0.5354330708661418,0.6,0.5769230769230769
3757,HyboNet,2,256,0.0002,7,60,0.5196850393700787,0.9666666666666667,0.5384615384615384
3758,HyboNet,2,256,0.0002,7,61,0.5196850393700787,0.9666666666666667,0.5384615384615384
3759,HyboNet,2,256,0.0002,7,62,0.5196850393700787,0.9666666666666667,0.5384615384615384
3760,HyboNet,2,256,0.0002,7,63,0.5275590551181102,0.9666666666666667,0.5384615384615384
3761,HyboNet,2,256,0.0002,7,64,0.5275590551181102,1.0,0.5769230769230769
3762,HyboNet,2,256,0.0002,7,65,0.5275590551181102,1.0,0.5769230769230769
3763,HyboNet,2,256,0.0002,7,66,0.5275590551181102,1.0,0.6153846153846154
3764,HyboNet,2,256,0.0002,7,67,0.5275590551181102,1.0,0.6153846153846154
3765,HyboNet,2,256,0.0002,7,68,0.5275590551181102,1.0,0.6153846153846154
3766,HyboNet,2,256,0.0002,7,69,0.5275590551181102,1.0,0.6153846153846154
3767,HyboNet,2,256,0.0002,7,7,0.5354330708661418,0.6,0.5769230769230769
3768,HyboNet,2,256,0.0002,7,70,0.5354330708661418,1.0,0.6153846153846154
3769,HyboNet,2,256,0.0002,7,71,0.5354330708661418,1.0,0.6153846153846154
3770,HyboNet,2,256,0.0002,7,72,0.5354330708661418,1.0,0.5769230769230769
3771,HyboNet,2,256,0.0002,7,73,0.5275590551181102,1.0,0.5769230769230769
3772,HyboNet,2,256,0.0002,7,74,0.5275590551181102,1.0,0.5769230769230769
3773,HyboNet,2,256,0.0002,7,75,0.5196850393700787,1.0,0.6153846153846154
3774,HyboNet,2,256,0.0002,7,76,0.5196850393700787,1.0,0.6153846153846154
3775,HyboNet,2,256,0.0002,7,77,0.5196850393700787,1.0,0.6153846153846154
3776,HyboNet,2,256,0.0002,7,78,0.5196850393700787,1.0,0.6153846153846154
3777,HyboNet,2,256,0.0002,7,79,0.5196850393700787,1.0,0.6153846153846154
3778,HyboNet,2,256,0.0002,7,8,0.5354330708661418,0.6,0.5769230769230769
3779,HyboNet,2,256,0.0002,7,80,0.5118110236220472,1.0,0.6153846153846154
3780,HyboNet,2,256,0.0002,7,81,0.5118110236220472,1.0,0.6153846153846154
3781,HyboNet,2,256,0.0002,7,82,0.5039370078740157,1.0,0.6923076923076923
3782,HyboNet,2,256,0.0002,7,83,0.5039370078740157,1.0,0.6538461538461539
3783,HyboNet,2,256,0.0002,7,84,0.5039370078740157,1.0,0.6923076923076923
3784,HyboNet,2,256,0.0002,7,85,0.5118110236220472,1.0,0.6923076923076923
3785,HyboNet,2,256,0.0002,7,86,0.5118110236220472,1.0,0.6538461538461539
3786,HyboNet,2,256,0.0002,7,87,0.5039370078740157,1.0,0.6538461538461539
3787,HyboNet,2,256,0.0002,7,88,0.5039370078740157,1.0,0.6538461538461539
3788,HyboNet,2,256,0.0002,7,89,0.5118110236220472,1.0,0.6538461538461539
3789,HyboNet,2,256,0.0002,7,9,0.5354330708661418,0.6333333333333333,0.5769230769230769
3790,HyboNet,2,256,0.0002,7,90,0.5039370078740157,1.0,0.6538461538461539
3791,HyboNet,2,256,0.0002,7,91,0.5039370078740157,1.0,0.6538461538461539
3792,HyboNet,2,256,0.0002,7,92,0.5039370078740157,1.0,0.6538461538461539
3793,HyboNet,2,256,0.0002,7,93,0.4881889763779528,1.0,0.6538461538461539
3794,HyboNet,2,256,0.0002,7,94,0.47244094488188976,1.0,0.6538461538461539
3795,HyboNet,2,256,0.0002,7,95,0.47244094488188976,1.0,0.6538461538461539
3796,HyboNet,2,256,0.0002,7,96,0.4881889763779528,1.0,0.6538461538461539
3797,HyboNet,2,256,0.0002,7,97,0.48031496062992124,1.0,0.6538461538461539
3798,HyboNet,2,256,0.0002,7,98,0.48031496062992124,1.0,0.6538461538461539
3799,HyboNet,2,256,0.0002,7,99,0.4881889763779528,1.0,0.6153846153846154
3800,HyboNet,2,256,0.0002,8,1,0.3858267716535433,0.5,0.34615384615384615
3801,HyboNet,2,256,0.0002,8,10,0.5354330708661418,0.6,0.5769230769230769
3802,HyboNet,2,256,0.0002,8,100,0.49606299212598426,1.0,0.6538461538461539
3803,HyboNet,2,256,0.0002,8,11,0.5354330708661418,0.6,0.5769230769230769
3804,HyboNet,2,256,0.0002,8,12,0.5354330708661418,0.6,0.5769230769230769
3805,HyboNet,2,256,0.0002,8,13,0.5354330708661418,0.6,0.5769230769230769
3806,HyboNet,2,256,0.0002,8,14,0.5354330708661418,0.6333333333333333,0.5769230769230769
3807,HyboNet,2,256,0.0002,8,15,0.5433070866141733,0.6333333333333333,0.5384615384615384
3808,HyboNet,2,256,0.0002,8,16,0.5433070866141733,0.6666666666666666,0.5384615384615384
3809,HyboNet,2,256,0.0002,8,17,0.5433070866141733,0.6666666666666666,0.5384615384615384
3810,HyboNet,2,256,0.0002,8,18,0.5511811023622047,0.8,0.5384615384615384
3811,HyboNet,2,256,0.0002,8,19,0.5511811023622047,0.8,0.5384615384615384
3812,HyboNet,2,256,0.0002,8,2,0.5275590551181102,0.5666666666666667,0.5769230769230769
3813,HyboNet,2,256,0.0002,8,20,0.5511811023622047,0.8,0.5384615384615384
3814,HyboNet,2,256,0.0002,8,21,0.5669291338582677,0.8,0.5384615384615384
3815,HyboNet,2,256,0.0002,8,22,0.5590551181102362,0.8,0.5384615384615384
3816,HyboNet,2,256,0.0002,8,23,0.5590551181102362,0.8,0.5384615384615384
3817,HyboNet,2,256,0.0002,8,24,0.5590551181102362,0.8,0.5384615384615384
3818,HyboNet,2,256,0.0002,8,25,0.5590551181102362,0.8,0.5384615384615384
3819,HyboNet,2,256,0.0002,8,26,0.5590551181102362,0.8,0.5384615384615384
3820,HyboNet,2,256,0.0002,8,27,0.5511811023622047,0.8,0.5384615384615384
3821,HyboNet,2,256,0.0002,8,28,0.5511811023622047,0.8,0.5384615384615384
3822,HyboNet,2,256,0.0002,8,29,0.5511811023622047,0.8,0.5384615384615384
3823,HyboNet,2,256,0.0002,8,3,0.5354330708661418,0.6,0.5769230769230769
3824,HyboNet,2,256,0.0002,8,30,0.5511811023622047,0.8,0.5384615384615384
3825,HyboNet,2,256,0.0002,8,31,0.5511811023622047,0.8,0.5384615384615384
3826,HyboNet,2,256,0.0002,8,32,0.5511811023622047,0.8,0.5384615384615384
3827,HyboNet,2,256,0.0002,8,33,0.5511811023622047,0.8,0.5384615384615384
3828,HyboNet,2,256,0.0002,8,34,0.5511811023622047,0.8,0.5384615384615384
3829,HyboNet,2,256,0.0002,8,35,0.5511811023622047,0.8,0.5769230769230769
3830,HyboNet,2,256,0.0002,8,36,0.5511811023622047,0.8,0.6153846153846154
3831,HyboNet,2,256,0.0002,8,37,0.5511811023622047,0.8,0.6153846153846154
3832,HyboNet,2,256,0.0002,8,38,0.5511811023622047,0.8,0.6153846153846154
3833,HyboNet,2,256,0.0002,8,39,0.5511811023622047,0.8,0.6153846153846154
3834,HyboNet,2,256,0.0002,8,4,0.5354330708661418,0.6,0.5769230769230769
3835,HyboNet,2,256,0.0002,8,40,0.5511811023622047,0.8,0.6153846153846154
3836,HyboNet,2,256,0.0002,8,41,0.5590551181102362,0.8,0.6153846153846154
3837,HyboNet,2,256,0.0002,8,42,0.5590551181102362,0.8,0.6153846153846154
3838,HyboNet,2,256,0.0002,8,43,0.5590551181102362,0.8,0.6153846153846154
3839,HyboNet,2,256,0.0002,8,44,0.5590551181102362,0.8,0.6153846153846154
3840,HyboNet,2,256,0.0002,8,45,0.5590551181102362,0.8,0.6153846153846154
3841,HyboNet,2,256,0.0002,8,46,0.5433070866141733,0.8333333333333334,0.6153846153846154
3842,HyboNet,2,256,0.0002,8,47,0.5354330708661418,0.8333333333333334,0.6153846153846154
3843,HyboNet,2,256,0.0002,8,48,0.5275590551181102,0.8666666666666667,0.6153846153846154
3844,HyboNet,2,256,0.0002,8,49,0.5354330708661418,0.8666666666666667,0.6153846153846154
3845,HyboNet,2,256,0.0002,8,5,0.5354330708661418,0.6,0.5769230769230769
3846,HyboNet,2,256,0.0002,8,50,0.5354330708661418,0.8666666666666667,0.6153846153846154
3847,HyboNet,2,256,0.0002,8,51,0.5354330708661418,0.8666666666666667,0.6153846153846154
3848,HyboNet,2,256,0.0002,8,52,0.5275590551181102,0.8666666666666667,0.6538461538461539
3849,HyboNet,2,256,0.0002,8,53,0.5196850393700787,0.8666666666666667,0.6538461538461539
3850,HyboNet,2,256,0.0002,8,54,0.5196850393700787,0.9333333333333333,0.6538461538461539
3851,HyboNet,2,256,0.0002,8,55,0.5118110236220472,0.9333333333333333,0.6538461538461539
3852,HyboNet,2,256,0.0002,8,56,0.5118110236220472,0.9333333333333333,0.6538461538461539
3853,HyboNet,2,256,0.0002,8,57,0.5118110236220472,0.9333333333333333,0.6153846153846154
3854,HyboNet,2,256,0.0002,8,58,0.5118110236220472,0.9333333333333333,0.6153846153846154
3855,HyboNet,2,256,0.0002,8,59,0.5196850393700787,0.9333333333333333,0.6153846153846154
3856,HyboNet,2,256,0.0002,8,6,0.5354330708661418,0.6,0.5769230769230769
3857,HyboNet,2,256,0.0002,8,60,0.5196850393700787,0.9333333333333333,0.6153846153846154
3858,HyboNet,2,256,0.0002,8,61,0.5275590551181102,0.9333333333333333,0.5769230769230769
3859,HyboNet,2,256,0.0002,8,62,0.5196850393700787,0.9333333333333333,0.5769230769230769
3860,HyboNet,2,256,0.0002,8,63,0.5354330708661418,0.9333333333333333,0.5769230769230769
3861,HyboNet,2,256,0.0002,8,64,0.5354330708661418,0.9333333333333333,0.6153846153846154
3862,HyboNet,2,256,0.0002,8,65,0.5354330708661418,0.9333333333333333,0.6153846153846154
3863,HyboNet,2,256,0.0002,8,66,0.5354330708661418,0.9333333333333333,0.6153846153846154
3864,HyboNet,2,256,0.0002,8,67,0.5354330708661418,0.9333333333333333,0.6153846153846154
3865,HyboNet,2,256,0.0002,8,68,0.5433070866141733,0.9333333333333333,0.6153846153846154
3866,HyboNet,2,256,0.0002,8,69,0.5511811023622047,0.9666666666666667,0.6153846153846154
3867,HyboNet,2,256,0.0002,8,7,0.5354330708661418,0.6,0.5769230769230769
3868,HyboNet,2,256,0.0002,8,70,0.5590551181102362,0.9666666666666667,0.6153846153846154
3869,HyboNet,2,256,0.0002,8,71,0.5511811023622047,0.9666666666666667,0.6153846153846154
3870,HyboNet,2,256,0.0002,8,72,0.5511811023622047,0.9666666666666667,0.6153846153846154
3871,HyboNet,2,256,0.0002,8,73,0.5354330708661418,0.9666666666666667,0.6153846153846154
3872,HyboNet,2,256,0.0002,8,74,0.5275590551181102,0.9666666666666667,0.6153846153846154
3873,HyboNet,2,256,0.0002,8,75,0.5275590551181102,0.9666666666666667,0.6153846153846154
3874,HyboNet,2,256,0.0002,8,76,0.5275590551181102,0.9666666666666667,0.6153846153846154
3875,HyboNet,2,256,0.0002,8,77,0.5275590551181102,0.9666666666666667,0.6153846153846154
3876,HyboNet,2,256,0.0002,8,78,0.5275590551181102,0.9666666666666667,0.6153846153846154
3877,HyboNet,2,256,0.0002,8,79,0.5275590551181102,0.9666666666666667,0.6153846153846154
3878,HyboNet,2,256,0.0002,8,8,0.5354330708661418,0.6,0.5769230769230769
3879,HyboNet,2,256,0.0002,8,80,0.5275590551181102,1.0,0.6153846153846154
3880,HyboNet,2,256,0.0002,8,81,0.5275590551181102,1.0,0.6153846153846154
3881,HyboNet,2,256,0.0002,8,82,0.5275590551181102,1.0,0.6153846153846154
3882,HyboNet,2,256,0.0002,8,83,0.5196850393700787,1.0,0.6153846153846154
3883,HyboNet,2,256,0.0002,8,84,0.5196850393700787,1.0,0.6153846153846154
3884,HyboNet,2,256,0.0002,8,85,0.5196850393700787,1.0,0.6538461538461539
3885,HyboNet,2,256,0.0002,8,86,0.5196850393700787,1.0,0.6538461538461539
3886,HyboNet,2,256,0.0002,8,87,0.5196850393700787,1.0,0.6538461538461539
3887,HyboNet,2,256,0.0002,8,88,0.5196850393700787,1.0,0.6538461538461539
3888,HyboNet,2,256,0.0002,8,89,0.5196850393700787,1.0,0.6538461538461539
3889,HyboNet,2,256,0.0002,8,9,0.5354330708661418,0.6,0.5769230769230769
3890,HyboNet,2,256,0.0002,8,90,0.5196850393700787,1.0,0.6538461538461539
3891,HyboNet,2,256,0.0002,8,91,0.5118110236220472,1.0,0.6538461538461539
3892,HyboNet,2,256,0.0002,8,92,0.5118110236220472,1.0,0.6538461538461539
3893,HyboNet,2,256,0.0002,8,93,0.5118110236220472,1.0,0.6538461538461539
3894,HyboNet,2,256,0.0002,8,94,0.5039370078740157,1.0,0.6538461538461539
3895,HyboNet,2,256,0.0002,8,95,0.49606299212598426,1.0,0.6538461538461539
3896,HyboNet,2,256,0.0002,8,96,0.49606299212598426,1.0,0.6538461538461539
3897,HyboNet,2,256,0.0002,8,97,0.49606299212598426,1.0,0.6538461538461539
3898,HyboNet,2,256,0.0002,8,98,0.49606299212598426,1.0,0.6538461538461539
3899,HyboNet,2,256,0.0002,8,99,0.49606299212598426,1.0,0.6538461538461539
3900,HyboNet,2,256,0.0002,9,1,0.4094488188976378,0.5,0.34615384615384615
3901,HyboNet,2,256,0.0002,9,10,0.5354330708661418,0.6333333333333333,0.5769230769230769
3902,HyboNet,2,256,0.0002,9,100,0.5669291338582677,1.0,0.5769230769230769
3903,HyboNet,2,256,0.0002,9,11,0.5433070866141733,0.6333333333333333,0.5769230769230769
3904,HyboNet,2,256,0.0002,9,12,0.5433070866141733,0.6333333333333333,0.5769230769230769
3905,HyboNet,2,256,0.0002,9,13,0.5433070866141733,0.6333333333333333,0.5384615384615384
3906,HyboNet,2,256,0.0002,9,14,0.5433070866141733,0.6333333333333333,0.5384615384615384
3907,HyboNet,2,256,0.0002,9,15,0.5511811023622047,0.6333333333333333,0.5384615384615384
3908,HyboNet,2,256,0.0002,9,16,0.5511811023622047,0.6666666666666666,0.5384615384615384
3909,HyboNet,2,256,0.0002,9,17,0.5590551181102362,0.7,0.5384615384615384
3910,HyboNet,2,256,0.0002,9,18,0.5511811023622047,0.7333333333333333,0.5384615384615384
3911,HyboNet,2,256,0.0002,9,19,0.5511811023622047,0.8,0.5384615384615384
3912,HyboNet,2,256,0.0002,9,2,0.5196850393700787,0.6333333333333333,0.5384615384615384
3913,HyboNet,2,256,0.0002,9,20,0.5433070866141733,0.8,0.5384615384615384
3914,HyboNet,2,256,0.0002,9,21,0.5433070866141733,0.8,0.5384615384615384
3915,HyboNet,2,256,0.0002,9,22,0.5511811023622047,0.8,0.5384615384615384
3916,HyboNet,2,256,0.0002,9,23,0.5354330708661418,0.8,0.5384615384615384
3917,HyboNet,2,256,0.0002,9,24,0.5275590551181102,0.8,0.5384615384615384
3918,HyboNet,2,256,0.0002,9,25,0.5354330708661418,0.8,0.5384615384615384
3919,HyboNet,2,256,0.0002,9,26,0.5433070866141733,0.8,0.5384615384615384
3920,HyboNet,2,256,0.0002,9,27,0.5590551181102362,0.8,0.5384615384615384
3921,HyboNet,2,256,0.0002,9,28,0.5590551181102362,0.8,0.5384615384615384
3922,HyboNet,2,256,0.0002,9,29,0.5511811023622047,0.8,0.5384615384615384
3923,HyboNet,2,256,0.0002,9,3,0.5354330708661418,0.6333333333333333,0.5769230769230769
3924,HyboNet,2,256,0.0002,9,30,0.5511811023622047,0.8,0.5384615384615384
3925,HyboNet,2,256,0.0002,9,31,0.5511811023622047,0.8,0.5384615384615384
3926,HyboNet,2,256,0.0002,9,32,0.5511811023622047,0.8,0.5384615384615384
3927,HyboNet,2,256,0.0002,9,33,0.5511811023622047,0.8,0.5384615384615384
3928,HyboNet,2,256,0.0002,9,34,0.5590551181102362,0.8,0.5384615384615384
3929,HyboNet,2,256,0.0002,9,35,0.5590551181102362,0.8,0.5384615384615384
3930,HyboNet,2,256,0.0002,9,36,0.5511811023622047,0.8,0.5384615384615384
3931,HyboNet,2,256,0.0002,9,37,0.5511811023622047,0.8,0.5384615384615384
3932,HyboNet,2,256,0.0002,9,38,0.5669291338582677,0.8,0.5384615384615384
3933,HyboNet,2,256,0.0002,9,39,0.5590551181102362,0.8,0.5384615384615384
3934,HyboNet,2,256,0.0002,9,4,0.5354330708661418,0.6,0.5769230769230769
3935,HyboNet,2,256,0.0002,9,40,0.5590551181102362,0.8,0.5384615384615384
3936,HyboNet,2,256,0.0002,9,41,0.5590551181102362,0.8,0.5384615384615384
3937,HyboNet,2,256,0.0002,9,42,0.5590551181102362,0.8,0.5384615384615384
3938,HyboNet,2,256,0.0002,9,43,0.5669291338582677,0.8,0.5384615384615384
3939,HyboNet,2,256,0.0002,9,44,0.5511811023622047,0.8333333333333334,0.5384615384615384
3940,HyboNet,2,256,0.0002,9,45,0.5275590551181102,0.8666666666666667,0.6153846153846154
3941,HyboNet,2,256,0.0002,9,46,0.5354330708661418,0.8666666666666667,0.6538461538461539
3942,HyboNet,2,256,0.0002,9,47,0.5275590551181102,0.8666666666666667,0.6538461538461539
3943,HyboNet,2,256,0.0002,9,48,0.5354330708661418,0.8666666666666667,0.6538461538461539
3944,HyboNet,2,256,0.0002,9,49,0.5354330708661418,0.8666666666666667,0.6538461538461539
3945,HyboNet,2,256,0.0002,9,5,0.5354330708661418,0.6,0.5769230769230769
3946,HyboNet,2,256,0.0002,9,50,0.5354330708661418,0.8666666666666667,0.6538461538461539
3947,HyboNet,2,256,0.0002,9,51,0.5354330708661418,0.8666666666666667,0.6538461538461539
3948,HyboNet,2,256,0.0002,9,52,0.5354330708661418,0.8666666666666667,0.6538461538461539
3949,HyboNet,2,256,0.0002,9,53,0.5354330708661418,0.9,0.5769230769230769
3950,HyboNet,2,256,0.0002,9,54,0.5354330708661418,0.9,0.5769230769230769
3951,HyboNet,2,256,0.0002,9,55,0.5590551181102362,0.9333333333333333,0.5769230769230769
3952,HyboNet,2,256,0.0002,9,56,0.5511811023622047,0.9333333333333333,0.5769230769230769
3953,HyboNet,2,256,0.0002,9,57,0.5511811023622047,0.9333333333333333,0.5769230769230769
3954,HyboNet,2,256,0.0002,9,58,0.5511811023622047,0.9333333333333333,0.5769230769230769
3955,HyboNet,2,256,0.0002,9,59,0.5433070866141733,0.9333333333333333,0.5769230769230769
3956,HyboNet,2,256,0.0002,9,6,0.5354330708661418,0.6,0.5769230769230769
3957,HyboNet,2,256,0.0002,9,60,0.5590551181102362,0.9666666666666667,0.5769230769230769
3958,HyboNet,2,256,0.0002,9,61,0.5511811023622047,0.9666666666666667,0.5769230769230769
3959,HyboNet,2,256,0.0002,9,62,0.5511811023622047,0.9666666666666667,0.5769230769230769
3960,HyboNet,2,256,0.0002,9,63,0.5433070866141733,0.9666666666666667,0.5769230769230769
3961,HyboNet,2,256,0.0002,9,64,0.5354330708661418,0.9666666666666667,0.5769230769230769
3962,HyboNet,2,256,0.0002,9,65,0.5275590551181102,0.9666666666666667,0.5769230769230769
3963,HyboNet,2,256,0.0002,9,66,0.5275590551181102,0.9666666666666667,0.5769230769230769
3964,HyboNet,2,256,0.0002,9,67,0.5275590551181102,0.9666666666666667,0.5769230769230769
3965,HyboNet,2,256,0.0002,9,68,0.5196850393700787,0.9666666666666667,0.5769230769230769
3966,HyboNet,2,256,0.0002,9,69,0.5354330708661418,0.9666666666666667,0.5769230769230769
3967,HyboNet,2,256,0.0002,9,7,0.5354330708661418,0.6,0.5769230769230769
3968,HyboNet,2,256,0.0002,9,70,0.5511811023622047,0.9666666666666667,0.5769230769230769
3969,HyboNet,2,256,0.0002,9,71,0.5669291338582677,0.9666666666666667,0.5769230769230769
3970,HyboNet,2,256,0.0002,9,72,0.5905511811023622,0.9666666666666667,0.5769230769230769
3971,HyboNet,2,256,0.0002,9,73,0.5905511811023622,0.9666666666666667,0.5769230769230769
3972,HyboNet,2,256,0.0002,9,74,0.5826771653543307,0.9666666666666667,0.5769230769230769
3973,HyboNet,2,256,0.0002,9,75,0.5748031496062992,0.9666666666666667,0.5769230769230769
3974,HyboNet,2,256,0.0002,9,76,0.5748031496062992,0.9666666666666667,0.5769230769230769
3975,HyboNet,2,256,0.0002,9,77,0.5748031496062992,0.9666666666666667,0.5769230769230769
3976,HyboNet,2,256,0.0002,9,78,0.5669291338582677,0.9666666666666667,0.5769230769230769
3977,HyboNet,2,256,0.0002,9,79,0.5669291338582677,0.9666666666666667,0.5769230769230769
3978,HyboNet,2,256,0.0002,9,8,0.5354330708661418,0.6,0.5769230769230769
3979,HyboNet,2,256,0.0002,9,80,0.5669291338582677,0.9666666666666667,0.5769230769230769
3980,HyboNet,2,256,0.0002,9,81,0.5748031496062992,1.0,0.5769230769230769
3981,HyboNet,2,256,0.0002,9,82,0.5748031496062992,1.0,0.5769230769230769
3982,HyboNet,2,256,0.0002,9,83,0.5748031496062992,1.0,0.5769230769230769
3983,HyboNet,2,256,0.0002,9,84,0.5748031496062992,1.0,0.5769230769230769
3984,HyboNet,2,256,0.0002,9,85,0.5748031496062992,1.0,0.5769230769230769
3985,HyboNet,2,256,0.0002,9,86,0.5669291338582677,1.0,0.5769230769230769
3986,HyboNet,2,256,0.0002,9,87,0.5590551181102362,1.0,0.5769230769230769
3987,HyboNet,2,256,0.0002,9,88,0.5590551181102362,1.0,0.5769230769230769
3988,HyboNet,2,256,0.0002,9,89,0.5669291338582677,1.0,0.5769230769230769
3989,HyboNet,2,256,0.0002,9,9,0.5354330708661418,0.6,0.5769230769230769
3990,HyboNet,2,256,0.0002,9,90,0.5748031496062992,1.0,0.5769230769230769
3991,HyboNet,2,256,0.0002,9,91,0.5748031496062992,1.0,0.5769230769230769
3992,HyboNet,2,256,0.0002,9,92,0.5826771653543307,1.0,0.5769230769230769
3993,HyboNet,2,256,0.0002,9,93,0.5905511811023622,1.0,0.5769230769230769
3994,HyboNet,2,256,0.0002,9,94,0.5826771653543307,1.0,0.5769230769230769
3995,HyboNet,2,256,0.0002,9,95,0.5905511811023622,1.0,0.5769230769230769
3996,HyboNet,2,256,0.0002,9,96,0.5826771653543307,1.0,0.5769230769230769
3997,HyboNet,2,256,0.0002,9,97,0.5826771653543307,1.0,0.5769230769230769
3998,HyboNet,2,256,0.0002,9,98,0.5826771653543307,1.0,0.5769230769230769
3999,HyboNet,2,256,0.0002,9,99,0.5748031496062992,1.0,0.5769230769230769
4000,HyboNet,2,256,0.001,1,1,0.5354330708661418,0.6,0.5769230769230769
4001,HyboNet,2,256,0.001,1,10,0.5590551181102362,0.7666666666666667,0.5384615384615384
4002,HyboNet,2,256,0.001,1,100,0.48031496062992124,1.0,0.46153846153846156
4003,HyboNet,2,256,0.001,1,11,0.5669291338582677,0.7666666666666667,0.5384615384615384
4004,HyboNet,2,256,0.001,1,12,0.5669291338582677,0.8,0.5384615384615384
4005,HyboNet,2,256,0.001,1,13,0.5748031496062992,0.8,0.5384615384615384
4006,HyboNet,2,256,0.001,1,14,0.5748031496062992,0.8,0.5384615384615384
4007,HyboNet,2,256,0.001,1,15,0.5748031496062992,0.8,0.5384615384615384
4008,HyboNet,2,256,0.001,1,16,0.5748031496062992,0.8,0.5384615384615384
4009,HyboNet,2,256,0.001,1,17,0.5748031496062992,0.8,0.5384615384615384
4010,HyboNet,2,256,0.001,1,18,0.5748031496062992,0.8,0.5384615384615384
4011,HyboNet,2,256,0.001,1,19,0.5748031496062992,0.8,0.5384615384615384
4012,HyboNet,2,256,0.001,1,2,0.5354330708661418,0.6,0.5769230769230769
4013,HyboNet,2,256,0.001,1,20,0.5748031496062992,0.8,0.5384615384615384
4014,HyboNet,2,256,0.001,1,21,0.5748031496062992,0.8,0.5384615384615384
4015,HyboNet,2,256,0.001,1,22,0.5748031496062992,0.8,0.5384615384615384
4016,HyboNet,2,256,0.001,1,23,0.5826771653543307,0.8,0.5384615384615384
4017,HyboNet,2,256,0.001,1,24,0.5748031496062992,0.8,0.5384615384615384
4018,HyboNet,2,256,0.001,1,25,0.5669291338582677,0.8,0.5384615384615384
4019,HyboNet,2,256,0.001,1,26,0.5590551181102362,0.8,0.5384615384615384
4020,HyboNet,2,256,0.001,1,27,0.5590551181102362,0.8666666666666667,0.6538461538461539
4021,HyboNet,2,256,0.001,1,28,0.5511811023622047,0.8666666666666667,0.6538461538461539
4022,HyboNet,2,256,0.001,1,29,0.5354330708661418,0.9,0.6538461538461539
4023,HyboNet,2,256,0.001,1,3,0.5354330708661418,0.6,0.5769230769230769
4024,HyboNet,2,256,0.001,1,30,0.5354330708661418,0.9,0.6153846153846154
4025,HyboNet,2,256,0.001,1,31,0.5433070866141733,0.9,0.6153846153846154
4026,HyboNet,2,256,0.001,1,32,0.5433070866141733,0.9,0.6153846153846154
4027,HyboNet,2,256,0.001,1,33,0.5433070866141733,0.9666666666666667,0.6153846153846154
4028,HyboNet,2,256,0.001,1,34,0.5511811023622047,1.0,0.6153846153846154
4029,HyboNet,2,256,0.001,1,35,0.5433070866141733,1.0,0.6153846153846154
4030,HyboNet,2,256,0.001,1,36,0.5590551181102362,1.0,0.5769230769230769
4031,HyboNet,2,256,0.001,1,37,0.5511811023622047,1.0,0.5769230769230769
4032,HyboNet,2,256,0.001,1,38,0.5590551181102362,1.0,0.5769230769230769
4033,HyboNet,2,256,0.001,1,39,0.5433070866141733,1.0,0.5769230769230769
4034,HyboNet,2,256,0.001,1,4,0.5354330708661418,0.6,0.5769230769230769
4035,HyboNet,2,256,0.001,1,40,0.5433070866141733,1.0,0.5769230769230769
4036,HyboNet,2,256,0.001,1,41,0.5433070866141733,1.0,0.5769230769230769
4037,HyboNet,2,256,0.001,1,42,0.5354330708661418,1.0,0.5769230769230769
4038,HyboNet,2,256,0.001,1,43,0.5275590551181102,1.0,0.6153846153846154
4039,HyboNet,2,256,0.001,1,44,0.5433070866141733,1.0,0.6153846153846154
4040,HyboNet,2,256,0.001,1,45,0.5433070866141733,1.0,0.6153846153846154
4041,HyboNet,2,256,0.001,1,46,0.5433070866141733,1.0,0.6153846153846154
4042,HyboNet,2,256,0.001,1,47,0.5433070866141733,1.0,0.6153846153846154
4043,HyboNet,2,256,0.001,1,48,0.5354330708661418,1.0,0.6538461538461539
4044,HyboNet,2,256,0.001,1,49,0.5354330708661418,1.0,0.6538461538461539
4045,HyboNet,2,256,0.001,1,5,0.5354330708661418,0.6,0.5769230769230769
4046,HyboNet,2,256,0.001,1,50,0.5354330708661418,1.0,0.5769230769230769
4047,HyboNet,2,256,0.001,1,51,0.5354330708661418,1.0,0.5769230769230769
4048,HyboNet,2,256,0.001,1,52,0.5196850393700787,1.0,0.5769230769230769
4049,HyboNet,2,256,0.001,1,53,0.5196850393700787,1.0,0.5769230769230769
4050,HyboNet,2,256,0.001,1,54,0.5118110236220472,1.0,0.5769230769230769
4051,HyboNet,2,256,0.001,1,55,0.5511811023622047,1.0,0.5769230769230769
4052,HyboNet,2,256,0.001,1,56,0.5590551181102362,1.0,0.5769230769230769
4053,HyboNet,2,256,0.001,1,57,0.5511811023622047,1.0,0.5769230769230769
4054,HyboNet,2,256,0.001,1,58,0.5511811023622047,1.0,0.5769230769230769
4055,HyboNet,2,256,0.001,1,59,0.5590551181102362,1.0,0.5769230769230769
4056,HyboNet,2,256,0.001,1,6,0.5354330708661418,0.6333333333333333,0.5769230769230769
4057,HyboNet,2,256,0.001,1,60,0.5590551181102362,1.0,0.5769230769230769
4058,HyboNet,2,256,0.001,1,61,0.5511811023622047,1.0,0.5769230769230769
4059,HyboNet,2,256,0.001,1,62,0.5590551181102362,1.0,0.5769230769230769
4060,HyboNet,2,256,0.001,1,63,0.5590551181102362,1.0,0.5769230769230769
4061,HyboNet,2,256,0.001,1,64,0.5590551181102362,1.0,0.5769230769230769
4062,HyboNet,2,256,0.001,1,65,0.5433070866141733,1.0,0.5769230769230769
4063,HyboNet,2,256,0.001,1,66,0.5354330708661418,1.0,0.5769230769230769
4064,HyboNet,2,256,0.001,1,67,0.5354330708661418,1.0,0.5769230769230769
4065,HyboNet,2,256,0.001,1,68,0.5275590551181102,1.0,0.5769230769230769
4066,HyboNet,2,256,0.001,1,69,0.5275590551181102,1.0,0.5769230769230769
4067,HyboNet,2,256,0.001,1,7,0.5354330708661418,0.6333333333333333,0.5769230769230769
4068,HyboNet,2,256,0.001,1,70,0.5275590551181102,1.0,0.5769230769230769
4069,HyboNet,2,256,0.001,1,71,0.5275590551181102,1.0,0.46153846153846156
4070,HyboNet,2,256,0.001,1,72,0.5275590551181102,1.0,0.46153846153846156
4071,HyboNet,2,256,0.001,1,73,0.5196850393700787,1.0,0.5384615384615384
4072,HyboNet,2,256,0.001,1,74,0.5275590551181102,1.0,0.5384615384615384
4073,HyboNet,2,256,0.001,1,75,0.5275590551181102,1.0,0.5384615384615384
4074,HyboNet,2,256,0.001,1,76,0.5275590551181102,1.0,0.5
4075,HyboNet,2,256,0.001,1,77,0.5196850393700787,1.0,0.46153846153846156
4076,HyboNet,2,256,0.001,1,78,0.5196850393700787,1.0,0.4230769230769231
4077,HyboNet,2,256,0.001,1,79,0.5196850393700787,1.0,0.4230769230769231
4078,HyboNet,2,256,0.001,1,8,0.5433070866141733,0.7,0.5769230769230769
4079,HyboNet,2,256,0.001,1,80,0.5196850393700787,1.0,0.4230769230769231
4080,HyboNet,2,256,0.001,1,81,0.5118110236220472,1.0,0.4230769230769231
4081,HyboNet,2,256,0.001,1,82,0.49606299212598426,1.0,0.4230769230769231
4082,HyboNet,2,256,0.001,1,83,0.49606299212598426,1.0,0.46153846153846156
4083,HyboNet,2,256,0.001,1,84,0.49606299212598426,1.0,0.46153846153846156
4084,HyboNet,2,256,0.001,1,85,0.49606299212598426,1.0,0.46153846153846156
4085,HyboNet,2,256,0.001,1,86,0.49606299212598426,1.0,0.46153846153846156
4086,HyboNet,2,256,0.001,1,87,0.4881889763779528,1.0,0.46153846153846156
4087,HyboNet,2,256,0.001,1,88,0.47244094488188976,1.0,0.46153846153846156
4088,HyboNet,2,256,0.001,1,89,0.4881889763779528,1.0,0.46153846153846156
4089,HyboNet,2,256,0.001,1,9,0.5433070866141733,0.7333333333333333,0.5769230769230769
4090,HyboNet,2,256,0.001,1,90,0.4881889763779528,1.0,0.46153846153846156
4091,HyboNet,2,256,0.001,1,91,0.4881889763779528,1.0,0.46153846153846156
4092,HyboNet,2,256,0.001,1,92,0.4881889763779528,1.0,0.46153846153846156
4093,HyboNet,2,256,0.001,1,93,0.4881889763779528,1.0,0.46153846153846156
4094,HyboNet,2,256,0.001,1,94,0.4881889763779528,1.0,0.46153846153846156
4095,HyboNet,2,256,0.001,1,95,0.49606299212598426,1.0,0.46153846153846156
4096,HyboNet,2,256,0.001,1,96,0.4881889763779528,1.0,0.46153846153846156
4097,HyboNet,2,256,0.001,1,97,0.49606299212598426,1.0,0.46153846153846156
4098,HyboNet,2,256,0.001,1,98,0.4881889763779528,1.0,0.46153846153846156
4099,HyboNet,2,256,0.001,1,99,0.47244094488188976,1.0,0.46153846153846156
4100,HyboNet,2,256,0.001,10,1,0.5354330708661418,0.6,0.5769230769230769
4101,HyboNet,2,256,0.001,10,10,0.5590551181102362,0.7333333333333333,0.5384615384615384
4102,HyboNet,2,256,0.001,10,100,0.4645669291338583,1.0,0.5384615384615384
4103,HyboNet,2,256,0.001,10,11,0.5511811023622047,0.7666666666666667,0.5384615384615384
4104,HyboNet,2,256,0.001,10,12,0.5669291338582677,0.8,0.5384615384615384
4105,HyboNet,2,256,0.001,10,13,0.5748031496062992,0.8,0.5384615384615384
4106,HyboNet,2,256,0.001,10,14,0.5748031496062992,0.8,0.5769230769230769
4107,HyboNet,2,256,0.001,10,15,0.5748031496062992,0.8,0.5769230769230769
4108,HyboNet,2,256,0.001,10,16,0.5669291338582677,0.8,0.5769230769230769
4109,HyboNet,2,256,0.001,10,17,0.5669291338582677,0.8,0.5769230769230769
4110,HyboNet,2,256,0.001,10,18,0.5748031496062992,0.8,0.5769230769230769
4111,HyboNet,2,256,0.001,10,19,0.5748031496062992,0.8,0.5769230769230769
4112,HyboNet,2,256,0.001,10,2,0.5354330708661418,0.6,0.5769230769230769
4113,HyboNet,2,256,0.001,10,20,0.5748031496062992,0.8,0.5384615384615384
4114,HyboNet,2,256,0.001,10,21,0.5669291338582677,0.8,0.5384615384615384
4115,HyboNet,2,256,0.001,10,22,0.5669291338582677,0.8,0.5384615384615384
4116,HyboNet,2,256,0.001,10,23,0.5669291338582677,0.8,0.5384615384615384
4117,HyboNet,2,256,0.001,10,24,0.5669291338582677,0.8,0.5384615384615384
4118,HyboNet,2,256,0.001,10,25,0.5669291338582677,0.8333333333333334,0.5384615384615384
4119,HyboNet,2,256,0.001,10,26,0.5669291338582677,0.8333333333333334,0.5384615384615384
4120,HyboNet,2,256,0.001,10,27,0.5669291338582677,0.8333333333333334,0.5384615384615384
4121,HyboNet,2,256,0.001,10,28,0.5669291338582677,0.8333333333333334,0.5384615384615384
4122,HyboNet,2,256,0.001,10,29,0.5590551181102362,0.8333333333333334,0.5384615384615384
4123,HyboNet,2,256,0.001,10,3,0.5354330708661418,0.6,0.5769230769230769
4124,HyboNet,2,256,0.001,10,30,0.5511811023622047,0.8333333333333334,0.5384615384615384
4125,HyboNet,2,256,0.001,10,31,0.5511811023622047,0.8666666666666667,0.5769230769230769
4126,HyboNet,2,256,0.001,10,32,0.5590551181102362,0.8666666666666667,0.5769230769230769
4127,HyboNet,2,256,0.001,10,33,0.5433070866141733,0.9,0.6153846153846154
4128,HyboNet,2,256,0.001,10,34,0.5354330708661418,0.9,0.6538461538461539
4129,HyboNet,2,256,0.001,10,35,0.5354330708661418,0.9333333333333333,0.6538461538461539
4130,HyboNet,2,256,0.001,10,36,0.5354330708661418,0.9333333333333333,0.6538461538461539
4131,HyboNet,2,256,0.001,10,37,0.5275590551181102,0.9666666666666667,0.6538461538461539
4132,HyboNet,2,256,0.001,10,38,0.5275590551181102,0.9666666666666667,0.6538461538461539
4133,HyboNet,2,256,0.001,10,39,0.5196850393700787,0.9666666666666667,0.5769230769230769
4134,HyboNet,2,256,0.001,10,4,0.5354330708661418,0.6,0.5769230769230769
4135,HyboNet,2,256,0.001,10,40,0.5433070866141733,1.0,0.5769230769230769
4136,HyboNet,2,256,0.001,10,41,0.5590551181102362,0.9666666666666667,0.5769230769230769
4137,HyboNet,2,256,0.001,10,42,0.5669291338582677,0.9666666666666667,0.5769230769230769
4138,HyboNet,2,256,0.001,10,43,0.5669291338582677,0.9666666666666667,0.5769230769230769
4139,HyboNet,2,256,0.001,10,44,0.5669291338582677,0.9666666666666667,0.5769230769230769
4140,HyboNet,2,256,0.001,10,45,0.5590551181102362,0.9666666666666667,0.5769230769230769
4141,HyboNet,2,256,0.001,10,46,0.5590551181102362,0.9666666666666667,0.6153846153846154
4142,HyboNet,2,256,0.001,10,47,0.5590551181102362,0.9666666666666667,0.5769230769230769
4143,HyboNet,2,256,0.001,10,48,0.5590551181102362,0.9666666666666667,0.5769230769230769
4144,HyboNet,2,256,0.001,10,49,0.5590551181102362,1.0,0.5769230769230769
4145,HyboNet,2,256,0.001,10,5,0.5354330708661418,0.6,0.5769230769230769
4146,HyboNet,2,256,0.001,10,50,0.5511811023622047,1.0,0.5769230769230769
4147,HyboNet,2,256,0.001,10,51,0.5511811023622047,1.0,0.5769230769230769
4148,HyboNet,2,256,0.001,10,52,0.5433070866141733,1.0,0.5769230769230769
4149,HyboNet,2,256,0.001,10,53,0.5433070866141733,1.0,0.5769230769230769
4150,HyboNet,2,256,0.001,10,54,0.5275590551181102,1.0,0.5769230769230769
4151,HyboNet,2,256,0.001,10,55,0.5275590551181102,1.0,0.5769230769230769
4152,HyboNet,2,256,0.001,10,56,0.5354330708661418,1.0,0.5769230769230769
4153,HyboNet,2,256,0.001,10,57,0.5433070866141733,1.0,0.5769230769230769
4154,HyboNet,2,256,0.001,10,58,0.5433070866141733,1.0,0.5769230769230769
4155,HyboNet,2,256,0.001,10,59,0.5433070866141733,1.0,0.5769230769230769
4156,HyboNet,2,256,0.001,10,6,0.5354330708661418,0.6,0.5769230769230769
4157,HyboNet,2,256,0.001,10,60,0.5196850393700787,1.0,0.5769230769230769
4158,HyboNet,2,256,0.001,10,61,0.5118110236220472,1.0,0.5769230769230769
4159,HyboNet,2,256,0.001,10,62,0.5196850393700787,1.0,0.5769230769230769
4160,HyboNet,2,256,0.001,10,63,0.5039370078740157,1.0,0.6153846153846154
4161,HyboNet,2,256,0.001,10,64,0.5275590551181102,1.0,0.6153846153846154
4162,HyboNet,2,256,0.001,10,65,0.5196850393700787,1.0,0.6153846153846154
4163,HyboNet,2,256,0.001,10,66,0.5196850393700787,1.0,0.6153846153846154
4164,HyboNet,2,256,0.001,10,67,0.5275590551181102,1.0,0.6153846153846154
4165,HyboNet,2,256,0.001,10,68,0.5275590551181102,1.0,0.6153846153846154
4166,HyboNet,2,256,0.001,10,69,0.5275590551181102,1.0,0.6153846153846154
4167,HyboNet,2,256,0.001,10,7,0.5354330708661418,0.6333333333333333,0.5769230769230769
4168,HyboNet,2,256,0.001,10,70,0.5354330708661418,1.0,0.6153846153846154
4169,HyboNet,2,256,0.001,10,71,0.5354330708661418,1.0,0.6153846153846154
4170,HyboNet,2,256,0.001,10,72,0.5275590551181102,1.0,0.6153846153846154
4171,HyboNet,2,256,0.001,10,73,0.5196850393700787,1.0,0.6153846153846154
4172,HyboNet,2,256,0.001,10,74,0.5275590551181102,1.0,0.6153846153846154
4173,HyboNet,2,256,0.001,10,75,0.5275590551181102,1.0,0.6153846153846154
4174,HyboNet,2,256,0.001,10,76,0.5118110236220472,1.0,0.5769230769230769
4175,HyboNet,2,256,0.001,10,77,0.5118110236220472,1.0,0.5769230769230769
4176,HyboNet,2,256,0.001,10,78,0.5039370078740157,1.0,0.5769230769230769
4177,HyboNet,2,256,0.001,10,79,0.5196850393700787,1.0,0.5769230769230769
4178,HyboNet,2,256,0.001,10,8,0.5354330708661418,0.6666666666666666,0.5769230769230769
4179,HyboNet,2,256,0.001,10,80,0.5118110236220472,1.0,0.6153846153846154
4180,HyboNet,2,256,0.001,10,81,0.5039370078740157,1.0,0.6153846153846154
4181,HyboNet,2,256,0.001,10,82,0.5039370078740157,1.0,0.6153846153846154
4182,HyboNet,2,256,0.001,10,83,0.49606299212598426,1.0,0.6153846153846154
4183,HyboNet,2,256,0.001,10,84,0.49606299212598426,1.0,0.6153846153846154
4184,HyboNet,2,256,0.001,10,85,0.49606299212598426,1.0,0.6538461538461539
4185,HyboNet,2,256,0.001,10,86,0.49606299212598426,1.0,0.6538461538461539
4186,HyboNet,2,256,0.001,10,87,0.49606299212598426,1.0,0.6538461538461539
4187,HyboNet,2,256,0.001,10,88,0.49606299212598426,1.0,0.5769230769230769
4188,HyboNet,2,256,0.001,10,89,0.48031496062992124,1.0,0.5769230769230769
4189,HyboNet,2,256,0.001,10,9,0.5433070866141733,0.7333333333333333,0.5769230769230769
4190,HyboNet,2,256,0.001,10,90,0.48031496062992124,1.0,0.5769230769230769
4191,HyboNet,2,256,0.001,10,91,0.49606299212598426,1.0,0.5769230769230769
4192,HyboNet,2,256,0.001,10,92,0.5039370078740157,1.0,0.5769230769230769
4193,HyboNet,2,256,0.001,10,93,0.5039370078740157,1.0,0.6153846153846154
4194,HyboNet,2,256,0.001,10,94,0.5039370078740157,1.0,0.6153846153846154
4195,HyboNet,2,256,0.001,10,95,0.5039370078740157,1.0,0.5769230769230769
4196,HyboNet,2,256,0.001,10,96,0.48031496062992124,1.0,0.5769230769230769
4197,HyboNet,2,256,0.001,10,97,0.4645669291338583,1.0,0.5384615384615384
4198,HyboNet,2,256,0.001,10,98,0.4645669291338583,1.0,0.5384615384615384
4199,HyboNet,2,256,0.001,10,99,0.4645669291338583,1.0,0.5384615384615384
4200,HyboNet,2,256,0.001,2,1,0.5354330708661418,0.6,0.5769230769230769
4201,HyboNet,2,256,0.001,2,10,0.5433070866141733,0.7333333333333333,0.5384615384615384
4202,HyboNet,2,256,0.001,2,100,0.5039370078740157,1.0,0.46153846153846156
4203,HyboNet,2,256,0.001,2,11,0.5669291338582677,0.7666666666666667,0.5384615384615384
4204,HyboNet,2,256,0.001,2,12,0.5669291338582677,0.8,0.5769230769230769
4205,HyboNet,2,256,0.001,2,13,0.5669291338582677,0.8,0.5769230769230769
4206,HyboNet,2,256,0.001,2,14,0.5826771653543307,0.8,0.5769230769230769
4207,HyboNet,2,256,0.001,2,15,0.5748031496062992,0.8,0.5769230769230769
4208,HyboNet,2,256,0.001,2,16,0.5748031496062992,0.8,0.6153846153846154
4209,HyboNet,2,256,0.001,2,17,0.5748031496062992,0.8,0.6153846153846154
4210,HyboNet,2,256,0.001,2,18,0.5748031496062992,0.8,0.6153846153846154
4211,HyboNet,2,256,0.001,2,19,0.5748031496062992,0.8,0.6538461538461539
4212,HyboNet,2,256,0.001,2,2,0.5354330708661418,0.6,0.5769230769230769
4213,HyboNet,2,256,0.001,2,20,0.5748031496062992,0.8,0.6538461538461539
4214,HyboNet,2,256,0.001,2,21,0.5748031496062992,0.8,0.6538461538461539
4215,HyboNet,2,256,0.001,2,22,0.5748031496062992,0.8,0.6538461538461539
4216,HyboNet,2,256,0.001,2,23,0.5748031496062992,0.8,0.6538461538461539
4217,HyboNet,2,256,0.001,2,24,0.5669291338582677,0.8,0.6538461538461539
4218,HyboNet,2,256,0.001,2,25,0.5669291338582677,0.8666666666666667,0.6538461538461539
4219,HyboNet,2,256,0.001,2,26,0.5748031496062992,0.8666666666666667,0.6538461538461539
4220,HyboNet,2,256,0.001,2,27,0.5748031496062992,0.8666666666666667,0.6153846153846154
4221,HyboNet,2,256,0.001,2,28,0.5669291338582677,0.8666666666666667,0.6153846153846154
4222,HyboNet,2,256,0.001,2,29,0.5748031496062992,0.9,0.6153846153846154
4223,HyboNet,2,256,0.001,2,3,0.5354330708661418,0.6,0.5769230769230769
4224,HyboNet,2,256,0.001,2,30,0.5511811023622047,0.9,0.5769230769230769
4225,HyboNet,2,256,0.001,2,31,0.5433070866141733,0.9,0.5769230769230769
4226,HyboNet,2,256,0.001,2,32,0.5275590551181102,0.9,0.5769230769230769
4227,HyboNet,2,256,0.001,2,33,0.5354330708661418,0.9666666666666667,0.5769230769230769
4228,HyboNet,2,256,0.001,2,34,0.5433070866141733,0.9666666666666667,0.5769230769230769
4229,HyboNet,2,256,0.001,2,35,0.5590551181102362,0.9666666666666667,0.5769230769230769
4230,HyboNet,2,256,0.001,2,36,0.5748031496062992,1.0,0.5769230769230769
4231,HyboNet,2,256,0.001,2,37,0.5748031496062992,1.0,0.5769230769230769
4232,HyboNet,2,256,0.001,2,38,0.5669291338582677,0.9666666666666667,0.6153846153846154
4233,HyboNet,2,256,0.001,2,39,0.5669291338582677,0.9666666666666667,0.6153846153846154
4234,HyboNet,2,256,0.001,2,4,0.5354330708661418,0.6,0.5769230769230769
4235,HyboNet,2,256,0.001,2,40,0.5748031496062992,0.9666666666666667,0.6538461538461539
4236,HyboNet,2,256,0.001,2,41,0.5590551181102362,0.9666666666666667,0.6153846153846154
4237,HyboNet,2,256,0.001,2,42,0.5511811023622047,0.9666666666666667,0.6538461538461539
4238,HyboNet,2,256,0.001,2,43,0.5590551181102362,0.9666666666666667,0.6153846153846154
4239,HyboNet,2,256,0.001,2,44,0.5590551181102362,0.9666666666666667,0.6153846153846154
4240,HyboNet,2,256,0.001,2,45,0.5511811023622047,0.9666666666666667,0.6153846153846154
4241,HyboNet,2,256,0.001,2,46,0.5433070866141733,1.0,0.6153846153846154
4242,HyboNet,2,256,0.001,2,47,0.5433070866141733,1.0,0.5769230769230769
4243,HyboNet,2,256,0.001,2,48,0.5433070866141733,1.0,0.5769230769230769
4244,HyboNet,2,256,0.001,2,49,0.5433070866141733,1.0,0.5769230769230769
4245,HyboNet,2,256,0.001,2,5,0.5354330708661418,0.6,0.5769230769230769
4246,HyboNet,2,256,0.001,2,50,0.5275590551181102,1.0,0.5769230769230769
4247,HyboNet,2,256,0.001,2,51,0.5275590551181102,1.0,0.5769230769230769
4248,HyboNet,2,256,0.001,2,52,0.5275590551181102,1.0,0.5769230769230769
4249,HyboNet,2,256,0.001,2,53,0.5354330708661418,1.0,0.5769230769230769
4250,HyboNet,2,256,0.001,2,54,0.5354330708661418,1.0,0.5769230769230769
4251,HyboNet,2,256,0.001,2,55,0.5354330708661418,1.0,0.5384615384615384
4252,HyboNet,2,256,0.001,2,56,0.5354330708661418,1.0,0.5384615384615384
4253,HyboNet,2,256,0.001,2,57,0.5354330708661418,1.0,0.5769230769230769
4254,HyboNet,2,256,0.001,2,58,0.5433070866141733,1.0,0.5769230769230769
4255,HyboNet,2,256,0.001,2,59,0.5354330708661418,1.0,0.5769230769230769
4256,HyboNet,2,256,0.001,2,6,0.5354330708661418,0.6333333333333333,0.5769230769230769
4257,HyboNet,2,256,0.001,2,60,0.5354330708661418,1.0,0.5769230769230769
4258,HyboNet,2,256,0.001,2,61,0.5354330708661418,1.0,0.5769230769230769
4259,HyboNet,2,256,0.001,2,62,0.5275590551181102,1.0,0.5769230769230769
4260,HyboNet,2,256,0.001,2,63,0.5275590551181102,1.0,0.5769230769230769
4261,HyboNet,2,256,0.001,2,64,0.5275590551181102,1.0,0.5769230769230769
4262,HyboNet,2,256,0.001,2,65,0.5511811023622047,1.0,0.5769230769230769
4263,HyboNet,2,256,0.001,2,66,0.5433070866141733,1.0,0.6153846153846154
4264,HyboNet,2,256,0.001,2,67,0.5511811023622047,1.0,0.6153846153846154
4265,HyboNet,2,256,0.001,2,68,0.5511811023622047,1.0,0.6153846153846154
4266,HyboNet,2,256,0.001,2,69,0.5511811023622047,1.0,0.6153846153846154
4267,HyboNet,2,256,0.001,2,7,0.5433070866141733,0.6333333333333333,0.5769230769230769
4268,HyboNet,2,256,0.001,2,70,0.5354330708661418,1.0,0.5769230769230769
4269,HyboNet,2,256,0.001,2,71,0.5354330708661418,1.0,0.5769230769230769
4270,HyboNet,2,256,0.001,2,72,0.5354330708661418,1.0,0.5769230769230769
4271,HyboNet,2,256,0.001,2,73,0.5511811023622047,1.0,0.5769230769230769
4272,HyboNet,2,256,0.001,2,74,0.5433070866141733,1.0,0.5769230769230769
4273,HyboNet,2,256,0.001,2,75,0.5275590551181102,1.0,0.5769230769230769
4274,HyboNet,2,256,0.001,2,76,0.5275590551181102,1.0,0.5
4275,HyboNet,2,256,0.001,2,77,0.5354330708661418,1.0,0.46153846153846156
4276,HyboNet,2,256,0.001,2,78,0.5354330708661418,1.0,0.46153846153846156
4277,HyboNet,2,256,0.001,2,79,0.5354330708661418,1.0,0.46153846153846156
4278,HyboNet,2,256,0.001,2,8,0.5433070866141733,0.7,0.5769230769230769
4279,HyboNet,2,256,0.001,2,80,0.5433070866141733,1.0,0.5384615384615384
4280,HyboNet,2,256,0.001,2,81,0.5354330708661418,1.0,0.5769230769230769
4281,HyboNet,2,256,0.001,2,82,0.5275590551181102,1.0,0.5769230769230769
4282,HyboNet,2,256,0.001,2,83,0.5196850393700787,1.0,0.5769230769230769
4283,HyboNet,2,256,0.001,2,84,0.5196850393700787,1.0,0.5769230769230769
4284,HyboNet,2,256,0.001,2,85,0.5196850393700787,1.0,0.5384615384615384
4285,HyboNet,2,256,0.001,2,86,0.5275590551181102,1.0,0.5384615384615384
4286,HyboNet,2,256,0.001,2,87,0.5275590551181102,1.0,0.5
4287,HyboNet,2,256,0.001,2,88,0.5196850393700787,1.0,0.5
4288,HyboNet,2,256,0.001,2,89,0.5196850393700787,1.0,0.5
4289,HyboNet,2,256,0.001,2,9,0.5433070866141733,0.7,0.5769230769230769
4290,HyboNet,2,256,0.001,2,90,0.5275590551181102,1.0,0.5384615384615384
4291,HyboNet,2,256,0.001,2,91,0.5354330708661418,1.0,0.5384615384615384
4292,HyboNet,2,256,0.001,2,92,0.5275590551181102,1.0,0.5
4293,HyboNet,2,256,0.001,2,93,0.5196850393700787,1.0,0.5
4294,HyboNet,2,256,0.001,2,94,0.5196850393700787,1.0,0.5384615384615384
4295,HyboNet,2,256,0.001,2,95,0.5196850393700787,1.0,0.5384615384615384
4296,HyboNet,2,256,0.001,2,96,0.5196850393700787,1.0,0.5
4297,HyboNet,2,256,0.001,2,97,0.5118110236220472,1.0,0.46153846153846156
4298,HyboNet,2,256,0.001,2,98,0.5039370078740157,1.0,0.46153846153846156
4299,HyboNet,2,256,0.001,2,99,0.5039370078740157,1.0,0.46153846153846156
4300,HyboNet,2,256,0.001,3,1,0.5354330708661418,0.6,0.5769230769230769
4301,HyboNet,2,256,0.001,3,10,0.5511811023622047,0.8,0.5769230769230769
4302,HyboNet,2,256,0.001,3,100,0.47244094488188976,1.0,0.5
4303,HyboNet,2,256,0.001,3,11,0.5433070866141733,0.8,0.6153846153846154
4304,HyboNet,2,256,0.001,3,12,0.5433070866141733,0.8,0.6153846153846154
4305,HyboNet,2,256,0.001,3,13,0.5433070866141733,0.8,0.6153846153846154
4306,HyboNet,2,256,0.001,3,14,0.5511811023622047,0.8,0.6153846153846154
4307,HyboNet,2,256,0.001,3,15,0.5511811023622047,0.8,0.6538461538461539
4308,HyboNet,2,256,0.001,3,16,0.5511811023622047,0.8,0.6153846153846154
4309,HyboNet,2,256,0.001,3,17,0.5511811023622047,0.8,0.6153846153846154
4310,HyboNet,2,256,0.001,3,18,0.5590551181102362,0.8,0.6153846153846154
4311,HyboNet,2,256,0.001,3,19,0.5590551181102362,0.8333333333333334,0.6153846153846154
4312,HyboNet,2,256,0.001,3,2,0.5354330708661418,0.6,0.5769230769230769
4313,HyboNet,2,256,0.001,3,20,0.5590551181102362,0.8333333333333334,0.6153846153846154
4314,HyboNet,2,256,0.001,3,21,0.5748031496062992,0.8333333333333334,0.6153846153846154
4315,HyboNet,2,256,0.001,3,22,0.5748031496062992,0.8333333333333334,0.6153846153846154
4316,HyboNet,2,256,0.001,3,23,0.5826771653543307,0.8333333333333334,0.6153846153846154
4317,HyboNet,2,256,0.001,3,24,0.5748031496062992,0.8333333333333334,0.6153846153846154
4318,HyboNet,2,256,0.001,3,25,0.5748031496062992,0.8666666666666667,0.6153846153846154
4319,HyboNet,2,256,0.001,3,26,0.5748031496062992,0.8666666666666667,0.6153846153846154
4320,HyboNet,2,256,0.001,3,27,0.5669291338582677,0.8666666666666667,0.6153846153846154
4321,HyboNet,2,256,0.001,3,28,0.5590551181102362,0.9333333333333333,0.5769230769230769
4322,HyboNet,2,256,0.001,3,29,0.5275590551181102,0.9333333333333333,0.5769230769230769
4323,HyboNet,2,256,0.001,3,3,0.5354330708661418,0.6,0.5769230769230769
4324,HyboNet,2,256,0.001,3,30,0.5275590551181102,1.0,0.5769230769230769
4325,HyboNet,2,256,0.001,3,31,0.5275590551181102,1.0,0.5769230769230769
4326,HyboNet,2,256,0.001,3,32,0.5118110236220472,1.0,0.5769230769230769
4327,HyboNet,2,256,0.001,3,33,0.5196850393700787,0.9666666666666667,0.5384615384615384
4328,HyboNet,2,256,0.001,3,34,0.5275590551181102,0.9666666666666667,0.5384615384615384
4329,HyboNet,2,256,0.001,3,35,0.5196850393700787,0.9666666666666667,0.5384615384615384
4330,HyboNet,2,256,0.001,3,36,0.5354330708661418,0.9666666666666667,0.5
4331,HyboNet,2,256,0.001,3,37,0.5275590551181102,0.9666666666666667,0.5384615384615384
4332,HyboNet,2,256,0.001,3,38,0.5196850393700787,0.9666666666666667,0.5384615384615384
4333,HyboNet,2,256,0.001,3,39,0.5039370078740157,0.9666666666666667,0.5384615384615384
4334,HyboNet,2,256,0.001,3,4,0.5354330708661418,0.6333333333333333,0.5769230769230769
4335,HyboNet,2,256,0.001,3,40,0.5039370078740157,0.9666666666666667,0.5384615384615384
4336,HyboNet,2,256,0.001,3,41,0.5118110236220472,0.9666666666666667,0.5384615384615384
4337,HyboNet,2,256,0.001,3,42,0.5354330708661418,1.0,0.5384615384615384
4338,HyboNet,2,256,0.001,3,43,0.5354330708661418,1.0,0.5
4339,HyboNet,2,256,0.001,3,44,0.5196850393700787,1.0,0.5384615384615384
4340,HyboNet,2,256,0.001,3,45,0.5196850393700787,1.0,0.5384615384615384
4341,HyboNet,2,256,0.001,3,46,0.5196850393700787,1.0,0.5384615384615384
4342,HyboNet,2,256,0.001,3,47,0.5196850393700787,1.0,0.5384615384615384
4343,HyboNet,2,256,0.001,3,48,0.5275590551181102,1.0,0.5384615384615384
4344,HyboNet,2,256,0.001,3,49,0.5275590551181102,1.0,0.5384615384615384
4345,HyboNet,2,256,0.001,3,5,0.5354330708661418,0.6666666666666666,0.5769230769230769
4346,HyboNet,2,256,0.001,3,50,0.5275590551181102,1.0,0.5384615384615384
4347,HyboNet,2,256,0.001,3,51,0.5275590551181102,1.0,0.5384615384615384
4348,HyboNet,2,256,0.001,3,52,0.5196850393700787,1.0,0.5384615384615384
4349,HyboNet,2,256,0.001,3,53,0.5039370078740157,1.0,0.5384615384615384
4350,HyboNet,2,256,0.001,3,54,0.5196850393700787,1.0,0.5384615384615384
4351,HyboNet,2,256,0.001,3,55,0.5196850393700787,1.0,0.5384615384615384
4352,HyboNet,2,256,0.001,3,56,0.5196850393700787,1.0,0.5384615384615384
4353,HyboNet,2,256,0.001,3,57,0.5118110236220472,1.0,0.5384615384615384
4354,HyboNet,2,256,0.001,3,58,0.5196850393700787,1.0,0.5384615384615384
4355,HyboNet,2,256,0.001,3,59,0.5196850393700787,1.0,0.5384615384615384
4356,HyboNet,2,256,0.001,3,6,0.5511811023622047,0.7333333333333333,0.5769230769230769
4357,HyboNet,2,256,0.001,3,60,0.5354330708661418,1.0,0.5384615384615384
4358,HyboNet,2,256,0.001,3,61,0.5275590551181102,1.0,0.5384615384615384
4359,HyboNet,2,256,0.001,3,62,0.5196850393700787,1.0,0.46153846153846156
4360,HyboNet,2,256,0.001,3,63,0.5196850393700787,1.0,0.46153846153846156
4361,HyboNet,2,256,0.001,3,64,0.5118110236220472,1.0,0.46153846153846156
4362,HyboNet,2,256,0.001,3,65,0.5196850393700787,1.0,0.46153846153846156
4363,HyboNet,2,256,0.001,3,66,0.5275590551181102,1.0,0.46153846153846156
4364,HyboNet,2,256,0.001,3,67,0.5118110236220472,1.0,0.46153846153846156
4365,HyboNet,2,256,0.001,3,68,0.48031496062992124,1.0,0.46153846153846156
4366,HyboNet,2,256,0.001,3,69,0.4881889763779528,1.0,0.46153846153846156
4367,HyboNet,2,256,0.001,3,7,0.5511811023622047,0.7666666666666667,0.5769230769230769
4368,HyboNet,2,256,0.001,3,70,0.48031496062992124,1.0,0.46153846153846156
4369,HyboNet,2,256,0.001,3,71,0.4881889763779528,1.0,0.46153846153846156
4370,HyboNet,2,256,0.001,3,72,0.48031496062992124,1.0,0.46153846153846156
4371,HyboNet,2,256,0.001,3,73,0.48031496062992124,1.0,0.46153846153846156
4372,HyboNet,2,256,0.001,3,74,0.47244094488188976,1.0,0.5
4373,HyboNet,2,256,0.001,3,75,0.47244094488188976,1.0,0.5
4374,HyboNet,2,256,0.001,3,76,0.4645669291338583,1.0,0.5
4375,HyboNet,2,256,0.001,3,77,0.47244094488188976,1.0,0.5
4376,HyboNet,2,256,0.001,3,78,0.47244094488188976,1.0,0.5
4377,HyboNet,2,256,0.001,3,79,0.47244094488188976,1.0,0.5
4378,HyboNet,2,256,0.001,3,8,0.5511811023622047,0.8,0.5384615384615384
4379,HyboNet,2,256,0.001,3,80,0.47244094488188976,1.0,0.5
4380,HyboNet,2,256,0.001,3,81,0.48031496062992124,1.0,0.5
4381,HyboNet,2,256,0.001,3,82,0.48031496062992124,1.0,0.5
4382,HyboNet,2,256,0.001,3,83,0.47244094488188976,1.0,0.5
4383,HyboNet,2,256,0.001,3,84,0.47244094488188976,1.0,0.5
4384,HyboNet,2,256,0.001,3,85,0.4645669291338583,1.0,0.5
4385,HyboNet,2,256,0.001,3,86,0.4566929133858268,1.0,0.5
4386,HyboNet,2,256,0.001,3,87,0.4566929133858268,1.0,0.5
4387,HyboNet,2,256,0.001,3,88,0.4566929133858268,1.0,0.5
4388,HyboNet,2,256,0.001,3,89,0.4566929133858268,1.0,0.5
4389,HyboNet,2,256,0.001,3,9,0.5511811023622047,0.8,0.5769230769230769
4390,HyboNet,2,256,0.001,3,90,0.4566929133858268,1.0,0.5
4391,HyboNet,2,256,0.001,3,91,0.44881889763779526,1.0,0.5
4392,HyboNet,2,256,0.001,3,92,0.4566929133858268,1.0,0.5
4393,HyboNet,2,256,0.001,3,93,0.4566929133858268,1.0,0.5
4394,HyboNet,2,256,0.001,3,94,0.4566929133858268,1.0,0.5
4395,HyboNet,2,256,0.001,3,95,0.4409448818897638,1.0,0.5
4396,HyboNet,2,256,0.001,3,96,0.4566929133858268,1.0,0.5
4397,HyboNet,2,256,0.001,3,97,0.4566929133858268,1.0,0.5
4398,HyboNet,2,256,0.001,3,98,0.44881889763779526,1.0,0.5
4399,HyboNet,2,256,0.001,3,99,0.47244094488188976,1.0,0.5
4400,HyboNet,2,256,0.001,4,1,0.5354330708661418,0.6,0.5769230769230769
4401,HyboNet,2,256,0.001,4,10,0.5433070866141733,0.7666666666666667,0.5384615384615384
4402,HyboNet,2,256,0.001,4,100,0.5275590551181102,1.0,0.5769230769230769
4403,HyboNet,2,256,0.001,4,11,0.5511811023622047,0.7666666666666667,0.5384615384615384
4404,HyboNet,2,256,0.001,4,12,0.5669291338582677,0.8,0.5384615384615384
4405,HyboNet,2,256,0.001,4,13,0.5669291338582677,0.8,0.5769230769230769
4406,HyboNet,2,256,0.001,4,14,0.5433070866141733,0.8,0.5769230769230769
4407,HyboNet,2,256,0.001,4,15,0.5433070866141733,0.8,0.5769230769230769
4408,HyboNet,2,256,0.001,4,16,0.5433070866141733,0.8,0.5769230769230769
4409,HyboNet,2,256,0.001,4,17,0.5433070866141733,0.8,0.5769230769230769
4410,HyboNet,2,256,0.001,4,18,0.5511811023622047,0.8,0.5769230769230769
4411,HyboNet,2,256,0.001,4,19,0.5590551181102362,0.8,0.5769230769230769
4412,HyboNet,2,256,0.001,4,2,0.5354330708661418,0.6,0.5769230769230769
4413,HyboNet,2,256,0.001,4,20,0.5590551181102362,0.8,0.5769230769230769
4414,HyboNet,2,256,0.001,4,21,0.5590551181102362,0.8,0.5769230769230769
4415,HyboNet,2,256,0.001,4,22,0.5590551181102362,0.8,0.5769230769230769
4416,HyboNet,2,256,0.001,4,23,0.5590551181102362,0.8,0.5769230769230769
4417,HyboNet,2,256,0.001,4,24,0.5590551181102362,0.8,0.5769230769230769
4418,HyboNet,2,256,0.001,4,25,0.5590551181102362,0.8333333333333334,0.5769230769230769
4419,HyboNet,2,256,0.001,4,26,0.5511811023622047,0.8333333333333334,0.6538461538461539
4420,HyboNet,2,256,0.001,4,27,0.5590551181102362,0.8666666666666667,0.6538461538461539
4421,HyboNet,2,256,0.001,4,28,0.5511811023622047,0.8666666666666667,0.6538461538461539
4422,HyboNet,2,256,0.001,4,29,0.5511811023622047,0.8666666666666667,0.6538461538461539
4423,HyboNet,2,256,0.001,4,3,0.5354330708661418,0.6,0.5769230769230769
4424,HyboNet,2,256,0.001,4,30,0.5511811023622047,0.8666666666666667,0.6538461538461539
4425,HyboNet,2,256,0.001,4,31,0.5433070866141733,0.8666666666666667,0.6153846153846154
4426,HyboNet,2,256,0.001,4,32,0.5433070866141733,0.8666666666666667,0.6153846153846154
4427,HyboNet,2,256,0.001,4,33,0.5354330708661418,0.9,0.6153846153846154
4428,HyboNet,2,256,0.001,4,34,0.5354330708661418,0.9333333333333333,0.6153846153846154
4429,HyboNet,2,256,0.001,4,35,0.5196850393700787,0.9666666666666667,0.5769230769230769
4430,HyboNet,2,256,0.001,4,36,0.5354330708661418,1.0,0.5769230769230769
4431,HyboNet,2,256,0.001,4,37,0.5433070866141733,1.0,0.5769230769230769
4432,HyboNet,2,256,0.001,4,38,0.5433070866141733,1.0,0.5769230769230769
4433,HyboNet,2,256,0.001,4,39,0.5433070866141733,0.9666666666666667,0.5769230769230769
4434,HyboNet,2,256,0.001,4,4,0.5354330708661418,0.6,0.5769230769230769
4435,HyboNet,2,256,0.001,4,40,0.5511811023622047,0.9666666666666667,0.5769230769230769
4436,HyboNet,2,256,0.001,4,41,0.5354330708661418,0.9666666666666667,0.5769230769230769
4437,HyboNet,2,256,0.001,4,42,0.5433070866141733,0.9666666666666667,0.5769230769230769
4438,HyboNet,2,256,0.001,4,43,0.5511811023622047,0.9666666666666667,0.5769230769230769
4439,HyboNet,2,256,0.001,4,44,0.5590551181102362,0.9666666666666667,0.5384615384615384
4440,HyboNet,2,256,0.001,4,45,0.5433070866141733,0.9666666666666667,0.5769230769230769
4441,HyboNet,2,256,0.001,4,46,0.5511811023622047,0.9666666666666667,0.5769230769230769
4442,HyboNet,2,256,0.001,4,47,0.5511811023622047,0.9666666666666667,0.5769230769230769
4443,HyboNet,2,256,0.001,4,48,0.5433070866141733,1.0,0.5769230769230769
4444,HyboNet,2,256,0.001,4,49,0.5433070866141733,1.0,0.5769230769230769
4445,HyboNet,2,256,0.001,4,5,0.5354330708661418,0.6,0.5769230769230769
4446,HyboNet,2,256,0.001,4,50,0.5354330708661418,1.0,0.5769230769230769
4447,HyboNet,2,256,0.001,4,51,0.5354330708661418,1.0,0.5769230769230769
4448,HyboNet,2,256,0.001,4,52,0.5354330708661418,1.0,0.5769230769230769
4449,HyboNet,2,256,0.001,4,53,0.5433070866141733,1.0,0.5769230769230769
4450,HyboNet,2,256,0.001,4,54,0.5511811023622047,1.0,0.5769230769230769
4451,HyboNet,2,256,0.001,4,55,0.5433070866141733,1.0,0.5769230769230769
4452,HyboNet,2,256,0.001,4,56,0.5511811023622047,1.0,0.5769230769230769
4453,HyboNet,2,256,0.001,4,57,0.5511811023622047,1.0,0.5769230769230769
4454,HyboNet,2,256,0.001,4,58,0.5511811023622047,1.0,0.5769230769230769
4455,HyboNet,2,256,0.001,4,59,0.5590551181102362,1.0,0.5769230769230769
4456,HyboNet,2,256,0.001,4,6,0.5354330708661418,0.6,0.5769230769230769
4457,HyboNet,2,256,0.001,4,60,0.5433070866141733,1.0,0.5769230769230769
4458,HyboNet,2,256,0.001,4,61,0.5433070866141733,1.0,0.5769230769230769
4459,HyboNet,2,256,0.001,4,62,0.5433070866141733,1.0,0.5769230769230769
4460,HyboNet,2,256,0.001,4,63,0.5433070866141733,1.0,0.5769230769230769
4461,HyboNet,2,256,0.001,4,64,0.5354330708661418,1.0,0.5769230769230769
4462,HyboNet,2,256,0.001,4,65,0.5354330708661418,1.0,0.5769230769230769
4463,HyboNet,2,256,0.001,4,66,0.5354330708661418,1.0,0.5769230769230769
4464,HyboNet,2,256,0.001,4,67,0.5354330708661418,1.0,0.5769230769230769
4465,HyboNet,2,256,0.001,4,68,0.5433070866141733,1.0,0.5769230769230769
4466,HyboNet,2,256,0.001,4,69,0.5433070866141733,1.0,0.6153846153846154
4467,HyboNet,2,256,0.001,4,7,0.5354330708661418,0.6333333333333333,0.5769230769230769
4468,HyboNet,2,256,0.001,4,70,0.5433070866141733,1.0,0.6153846153846154
4469,HyboNet,2,256,0.001,4,71,0.5354330708661418,1.0,0.6153846153846154
4470,HyboNet,2,256,0.001,4,72,0.5275590551181102,1.0,0.6153846153846154
4471,HyboNet,2,256,0.001,4,73,0.5433070866141733,1.0,0.6153846153846154
4472,HyboNet,2,256,0.001,4,74,0.5275590551181102,1.0,0.6153846153846154
4473,HyboNet,2,256,0.001,4,75,0.5275590551181102,1.0,0.6153846153846154
4474,HyboNet,2,256,0.001,4,76,0.5354330708661418,1.0,0.6153846153846154
4475,HyboNet,2,256,0.001,4,77,0.5196850393700787,1.0,0.6153846153846154
4476,HyboNet,2,256,0.001,4,78,0.5354330708661418,1.0,0.6153846153846154
4477,HyboNet,2,256,0.001,4,79,0.5433070866141733,1.0,0.6153846153846154
4478,HyboNet,2,256,0.001,4,8,0.5433070866141733,0.7,0.5769230769230769
4479,HyboNet,2,256,0.001,4,80,0.5433070866141733,1.0,0.6153846153846154
4480,HyboNet,2,256,0.001,4,81,0.5511811023622047,1.0,0.6153846153846154
4481,HyboNet,2,256,0.001,4,82,0.5275590551181102,1.0,0.6153846153846154
4482,HyboNet,2,256,0.001,4,83,0.5275590551181102,1.0,0.6153846153846154
4483,HyboNet,2,256,0.001,4,84,0.5196850393700787,1.0,0.5
4484,HyboNet,2,256,0.001,4,85,0.5118110236220472,1.0,0.5
4485,HyboNet,2,256,0.001,4,86,0.5118110236220472,1.0,0.5
4486,HyboNet,2,256,0.001,4,87,0.5039370078740157,1.0,0.5
4487,HyboNet,2,256,0.001,4,88,0.5196850393700787,1.0,0.46153846153846156
4488,HyboNet,2,256,0.001,4,89,0.5118110236220472,1.0,0.46153846153846156
4489,HyboNet,2,256,0.001,4,9,0.5433070866141733,0.7333333333333333,0.5769230769230769
4490,HyboNet,2,256,0.001,4,90,0.5118110236220472,1.0,0.46153846153846156
4491,HyboNet,2,256,0.001,4,91,0.5118110236220472,1.0,0.5
4492,HyboNet,2,256,0.001,4,92,0.5118110236220472,1.0,0.5384615384615384
4493,HyboNet,2,256,0.001,4,93,0.5118110236220472,1.0,0.5384615384615384
4494,HyboNet,2,256,0.001,4,94,0.5354330708661418,1.0,0.5384615384615384
4495,HyboNet,2,256,0.001,4,95,0.5275590551181102,1.0,0.5
4496,HyboNet,2,256,0.001,4,96,0.5275590551181102,1.0,0.5
4497,HyboNet,2,256,0.001,4,97,0.5196850393700787,1.0,0.5
4498,HyboNet,2,256,0.001,4,98,0.5275590551181102,1.0,0.46153846153846156
4499,HyboNet,2,256,0.001,4,99,0.5196850393700787,1.0,0.46153846153846156
4500,HyboNet,2,256,0.001,5,1,0.5354330708661418,0.6,0.5769230769230769
4501,HyboNet,2,256,0.001,5,10,0.5511811023622047,0.7666666666666667,0.5384615384615384
4502,HyboNet,2,256,0.001,5,100,0.5433070866141733,1.0,0.5769230769230769
4503,HyboNet,2,256,0.001,5,11,0.5590551181102362,0.8,0.5384615384615384
4504,HyboNet,2,256,0.001,5,12,0.5669291338582677,0.8,0.5384615384615384
4505,HyboNet,2,256,0.001,5,13,0.5905511811023622,0.8,0.5769230769230769
4506,HyboNet,2,256,0.001,5,14,0.5905511811023622,0.8,0.5769230769230769
4507,HyboNet,2,256,0.001,5,15,0.5826771653543307,0.8,0.5769230769230769
4508,HyboNet,2,256,0.001,5,16,0.5826771653543307,0.8,0.5769230769230769
4509,HyboNet,2,256,0.001,5,17,0.5826771653543307,0.8,0.5384615384615384
4510,HyboNet,2,256,0.001,5,18,0.5826771653543307,0.8,0.5384615384615384
4511,HyboNet,2,256,0.001,5,19,0.5826771653543307,0.8,0.5384615384615384
4512,HyboNet,2,256,0.001,5,2,0.5354330708661418,0.6,0.5769230769230769
4513,HyboNet,2,256,0.001,5,20,0.5826771653543307,0.8,0.5769230769230769
4514,HyboNet,2,256,0.001,5,21,0.5826771653543307,0.8,0.5769230769230769
4515,HyboNet,2,256,0.001,5,22,0.5748031496062992,0.8,0.5769230769230769
4516,HyboNet,2,256,0.001,5,23,0.5669291338582677,0.8,0.5769230769230769
4517,HyboNet,2,256,0.001,5,24,0.5669291338582677,0.8,0.5769230769230769
4518,HyboNet,2,256,0.001,5,25,0.5669291338582677,0.8,0.5769230769230769
4519,HyboNet,2,256,0.001,5,26,0.5669291338582677,0.8,0.5769230769230769
4520,HyboNet,2,256,0.001,5,27,0.5669291338582677,0.8333333333333334,0.6153846153846154
4521,HyboNet,2,256,0.001,5,28,0.5669291338582677,0.8666666666666667,0.6153846153846154
4522,HyboNet,2,256,0.001,5,29,0.5669291338582677,0.8666666666666667,0.6153846153846154
4523,HyboNet,2,256,0.001,5,3,0.5354330708661418,0.6,0.5769230769230769
4524,HyboNet,2,256,0.001,5,30,0.5669291338582677,0.8666666666666667,0.6538461538461539
4525,HyboNet,2,256,0.001,5,31,0.5669291338582677,0.8666666666666667,0.6538461538461539
4526,HyboNet,2,256,0.001,5,32,0.5590551181102362,0.9,0.6538461538461539
4527,HyboNet,2,256,0.001,5,33,0.5511811023622047,0.9,0.6153846153846154
4528,HyboNet,2,256,0.001,5,34,0.5433070866141733,0.9333333333333333,0.6153846153846154
4529,HyboNet,2,256,0.001,5,35,0.5354330708661418,0.9333333333333333,0.6153846153846154
4530,HyboNet,2,256,0.001,5,36,0.5354330708661418,0.9666666666666667,0.5769230769230769
4531,HyboNet,2,256,0.001,5,37,0.5511811023622047,0.9666666666666667,0.5769230769230769
4532,HyboNet,2,256,0.001,5,38,0.5748031496062992,0.9666666666666667,0.5769230769230769
4533,HyboNet,2,256,0.001,5,39,0.5748031496062992,0.9666666666666667,0.5769230769230769
4534,HyboNet,2,256,0.001,5,4,0.5354330708661418,0.6,0.5769230769230769
4535,HyboNet,2,256,0.001,5,40,0.5826771653543307,0.9666666666666667,0.5769230769230769
4536,HyboNet,2,256,0.001,5,41,0.5590551181102362,0.9666666666666667,0.5769230769230769
4537,HyboNet,2,256,0.001,5,42,0.5669291338582677,0.9666666666666667,0.5769230769230769
4538,HyboNet,2,256,0.001,5,43,0.5669291338582677,0.9666666666666667,0.5769230769230769
4539,HyboNet,2,256,0.001,5,44,0.5590551181102362,0.9666666666666667,0.6153846153846154
4540,HyboNet,2,256,0.001,5,45,0.5669291338582677,1.0,0.6153846153846154
4541,HyboNet,2,256,0.001,5,46,0.5748031496062992,1.0,0.5769230769230769
4542,HyboNet,2,256,0.001,5,47,0.5590551181102362,1.0,0.6153846153846154
4543,HyboNet,2,256,0.001,5,48,0.5669291338582677,1.0,0.6153846153846154
4544,HyboNet,2,256,0.001,5,49,0.5590551181102362,1.0,0.6153846153846154
4545,HyboNet,2,256,0.001,5,5,0.5354330708661418,0.6,0.5769230769230769
4546,HyboNet,2,256,0.001,5,50,0.5590551181102362,1.0,0.6153846153846154
4547,HyboNet,2,256,0.001,5,51,0.5590551181102362,1.0,0.6153846153846154
4548,HyboNet,2,256,0.001,5,52,0.5590551181102362,1.0,0.6153846153846154
4549,HyboNet,2,256,0.001,5,53,0.5590551181102362,1.0,0.5384615384615384
4550,HyboNet,2,256,0.001,5,54,0.5590551181102362,1.0,0.5384615384615384
4551,HyboNet,2,256,0.001,5,55,0.5511811023622047,1.0,0.5384615384615384
4552,HyboNet,2,256,0.001,5,56,0.5354330708661418,1.0,0.5384615384615384
4553,HyboNet,2,256,0.001,5,57,0.5354330708661418,1.0,0.5384615384615384
4554,HyboNet,2,256,0.001,5,58,0.5354330708661418,1.0,0.5384615384615384
4555,HyboNet,2,256,0.001,5,59,0.5275590551181102,1.0,0.5384615384615384
4556,HyboNet,2,256,0.001,5,6,0.5433070866141733,0.6333333333333333,0.5769230769230769
4557,HyboNet,2,256,0.001,5,60,0.5433070866141733,1.0,0.5384615384615384
4558,HyboNet,2,256,0.001,5,61,0.5511811023622047,1.0,0.5384615384615384
4559,HyboNet,2,256,0.001,5,62,0.5511811023622047,1.0,0.5384615384615384
4560,HyboNet,2,256,0.001,5,63,0.5354330708661418,1.0,0.5384615384615384
4561,HyboNet,2,256,0.001,5,64,0.5275590551181102,1.0,0.5384615384615384
4562,HyboNet,2,256,0.001,5,65,0.5354330708661418,1.0,0.5
4563,HyboNet,2,256,0.001,5,66,0.5354330708661418,1.0,0.5
4564,HyboNet,2,256,0.001,5,67,0.5433070866141733,1.0,0.5
4565,HyboNet,2,256,0.001,5,68,0.5511811023622047,1.0,0.5
4566,HyboNet,2,256,0.001,5,69,0.5354330708661418,1.0,0.5
4567,HyboNet,2,256,0.001,5,7,0.5433070866141733,0.7,0.5769230769230769
4568,HyboNet,2,256,0.001,5,70,0.5354330708661418,1.0,0.5
4569,HyboNet,2,256,0.001,5,71,0.5354330708661418,1.0,0.5
4570,HyboNet,2,256,0.001,5,72,0.5354330708661418,1.0,0.5
4571,HyboNet,2,256,0.001,5,73,0.5196850393700787,1.0,0.5
4572,HyboNet,2,256,0.001,5,74,0.5196850393700787,1.0,0.46153846153846156
4573,HyboNet,2,256,0.001,5,75,0.5196850393700787,1.0,0.46153846153846156
4574,HyboNet,2,256,0.001,5,76,0.5196850393700787,1.0,0.46153846153846156
4575,HyboNet,2,256,0.001,5,77,0.5196850393700787,1.0,0.46153846153846156
4576,HyboNet,2,256,0.001,5,78,0.5118110236220472,1.0,0.46153846153846156
4577,HyboNet,2,256,0.001,5,79,0.5196850393700787,1.0,0.46153846153846156
4578,HyboNet,2,256,0.001,5,8,0.5433070866141733,0.7333333333333333,0.5769230769230769
4579,HyboNet,2,256,0.001,5,80,0.5118110236220472,1.0,0.46153846153846156
4580,HyboNet,2,256,0.001,5,81,0.5196850393700787,1.0,0.46153846153846156
4581,HyboNet,2,256,0.001,5,82,0.5196850393700787,1.0,0.46153846153846156
4582,HyboNet,2,256,0.001,5,83,0.5196850393700787,1.0,0.46153846153846156
4583,HyboNet,2,256,0.001,5,84,0.5196850393700787,1.0,0.46153846153846156
4584,HyboNet,2,256,0.001,5,85,0.5275590551181102,1.0,0.46153846153846156
4585,HyboNet,2,256,0.001,5,86,0.5118110236220472,1.0,0.5
4586,HyboNet,2,256,0.001,5,87,0.5118110236220472,1.0,0.5
4587,HyboNet,2,256,0.001,5,88,0.5118110236220472,1.0,0.5
4588,HyboNet,2,256,0.001,5,89,0.5118110236220472,1.0,0.5
4589,HyboNet,2,256,0.001,5,9,0.5590551181102362,0.7333333333333333,0.5384615384615384
4590,HyboNet,2,256,0.001,5,90,0.5118110236220472,1.0,0.5
4591,HyboNet,2,256,0.001,5,91,0.5196850393700787,1.0,0.5
4592,HyboNet,2,256,0.001,5,92,0.5275590551181102,1.0,0.5
4593,HyboNet,2,256,0.001,5,93,0.5275590551181102,1.0,0.5384615384615384
4594,HyboNet,2,256,0.001,5,94,0.5590551181102362,1.0,0.5384615384615384
4595,HyboNet,2,256,0.001,5,95,0.5511811023622047,1.0,0.5769230769230769
4596,HyboNet,2,256,0.001,5,96,0.5433070866141733,1.0,0.5769230769230769
4597,HyboNet,2,256,0.001,5,97,0.5433070866141733,1.0,0.5769230769230769
4598,HyboNet,2,256,0.001,5,98,0.5433070866141733,1.0,0.5769230769230769
4599,HyboNet,2,256,0.001,5,99,0.5433070866141733,1.0,0.5769230769230769
4600,HyboNet,2,256,0.001,6,1,0.5354330708661418,0.6,0.5769230769230769
4601,HyboNet,2,256,0.001,6,10,0.5511811023622047,0.7333333333333333,0.5384615384615384
4602,HyboNet,2,256,0.001,6,100,0.5196850393700787,1.0,0.5769230769230769
4603,HyboNet,2,256,0.001,6,11,0.5590551181102362,0.8,0.5384615384615384
4604,HyboNet,2,256,0.001,6,12,0.5826771653543307,0.8,0.5384615384615384
4605,HyboNet,2,256,0.001,6,13,0.5748031496062992,0.8,0.5384615384615384
4606,HyboNet,2,256,0.001,6,14,0.5669291338582677,0.8,0.5384615384615384
4607,HyboNet,2,256,0.001,6,15,0.5669291338582677,0.8,0.5384615384615384
4608,HyboNet,2,256,0.001,6,16,0.5590551181102362,0.8,0.5384615384615384
4609,HyboNet,2,256,0.001,6,17,0.5590551181102362,0.8,0.5384615384615384
4610,HyboNet,2,256,0.001,6,18,0.5590551181102362,0.8,0.5384615384615384
4611,HyboNet,2,256,0.001,6,19,0.5669291338582677,0.8,0.5384615384615384
4612,HyboNet,2,256,0.001,6,2,0.5354330708661418,0.6,0.5769230769230769
4613,HyboNet,2,256,0.001,6,20,0.5669291338582677,0.8,0.5384615384615384
4614,HyboNet,2,256,0.001,6,21,0.5669291338582677,0.8,0.5384615384615384
4615,HyboNet,2,256,0.001,6,22,0.5669291338582677,0.8,0.5384615384615384
4616,HyboNet,2,256,0.001,6,23,0.5669291338582677,0.8,0.5384615384615384
4617,HyboNet,2,256,0.001,6,24,0.5669291338582677,0.8,0.5384615384615384
4618,HyboNet,2,256,0.001,6,25,0.5669291338582677,0.8,0.5384615384615384
4619,HyboNet,2,256,0.001,6,26,0.5669291338582677,0.8333333333333334,0.5384615384615384
4620,HyboNet,2,256,0.001,6,27,0.5669291338582677,0.8666666666666667,0.5384615384615384
4621,HyboNet,2,256,0.001,6,28,0.5590551181102362,0.8666666666666667,0.5769230769230769
4622,HyboNet,2,256,0.001,6,29,0.5511811023622047,0.8666666666666667,0.5769230769230769
4623,HyboNet,2,256,0.001,6,3,0.5354330708661418,0.6,0.5769230769230769
4624,HyboNet,2,256,0.001,6,30,0.5433070866141733,0.8666666666666667,0.6153846153846154
4625,HyboNet,2,256,0.001,6,31,0.5354330708661418,0.8666666666666667,0.6538461538461539
4626,HyboNet,2,256,0.001,6,32,0.5354330708661418,0.8666666666666667,0.6538461538461539
4627,HyboNet,2,256,0.001,6,33,0.5433070866141733,0.9,0.6538461538461539
4628,HyboNet,2,256,0.001,6,34,0.5511811023622047,0.9333333333333333,0.6538461538461539
4629,HyboNet,2,256,0.001,6,35,0.5590551181102362,0.9333333333333333,0.6538461538461539
4630,HyboNet,2,256,0.001,6,36,0.5590551181102362,0.9666666666666667,0.6538461538461539
4631,HyboNet,2,256,0.001,6,37,0.5590551181102362,1.0,0.6153846153846154
4632,HyboNet,2,256,0.001,6,38,0.5748031496062992,1.0,0.6153846153846154
4633,HyboNet,2,256,0.001,6,39,0.5826771653543307,1.0,0.5769230769230769
4634,HyboNet,2,256,0.001,6,4,0.5354330708661418,0.6,0.5769230769230769
4635,HyboNet,2,256,0.001,6,40,0.5748031496062992,1.0,0.5769230769230769
4636,HyboNet,2,256,0.001,6,41,0.5748031496062992,1.0,0.5769230769230769
4637,HyboNet,2,256,0.001,6,42,0.5826771653543307,1.0,0.5769230769230769
4638,HyboNet,2,256,0.001,6,43,0.5826771653543307,1.0,0.5769230769230769
4639,HyboNet,2,256,0.001,6,44,0.5826771653543307,1.0,0.5769230769230769
4640,HyboNet,2,256,0.001,6,45,0.5826771653543307,1.0,0.6153846153846154
4641,HyboNet,2,256,0.001,6,46,0.5748031496062992,1.0,0.5769230769230769
4642,HyboNet,2,256,0.001,6,47,0.5511811023622047,1.0,0.5769230769230769
4643,HyboNet,2,256,0.001,6,48,0.5354330708661418,1.0,0.5769230769230769
4644,HyboNet,2,256,0.001,6,49,0.5354330708661418,1.0,0.5769230769230769
4645,HyboNet,2,256,0.001,6,5,0.5354330708661418,0.6,0.5769230769230769
4646,HyboNet,2,256,0.001,6,50,0.5433070866141733,1.0,0.5769230769230769
4647,HyboNet,2,256,0.001,6,51,0.5433070866141733,1.0,0.5769230769230769
4648,HyboNet,2,256,0.001,6,52,0.5433070866141733,1.0,0.5769230769230769
4649,HyboNet,2,256,0.001,6,53,0.5433070866141733,1.0,0.5769230769230769
4650,HyboNet,2,256,0.001,6,54,0.5433070866141733,1.0,0.5769230769230769
4651,HyboNet,2,256,0.001,6,55,0.5354330708661418,1.0,0.5769230769230769
4652,HyboNet,2,256,0.001,6,56,0.5354330708661418,1.0,0.6153846153846154
4653,HyboNet,2,256,0.001,6,57,0.5354330708661418,1.0,0.6153846153846154
4654,HyboNet,2,256,0.001,6,58,0.5354330708661418,1.0,0.6153846153846154
4655,HyboNet,2,256,0.001,6,59,0.5433070866141733,1.0,0.5769230769230769
4656,HyboNet,2,256,0.001,6,6,0.5354330708661418,0.6333333333333333,0.5769230769230769
4657,HyboNet,2,256,0.001,6,60,0.5433070866141733,1.0,0.5769230769230769
4658,HyboNet,2,256,0.001,6,61,0.5433070866141733,1.0,0.5769230769230769
4659,HyboNet,2,256,0.001,6,62,0.5354330708661418,1.0,0.5769230769230769
4660,HyboNet,2,256,0.001,6,63,0.5354330708661418,1.0,0.5769230769230769
4661,HyboNet,2,256,0.001,6,64,0.5354330708661418,1.0,0.5769230769230769
4662,HyboNet,2,256,0.001,6,65,0.5433070866141733,1.0,0.5769230769230769
4663,HyboNet,2,256,0.001,6,66,0.5433070866141733,1.0,0.5769230769230769
4664,HyboNet,2,256,0.001,6,67,0.5511811023622047,1.0,0.6153846153846154
4665,HyboNet,2,256,0.001,6,68,0.5511811023622047,1.0,0.5769230769230769
4666,HyboNet,2,256,0.001,6,69,0.5511811023622047,1.0,0.5769230769230769
4667,HyboNet,2,256,0.001,6,7,0.5354330708661418,0.6666666666666666,0.5769230769230769
4668,HyboNet,2,256,0.001,6,70,0.5433070866141733,1.0,0.5769230769230769
4669,HyboNet,2,256,0.001,6,71,0.5511811023622047,1.0,0.5769230769230769
4670,HyboNet,2,256,0.001,6,72,0.5511811023622047,1.0,0.5769230769230769
4671,HyboNet,2,256,0.001,6,73,0.5433070866141733,1.0,0.5769230769230769
4672,HyboNet,2,256,0.001,6,74,0.5433070866141733,1.0,0.5769230769230769
4673,HyboNet,2,256,0.001,6,75,0.5433070866141733,1.0,0.5769230769230769
4674,HyboNet,2,256,0.001,6,76,0.5354330708661418,1.0,0.5769230769230769
4675,HyboNet,2,256,0.001,6,77,0.5354330708661418,1.0,0.5769230769230769
4676,HyboNet,2,256,0.001,6,78,0.5354330708661418,1.0,0.5769230769230769
4677,HyboNet,2,256,0.001,6,79,0.5433070866141733,1.0,0.5384615384615384
4678,HyboNet,2,256,0.001,6,8,0.5433070866141733,0.7,0.5769230769230769
4679,HyboNet,2,256,0.001,6,80,0.5433070866141733,1.0,0.5384615384615384
4680,HyboNet,2,256,0.001,6,81,0.5354330708661418,1.0,0.5384615384615384
4681,HyboNet,2,256,0.001,6,82,0.5354330708661418,1.0,0.5384615384615384
4682,HyboNet,2,256,0.001,6,83,0.5354330708661418,1.0,0.5384615384615384
4683,HyboNet,2,256,0.001,6,84,0.5433070866141733,1.0,0.5384615384615384
4684,HyboNet,2,256,0.001,6,85,0.5433070866141733,1.0,0.5384615384615384
4685,HyboNet,2,256,0.001,6,86,0.5590551181102362,1.0,0.5384615384615384
4686,HyboNet,2,256,0.001,6,87,0.5433070866141733,1.0,0.5769230769230769
4687,HyboNet,2,256,0.001,6,88,0.5433070866141733,1.0,0.5769230769230769
4688,HyboNet,2,256,0.001,6,89,0.5433070866141733,1.0,0.5769230769230769
4689,HyboNet,2,256,0.001,6,9,0.5511811023622047,0.7333333333333333,0.5384615384615384
4690,HyboNet,2,256,0.001,6,90,0.5433070866141733,1.0,0.5769230769230769
4691,HyboNet,2,256,0.001,6,91,0.5275590551181102,1.0,0.5769230769230769
4692,HyboNet,2,256,0.001,6,92,0.5354330708661418,1.0,0.5769230769230769
4693,HyboNet,2,256,0.001,6,93,0.5354330708661418,1.0,0.5769230769230769
4694,HyboNet,2,256,0.001,6,94,0.5354330708661418,1.0,0.5769230769230769
4695,HyboNet,2,256,0.001,6,95,0.5354330708661418,1.0,0.5769230769230769
4696,HyboNet,2,256,0.001,6,96,0.5275590551181102,1.0,0.5769230769230769
4697,HyboNet,2,256,0.001,6,97,0.5354330708661418,1.0,0.5769230769230769
4698,HyboNet,2,256,0.001,6,98,0.5275590551181102,1.0,0.5769230769230769
4699,HyboNet,2,256,0.001,6,99,0.5196850393700787,1.0,0.5769230769230769
4700,HyboNet,2,256,0.001,7,1,0.5354330708661418,0.6,0.5769230769230769
4701,HyboNet,2,256,0.001,7,10,0.5511811023622047,0.7333333333333333,0.5384615384615384
4702,HyboNet,2,256,0.001,7,100,0.5039370078740157,1.0,0.5
4703,HyboNet,2,256,0.001,7,11,0.5748031496062992,0.8,0.5384615384615384
4704,HyboNet,2,256,0.001,7,12,0.5669291338582677,0.8,0.6153846153846154
4705,HyboNet,2,256,0.001,7,13,0.5826771653543307,0.8,0.6538461538461539
4706,HyboNet,2,256,0.001,7,14,0.5669291338582677,0.8,0.6153846153846154
4707,HyboNet,2,256,0.001,7,15,0.5669291338582677,0.8,0.6153846153846154
4708,HyboNet,2,256,0.001,7,16,0.5669291338582677,0.8333333333333334,0.6153846153846154
4709,HyboNet,2,256,0.001,7,17,0.5826771653543307,0.8333333333333334,0.6153846153846154
4710,HyboNet,2,256,0.001,7,18,0.5826771653543307,0.8,0.6538461538461539
4711,HyboNet,2,256,0.001,7,19,0.5748031496062992,0.8,0.6538461538461539
4712,HyboNet,2,256,0.001,7,2,0.5354330708661418,0.6,0.5769230769230769
4713,HyboNet,2,256,0.001,7,20,0.5669291338582677,0.8,0.6538461538461539
4714,HyboNet,2,256,0.001,7,21,0.5669291338582677,0.8,0.6538461538461539
4715,HyboNet,2,256,0.001,7,22,0.5669291338582677,0.8333333333333334,0.6538461538461539
4716,HyboNet,2,256,0.001,7,23,0.5669291338582677,0.8333333333333334,0.6538461538461539
4717,HyboNet,2,256,0.001,7,24,0.5669291338582677,0.8333333333333334,0.6538461538461539
4718,HyboNet,2,256,0.001,7,25,0.5590551181102362,0.8333333333333334,0.6538461538461539
4719,HyboNet,2,256,0.001,7,26,0.5590551181102362,0.8333333333333334,0.6538461538461539
4720,HyboNet,2,256,0.001,7,27,0.5590551181102362,0.8333333333333334,0.6538461538461539
4721,HyboNet,2,256,0.001,7,28,0.5590551181102362,0.8333333333333334,0.6538461538461539
4722,HyboNet,2,256,0.001,7,29,0.5748031496062992,0.8666666666666667,0.6538461538461539
4723,HyboNet,2,256,0.001,7,3,0.5354330708661418,0.6,0.5769230769230769
4724,HyboNet,2,256,0.001,7,30,0.5748031496062992,0.8666666666666667,0.6538461538461539
4725,HyboNet,2,256,0.001,7,31,0.5669291338582677,0.8666666666666667,0.6153846153846154
4726,HyboNet,2,256,0.001,7,32,0.5669291338582677,0.8666666666666667,0.6153846153846154
4727,HyboNet,2,256,0.001,7,33,0.5511811023622047,0.9,0.5769230769230769
4728,HyboNet,2,256,0.001,7,34,0.5511811023622047,0.9333333333333333,0.5769230769230769
4729,HyboNet,2,256,0.001,7,35,0.5590551181102362,0.9333333333333333,0.5769230769230769
4730,HyboNet,2,256,0.001,7,36,0.5433070866141733,0.9666666666666667,0.5769230769230769
4731,HyboNet,2,256,0.001,7,37,0.5433070866141733,1.0,0.5769230769230769
4732,HyboNet,2,256,0.001,7,38,0.5511811023622047,1.0,0.5769230769230769
4733,HyboNet,2,256,0.001,7,39,0.5669291338582677,1.0,0.5769230769230769
4734,HyboNet,2,256,0.001,7,4,0.5354330708661418,0.6,0.5769230769230769
4735,HyboNet,2,256,0.001,7,40,0.5669291338582677,1.0,0.5769230769230769
4736,HyboNet,2,256,0.001,7,41,0.5590551181102362,1.0,0.5769230769230769
4737,HyboNet,2,256,0.001,7,42,0.5669291338582677,1.0,0.5769230769230769
4738,HyboNet,2,256,0.001,7,43,0.5669291338582677,1.0,0.5769230769230769
4739,HyboNet,2,256,0.001,7,44,0.5590551181102362,1.0,0.5769230769230769
4740,HyboNet,2,256,0.001,7,45,0.5354330708661418,1.0,0.5769230769230769
4741,HyboNet,2,256,0.001,7,46,0.5433070866141733,1.0,0.5769230769230769
4742,HyboNet,2,256,0.001,7,47,0.5433070866141733,1.0,0.5769230769230769
4743,HyboNet,2,256,0.001,7,48,0.5511811023622047,1.0,0.6153846153846154
4744,HyboNet,2,256,0.001,7,49,0.5511811023622047,1.0,0.6153846153846154
4745,HyboNet,2,256,0.001,7,5,0.5354330708661418,0.6,0.5769230769230769
4746,HyboNet,2,256,0.001,7,50,0.5511811023622047,1.0,0.6153846153846154
4747,HyboNet,2,256,0.001,7,51,0.5511811023622047,1.0,0.6153846153846154
4748,HyboNet,2,256,0.001,7,52,0.5275590551181102,1.0,0.6153846153846154
4749,HyboNet,2,256,0.001,7,53,0.5275590551181102,1.0,0.6153846153846154
4750,HyboNet,2,256,0.001,7,54,0.5354330708661418,1.0,0.6153846153846154
4751,HyboNet,2,256,0.001,7,55,0.5354330708661418,1.0,0.6153846153846154
4752,HyboNet,2,256,0.001,7,56,0.5354330708661418,1.0,0.6153846153846154
4753,HyboNet,2,256,0.001,7,57,0.5354330708661418,1.0,0.6153846153846154
4754,HyboNet,2,256,0.001,7,58,0.5354330708661418,1.0,0.6153846153846154
4755,HyboNet,2,256,0.001,7,59,0.5275590551181102,1.0,0.6153846153846154
4756,HyboNet,2,256,0.001,7,6,0.5354330708661418,0.6,0.5769230769230769
4757,HyboNet,2,256,0.001,7,60,0.5275590551181102,1.0,0.5769230769230769
4758,HyboNet,2,256,0.001,7,61,0.5275590551181102,1.0,0.5769230769230769
4759,HyboNet,2,256,0.001,7,62,0.5196850393700787,1.0,0.5769230769230769
4760,HyboNet,2,256,0.001,7,63,0.5275590551181102,1.0,0.5769230769230769
4761,HyboNet,2,256,0.001,7,64,0.5196850393700787,1.0,0.5769230769230769
4762,HyboNet,2,256,0.001,7,65,0.5196850393700787,1.0,0.5769230769230769
4763,HyboNet,2,256,0.001,7,66,0.5196850393700787,1.0,0.5769230769230769
4764,HyboNet,2,256,0.001,7,67,0.5196850393700787,1.0,0.5769230769230769
4765,HyboNet,2,256,0.001,7,68,0.5275590551181102,1.0,0.5769230769230769
4766,HyboNet,2,256,0.001,7,69,0.5275590551181102,1.0,0.5769230769230769
4767,HyboNet,2,256,0.001,7,7,0.5433070866141733,0.6666666666666666,0.5769230769230769
4768,HyboNet,2,256,0.001,7,70,0.5275590551181102,1.0,0.5769230769230769
4769,HyboNet,2,256,0.001,7,71,0.5275590551181102,1.0,0.5769230769230769
4770,HyboNet,2,256,0.001,7,72,0.5275590551181102,1.0,0.5769230769230769
4771,HyboNet,2,256,0.001,7,73,0.5275590551181102,1.0,0.5384615384615384
4772,HyboNet,2,256,0.001,7,74,0.5196850393700787,1.0,0.5769230769230769
4773,HyboNet,2,256,0.001,7,75,0.5196850393700787,1.0,0.6153846153846154
4774,HyboNet,2,256,0.001,7,76,0.5039370078740157,1.0,0.6153846153846154
4775,HyboNet,2,256,0.001,7,77,0.5118110236220472,1.0,0.6153846153846154
4776,HyboNet,2,256,0.001,7,78,0.5196850393700787,1.0,0.6153846153846154
4777,HyboNet,2,256,0.001,7,79,0.5196850393700787,1.0,0.6153846153846154
4778,HyboNet,2,256,0.001,7,8,0.5433070866141733,0.7,0.5769230769230769
4779,HyboNet,2,256,0.001,7,80,0.5118110236220472,1.0,0.5769230769230769
4780,HyboNet,2,256,0.001,7,81,0.5196850393700787,1.0,0.5769230769230769
4781,HyboNet,2,256,0.001,7,82,0.5275590551181102,1.0,0.5769230769230769
4782,HyboNet,2,256,0.001,7,83,0.5275590551181102,1.0,0.5769230769230769
4783,HyboNet,2,256,0.001,7,84,0.5118110236220472,1.0,0.5769230769230769
4784,HyboNet,2,256,0.001,7,85,0.4881889763779528,1.0,0.5769230769230769
4785,HyboNet,2,256,0.001,7,86,0.4881889763779528,1.0,0.5769230769230769
4786,HyboNet,2,256,0.001,7,87,0.49606299212598426,1.0,0.5769230769230769
4787,HyboNet,2,256,0.001,7,88,0.49606299212598426,1.0,0.5769230769230769
4788,HyboNet,2,256,0.001,7,89,0.49606299212598426,1.0,0.5769230769230769
4789,HyboNet,2,256,0.001,7,9,0.5511811023622047,0.7333333333333333,0.5384615384615384
4790,HyboNet,2,256,0.001,7,90,0.49606299212598426,1.0,0.5769230769230769
4791,HyboNet,2,256,0.001,7,91,0.5039370078740157,1.0,0.5384615384615384
4792,HyboNet,2,256,0.001,7,92,0.5039370078740157,1.0,0.5384615384615384
4793,HyboNet,2,256,0.001,7,93,0.5039370078740157,1.0,0.5384615384615384
4794,HyboNet,2,256,0.001,7,94,0.5039370078740157,1.0,0.5384615384615384
4795,HyboNet,2,256,0.001,7,95,0.5118110236220472,1.0,0.5
4796,HyboNet,2,256,0.001,7,96,0.5196850393700787,1.0,0.5
4797,HyboNet,2,256,0.001,7,97,0.5118110236220472,1.0,0.5
4798,HyboNet,2,256,0.001,7,98,0.49606299212598426,1.0,0.5
4799,HyboNet,2,256,0.001,7,99,0.5039370078740157,1.0,0.5
4800,HyboNet,2,256,0.001,8,1,0.5354330708661418,0.6,0.5769230769230769
4801,HyboNet,2,256,0.001,8,10,0.5669291338582677,0.8,0.5769230769230769
4802,HyboNet,2,256,0.001,8,100,0.5039370078740157,1.0,0.46153846153846156
4803,HyboNet,2,256,0.001,8,11,0.5905511811023622,0.8,0.5769230769230769
4804,HyboNet,2,256,0.001,8,12,0.5826771653543307,0.8,0.5769230769230769
4805,HyboNet,2,256,0.001,8,13,0.5826771653543307,0.8,0.5769230769230769
4806,HyboNet,2,256,0.001,8,14,0.5748031496062992,0.8,0.5769230769230769
4807,HyboNet,2,256,0.001,8,15,0.5826771653543307,0.8,0.5769230769230769
4808,HyboNet,2,256,0.001,8,16,0.5826771653543307,0.8,0.5769230769230769
4809,HyboNet,2,256,0.001,8,17,0.5826771653543307,0.8,0.5769230769230769
4810,HyboNet,2,256,0.001,8,18,0.5826771653543307,0.8,0.5769230769230769
4811,HyboNet,2,256,0.001,8,19,0.5826771653543307,0.8,0.5769230769230769
4812,HyboNet,2,256,0.001,8,2,0.5354330708661418,0.6,0.5769230769230769
4813,HyboNet,2,256,0.001,8,20,0.5826771653543307,0.8,0.5769230769230769
4814,HyboNet,2,256,0.001,8,21,0.5826771653543307,0.8,0.5769230769230769
4815,HyboNet,2,256,0.001,8,22,0.5826771653543307,0.8,0.5769230769230769
4816,HyboNet,2,256,0.001,8,23,0.5826771653543307,0.8333333333333334,0.5769230769230769
4817,HyboNet,2,256,0.001,8,24,0.5748031496062992,0.8333333333333334,0.5769230769230769
4818,HyboNet,2,256,0.001,8,25,0.5669291338582677,0.8333333333333334,0.5769230769230769
4819,HyboNet,2,256,0.001,8,26,0.5433070866141733,0.8333333333333334,0.5769230769230769
4820,HyboNet,2,256,0.001,8,27,0.5433070866141733,0.8666666666666667,0.5769230769230769
4821,HyboNet,2,256,0.001,8,28,0.5511811023622047,0.8666666666666667,0.5769230769230769
4822,HyboNet,2,256,0.001,8,29,0.5354330708661418,0.9,0.6538461538461539
4823,HyboNet,2,256,0.001,8,3,0.5354330708661418,0.6,0.5769230769230769
4824,HyboNet,2,256,0.001,8,30,0.5433070866141733,0.9666666666666667,0.6538461538461539
4825,HyboNet,2,256,0.001,8,31,0.5511811023622047,1.0,0.6538461538461539
4826,HyboNet,2,256,0.001,8,32,0.5590551181102362,1.0,0.6153846153846154
4827,HyboNet,2,256,0.001,8,33,0.5590551181102362,1.0,0.5769230769230769
4828,HyboNet,2,256,0.001,8,34,0.5748031496062992,1.0,0.5769230769230769
4829,HyboNet,2,256,0.001,8,35,0.5590551181102362,1.0,0.5769230769230769
4830,HyboNet,2,256,0.001,8,36,0.5748031496062992,1.0,0.5769230769230769
4831,HyboNet,2,256,0.001,8,37,0.5748031496062992,1.0,0.6153846153846154
4832,HyboNet,2,256,0.001,8,38,0.5590551181102362,1.0,0.5769230769230769
4833,HyboNet,2,256,0.001,8,39,0.5669291338582677,1.0,0.5769230769230769
4834,HyboNet,2,256,0.001,8,4,0.5354330708661418,0.6,0.5769230769230769
4835,HyboNet,2,256,0.001,8,40,0.5590551181102362,1.0,0.5769230769230769
4836,HyboNet,2,256,0.001,8,41,0.5590551181102362,1.0,0.5769230769230769
4837,HyboNet,2,256,0.001,8,42,0.5590551181102362,1.0,0.6153846153846154
4838,HyboNet,2,256,0.001,8,43,0.5511811023622047,1.0,0.6153846153846154
4839,HyboNet,2,256,0.001,8,44,0.5511811023622047,1.0,0.6153846153846154
4840,HyboNet,2,256,0.001,8,45,0.5511811023622047,1.0,0.6153846153846154
4841,HyboNet,2,256,0.001,8,46,0.5511811023622047,1.0,0.6153846153846154
4842,HyboNet,2,256,0.001,8,47,0.5511811023622047,1.0,0.6153846153846154
4843,HyboNet,2,256,0.001,8,48,0.5511811023622047,1.0,0.6153846153846154
4844,HyboNet,2,256,0.001,8,49,0.5511811023622047,1.0,0.6153846153846154
4845,HyboNet,2,256,0.001,8,5,0.5354330708661418,0.6,0.5769230769230769
4846,HyboNet,2,256,0.001,8,50,0.5590551181102362,1.0,0.6153846153846154
4847,HyboNet,2,256,0.001,8,51,0.5590551181102362,1.0,0.6153846153846154
4848,HyboNet,2,256,0.001,8,52,0.5511811023622047,1.0,0.6153846153846154
4849,HyboNet,2,256,0.001,8,53,0.5511811023622047,1.0,0.6153846153846154
4850,HyboNet,2,256,0.001,8,54,0.5511811023622047,1.0,0.6153846153846154
4851,HyboNet,2,256,0.001,8,55,0.5590551181102362,1.0,0.6153846153846154
4852,HyboNet,2,256,0.001,8,56,0.5511811023622047,1.0,0.5769230769230769
4853,HyboNet,2,256,0.001,8,57,0.5433070866141733,1.0,0.5769230769230769
4854,HyboNet,2,256,0.001,8,58,0.5433070866141733,1.0,0.5769230769230769
4855,HyboNet,2,256,0.001,8,59,0.5354330708661418,1.0,0.5384615384615384
4856,HyboNet,2,256,0.001,8,6,0.5433070866141733,0.6333333333333333,0.5769230769230769
4857,HyboNet,2,256,0.001,8,60,0.5275590551181102,1.0,0.5
4858,HyboNet,2,256,0.001,8,61,0.5354330708661418,1.0,0.5384615384615384
4859,HyboNet,2,256,0.001,8,62,0.5433070866141733,1.0,0.5384615384615384
4860,HyboNet,2,256,0.001,8,63,0.5511811023622047,1.0,0.5384615384615384
4861,HyboNet,2,256,0.001,8,64,0.5511811023622047,1.0,0.5769230769230769
4862,HyboNet,2,256,0.001,8,65,0.5511811023622047,1.0,0.5769230769230769
4863,HyboNet,2,256,0.001,8,66,0.5511811023622047,1.0,0.5769230769230769
4864,HyboNet,2,256,0.001,8,67,0.5433070866141733,1.0,0.5384615384615384
4865,HyboNet,2,256,0.001,8,68,0.5275590551181102,1.0,0.5384615384615384
4866,HyboNet,2,256,0.001,8,69,0.5118110236220472,1.0,0.5
4867,HyboNet,2,256,0.001,8,7,0.5433070866141733,0.7333333333333333,0.5769230769230769
4868,HyboNet,2,256,0.001,8,70,0.5039370078740157,1.0,0.46153846153846156
4869,HyboNet,2,256,0.001,8,71,0.5118110236220472,1.0,0.46153846153846156
4870,HyboNet,2,256,0.001,8,72,0.5196850393700787,1.0,0.46153846153846156
4871,HyboNet,2,256,0.001,8,73,0.5118110236220472,1.0,0.46153846153846156
4872,HyboNet,2,256,0.001,8,74,0.5118110236220472,1.0,0.46153846153846156
4873,HyboNet,2,256,0.001,8,75,0.5118110236220472,1.0,0.46153846153846156
4874,HyboNet,2,256,0.001,8,76,0.5118110236220472,1.0,0.5
4875,HyboNet,2,256,0.001,8,77,0.5118110236220472,1.0,0.5
4876,HyboNet,2,256,0.001,8,78,0.5039370078740157,1.0,0.46153846153846156
4877,HyboNet,2,256,0.001,8,79,0.5039370078740157,1.0,0.46153846153846156
4878,HyboNet,2,256,0.001,8,8,0.5511811023622047,0.7333333333333333,0.5769230769230769
4879,HyboNet,2,256,0.001,8,80,0.5118110236220472,1.0,0.5384615384615384
4880,HyboNet,2,256,0.001,8,81,0.5039370078740157,1.0,0.5384615384615384
4881,HyboNet,2,256,0.001,8,82,0.5039370078740157,1.0,0.5384615384615384
4882,HyboNet,2,256,0.001,8,83,0.5039370078740157,1.0,0.5384615384615384
4883,HyboNet,2,256,0.001,8,84,0.5039370078740157,1.0,0.5
4884,HyboNet,2,256,0.001,8,85,0.49606299212598426,1.0,0.5
4885,HyboNet,2,256,0.001,8,86,0.5039370078740157,1.0,0.5
4886,HyboNet,2,256,0.001,8,87,0.5039370078740157,1.0,0.5
4887,HyboNet,2,256,0.001,8,88,0.5039370078740157,1.0,0.46153846153846156
4888,HyboNet,2,256,0.001,8,89,0.49606299212598426,1.0,0.46153846153846156
4889,HyboNet,2,256,0.001,8,9,0.5669291338582677,0.7333333333333333,0.5769230769230769
4890,HyboNet,2,256,0.001,8,90,0.4881889763779528,1.0,0.4230769230769231
4891,HyboNet,2,256,0.001,8,91,0.49606299212598426,1.0,0.46153846153846156
4892,HyboNet,2,256,0.001,8,92,0.5039370078740157,1.0,0.46153846153846156
4893,HyboNet,2,256,0.001,8,93,0.5039370078740157,1.0,0.46153846153846156
4894,HyboNet,2,256,0.001,8,94,0.5039370078740157,1.0,0.46153846153846156
4895,HyboNet,2,256,0.001,8,95,0.5039370078740157,1.0,0.46153846153846156
4896,HyboNet,2,256,0.001,8,96,0.5039370078740157,1.0,0.46153846153846156
4897,HyboNet,2,256,0.001,8,97,0.5039370078740157,1.0,0.46153846153846156
4898,HyboNet,2,256,0.001,8,98,0.49606299212598426,1.0,0.5
4899,HyboNet,2,256,0.001,8,99,0.5039370078740157,1.0,0.5
4900,HyboNet,2,256,0.001,9,1,0.5354330708661418,0.6,0.5769230769230769
4901,HyboNet,2,256,0.001,9,10,0.5511811023622047,0.7,0.5384615384615384
4902,HyboNet,2,256,0.001,9,100,0.4881889763779528,1.0,0.5769230769230769
4903,HyboNet,2,256,0.001,9,11,0.5669291338582677,0.7666666666666667,0.5384615384615384
4904,HyboNet,2,256,0.001,9,12,0.5748031496062992,0.7666666666666667,0.5384615384615384
4905,HyboNet,2,256,0.001,9,13,0.5669291338582677,0.8,0.5384615384615384
4906,HyboNet,2,256,0.001,9,14,0.5748031496062992,0.8,0.5
4907,HyboNet,2,256,0.001,9,15,0.5669291338582677,0.8,0.5384615384615384
4908,HyboNet,2,256,0.001,9,16,0.5590551181102362,0.8,0.5769230769230769
4909,HyboNet,2,256,0.001,9,17,0.5590551181102362,0.8333333333333334,0.5769230769230769
4910,HyboNet,2,256,0.001,9,18,0.5669291338582677,0.8333333333333334,0.5769230769230769
4911,HyboNet,2,256,0.001,9,19,0.5669291338582677,0.8333333333333334,0.5769230769230769
4912,HyboNet,2,256,0.001,9,2,0.5354330708661418,0.6,0.5769230769230769
4913,HyboNet,2,256,0.001,9,20,0.5669291338582677,0.8333333333333334,0.5769230769230769
4914,HyboNet,2,256,0.001,9,21,0.5669291338582677,0.8333333333333334,0.5769230769230769
4915,HyboNet,2,256,0.001,9,22,0.5669291338582677,0.8333333333333334,0.5384615384615384
4916,HyboNet,2,256,0.001,9,23,0.5669291338582677,0.8333333333333334,0.5384615384615384
4917,HyboNet,2,256,0.001,9,24,0.5669291338582677,0.8333333333333334,0.5384615384615384
4918,HyboNet,2,256,0.001,9,25,0.5669291338582677,0.8333333333333334,0.5769230769230769
4919,HyboNet,2,256,0.001,9,26,0.5669291338582677,0.8666666666666667,0.6153846153846154
4920,HyboNet,2,256,0.001,9,27,0.5669291338582677,0.8666666666666667,0.6153846153846154
4921,HyboNet,2,256,0.001,9,28,0.5590551181102362,0.8666666666666667,0.5769230769230769
4922,HyboNet,2,256,0.001,9,29,0.5590551181102362,0.8666666666666667,0.6153846153846154
4923,HyboNet,2,256,0.001,9,3,0.5354330708661418,0.6,0.5769230769230769
4924,HyboNet,2,256,0.001,9,30,0.5511811023622047,0.8666666666666667,0.6153846153846154
4925,HyboNet,2,256,0.001,9,31,0.5511811023622047,0.8666666666666667,0.6153846153846154
4926,HyboNet,2,256,0.001,9,32,0.5511811023622047,0.9,0.6153846153846154
4927,HyboNet,2,256,0.001,9,33,0.5433070866141733,0.9333333333333333,0.6153846153846154
4928,HyboNet,2,256,0.001,9,34,0.5433070866141733,0.9333333333333333,0.6153846153846154
4929,HyboNet,2,256,0.001,9,35,0.5433070866141733,0.9333333333333333,0.5769230769230769
4930,HyboNet,2,256,0.001,9,36,0.5433070866141733,1.0,0.5769230769230769
4931,HyboNet,2,256,0.001,9,37,0.5511811023622047,0.9666666666666667,0.5769230769230769
4932,HyboNet,2,256,0.001,9,38,0.5590551181102362,0.9666666666666667,0.5769230769230769
4933,HyboNet,2,256,0.001,9,39,0.5826771653543307,0.9666666666666667,0.6153846153846154
4934,HyboNet,2,256,0.001,9,4,0.5354330708661418,0.6,0.5769230769230769
4935,HyboNet,2,256,0.001,9,40,0.5826771653543307,0.9666666666666667,0.6153846153846154
4936,HyboNet,2,256,0.001,9,41,0.5826771653543307,0.9666666666666667,0.6153846153846154
4937,HyboNet,2,256,0.001,9,42,0.5826771653543307,0.9666666666666667,0.6153846153846154
4938,HyboNet,2,256,0.001,9,43,0.5826771653543307,0.9666666666666667,0.6153846153846154
4939,HyboNet,2,256,0.001,9,44,0.5826771653543307,1.0,0.5769230769230769
4940,HyboNet,2,256,0.001,9,45,0.5669291338582677,1.0,0.6153846153846154
4941,HyboNet,2,256,0.001,9,46,0.5590551181102362,1.0,0.6153846153846154
4942,HyboNet,2,256,0.001,9,47,0.5433070866141733,1.0,0.6153846153846154
4943,HyboNet,2,256,0.001,9,48,0.5433070866141733,1.0,0.6153846153846154
4944,HyboNet,2,256,0.001,9,49,0.5433070866141733,1.0,0.6153846153846154
4945,HyboNet,2,256,0.001,9,5,0.5354330708661418,0.6,0.5769230769230769
4946,HyboNet,2,256,0.001,9,50,0.5511811023622047,1.0,0.5769230769230769
4947,HyboNet,2,256,0.001,9,51,0.5433070866141733,1.0,0.5769230769230769
4948,HyboNet,2,256,0.001,9,52,0.5433070866141733,1.0,0.5769230769230769
4949,HyboNet,2,256,0.001,9,53,0.5433070866141733,1.0,0.5384615384615384
4950,HyboNet,2,256,0.001,9,54,0.5511811023622047,1.0,0.5384615384615384
4951,HyboNet,2,256,0.001,9,55,0.5511811023622047,1.0,0.5384615384615384
4952,HyboNet,2,256,0.001,9,56,0.5511811023622047,1.0,0.5384615384615384
4953,HyboNet,2,256,0.001,9,57,0.5511811023622047,1.0,0.5384615384615384
4954,HyboNet,2,256,0.001,9,58,0.5511811023622047,1.0,0.5384615384615384
4955,HyboNet,2,256,0.001,9,59,0.5511811023622047,1.0,0.5384615384615384
4956,HyboNet,2,256,0.001,9,6,0.5354330708661418,0.6,0.5769230769230769
4957,HyboNet,2,256,0.001,9,60,0.5433070866141733,1.0,0.5384615384615384
4958,HyboNet,2,256,0.001,9,61,0.5433070866141733,1.0,0.5384615384615384
4959,HyboNet,2,256,0.001,9,62,0.5433070866141733,1.0,0.5384615384615384
4960,HyboNet,2,256,0.001,9,63,0.5433070866141733,1.0,0.5384615384615384
4961,HyboNet,2,256,0.001,9,64,0.5590551181102362,1.0,0.5384615384615384
4962,HyboNet,2,256,0.001,9,65,0.5433070866141733,1.0,0.5384615384615384
4963,HyboNet,2,256,0.001,9,66,0.5354330708661418,1.0,0.5384615384615384
4964,HyboNet,2,256,0.001,9,67,0.5354330708661418,1.0,0.5
4965,HyboNet,2,256,0.001,9,68,0.5196850393700787,1.0,0.5
4966,HyboNet,2,256,0.001,9,69,0.5196850393700787,1.0,0.5
4967,HyboNet,2,256,0.001,9,7,0.5354330708661418,0.6333333333333333,0.5769230769230769
4968,HyboNet,2,256,0.001,9,70,0.5196850393700787,1.0,0.5
4969,HyboNet,2,256,0.001,9,71,0.5118110236220472,1.0,0.5
4970,HyboNet,2,256,0.001,9,72,0.5118110236220472,1.0,0.5
4971,HyboNet,2,256,0.001,9,73,0.5118110236220472,1.0,0.5384615384615384
4972,HyboNet,2,256,0.001,9,74,0.5039370078740157,1.0,0.5384615384615384
4973,HyboNet,2,256,0.001,9,75,0.5039370078740157,1.0,0.5384615384615384
4974,HyboNet,2,256,0.001,9,76,0.5039370078740157,1.0,0.5384615384615384
4975,HyboNet,2,256,0.001,9,77,0.5196850393700787,1.0,0.5769230769230769
4976,HyboNet,2,256,0.001,9,78,0.5118110236220472,1.0,0.5769230769230769
4977,HyboNet,2,256,0.001,9,79,0.5039370078740157,1.0,0.5769230769230769
4978,HyboNet,2,256,0.001,9,8,0.5433070866141733,0.6666666666666666,0.5769230769230769
4979,HyboNet,2,256,0.001,9,80,0.5039370078740157,1.0,0.5769230769230769
4980,HyboNet,2,256,0.001,9,81,0.5039370078740157,1.0,0.5769230769230769
4981,HyboNet,2,256,0.001,9,82,0.5039370078740157,1.0,0.5769230769230769
4982,HyboNet,2,256,0.001,9,83,0.49606299212598426,1.0,0.5769230769230769
4983,HyboNet,2,256,0.001,9,84,0.49606299212598426,1.0,0.5769230769230769
4984,HyboNet,2,256,0.001,9,85,0.49606299212598426,1.0,0.5769230769230769
4985,HyboNet,2,256,0.001,9,86,0.49606299212598426,1.0,0.5769230769230769
4986,HyboNet,2,256,0.001,9,87,0.49606299212598426,1.0,0.5769230769230769
4987,HyboNet,2,256,0.001,9,88,0.49606299212598426,1.0,0.5769230769230769
4988,HyboNet,2,256,0.001,9,89,0.5039370078740157,1.0,0.5769230769230769
4989,HyboNet,2,256,0.001,9,9,0.5511811023622047,0.7,0.5769230769230769
4990,HyboNet,2,256,0.001,9,90,0.5118110236220472,1.0,0.5769230769230769
4991,HyboNet,2,256,0.001,9,91,0.5039370078740157,1.0,0.5769230769230769
4992,HyboNet,2,256,0.001,9,92,0.5039370078740157,1.0,0.5769230769230769
4993,HyboNet,2,256,0.001,9,93,0.5039370078740157,1.0,0.5769230769230769
4994,HyboNet,2,256,0.001,9,94,0.5039370078740157,1.0,0.5769230769230769
4995,HyboNet,2,256,0.001,9,95,0.5039370078740157,1.0,0.5769230769230769
4996,HyboNet,2,256,0.001,9,96,0.5039370078740157,1.0,0.5769230769230769
4997,HyboNet,2,256,0.001,9,97,0.5039370078740157,1.0,0.5769230769230769
4998,HyboNet,2,256,0.001,9,98,0.5039370078740157,1.0,0.5769230769230769
4999,HyboNet,2,256,0.001,9,99,0.4881889763779528,1.0,0.5769230769230769
5000,HyboNet,2,256,0.005,1,1,0.5354330708661418,0.6,0.5769230769230769
5001,HyboNet,2,256,0.005,1,10,0.5354330708661418,0.6,0.5769230769230769
5002,HyboNet,2,256,0.005,1,100,0.5433070866141733,1.0,0.6153846153846154
5003,HyboNet,2,256,0.005,1,11,0.5354330708661418,0.6,0.5769230769230769
5004,HyboNet,2,256,0.005,1,12,0.5354330708661418,0.6,0.5769230769230769
5005,HyboNet,2,256,0.005,1,13,0.5354330708661418,0.6,0.5769230769230769
5006,HyboNet,2,256,0.005,1,14,0.5354330708661418,0.6,0.5769230769230769
5007,HyboNet,2,256,0.005,1,15,0.5354330708661418,0.6333333333333333,0.5769230769230769
5008,HyboNet,2,256,0.005,1,16,0.5354330708661418,0.6333333333333333,0.5769230769230769
5009,HyboNet,2,256,0.005,1,17,0.5354330708661418,0.6333333333333333,0.5769230769230769
5010,HyboNet,2,256,0.005,1,18,0.5433070866141733,0.6333333333333333,0.5769230769230769
5011,HyboNet,2,256,0.005,1,19,0.5433070866141733,0.7,0.5769230769230769
5012,HyboNet,2,256,0.005,1,2,0.5354330708661418,0.6,0.5769230769230769
5013,HyboNet,2,256,0.005,1,20,0.5511811023622047,0.7,0.5769230769230769
5014,HyboNet,2,256,0.005,1,21,0.5511811023622047,0.7333333333333333,0.5769230769230769
5015,HyboNet,2,256,0.005,1,22,0.5511811023622047,0.7333333333333333,0.5384615384615384
5016,HyboNet,2,256,0.005,1,23,0.5433070866141733,0.7333333333333333,0.5384615384615384
5017,HyboNet,2,256,0.005,1,24,0.5590551181102362,0.7666666666666667,0.5384615384615384
5018,HyboNet,2,256,0.005,1,25,0.5590551181102362,0.8,0.5384615384615384
5019,HyboNet,2,256,0.005,1,26,0.5905511811023622,0.8,0.5384615384615384
5020,HyboNet,2,256,0.005,1,27,0.5748031496062992,0.8,0.5769230769230769
5021,HyboNet,2,256,0.005,1,28,0.5669291338582677,0.8,0.5769230769230769
5022,HyboNet,2,256,0.005,1,29,0.5669291338582677,0.8,0.5769230769230769
5023,HyboNet,2,256,0.005,1,3,0.5354330708661418,0.6,0.5769230769230769
5024,HyboNet,2,256,0.005,1,30,0.5669291338582677,0.8,0.5769230769230769
5025,HyboNet,2,256,0.005,1,31,0.5669291338582677,0.8,0.5769230769230769
5026,HyboNet,2,256,0.005,1,32,0.5669291338582677,0.8,0.5769230769230769
5027,HyboNet,2,256,0.005,1,33,0.5669291338582677,0.8,0.5769230769230769
5028,HyboNet,2,256,0.005,1,34,0.5669291338582677,0.8,0.5384615384615384
5029,HyboNet,2,256,0.005,1,35,0.5669291338582677,0.8,0.5384615384615384
5030,HyboNet,2,256,0.005,1,36,0.5669291338582677,0.8,0.5384615384615384
5031,HyboNet,2,256,0.005,1,37,0.5748031496062992,0.8,0.5384615384615384
5032,HyboNet,2,256,0.005,1,38,0.5748031496062992,0.8,0.5384615384615384
5033,HyboNet,2,256,0.005,1,39,0.5669291338582677,0.8,0.5384615384615384
5034,HyboNet,2,256,0.005,1,4,0.5354330708661418,0.6,0.5769230769230769
5035,HyboNet,2,256,0.005,1,40,0.5669291338582677,0.8,0.5384615384615384
5036,HyboNet,2,256,0.005,1,41,0.5669291338582677,0.8,0.5384615384615384
5037,HyboNet,2,256,0.005,1,42,0.5669291338582677,0.8,0.5384615384615384
5038,HyboNet,2,256,0.005,1,43,0.5669291338582677,0.8,0.5384615384615384
5039,HyboNet,2,256,0.005,1,44,0.5748031496062992,0.8,0.5384615384615384
5040,HyboNet,2,256,0.005,1,45,0.5590551181102362,0.8333333333333334,0.5384615384615384
5041,HyboNet,2,256,0.005,1,46,0.5590551181102362,0.8333333333333334,0.5384615384615384
5042,HyboNet,2,256,0.005,1,47,0.5590551181102362,0.8333333333333334,0.5769230769230769
5043,HyboNet,2,256,0.005,1,48,0.5511811023622047,0.8666666666666667,0.5769230769230769
5044,HyboNet,2,256,0.005,1,49,0.5433070866141733,0.8666666666666667,0.5769230769230769
5045,HyboNet,2,256,0.005,1,5,0.5354330708661418,0.6,0.5769230769230769
5046,HyboNet,2,256,0.005,1,50,0.5433070866141733,0.8666666666666667,0.5769230769230769
5047,HyboNet,2,256,0.005,1,51,0.5354330708661418,0.8666666666666667,0.5769230769230769
5048,HyboNet,2,256,0.005,1,52,0.5354330708661418,0.9,0.6538461538461539
5049,HyboNet,2,256,0.005,1,53,0.5354330708661418,0.9,0.6153846153846154
5050,HyboNet,2,256,0.005,1,54,0.5433070866141733,0.9,0.6153846153846154
5051,HyboNet,2,256,0.005,1,55,0.5433070866141733,0.9,0.6153846153846154
5052,HyboNet,2,256,0.005,1,56,0.5433070866141733,0.9333333333333333,0.6153846153846154
5053,HyboNet,2,256,0.005,1,57,0.5433070866141733,0.9333333333333333,0.5769230769230769
5054,HyboNet,2,256,0.005,1,58,0.5511811023622047,0.9333333333333333,0.5769230769230769
5055,HyboNet,2,256,0.005,1,59,0.5433070866141733,0.9333333333333333,0.5769230769230769
5056,HyboNet,2,256,0.005,1,6,0.5354330708661418,0.6,0.5769230769230769
5057,HyboNet,2,256,0.005,1,60,0.5511811023622047,0.9333333333333333,0.5769230769230769
5058,HyboNet,2,256,0.005,1,61,0.5590551181102362,0.9666666666666667,0.5769230769230769
5059,HyboNet,2,256,0.005,1,62,0.5669291338582677,0.9666666666666667,0.5769230769230769
5060,HyboNet,2,256,0.005,1,63,0.5590551181102362,0.9666666666666667,0.5769230769230769
5061,HyboNet,2,256,0.005,1,64,0.5590551181102362,0.9666666666666667,0.5769230769230769
5062,HyboNet,2,256,0.005,1,65,0.5590551181102362,0.9666666666666667,0.5769230769230769
5063,HyboNet,2,256,0.005,1,66,0.5511811023622047,0.9666666666666667,0.5769230769230769
5064,HyboNet,2,256,0.005,1,67,0.5511811023622047,0.9666666666666667,0.5769230769230769
5065,HyboNet,2,256,0.005,1,68,0.5511811023622047,0.9666666666666667,0.5769230769230769
5066,HyboNet,2,256,0.005,1,69,0.5590551181102362,0.9666666666666667,0.5769230769230769
5067,HyboNet,2,256,0.005,1,7,0.5354330708661418,0.6,0.5769230769230769
5068,HyboNet,2,256,0.005,1,70,0.5590551181102362,0.9666666666666667,0.5769230769230769
5069,HyboNet,2,256,0.005,1,71,0.5669291338582677,0.9666666666666667,0.6153846153846154
5070,HyboNet,2,256,0.005,1,72,0.5748031496062992,0.9666666666666667,0.6153846153846154
5071,HyboNet,2,256,0.005,1,73,0.5748031496062992,0.9666666666666667,0.6538461538461539
5072,HyboNet,2,256,0.005,1,74,0.5748031496062992,0.9666666666666667,0.6538461538461539
5073,HyboNet,2,256,0.005,1,75,0.5748031496062992,0.9666666666666667,0.6538461538461539
5074,HyboNet,2,256,0.005,1,76,0.5748031496062992,0.9666666666666667,0.6538461538461539
5075,HyboNet,2,256,0.005,1,77,0.5748031496062992,0.9666666666666667,0.6538461538461539
5076,HyboNet,2,256,0.005,1,78,0.5748031496062992,0.9666666666666667,0.6538461538461539
5077,HyboNet,2,256,0.005,1,79,0.5748031496062992,0.9666666666666667,0.6538461538461539
5078,HyboNet,2,256,0.005,1,8,0.5354330708661418,0.6,0.5769230769230769
5079,HyboNet,2,256,0.005,1,80,0.5669291338582677,0.9666666666666667,0.6538461538461539
5080,HyboNet,2,256,0.005,1,81,0.5669291338582677,0.9666666666666667,0.6538461538461539
5081,HyboNet,2,256,0.005,1,82,0.5590551181102362,0.9666666666666667,0.6538461538461539
5082,HyboNet,2,256,0.005,1,83,0.5590551181102362,0.9666666666666667,0.6538461538461539
5083,HyboNet,2,256,0.005,1,84,0.5590551181102362,0.9666666666666667,0.6538461538461539
5084,HyboNet,2,256,0.005,1,85,0.5590551181102362,0.9666666666666667,0.6538461538461539
5085,HyboNet,2,256,0.005,1,86,0.5590551181102362,0.9666666666666667,0.6538461538461539
5086,HyboNet,2,256,0.005,1,87,0.5590551181102362,0.9666666666666667,0.6538461538461539
5087,HyboNet,2,256,0.005,1,88,0.5590551181102362,0.9666666666666667,0.6538461538461539
5088,HyboNet,2,256,0.005,1,89,0.5590551181102362,0.9666666666666667,0.6538461538461539
5089,HyboNet,2,256,0.005,1,9,0.5354330708661418,0.6,0.5769230769230769
5090,HyboNet,2,256,0.005,1,90,0.5669291338582677,0.9666666666666667,0.6538461538461539
5091,HyboNet,2,256,0.005,1,91,0.5669291338582677,0.9666666666666667,0.6538461538461539
5092,HyboNet,2,256,0.005,1,92,0.5669291338582677,0.9666666666666667,0.6153846153846154
5093,HyboNet,2,256,0.005,1,93,0.5590551181102362,0.9666666666666667,0.6153846153846154
5094,HyboNet,2,256,0.005,1,94,0.5511811023622047,1.0,0.6153846153846154
5095,HyboNet,2,256,0.005,1,95,0.5511811023622047,1.0,0.6153846153846154
5096,HyboNet,2,256,0.005,1,96,0.5511811023622047,1.0,0.6153846153846154
5097,HyboNet,2,256,0.005,1,97,0.5433070866141733,1.0,0.6153846153846154
5098,HyboNet,2,256,0.005,1,98,0.5433070866141733,1.0,0.6153846153846154
5099,HyboNet,2,256,0.005,1,99,0.5433070866141733,1.0,0.6153846153846154
5100,HyboNet,2,256,0.005,10,1,0.5354330708661418,0.6,0.5769230769230769
5101,HyboNet,2,256,0.005,10,10,0.5354330708661418,0.6,0.5769230769230769
5102,HyboNet,2,256,0.005,10,100,0.5748031496062992,1.0,0.6153846153846154
5103,HyboNet,2,256,0.005,10,11,0.5354330708661418,0.6,0.5769230769230769
5104,HyboNet,2,256,0.005,10,12,0.5354330708661418,0.6,0.5769230769230769
5105,HyboNet,2,256,0.005,10,13,0.5354330708661418,0.6,0.5769230769230769
5106,HyboNet,2,256,0.005,10,14,0.5354330708661418,0.6,0.5769230769230769
5107,HyboNet,2,256,0.005,10,15,0.5354330708661418,0.6,0.5769230769230769
5108,HyboNet,2,256,0.005,10,16,0.5354330708661418,0.6,0.5769230769230769
5109,HyboNet,2,256,0.005,10,17,0.5354330708661418,0.6,0.5769230769230769
5110,HyboNet,2,256,0.005,10,18,0.5354330708661418,0.6,0.5769230769230769
5111,HyboNet,2,256,0.005,10,19,0.5354330708661418,0.6,0.5769230769230769
5112,HyboNet,2,256,0.005,10,2,0.5354330708661418,0.6,0.5769230769230769
5113,HyboNet,2,256,0.005,10,20,0.5354330708661418,0.6,0.5769230769230769
5114,HyboNet,2,256,0.005,10,21,0.5354330708661418,0.6,0.5769230769230769
5115,HyboNet,2,256,0.005,10,22,0.5354330708661418,0.6333333333333333,0.5769230769230769
5116,HyboNet,2,256,0.005,10,23,0.5354330708661418,0.6333333333333333,0.5769230769230769
5117,HyboNet,2,256,0.005,10,24,0.5354330708661418,0.6333333333333333,0.5769230769230769
5118,HyboNet,2,256,0.005,10,25,0.5433070866141733,0.6666666666666666,0.5769230769230769
5119,HyboNet,2,256,0.005,10,26,0.5433070866141733,0.6666666666666666,0.5769230769230769
5120,HyboNet,2,256,0.005,10,27,0.5433070866141733,0.6666666666666666,0.5769230769230769
5121,HyboNet,2,256,0.005,10,28,0.5433070866141733,0.7,0.5769230769230769
5122,HyboNet,2,256,0.005,10,29,0.5433070866141733,0.7333333333333333,0.5769230769230769
5123,HyboNet,2,256,0.005,10,3,0.5354330708661418,0.6,0.5769230769230769
5124,HyboNet,2,256,0.005,10,30,0.5511811023622047,0.7333333333333333,0.5769230769230769
5125,HyboNet,2,256,0.005,10,31,0.5511811023622047,0.7333333333333333,0.5384615384615384
5126,HyboNet,2,256,0.005,10,32,0.5433070866141733,0.7333333333333333,0.5384615384615384
5127,HyboNet,2,256,0.005,10,33,0.5354330708661418,0.7333333333333333,0.5384615384615384
5128,HyboNet,2,256,0.005,10,34,0.5433070866141733,0.7333333333333333,0.5384615384615384
5129,HyboNet,2,256,0.005,10,35,0.5433070866141733,0.8,0.5384615384615384
5130,HyboNet,2,256,0.005,10,36,0.5590551181102362,0.8,0.5384615384615384
5131,HyboNet,2,256,0.005,10,37,0.5590551181102362,0.8,0.5384615384615384
5132,HyboNet,2,256,0.005,10,38,0.5669291338582677,0.8,0.5384615384615384
5133,HyboNet,2,256,0.005,10,39,0.5669291338582677,0.8,0.5384615384615384
5134,HyboNet,2,256,0.005,10,4,0.5354330708661418,0.6,0.5769230769230769
5135,HyboNet,2,256,0.005,10,40,0.5748031496062992,0.8,0.5769230769230769
5136,HyboNet,2,256,0.005,10,41,0.5669291338582677,0.8,0.5769230769230769
5137,HyboNet,2,256,0.005,10,42,0.5669291338582677,0.8,0.5769230769230769
5138,HyboNet,2,256,0.005,10,43,0.5669291338582677,0.8,0.5769230769230769
5139,HyboNet,2,256,0.005,10,44,0.5748031496062992,0.8,0.5769230769230769
5140,HyboNet,2,256,0.005,10,45,0.5748031496062992,0.8,0.5384615384615384
5141,HyboNet,2,256,0.005,10,46,0.5748031496062992,0.8,0.5384615384615384
5142,HyboNet,2,256,0.005,10,47,0.5590551181102362,0.8,0.5384615384615384
5143,HyboNet,2,256,0.005,10,48,0.5590551181102362,0.8,0.5384615384615384
5144,HyboNet,2,256,0.005,10,49,0.5590551181102362,0.8,0.5384615384615384
5145,HyboNet,2,256,0.005,10,5,0.5354330708661418,0.6,0.5769230769230769
5146,HyboNet,2,256,0.005,10,50,0.5590551181102362,0.8333333333333334,0.5384615384615384
5147,HyboNet,2,256,0.005,10,51,0.5433070866141733,0.8333333333333334,0.5384615384615384
5148,HyboNet,2,256,0.005,10,52,0.5433070866141733,0.8333333333333334,0.5384615384615384
5149,HyboNet,2,256,0.005,10,53,0.5511811023622047,0.8333333333333334,0.5384615384615384
5150,HyboNet,2,256,0.005,10,54,0.5511811023622047,0.8333333333333334,0.5384615384615384
5151,HyboNet,2,256,0.005,10,55,0.5511811023622047,0.8666666666666667,0.5384615384615384
5152,HyboNet,2,256,0.005,10,56,0.5433070866141733,0.8666666666666667,0.5769230769230769
5153,HyboNet,2,256,0.005,10,57,0.5433070866141733,0.9,0.5769230769230769
5154,HyboNet,2,256,0.005,10,58,0.5433070866141733,0.9,0.5769230769230769
5155,HyboNet,2,256,0.005,10,59,0.5433070866141733,0.9,0.6153846153846154
5156,HyboNet,2,256,0.005,10,6,0.5354330708661418,0.6,0.5769230769230769
5157,HyboNet,2,256,0.005,10,60,0.5433070866141733,0.9,0.6538461538461539
5158,HyboNet,2,256,0.005,10,61,0.5511811023622047,0.9,0.6538461538461539
5159,HyboNet,2,256,0.005,10,62,0.5511811023622047,0.9,0.6153846153846154
5160,HyboNet,2,256,0.005,10,63,0.5511811023622047,0.9666666666666667,0.6153846153846154
5161,HyboNet,2,256,0.005,10,64,0.5275590551181102,0.9666666666666667,0.6153846153846154
5162,HyboNet,2,256,0.005,10,65,0.5275590551181102,0.9666666666666667,0.6153846153846154
5163,HyboNet,2,256,0.005,10,66,0.5354330708661418,0.9666666666666667,0.6153846153846154
5164,HyboNet,2,256,0.005,10,67,0.5433070866141733,0.9666666666666667,0.5769230769230769
5165,HyboNet,2,256,0.005,10,68,0.5433070866141733,0.9666666666666667,0.5769230769230769
5166,HyboNet,2,256,0.005,10,69,0.5433070866141733,0.9666666666666667,0.5769230769230769
5167,HyboNet,2,256,0.005,10,7,0.5354330708661418,0.6,0.5769230769230769
5168,HyboNet,2,256,0.005,10,70,0.5433070866141733,0.9666666666666667,0.5769230769230769
5169,HyboNet,2,256,0.005,10,71,0.5511811023622047,0.9666666666666667,0.5769230769230769
5170,HyboNet,2,256,0.005,10,72,0.5590551181102362,0.9666666666666667,0.5769230769230769
5171,HyboNet,2,256,0.005,10,73,0.5590551181102362,0.9666666666666667,0.5769230769230769
5172,HyboNet,2,256,0.005,10,74,0.5590551181102362,0.9666666666666667,0.5769230769230769
5173,HyboNet,2,256,0.005,10,75,0.5590551181102362,0.9666666666666667,0.5769230769230769
5174,HyboNet,2,256,0.005,10,76,0.5748031496062992,0.9666666666666667,0.5769230769230769
5175,HyboNet,2,256,0.005,10,77,0.5748031496062992,1.0,0.5769230769230769
5176,HyboNet,2,256,0.005,10,78,0.5905511811023622,1.0,0.5769230769230769
5177,HyboNet,2,256,0.005,10,79,0.5748031496062992,1.0,0.5769230769230769
5178,HyboNet,2,256,0.005,10,8,0.5354330708661418,0.6,0.5769230769230769
5179,HyboNet,2,256,0.005,10,80,0.5748031496062992,1.0,0.5769230769230769
5180,HyboNet,2,256,0.005,10,81,0.5826771653543307,1.0,0.5769230769230769
5181,HyboNet,2,256,0.005,10,82,0.5748031496062992,1.0,0.5769230769230769
5182,HyboNet,2,256,0.005,10,83,0.5748031496062992,1.0,0.6153846153846154
5183,HyboNet,2,256,0.005,10,84,0.5905511811023622,1.0,0.6153846153846154
5184,HyboNet,2,256,0.005,10,85,0.5905511811023622,1.0,0.6153846153846154
5185,HyboNet,2,256,0.005,10,86,0.5905511811023622,1.0,0.6153846153846154
5186,HyboNet,2,256,0.005,10,87,0.5905511811023622,1.0,0.6153846153846154
5187,HyboNet,2,256,0.005,10,88,0.5748031496062992,1.0,0.6153846153846154
5188,HyboNet,2,256,0.005,10,89,0.5748031496062992,1.0,0.6153846153846154
5189,HyboNet,2,256,0.005,10,9,0.5354330708661418,0.6,0.5769230769230769
5190,HyboNet,2,256,0.005,10,90,0.5669291338582677,1.0,0.6153846153846154
5191,HyboNet,2,256,0.005,10,91,0.5669291338582677,1.0,0.6153846153846154
5192,HyboNet,2,256,0.005,10,92,0.5669291338582677,1.0,0.6153846153846154
5193,HyboNet,2,256,0.005,10,93,0.5669291338582677,1.0,0.6153846153846154
5194,HyboNet,2,256,0.005,10,94,0.5748031496062992,1.0,0.6153846153846154
5195,HyboNet,2,256,0.005,10,95,0.5748031496062992,1.0,0.6153846153846154
5196,HyboNet,2,256,0.005,10,96,0.5590551181102362,1.0,0.6153846153846154
5197,HyboNet,2,256,0.005,10,97,0.5748031496062992,1.0,0.6153846153846154
5198,HyboNet,2,256,0.005,10,98,0.5748031496062992,1.0,0.6153846153846154
5199,HyboNet,2,256,0.005,10,99,0.5748031496062992,1.0,0.6153846153846154
5200,HyboNet,2,256,0.005,2,1,0.5354330708661418,0.6,0.5769230769230769
5201,HyboNet,2,256,0.005,2,10,0.5354330708661418,0.6,0.5769230769230769
5202,HyboNet,2,256,0.005,2,100,0.5590551181102362,1.0,0.6538461538461539
5203,HyboNet,2,256,0.005,2,11,0.5354330708661418,0.6,0.5769230769230769
5204,HyboNet,2,256,0.005,2,12,0.5354330708661418,0.6,0.5769230769230769
5205,HyboNet,2,256,0.005,2,13,0.5354330708661418,0.6,0.5769230769230769
5206,HyboNet,2,256,0.005,2,14,0.5354330708661418,0.6,0.5769230769230769
5207,HyboNet,2,256,0.005,2,15,0.5354330708661418,0.6,0.5769230769230769
5208,HyboNet,2,256,0.005,2,16,0.5354330708661418,0.6,0.5769230769230769
5209,HyboNet,2,256,0.005,2,17,0.5354330708661418,0.6,0.5769230769230769
5210,HyboNet,2,256,0.005,2,18,0.5354330708661418,0.6,0.5769230769230769
5211,HyboNet,2,256,0.005,2,19,0.5354330708661418,0.6,0.5769230769230769
5212,HyboNet,2,256,0.005,2,2,0.5354330708661418,0.6,0.5769230769230769
5213,HyboNet,2,256,0.005,2,20,0.5354330708661418,0.6,0.5769230769230769
5214,HyboNet,2,256,0.005,2,21,0.5354330708661418,0.6333333333333333,0.5769230769230769
5215,HyboNet,2,256,0.005,2,22,0.5354330708661418,0.6333333333333333,0.5769230769230769
5216,HyboNet,2,256,0.005,2,23,0.5354330708661418,0.6333333333333333,0.5769230769230769
5217,HyboNet,2,256,0.005,2,24,0.5433070866141733,0.6666666666666666,0.5769230769230769
5218,HyboNet,2,256,0.005,2,25,0.5433070866141733,0.6666666666666666,0.5769230769230769
5219,HyboNet,2,256,0.005,2,26,0.5433070866141733,0.7,0.5769230769230769
5220,HyboNet,2,256,0.005,2,27,0.5433070866141733,0.7333333333333333,0.5769230769230769
5221,HyboNet,2,256,0.005,2,28,0.5511811023622047,0.7333333333333333,0.5769230769230769
5222,HyboNet,2,256,0.005,2,29,0.5511811023622047,0.7333333333333333,0.5384615384615384
5223,HyboNet,2,256,0.005,2,3,0.5354330708661418,0.6,0.5769230769230769
5224,HyboNet,2,256,0.005,2,30,0.5511811023622047,0.7333333333333333,0.5384615384615384
5225,HyboNet,2,256,0.005,2,31,0.5433070866141733,0.7333333333333333,0.5384615384615384
5226,HyboNet,2,256,0.005,2,32,0.5511811023622047,0.7666666666666667,0.5384615384615384
5227,HyboNet,2,256,0.005,2,33,0.5511811023622047,0.8,0.5384615384615384
5228,HyboNet,2,256,0.005,2,34,0.5590551181102362,0.8,0.5384615384615384
5229,HyboNet,2,256,0.005,2,35,0.5590551181102362,0.8,0.5384615384615384
5230,HyboNet,2,256,0.005,2,36,0.5590551181102362,0.8,0.5384615384615384
5231,HyboNet,2,256,0.005,2,37,0.5433070866141733,0.8,0.5384615384615384
5232,HyboNet,2,256,0.005,2,38,0.5511811023622047,0.8,0.5384615384615384
5233,HyboNet,2,256,0.005,2,39,0.5511811023622047,0.8,0.5384615384615384
5234,HyboNet,2,256,0.005,2,4,0.5354330708661418,0.6,0.5769230769230769
5235,HyboNet,2,256,0.005,2,40,0.5511811023622047,0.8,0.5384615384615384
5236,HyboNet,2,256,0.005,2,41,0.5590551181102362,0.8,0.5384615384615384
5237,HyboNet,2,256,0.005,2,42,0.5590551181102362,0.8,0.5384615384615384
5238,HyboNet,2,256,0.005,2,43,0.5590551181102362,0.8,0.5384615384615384
5239,HyboNet,2,256,0.005,2,44,0.5590551181102362,0.8,0.5384615384615384
5240,HyboNet,2,256,0.005,2,45,0.5511811023622047,0.8,0.5384615384615384
5241,HyboNet,2,256,0.005,2,46,0.5511811023622047,0.8,0.5384615384615384
5242,HyboNet,2,256,0.005,2,47,0.5433070866141733,0.8,0.5384615384615384
5243,HyboNet,2,256,0.005,2,48,0.5433070866141733,0.8,0.5384615384615384
5244,HyboNet,2,256,0.005,2,49,0.5511811023622047,0.8,0.5384615384615384
5245,HyboNet,2,256,0.005,2,5,0.5354330708661418,0.6,0.5769230769230769
5246,HyboNet,2,256,0.005,2,50,0.5433070866141733,0.8,0.5384615384615384
5247,HyboNet,2,256,0.005,2,51,0.5590551181102362,0.8,0.5384615384615384
5248,HyboNet,2,256,0.005,2,52,0.5590551181102362,0.8666666666666667,0.5384615384615384
5249,HyboNet,2,256,0.005,2,53,0.5511811023622047,0.8666666666666667,0.5769230769230769
5250,HyboNet,2,256,0.005,2,54,0.5511811023622047,0.9,0.5769230769230769
5251,HyboNet,2,256,0.005,2,55,0.5433070866141733,0.9,0.5769230769230769
5252,HyboNet,2,256,0.005,2,56,0.5433070866141733,0.9,0.5384615384615384
5253,HyboNet,2,256,0.005,2,57,0.5433070866141733,0.9,0.6153846153846154
5254,HyboNet,2,256,0.005,2,58,0.5433070866141733,0.9,0.6153846153846154
5255,HyboNet,2,256,0.005,2,59,0.5433070866141733,0.9,0.6153846153846154
5256,HyboNet,2,256,0.005,2,6,0.5354330708661418,0.6,0.5769230769230769
5257,HyboNet,2,256,0.005,2,60,0.5354330708661418,0.9,0.6153846153846154
5258,HyboNet,2,256,0.005,2,61,0.5275590551181102,0.9,0.6153846153846154
5259,HyboNet,2,256,0.005,2,62,0.5275590551181102,0.9333333333333333,0.6153846153846154
5260,HyboNet,2,256,0.005,2,63,0.5275590551181102,0.9333333333333333,0.6153846153846154
5261,HyboNet,2,256,0.005,2,64,0.5275590551181102,0.9333333333333333,0.6153846153846154
5262,HyboNet,2,256,0.005,2,65,0.5354330708661418,0.9333333333333333,0.6153846153846154
5263,HyboNet,2,256,0.005,2,66,0.5275590551181102,0.9666666666666667,0.6153846153846154
5264,HyboNet,2,256,0.005,2,67,0.5433070866141733,0.9666666666666667,0.6153846153846154
5265,HyboNet,2,256,0.005,2,68,0.5433070866141733,0.9666666666666667,0.6153846153846154
5266,HyboNet,2,256,0.005,2,69,0.5433070866141733,0.9666666666666667,0.6153846153846154
5267,HyboNet,2,256,0.005,2,7,0.5354330708661418,0.6,0.5769230769230769
5268,HyboNet,2,256,0.005,2,70,0.5511811023622047,0.9666666666666667,0.6153846153846154
5269,HyboNet,2,256,0.005,2,71,0.5590551181102362,0.9666666666666667,0.6153846153846154
5270,HyboNet,2,256,0.005,2,72,0.5669291338582677,0.9666666666666667,0.6153846153846154
5271,HyboNet,2,256,0.005,2,73,0.5669291338582677,0.9666666666666667,0.5769230769230769
5272,HyboNet,2,256,0.005,2,74,0.5669291338582677,0.9666666666666667,0.5769230769230769
5273,HyboNet,2,256,0.005,2,75,0.5669291338582677,0.9666666666666667,0.5769230769230769
5274,HyboNet,2,256,0.005,2,76,0.5669291338582677,1.0,0.5769230769230769
5275,HyboNet,2,256,0.005,2,77,0.5905511811023622,1.0,0.6153846153846154
5276,HyboNet,2,256,0.005,2,78,0.5748031496062992,1.0,0.6153846153846154
5277,HyboNet,2,256,0.005,2,79,0.5669291338582677,1.0,0.6153846153846154
5278,HyboNet,2,256,0.005,2,8,0.5354330708661418,0.6,0.5769230769230769
5279,HyboNet,2,256,0.005,2,80,0.5748031496062992,1.0,0.6153846153846154
5280,HyboNet,2,256,0.005,2,81,0.5748031496062992,1.0,0.6153846153846154
5281,HyboNet,2,256,0.005,2,82,0.5748031496062992,1.0,0.6153846153846154
5282,HyboNet,2,256,0.005,2,83,0.5669291338582677,1.0,0.6153846153846154
5283,HyboNet,2,256,0.005,2,84,0.5748031496062992,1.0,0.6153846153846154
5284,HyboNet,2,256,0.005,2,85,0.5748031496062992,1.0,0.6153846153846154
5285,HyboNet,2,256,0.005,2,86,0.5669291338582677,1.0,0.6153846153846154
5286,HyboNet,2,256,0.005,2,87,0.5590551181102362,1.0,0.6538461538461539
5287,HyboNet,2,256,0.005,2,88,0.5590551181102362,1.0,0.6538461538461539
5288,HyboNet,2,256,0.005,2,89,0.5590551181102362,1.0,0.6538461538461539
5289,HyboNet,2,256,0.005,2,9,0.5354330708661418,0.6,0.5769230769230769
5290,HyboNet,2,256,0.005,2,90,0.5590551181102362,1.0,0.6538461538461539
5291,HyboNet,2,256,0.005,2,91,0.5590551181102362,1.0,0.6538461538461539
5292,HyboNet,2,256,0.005,2,92,0.5669291338582677,1.0,0.6538461538461539
5293,HyboNet,2,256,0.005,2,93,0.5669291338582677,1.0,0.6538461538461539
5294,HyboNet,2,256,0.005,2,94,0.5669291338582677,1.0,0.6538461538461539
5295,HyboNet,2,256,0.005,2,95,0.5669291338582677,1.0,0.6538461538461539
5296,HyboNet,2,256,0.005,2,96,0.5511811023622047,1.0,0.6538461538461539
5297,HyboNet,2,256,0.005,2,97,0.5511811023622047,1.0,0.6538461538461539
5298,HyboNet,2,256,0.005,2,98,0.5511811023622047,1.0,0.6538461538461539
5299,HyboNet,2,256,0.005,2,99,0.5590551181102362,1.0,0.6538461538461539
5300,HyboNet,2,256,0.005,3,1,0.5354330708661418,0.6,0.5769230769230769
5301,HyboNet,2,256,0.005,3,10,0.5354330708661418,0.6,0.5769230769230769
5302,HyboNet,2,256,0.005,3,100,0.5748031496062992,1.0,0.6153846153846154
5303,HyboNet,2,256,0.005,3,11,0.5354330708661418,0.6,0.5769230769230769
5304,HyboNet,2,256,0.005,3,12,0.5354330708661418,0.6,0.5769230769230769
5305,HyboNet,2,256,0.005,3,13,0.5354330708661418,0.6,0.5769230769230769
5306,HyboNet,2,256,0.005,3,14,0.5354330708661418,0.6,0.5769230769230769
5307,HyboNet,2,256,0.005,3,15,0.5354330708661418,0.6,0.5769230769230769
5308,HyboNet,2,256,0.005,3,16,0.5354330708661418,0.6,0.5769230769230769
5309,HyboNet,2,256,0.005,3,17,0.5354330708661418,0.6,0.5769230769230769
5310,HyboNet,2,256,0.005,3,18,0.5354330708661418,0.6,0.5769230769230769
5311,HyboNet,2,256,0.005,3,19,0.5354330708661418,0.6,0.5769230769230769
5312,HyboNet,2,256,0.005,3,2,0.5354330708661418,0.6,0.5769230769230769
5313,HyboNet,2,256,0.005,3,20,0.5354330708661418,0.6,0.5769230769230769
5314,HyboNet,2,256,0.005,3,21,0.5354330708661418,0.6,0.5769230769230769
5315,HyboNet,2,256,0.005,3,22,0.5354330708661418,0.6,0.5769230769230769
5316,HyboNet,2,256,0.005,3,23,0.5354330708661418,0.6,0.5769230769230769
5317,HyboNet,2,256,0.005,3,24,0.5354330708661418,0.6333333333333333,0.5769230769230769
5318,HyboNet,2,256,0.005,3,25,0.5354330708661418,0.6333333333333333,0.5769230769230769
5319,HyboNet,2,256,0.005,3,26,0.5354330708661418,0.6333333333333333,0.5769230769230769
5320,HyboNet,2,256,0.005,3,27,0.5433070866141733,0.6333333333333333,0.5769230769230769
5321,HyboNet,2,256,0.005,3,28,0.5433070866141733,0.6666666666666666,0.5769230769230769
5322,HyboNet,2,256,0.005,3,29,0.5433070866141733,0.7,0.5769230769230769
5323,HyboNet,2,256,0.005,3,3,0.5354330708661418,0.6,0.5769230769230769
5324,HyboNet,2,256,0.005,3,30,0.5433070866141733,0.7,0.5769230769230769
5325,HyboNet,2,256,0.005,3,31,0.5511811023622047,0.7333333333333333,0.5769230769230769
5326,HyboNet,2,256,0.005,3,32,0.5511811023622047,0.7333333333333333,0.5769230769230769
5327,HyboNet,2,256,0.005,3,33,0.5511811023622047,0.7333333333333333,0.5384615384615384
5328,HyboNet,2,256,0.005,3,34,0.5590551181102362,0.7333333333333333,0.5384615384615384
5329,HyboNet,2,256,0.005,3,35,0.5433070866141733,0.7333333333333333,0.5384615384615384
5330,HyboNet,2,256,0.005,3,36,0.5511811023622047,0.8,0.5384615384615384
5331,HyboNet,2,256,0.005,3,37,0.5669291338582677,0.8,0.5384615384615384
5332,HyboNet,2,256,0.005,3,38,0.5748031496062992,0.8,0.5384615384615384
5333,HyboNet,2,256,0.005,3,39,0.5748031496062992,0.8,0.5384615384615384
5334,HyboNet,2,256,0.005,3,4,0.5354330708661418,0.6,0.5769230769230769
5335,HyboNet,2,256,0.005,3,40,0.5669291338582677,0.8,0.5769230769230769
5336,HyboNet,2,256,0.005,3,41,0.5669291338582677,0.8,0.5769230769230769
5337,HyboNet,2,256,0.005,3,42,0.5669291338582677,0.8,0.5769230769230769
5338,HyboNet,2,256,0.005,3,43,0.5669291338582677,0.8,0.5769230769230769
5339,HyboNet,2,256,0.005,3,44,0.5669291338582677,0.8,0.5769230769230769
5340,HyboNet,2,256,0.005,3,45,0.5669291338582677,0.8,0.5769230769230769
5341,HyboNet,2,256,0.005,3,46,0.5669291338582677,0.8,0.5769230769230769
5342,HyboNet,2,256,0.005,3,47,0.5669291338582677,0.8,0.5384615384615384
5343,HyboNet,2,256,0.005,3,48,0.5748031496062992,0.8,0.5384615384615384
5344,HyboNet,2,256,0.005,3,49,0.5748031496062992,0.8333333333333334,0.5384615384615384
5345,HyboNet,2,256,0.005,3,5,0.5354330708661418,0.6,0.5769230769230769
5346,HyboNet,2,256,0.005,3,50,0.5590551181102362,0.8333333333333334,0.5384615384615384
5347,HyboNet,2,256,0.005,3,51,0.5511811023622047,0.8333333333333334,0.5384615384615384
5348,HyboNet,2,256,0.005,3,52,0.5511811023622047,0.8333333333333334,0.5384615384615384
5349,HyboNet,2,256,0.005,3,53,0.5433070866141733,0.8333333333333334,0.5384615384615384
5350,HyboNet,2,256,0.005,3,54,0.5511811023622047,0.8333333333333334,0.5384615384615384
5351,HyboNet,2,256,0.005,3,55,0.5511811023622047,0.8666666666666667,0.5384615384615384
5352,HyboNet,2,256,0.005,3,56,0.5354330708661418,0.8666666666666667,0.5384615384615384
5353,HyboNet,2,256,0.005,3,57,0.5354330708661418,0.9,0.5769230769230769
5354,HyboNet,2,256,0.005,3,58,0.5354330708661418,0.9,0.5769230769230769
5355,HyboNet,2,256,0.005,3,59,0.5354330708661418,0.9,0.5769230769230769
5356,HyboNet,2,256,0.005,3,6,0.5354330708661418,0.6,0.5769230769230769
5357,HyboNet,2,256,0.005,3,60,0.5433070866141733,0.9,0.5769230769230769
5358,HyboNet,2,256,0.005,3,61,0.5433070866141733,0.9,0.6538461538461539
5359,HyboNet,2,256,0.005,3,62,0.5433070866141733,0.9,0.6153846153846154
5360,HyboNet,2,256,0.005,3,63,0.5511811023622047,0.9333333333333333,0.6153846153846154
5361,HyboNet,2,256,0.005,3,64,0.5511811023622047,0.9333333333333333,0.6153846153846154
5362,HyboNet,2,256,0.005,3,65,0.5433070866141733,0.9333333333333333,0.6153846153846154
5363,HyboNet,2,256,0.005,3,66,0.5433070866141733,0.9333333333333333,0.5769230769230769
5364,HyboNet,2,256,0.005,3,67,0.5511811023622047,0.9333333333333333,0.5769230769230769
5365,HyboNet,2,256,0.005,3,68,0.5433070866141733,0.9333333333333333,0.5769230769230769
5366,HyboNet,2,256,0.005,3,69,0.5590551181102362,0.9666666666666667,0.5769230769230769
5367,HyboNet,2,256,0.005,3,7,0.5354330708661418,0.6,0.5769230769230769
5368,HyboNet,2,256,0.005,3,70,0.5590551181102362,0.9666666666666667,0.5769230769230769
5369,HyboNet,2,256,0.005,3,71,0.5669291338582677,0.9666666666666667,0.5769230769230769
5370,HyboNet,2,256,0.005,3,72,0.5669291338582677,0.9666666666666667,0.5769230769230769
5371,HyboNet,2,256,0.005,3,73,0.5669291338582677,0.9666666666666667,0.5769230769230769
5372,HyboNet,2,256,0.005,3,74,0.5669291338582677,0.9666666666666667,0.5769230769230769
5373,HyboNet,2,256,0.005,3,75,0.5590551181102362,0.9666666666666667,0.5769230769230769
5374,HyboNet,2,256,0.005,3,76,0.5748031496062992,0.9666666666666667,0.5769230769230769
5375,HyboNet,2,256,0.005,3,77,0.5905511811023622,0.9666666666666667,0.5769230769230769
5376,HyboNet,2,256,0.005,3,78,0.5905511811023622,0.9666666666666667,0.5769230769230769
5377,HyboNet,2,256,0.005,3,79,0.5826771653543307,1.0,0.5769230769230769
5378,HyboNet,2,256,0.005,3,8,0.5354330708661418,0.6,0.5769230769230769
5379,HyboNet,2,256,0.005,3,80,0.5826771653543307,1.0,0.6153846153846154
5380,HyboNet,2,256,0.005,3,81,0.5826771653543307,1.0,0.6153846153846154
5381,HyboNet,2,256,0.005,3,82,0.5826771653543307,1.0,0.6153846153846154
5382,HyboNet,2,256,0.005,3,83,0.5748031496062992,1.0,0.6153846153846154
5383,HyboNet,2,256,0.005,3,84,0.5826771653543307,1.0,0.6153846153846154
5384,HyboNet,2,256,0.005,3,85,0.5826771653543307,1.0,0.6153846153846154
5385,HyboNet,2,256,0.005,3,86,0.5748031496062992,1.0,0.6153846153846154
5386,HyboNet,2,256,0.005,3,87,0.5748031496062992,1.0,0.6153846153846154
5387,HyboNet,2,256,0.005,3,88,0.5669291338582677,1.0,0.6153846153846154
5388,HyboNet,2,256,0.005,3,89,0.5669291338582677,1.0,0.6153846153846154
5389,HyboNet,2,256,0.005,3,9,0.5354330708661418,0.6,0.5769230769230769
5390,HyboNet,2,256,0.005,3,90,0.5590551181102362,1.0,0.6153846153846154
5391,HyboNet,2,256,0.005,3,91,0.5590551181102362,1.0,0.6153846153846154
5392,HyboNet,2,256,0.005,3,92,0.5590551181102362,1.0,0.6153846153846154
5393,HyboNet,2,256,0.005,3,93,0.5590551181102362,1.0,0.6153846153846154
5394,HyboNet,2,256,0.005,3,94,0.5590551181102362,1.0,0.6153846153846154
5395,HyboNet,2,256,0.005,3,95,0.5590551181102362,1.0,0.6153846153846154
5396,HyboNet,2,256,0.005,3,96,0.5669291338582677,1.0,0.6153846153846154
5397,HyboNet,2,256,0.005,3,97,0.5669291338582677,1.0,0.6153846153846154
5398,HyboNet,2,256,0.005,3,98,0.5826771653543307,1.0,0.6153846153846154
5399,HyboNet,2,256,0.005,3,99,0.5748031496062992,1.0,0.6153846153846154
5400,HyboNet,2,256,0.005,4,1,0.5354330708661418,0.6,0.5769230769230769
5401,HyboNet,2,256,0.005,4,10,0.5354330708661418,0.6,0.5769230769230769
5402,HyboNet,2,256,0.005,4,100,0.5433070866141733,1.0,0.6153846153846154
5403,HyboNet,2,256,0.005,4,11,0.5354330708661418,0.6,0.5769230769230769
5404,HyboNet,2,256,0.005,4,12,0.5354330708661418,0.6,0.5769230769230769
5405,HyboNet,2,256,0.005,4,13,0.5354330708661418,0.6,0.5769230769230769
5406,HyboNet,2,256,0.005,4,14,0.5354330708661418,0.6,0.5769230769230769
5407,HyboNet,2,256,0.005,4,15,0.5354330708661418,0.6333333333333333,0.5769230769230769
5408,HyboNet,2,256,0.005,4,16,0.5354330708661418,0.6333333333333333,0.5769230769230769
5409,HyboNet,2,256,0.005,4,17,0.5354330708661418,0.6333333333333333,0.5769230769230769
5410,HyboNet,2,256,0.005,4,18,0.5354330708661418,0.6333333333333333,0.5769230769230769
5411,HyboNet,2,256,0.005,4,19,0.5433070866141733,0.7,0.5769230769230769
5412,HyboNet,2,256,0.005,4,2,0.5354330708661418,0.6,0.5769230769230769
5413,HyboNet,2,256,0.005,4,20,0.5433070866141733,0.7,0.5769230769230769
5414,HyboNet,2,256,0.005,4,21,0.5511811023622047,0.7,0.5769230769230769
5415,HyboNet,2,256,0.005,4,22,0.5511811023622047,0.7333333333333333,0.5769230769230769
5416,HyboNet,2,256,0.005,4,23,0.5511811023622047,0.7333333333333333,0.5384615384615384
5417,HyboNet,2,256,0.005,4,24,0.5590551181102362,0.7333333333333333,0.5384615384615384
5418,HyboNet,2,256,0.005,4,25,0.5590551181102362,0.7666666666666667,0.5384615384615384
5419,HyboNet,2,256,0.005,4,26,0.5511811023622047,0.8,0.5384615384615384
5420,HyboNet,2,256,0.005,4,27,0.5748031496062992,0.8,0.5384615384615384
5421,HyboNet,2,256,0.005,4,28,0.5748031496062992,0.8,0.5769230769230769
5422,HyboNet,2,256,0.005,4,29,0.5748031496062992,0.8,0.5769230769230769
5423,HyboNet,2,256,0.005,4,3,0.5354330708661418,0.6,0.5769230769230769
5424,HyboNet,2,256,0.005,4,30,0.5748031496062992,0.8,0.5769230769230769
5425,HyboNet,2,256,0.005,4,31,0.5748031496062992,0.8,0.5769230769230769
5426,HyboNet,2,256,0.005,4,32,0.5748031496062992,0.8,0.5769230769230769
5427,HyboNet,2,256,0.005,4,33,0.5748031496062992,0.8,0.5769230769230769
5428,HyboNet,2,256,0.005,4,34,0.5748031496062992,0.8,0.5769230769230769
5429,HyboNet,2,256,0.005,4,35,0.5748031496062992,0.8,0.5769230769230769
5430,HyboNet,2,256,0.005,4,36,0.5748031496062992,0.8,0.5384615384615384
5431,HyboNet,2,256,0.005,4,37,0.5748031496062992,0.8,0.5384615384615384
5432,HyboNet,2,256,0.005,4,38,0.5669291338582677,0.8,0.5384615384615384
5433,HyboNet,2,256,0.005,4,39,0.5669291338582677,0.8,0.5384615384615384
5434,HyboNet,2,256,0.005,4,4,0.5354330708661418,0.6,0.5769230769230769
5435,HyboNet,2,256,0.005,4,40,0.5669291338582677,0.8,0.5384615384615384
5436,HyboNet,2,256,0.005,4,41,0.5669291338582677,0.8,0.5384615384615384
5437,HyboNet,2,256,0.005,4,42,0.5669291338582677,0.8,0.5384615384615384
5438,HyboNet,2,256,0.005,4,43,0.5590551181102362,0.8,0.5384615384615384
5439,HyboNet,2,256,0.005,4,44,0.5590551181102362,0.8,0.5384615384615384
5440,HyboNet,2,256,0.005,4,45,0.5590551181102362,0.8,0.5384615384615384
5441,HyboNet,2,256,0.005,4,46,0.5590551181102362,0.8333333333333334,0.5384615384615384
5442,HyboNet,2,256,0.005,4,47,0.5590551181102362,0.8333333333333334,0.5384615384615384
5443,HyboNet,2,256,0.005,4,48,0.5669291338582677,0.8666666666666667,0.5384615384615384
5444,HyboNet,2,256,0.005,4,49,0.5590551181102362,0.8666666666666667,0.5769230769230769
5445,HyboNet,2,256,0.005,4,5,0.5354330708661418,0.6,0.5769230769230769
5446,HyboNet,2,256,0.005,4,50,0.5511811023622047,0.9,0.5769230769230769
5447,HyboNet,2,256,0.005,4,51,0.5511811023622047,0.9,0.5769230769230769
5448,HyboNet,2,256,0.005,4,52,0.5433070866141733,0.9,0.5769230769230769
5449,HyboNet,2,256,0.005,4,53,0.5354330708661418,0.9,0.6153846153846154
5450,HyboNet,2,256,0.005,4,54,0.5433070866141733,0.9333333333333333,0.6538461538461539
5451,HyboNet,2,256,0.005,4,55,0.5433070866141733,0.9333333333333333,0.6153846153846154
5452,HyboNet,2,256,0.005,4,56,0.5354330708661418,0.9333333333333333,0.6153846153846154
5453,HyboNet,2,256,0.005,4,57,0.5354330708661418,0.9333333333333333,0.6153846153846154
5454,HyboNet,2,256,0.005,4,58,0.5354330708661418,0.9333333333333333,0.6153846153846154
5455,HyboNet,2,256,0.005,4,59,0.5433070866141733,0.9666666666666667,0.6153846153846154
5456,HyboNet,2,256,0.005,4,6,0.5354330708661418,0.6,0.5769230769230769
5457,HyboNet,2,256,0.005,4,60,0.5433070866141733,0.9666666666666667,0.5769230769230769
5458,HyboNet,2,256,0.005,4,61,0.5511811023622047,0.9666666666666667,0.5769230769230769
5459,HyboNet,2,256,0.005,4,62,0.5511811023622047,1.0,0.5769230769230769
5460,HyboNet,2,256,0.005,4,63,0.5669291338582677,1.0,0.5769230769230769
5461,HyboNet,2,256,0.005,4,64,0.5748031496062992,1.0,0.5769230769230769
5462,HyboNet,2,256,0.005,4,65,0.5669291338582677,1.0,0.5769230769230769
5463,HyboNet,2,256,0.005,4,66,0.5669291338582677,1.0,0.5769230769230769
5464,HyboNet,2,256,0.005,4,67,0.5669291338582677,1.0,0.5769230769230769
5465,HyboNet,2,256,0.005,4,68,0.5748031496062992,1.0,0.6153846153846154
5466,HyboNet,2,256,0.005,4,69,0.5748031496062992,1.0,0.6153846153846154
5467,HyboNet,2,256,0.005,4,7,0.5354330708661418,0.6,0.5769230769230769
5468,HyboNet,2,256,0.005,4,70,0.5590551181102362,1.0,0.6153846153846154
5469,HyboNet,2,256,0.005,4,71,0.5748031496062992,1.0,0.6153846153846154
5470,HyboNet,2,256,0.005,4,72,0.5826771653543307,1.0,0.6153846153846154
5471,HyboNet,2,256,0.005,4,73,0.5826771653543307,1.0,0.6153846153846154
5472,HyboNet,2,256,0.005,4,74,0.5826771653543307,1.0,0.6153846153846154
5473,HyboNet,2,256,0.005,4,75,0.5826771653543307,1.0,0.6153846153846154
5474,HyboNet,2,256,0.005,4,76,0.5826771653543307,1.0,0.6153846153846154
5475,HyboNet,2,256,0.005,4,77,0.5826771653543307,1.0,0.6153846153846154
5476,HyboNet,2,256,0.005,4,78,0.5748031496062992,1.0,0.6153846153846154
5477,HyboNet,2,256,0.005,4,79,0.5748031496062992,1.0,0.6538461538461539
5478,HyboNet,2,256,0.005,4,8,0.5354330708661418,0.6,0.5769230769230769
5479,HyboNet,2,256,0.005,4,80,0.5748031496062992,1.0,0.6538461538461539
5480,HyboNet,2,256,0.005,4,81,0.5669291338582677,1.0,0.6538461538461539
5481,HyboNet,2,256,0.005,4,82,0.5590551181102362,1.0,0.6538461538461539
5482,HyboNet,2,256,0.005,4,83,0.5511811023622047,1.0,0.6538461538461539
5483,HyboNet,2,256,0.005,4,84,0.5511811023622047,1.0,0.6538461538461539
5484,HyboNet,2,256,0.005,4,85,0.5590551181102362,1.0,0.6538461538461539
5485,HyboNet,2,256,0.005,4,86,0.5590551181102362,1.0,0.6538461538461539
5486,HyboNet,2,256,0.005,4,87,0.5590551181102362,1.0,0.6538461538461539
5487,HyboNet,2,256,0.005,4,88,0.5590551181102362,1.0,0.6538461538461539
5488,HyboNet,2,256,0.005,4,89,0.5590551181102362,1.0,0.6538461538461539
5489,HyboNet,2,256,0.005,4,9,0.5354330708661418,0.6,0.5769230769230769
5490,HyboNet,2,256,0.005,4,90,0.5590551181102362,1.0,0.6538461538461539
5491,HyboNet,2,256,0.005,4,91,0.5590551181102362,1.0,0.6538461538461539
5492,HyboNet,2,256,0.005,4,92,0.5590551181102362,1.0,0.6538461538461539
5493,HyboNet,2,256,0.005,4,93,0.5590551181102362,1.0,0.6538461538461539
5494,HyboNet,2,256,0.005,4,94,0.5590551181102362,1.0,0.6538461538461539
5495,HyboNet,2,256,0.005,4,95,0.5511811023622047,1.0,0.6538461538461539
5496,HyboNet,2,256,0.005,4,96,0.5511811023622047,1.0,0.6538461538461539
5497,HyboNet,2,256,0.005,4,97,0.5511811023622047,1.0,0.6538461538461539
5498,HyboNet,2,256,0.005,4,98,0.5511811023622047,1.0,0.6538461538461539
5499,HyboNet,2,256,0.005,4,99,0.5433070866141733,1.0,0.6538461538461539
5500,HyboNet,2,256,0.005,5,1,0.5354330708661418,0.6,0.5769230769230769
5501,HyboNet,2,256,0.005,5,10,0.5354330708661418,0.6,0.5769230769230769
5502,HyboNet,2,256,0.005,5,100,0.5511811023622047,1.0,0.6538461538461539
5503,HyboNet,2,256,0.005,5,11,0.5354330708661418,0.6,0.5769230769230769
5504,HyboNet,2,256,0.005,5,12,0.5354330708661418,0.6,0.5769230769230769
5505,HyboNet,2,256,0.005,5,13,0.5354330708661418,0.6,0.5769230769230769
5506,HyboNet,2,256,0.005,5,14,0.5354330708661418,0.6,0.5769230769230769
5507,HyboNet,2,256,0.005,5,15,0.5354330708661418,0.6,0.5769230769230769
5508,HyboNet,2,256,0.005,5,16,0.5354330708661418,0.6,0.5769230769230769
5509,HyboNet,2,256,0.005,5,17,0.5354330708661418,0.6,0.5769230769230769
5510,HyboNet,2,256,0.005,5,18,0.5354330708661418,0.6,0.5769230769230769
5511,HyboNet,2,256,0.005,5,19,0.5354330708661418,0.6,0.5769230769230769
5512,HyboNet,2,256,0.005,5,2,0.5354330708661418,0.6,0.5769230769230769
5513,HyboNet,2,256,0.005,5,20,0.5354330708661418,0.6,0.5769230769230769
5514,HyboNet,2,256,0.005,5,21,0.5354330708661418,0.6,0.5769230769230769
5515,HyboNet,2,256,0.005,5,22,0.5354330708661418,0.6,0.5769230769230769
5516,HyboNet,2,256,0.005,5,23,0.5354330708661418,0.6,0.5769230769230769
5517,HyboNet,2,256,0.005,5,24,0.5354330708661418,0.6,0.5769230769230769
5518,HyboNet,2,256,0.005,5,25,0.5354330708661418,0.6,0.5769230769230769
5519,HyboNet,2,256,0.005,5,26,0.5354330708661418,0.6333333333333333,0.5769230769230769
5520,HyboNet,2,256,0.005,5,27,0.5354330708661418,0.6333333333333333,0.5769230769230769
5521,HyboNet,2,256,0.005,5,28,0.5354330708661418,0.6333333333333333,0.5769230769230769
5522,HyboNet,2,256,0.005,5,29,0.5433070866141733,0.6333333333333333,0.5769230769230769
5523,HyboNet,2,256,0.005,5,3,0.5354330708661418,0.6,0.5769230769230769
5524,HyboNet,2,256,0.005,5,30,0.5433070866141733,0.6666666666666666,0.5769230769230769
5525,HyboNet,2,256,0.005,5,31,0.5433070866141733,0.6666666666666666,0.5769230769230769
5526,HyboNet,2,256,0.005,5,32,0.5433070866141733,0.7,0.5769230769230769
5527,HyboNet,2,256,0.005,5,33,0.5433070866141733,0.7,0.5769230769230769
5528,HyboNet,2,256,0.005,5,34,0.5511811023622047,0.7333333333333333,0.5769230769230769
5529,HyboNet,2,256,0.005,5,35,0.5511811023622047,0.7333333333333333,0.5769230769230769
5530,HyboNet,2,256,0.005,5,36,0.5511811023622047,0.7333333333333333,0.5384615384615384
5531,HyboNet,2,256,0.005,5,37,0.5433070866141733,0.7666666666666667,0.5384615384615384
5532,HyboNet,2,256,0.005,5,38,0.5354330708661418,0.7666666666666667,0.5384615384615384
5533,HyboNet,2,256,0.005,5,39,0.5433070866141733,0.8,0.5384615384615384
5534,HyboNet,2,256,0.005,5,4,0.5354330708661418,0.6,0.5769230769230769
5535,HyboNet,2,256,0.005,5,40,0.5511811023622047,0.8,0.5384615384615384
5536,HyboNet,2,256,0.005,5,41,0.5669291338582677,0.8,0.5384615384615384
5537,HyboNet,2,256,0.005,5,42,0.5669291338582677,0.8,0.5769230769230769
5538,HyboNet,2,256,0.005,5,43,0.5669291338582677,0.8,0.5769230769230769
5539,HyboNet,2,256,0.005,5,44,0.5669291338582677,0.8,0.5769230769230769
5540,HyboNet,2,256,0.005,5,45,0.5669291338582677,0.8,0.5769230769230769
5541,HyboNet,2,256,0.005,5,46,0.5669291338582677,0.8,0.5769230769230769
5542,HyboNet,2,256,0.005,5,47,0.5669291338582677,0.8,0.5769230769230769
5543,HyboNet,2,256,0.005,5,48,0.5669291338582677,0.8,0.5384615384615384
5544,HyboNet,2,256,0.005,5,49,0.5669291338582677,0.8,0.5384615384615384
5545,HyboNet,2,256,0.005,5,5,0.5354330708661418,0.6,0.5769230769230769
5546,HyboNet,2,256,0.005,5,50,0.5669291338582677,0.8333333333333334,0.5384615384615384
5547,HyboNet,2,256,0.005,5,51,0.5669291338582677,0.8666666666666667,0.5384615384615384
5548,HyboNet,2,256,0.005,5,52,0.5511811023622047,0.8666666666666667,0.5769230769230769
5549,HyboNet,2,256,0.005,5,53,0.5590551181102362,0.8666666666666667,0.5769230769230769
5550,HyboNet,2,256,0.005,5,54,0.5511811023622047,0.8666666666666667,0.5769230769230769
5551,HyboNet,2,256,0.005,5,55,0.5433070866141733,0.8666666666666667,0.5769230769230769
5552,HyboNet,2,256,0.005,5,56,0.5433070866141733,0.9,0.5769230769230769
5553,HyboNet,2,256,0.005,5,57,0.5433070866141733,0.9,0.5769230769230769
5554,HyboNet,2,256,0.005,5,58,0.5433070866141733,0.9,0.5769230769230769
5555,HyboNet,2,256,0.005,5,59,0.5433070866141733,0.9,0.5769230769230769
5556,HyboNet,2,256,0.005,5,6,0.5354330708661418,0.6,0.5769230769230769
5557,HyboNet,2,256,0.005,5,60,0.5433070866141733,0.9,0.6153846153846154
5558,HyboNet,2,256,0.005,5,61,0.5433070866141733,0.9,0.6538461538461539
5559,HyboNet,2,256,0.005,5,62,0.5511811023622047,0.9,0.6538461538461539
5560,HyboNet,2,256,0.005,5,63,0.5511811023622047,0.9,0.6538461538461539
5561,HyboNet,2,256,0.005,5,64,0.5433070866141733,0.9333333333333333,0.6538461538461539
5562,HyboNet,2,256,0.005,5,65,0.5433070866141733,0.9333333333333333,0.6538461538461539
5563,HyboNet,2,256,0.005,5,66,0.5511811023622047,0.9666666666666667,0.6538461538461539
5564,HyboNet,2,256,0.005,5,67,0.5511811023622047,0.9666666666666667,0.6538461538461539
5565,HyboNet,2,256,0.005,5,68,0.5511811023622047,0.9666666666666667,0.6538461538461539
5566,HyboNet,2,256,0.005,5,69,0.5590551181102362,0.9666666666666667,0.6153846153846154
5567,HyboNet,2,256,0.005,5,7,0.5354330708661418,0.6,0.5769230769230769
5568,HyboNet,2,256,0.005,5,70,0.5748031496062992,0.9666666666666667,0.6153846153846154
5569,HyboNet,2,256,0.005,5,71,0.5748031496062992,0.9666666666666667,0.6153846153846154
5570,HyboNet,2,256,0.005,5,72,0.5748031496062992,0.9666666666666667,0.6153846153846154
5571,HyboNet,2,256,0.005,5,73,0.5669291338582677,0.9666666666666667,0.5769230769230769
5572,HyboNet,2,256,0.005,5,74,0.5669291338582677,0.9666666666666667,0.5769230769230769
5573,HyboNet,2,256,0.005,5,75,0.5748031496062992,0.9666666666666667,0.5769230769230769
5574,HyboNet,2,256,0.005,5,76,0.5669291338582677,0.9666666666666667,0.5769230769230769
5575,HyboNet,2,256,0.005,5,77,0.5826771653543307,0.9666666666666667,0.5769230769230769
5576,HyboNet,2,256,0.005,5,78,0.5748031496062992,0.9666666666666667,0.6153846153846154
5577,HyboNet,2,256,0.005,5,79,0.5984251968503937,0.9666666666666667,0.6153846153846154
5578,HyboNet,2,256,0.005,5,8,0.5354330708661418,0.6,0.5769230769230769
5579,HyboNet,2,256,0.005,5,80,0.5984251968503937,0.9666666666666667,0.6153846153846154
5580,HyboNet,2,256,0.005,5,81,0.5984251968503937,0.9666666666666667,0.6153846153846154
5581,HyboNet,2,256,0.005,5,82,0.5984251968503937,0.9666666666666667,0.6153846153846154
5582,HyboNet,2,256,0.005,5,83,0.5905511811023622,0.9666666666666667,0.6153846153846154
5583,HyboNet,2,256,0.005,5,84,0.5905511811023622,0.9666666666666667,0.6153846153846154
5584,HyboNet,2,256,0.005,5,85,0.5905511811023622,0.9666666666666667,0.6153846153846154
5585,HyboNet,2,256,0.005,5,86,0.5905511811023622,0.9666666666666667,0.6153846153846154
5586,HyboNet,2,256,0.005,5,87,0.5905511811023622,0.9666666666666667,0.6153846153846154
5587,HyboNet,2,256,0.005,5,88,0.5826771653543307,0.9666666666666667,0.6153846153846154
5588,HyboNet,2,256,0.005,5,89,0.5826771653543307,0.9666666666666667,0.6153846153846154
5589,HyboNet,2,256,0.005,5,9,0.5354330708661418,0.6,0.5769230769230769
5590,HyboNet,2,256,0.005,5,90,0.5748031496062992,0.9666666666666667,0.6153846153846154
5591,HyboNet,2,256,0.005,5,91,0.5748031496062992,0.9666666666666667,0.6153846153846154
5592,HyboNet,2,256,0.005,5,92,0.5748031496062992,0.9666666666666667,0.6153846153846154
5593,HyboNet,2,256,0.005,5,93,0.5748031496062992,0.9666666666666667,0.6153846153846154
5594,HyboNet,2,256,0.005,5,94,0.5748031496062992,0.9666666666666667,0.6153846153846154
5595,HyboNet,2,256,0.005,5,95,0.5748031496062992,0.9666666666666667,0.6153846153846154
5596,HyboNet,2,256,0.005,5,96,0.5669291338582677,0.9666666666666667,0.6153846153846154
5597,HyboNet,2,256,0.005,5,97,0.5511811023622047,0.9666666666666667,0.6153846153846154
5598,HyboNet,2,256,0.005,5,98,0.5511811023622047,1.0,0.6153846153846154
5599,HyboNet,2,256,0.005,5,99,0.5511811023622047,1.0,0.6538461538461539
5600,HyboNet,2,256,0.005,6,1,0.5354330708661418,0.6,0.5769230769230769
5601,HyboNet,2,256,0.005,6,10,0.5354330708661418,0.6,0.5769230769230769
5602,HyboNet,2,256,0.005,6,100,0.5669291338582677,1.0,0.6153846153846154
5603,HyboNet,2,256,0.005,6,11,0.5354330708661418,0.6,0.5769230769230769
5604,HyboNet,2,256,0.005,6,12,0.5354330708661418,0.6,0.5769230769230769
5605,HyboNet,2,256,0.005,6,13,0.5354330708661418,0.6,0.5769230769230769
5606,HyboNet,2,256,0.005,6,14,0.5354330708661418,0.6,0.5769230769230769
5607,HyboNet,2,256,0.005,6,15,0.5354330708661418,0.6,0.5769230769230769
5608,HyboNet,2,256,0.005,6,16,0.5354330708661418,0.6,0.5769230769230769
5609,HyboNet,2,256,0.005,6,17,0.5354330708661418,0.6,0.5769230769230769
5610,HyboNet,2,256,0.005,6,18,0.5354330708661418,0.6,0.5769230769230769
5611,HyboNet,2,256,0.005,6,19,0.5354330708661418,0.6333333333333333,0.5769230769230769
5612,HyboNet,2,256,0.005,6,2,0.5354330708661418,0.6,0.5769230769230769
5613,HyboNet,2,256,0.005,6,20,0.5354330708661418,0.6333333333333333,0.5769230769230769
5614,HyboNet,2,256,0.005,6,21,0.5354330708661418,0.6333333333333333,0.5769230769230769
5615,HyboNet,2,256,0.005,6,22,0.5433070866141733,0.6333333333333333,0.5769230769230769
5616,HyboNet,2,256,0.005,6,23,0.5433070866141733,0.6666666666666666,0.5769230769230769
5617,HyboNet,2,256,0.005,6,24,0.5433070866141733,0.7,0.5769230769230769
5618,HyboNet,2,256,0.005,6,25,0.5433070866141733,0.7,0.5769230769230769
5619,HyboNet,2,256,0.005,6,26,0.5511811023622047,0.7333333333333333,0.5769230769230769
5620,HyboNet,2,256,0.005,6,27,0.5511811023622047,0.7333333333333333,0.5769230769230769
5621,HyboNet,2,256,0.005,6,28,0.5511811023622047,0.7333333333333333,0.5384615384615384
5622,HyboNet,2,256,0.005,6,29,0.5433070866141733,0.7333333333333333,0.5384615384615384
5623,HyboNet,2,256,0.005,6,3,0.5354330708661418,0.6,0.5769230769230769
5624,HyboNet,2,256,0.005,6,30,0.5511811023622047,0.7666666666666667,0.5384615384615384
5625,HyboNet,2,256,0.005,6,31,0.5511811023622047,0.8,0.5384615384615384
5626,HyboNet,2,256,0.005,6,32,0.5590551181102362,0.8,0.5384615384615384
5627,HyboNet,2,256,0.005,6,33,0.5669291338582677,0.8,0.5384615384615384
5628,HyboNet,2,256,0.005,6,34,0.5748031496062992,0.8,0.5384615384615384
5629,HyboNet,2,256,0.005,6,35,0.5748031496062992,0.8,0.5384615384615384
5630,HyboNet,2,256,0.005,6,36,0.5748031496062992,0.8,0.5769230769230769
5631,HyboNet,2,256,0.005,6,37,0.5748031496062992,0.8,0.5769230769230769
5632,HyboNet,2,256,0.005,6,38,0.5748031496062992,0.8,0.5384615384615384
5633,HyboNet,2,256,0.005,6,39,0.5748031496062992,0.8,0.5384615384615384
5634,HyboNet,2,256,0.005,6,4,0.5354330708661418,0.6,0.5769230769230769
5635,HyboNet,2,256,0.005,6,40,0.5748031496062992,0.8,0.5384615384615384
5636,HyboNet,2,256,0.005,6,41,0.5748031496062992,0.8,0.5384615384615384
5637,HyboNet,2,256,0.005,6,42,0.5748031496062992,0.8,0.5384615384615384
5638,HyboNet,2,256,0.005,6,43,0.5748031496062992,0.8,0.5384615384615384
5639,HyboNet,2,256,0.005,6,44,0.5669291338582677,0.8,0.5384615384615384
5640,HyboNet,2,256,0.005,6,45,0.5669291338582677,0.8,0.5384615384615384
5641,HyboNet,2,256,0.005,6,46,0.5669291338582677,0.8,0.5384615384615384
5642,HyboNet,2,256,0.005,6,47,0.5748031496062992,0.8,0.5384615384615384
5643,HyboNet,2,256,0.005,6,48,0.5669291338582677,0.8,0.5384615384615384
5644,HyboNet,2,256,0.005,6,49,0.5590551181102362,0.8333333333333334,0.5384615384615384
5645,HyboNet,2,256,0.005,6,5,0.5354330708661418,0.6,0.5769230769230769
5646,HyboNet,2,256,0.005,6,50,0.5511811023622047,0.8333333333333334,0.5384615384615384
5647,HyboNet,2,256,0.005,6,51,0.5511811023622047,0.8333333333333334,0.5384615384615384
5648,HyboNet,2,256,0.005,6,52,0.5433070866141733,0.8333333333333334,0.5769230769230769
5649,HyboNet,2,256,0.005,6,53,0.5433070866141733,0.9,0.5769230769230769
5650,HyboNet,2,256,0.005,6,54,0.5433070866141733,0.9,0.5769230769230769
5651,HyboNet,2,256,0.005,6,55,0.5433070866141733,0.9,0.6153846153846154
5652,HyboNet,2,256,0.005,6,56,0.5433070866141733,0.9,0.5769230769230769
5653,HyboNet,2,256,0.005,6,57,0.5511811023622047,0.9,0.6153846153846154
5654,HyboNet,2,256,0.005,6,58,0.5511811023622047,0.9,0.6153846153846154
5655,HyboNet,2,256,0.005,6,59,0.5433070866141733,0.9,0.6153846153846154
5656,HyboNet,2,256,0.005,6,6,0.5354330708661418,0.6,0.5769230769230769
5657,HyboNet,2,256,0.005,6,60,0.5354330708661418,0.9,0.6153846153846154
5658,HyboNet,2,256,0.005,6,61,0.5354330708661418,0.9,0.6153846153846154
5659,HyboNet,2,256,0.005,6,62,0.5275590551181102,0.9,0.6153846153846154
5660,HyboNet,2,256,0.005,6,63,0.5354330708661418,0.9666666666666667,0.6153846153846154
5661,HyboNet,2,256,0.005,6,64,0.5354330708661418,0.9666666666666667,0.6153846153846154
5662,HyboNet,2,256,0.005,6,65,0.5433070866141733,0.9666666666666667,0.6153846153846154
5663,HyboNet,2,256,0.005,6,66,0.5433070866141733,0.9666666666666667,0.6153846153846154
5664,HyboNet,2,256,0.005,6,67,0.5511811023622047,0.9666666666666667,0.6153846153846154
5665,HyboNet,2,256,0.005,6,68,0.5433070866141733,0.9666666666666667,0.6153846153846154
5666,HyboNet,2,256,0.005,6,69,0.5511811023622047,0.9666666666666667,0.6153846153846154
5667,HyboNet,2,256,0.005,6,7,0.5354330708661418,0.6,0.5769230769230769
5668,HyboNet,2,256,0.005,6,70,0.5590551181102362,0.9666666666666667,0.5769230769230769
5669,HyboNet,2,256,0.005,6,71,0.5669291338582677,0.9666666666666667,0.5769230769230769
5670,HyboNet,2,256,0.005,6,72,0.5669291338582677,0.9666666666666667,0.5769230769230769
5671,HyboNet,2,256,0.005,6,73,0.5669291338582677,0.9666666666666667,0.5769230769230769
5672,HyboNet,2,256,0.005,6,74,0.5748031496062992,0.9666666666666667,0.5769230769230769
5673,HyboNet,2,256,0.005,6,75,0.5748031496062992,0.9666666666666667,0.5769230769230769
5674,HyboNet,2,256,0.005,6,76,0.5748031496062992,0.9666666666666667,0.5769230769230769
5675,HyboNet,2,256,0.005,6,77,0.5748031496062992,0.9666666666666667,0.5769230769230769
5676,HyboNet,2,256,0.005,6,78,0.5748031496062992,1.0,0.6153846153846154
5677,HyboNet,2,256,0.005,6,79,0.5826771653543307,1.0,0.6153846153846154
5678,HyboNet,2,256,0.005,6,8,0.5354330708661418,0.6,0.5769230769230769
5679,HyboNet,2,256,0.005,6,80,0.5826771653543307,1.0,0.6153846153846154
5680,HyboNet,2,256,0.005,6,81,0.5826771653543307,1.0,0.6153846153846154
5681,HyboNet,2,256,0.005,6,82,0.5748031496062992,1.0,0.6153846153846154
5682,HyboNet,2,256,0.005,6,83,0.5748031496062992,1.0,0.6153846153846154
5683,HyboNet,2,256,0.005,6,84,0.5669291338582677,1.0,0.6153846153846154
5684,HyboNet,2,256,0.005,6,85,0.5748031496062992,1.0,0.6153846153846154
5685,HyboNet,2,256,0.005,6,86,0.5748031496062992,1.0,0.6153846153846154
5686,HyboNet,2,256,0.005,6,87,0.5826771653543307,1.0,0.6153846153846154
5687,HyboNet,2,256,0.005,6,88,0.5826771653543307,1.0,0.6153846153846154
5688,HyboNet,2,256,0.005,6,89,0.5826771653543307,1.0,0.5769230769230769
5689,HyboNet,2,256,0.005,6,9,0.5354330708661418,0.6,0.5769230769230769
5690,HyboNet,2,256,0.005,6,90,0.5826771653543307,1.0,0.6153846153846154
5691,HyboNet,2,256,0.005,6,91,0.5826771653543307,1.0,0.6153846153846154
5692,HyboNet,2,256,0.005,6,92,0.5826771653543307,1.0,0.6153846153846154
5693,HyboNet,2,256,0.005,6,93,0.5748031496062992,1.0,0.6153846153846154
5694,HyboNet,2,256,0.005,6,94,0.5748031496062992,1.0,0.6153846153846154
5695,HyboNet,2,256,0.005,6,95,0.5590551181102362,1.0,0.6153846153846154
5696,HyboNet,2,256,0.005,6,96,0.5669291338582677,1.0,0.6153846153846154
5697,HyboNet,2,256,0.005,6,97,0.5669291338582677,1.0,0.6153846153846154
5698,HyboNet,2,256,0.005,6,98,0.5669291338582677,1.0,0.6153846153846154
5699,HyboNet,2,256,0.005,6,99,0.5669291338582677,1.0,0.6153846153846154
5700,HyboNet,2,256,0.005,7,1,0.5354330708661418,0.6,0.5769230769230769
5701,HyboNet,2,256,0.005,7,10,0.5354330708661418,0.6,0.5769230769230769
5702,HyboNet,2,256,0.005,7,100,0.5433070866141733,1.0,0.5769230769230769
5703,HyboNet,2,256,0.005,7,11,0.5354330708661418,0.6,0.5769230769230769
5704,HyboNet,2,256,0.005,7,12,0.5354330708661418,0.6,0.5769230769230769
5705,HyboNet,2,256,0.005,7,13,0.5354330708661418,0.6,0.5769230769230769
5706,HyboNet,2,256,0.005,7,14,0.5354330708661418,0.6,0.5769230769230769
5707,HyboNet,2,256,0.005,7,15,0.5354330708661418,0.6,0.5769230769230769
5708,HyboNet,2,256,0.005,7,16,0.5354330708661418,0.6,0.5769230769230769
5709,HyboNet,2,256,0.005,7,17,0.5354330708661418,0.6,0.5769230769230769
5710,HyboNet,2,256,0.005,7,18,0.5354330708661418,0.6333333333333333,0.5769230769230769
5711,HyboNet,2,256,0.005,7,19,0.5354330708661418,0.6333333333333333,0.5769230769230769
5712,HyboNet,2,256,0.005,7,2,0.5354330708661418,0.6,0.5769230769230769
5713,HyboNet,2,256,0.005,7,20,0.5354330708661418,0.6333333333333333,0.5769230769230769
5714,HyboNet,2,256,0.005,7,21,0.5433070866141733,0.6666666666666666,0.5769230769230769
5715,HyboNet,2,256,0.005,7,22,0.5433070866141733,0.6666666666666666,0.5769230769230769
5716,HyboNet,2,256,0.005,7,23,0.5433070866141733,0.7,0.5769230769230769
5717,HyboNet,2,256,0.005,7,24,0.5511811023622047,0.7333333333333333,0.5769230769230769
5718,HyboNet,2,256,0.005,7,25,0.5511811023622047,0.7333333333333333,0.5769230769230769
5719,HyboNet,2,256,0.005,7,26,0.5511811023622047,0.7333333333333333,0.5384615384615384
5720,HyboNet,2,256,0.005,7,27,0.5433070866141733,0.7333333333333333,0.5384615384615384
5721,HyboNet,2,256,0.005,7,28,0.5433070866141733,0.7333333333333333,0.5384615384615384
5722,HyboNet,2,256,0.005,7,29,0.5511811023622047,0.8,0.5384615384615384
5723,HyboNet,2,256,0.005,7,3,0.5354330708661418,0.6,0.5769230769230769
5724,HyboNet,2,256,0.005,7,30,0.5669291338582677,0.8,0.5384615384615384
5725,HyboNet,2,256,0.005,7,31,0.5590551181102362,0.8,0.5384615384615384
5726,HyboNet,2,256,0.005,7,32,0.5669291338582677,0.8,0.5769230769230769
5727,HyboNet,2,256,0.005,7,33,0.5669291338582677,0.8,0.5769230769230769
5728,HyboNet,2,256,0.005,7,34,0.5669291338582677,0.8,0.5769230769230769
5729,HyboNet,2,256,0.005,7,35,0.5669291338582677,0.8,0.5769230769230769
5730,HyboNet,2,256,0.005,7,36,0.5669291338582677,0.8,0.5769230769230769
5731,HyboNet,2,256,0.005,7,37,0.5590551181102362,0.8,0.5384615384615384
5732,HyboNet,2,256,0.005,7,38,0.5669291338582677,0.8,0.5384615384615384
5733,HyboNet,2,256,0.005,7,39,0.5669291338582677,0.8,0.5384615384615384
5734,HyboNet,2,256,0.005,7,4,0.5354330708661418,0.6,0.5769230769230769
5735,HyboNet,2,256,0.005,7,40,0.5669291338582677,0.8,0.5384615384615384
5736,HyboNet,2,256,0.005,7,41,0.5669291338582677,0.8,0.5384615384615384
5737,HyboNet,2,256,0.005,7,42,0.5669291338582677,0.8,0.5384615384615384
5738,HyboNet,2,256,0.005,7,43,0.5511811023622047,0.8333333333333334,0.5384615384615384
5739,HyboNet,2,256,0.005,7,44,0.5354330708661418,0.8333333333333334,0.5384615384615384
5740,HyboNet,2,256,0.005,7,45,0.5275590551181102,0.8333333333333334,0.5384615384615384
5741,HyboNet,2,256,0.005,7,46,0.5354330708661418,0.8333333333333334,0.5384615384615384
5742,HyboNet,2,256,0.005,7,47,0.5354330708661418,0.8333333333333334,0.5384615384615384
5743,HyboNet,2,256,0.005,7,48,0.5354330708661418,0.8333333333333334,0.5384615384615384
5744,HyboNet,2,256,0.005,7,49,0.5354330708661418,0.8333333333333334,0.5769230769230769
5745,HyboNet,2,256,0.005,7,5,0.5354330708661418,0.6,0.5769230769230769
5746,HyboNet,2,256,0.005,7,50,0.5354330708661418,0.8333333333333334,0.5769230769230769
5747,HyboNet,2,256,0.005,7,51,0.5354330708661418,0.8666666666666667,0.5769230769230769
5748,HyboNet,2,256,0.005,7,52,0.5433070866141733,0.9,0.6153846153846154
5749,HyboNet,2,256,0.005,7,53,0.5511811023622047,0.9,0.6538461538461539
5750,HyboNet,2,256,0.005,7,54,0.5511811023622047,0.9,0.6153846153846154
5751,HyboNet,2,256,0.005,7,55,0.5433070866141733,0.9,0.6153846153846154
5752,HyboNet,2,256,0.005,7,56,0.5354330708661418,0.9333333333333333,0.6153846153846154
5753,HyboNet,2,256,0.005,7,57,0.5433070866141733,0.9333333333333333,0.6153846153846154
5754,HyboNet,2,256,0.005,7,58,0.5433070866141733,0.9333333333333333,0.6153846153846154
5755,HyboNet,2,256,0.005,7,59,0.5433070866141733,0.9333333333333333,0.6153846153846154
5756,HyboNet,2,256,0.005,7,6,0.5354330708661418,0.6,0.5769230769230769
5757,HyboNet,2,256,0.005,7,60,0.5590551181102362,0.9333333333333333,0.6153846153846154
5758,HyboNet,2,256,0.005,7,61,0.5590551181102362,0.9666666666666667,0.5769230769230769
5759,HyboNet,2,256,0.005,7,62,0.5590551181102362,0.9666666666666667,0.5769230769230769
5760,HyboNet,2,256,0.005,7,63,0.5590551181102362,0.9666666666666667,0.5769230769230769
5761,HyboNet,2,256,0.005,7,64,0.5669291338582677,0.9666666666666667,0.5769230769230769
5762,HyboNet,2,256,0.005,7,65,0.5669291338582677,0.9666666666666667,0.5769230769230769
5763,HyboNet,2,256,0.005,7,66,0.5590551181102362,0.9666666666666667,0.5769230769230769
5764,HyboNet,2,256,0.005,7,67,0.5748031496062992,0.9666666666666667,0.5769230769230769
5765,HyboNet,2,256,0.005,7,68,0.5748031496062992,0.9666666666666667,0.5769230769230769
5766,HyboNet,2,256,0.005,7,69,0.5748031496062992,0.9666666666666667,0.6153846153846154
5767,HyboNet,2,256,0.005,7,7,0.5354330708661418,0.6,0.5769230769230769
5768,HyboNet,2,256,0.005,7,70,0.5748031496062992,0.9666666666666667,0.6153846153846154
5769,HyboNet,2,256,0.005,7,71,0.5748031496062992,0.9666666666666667,0.6153846153846154
5770,HyboNet,2,256,0.005,7,72,0.5905511811023622,1.0,0.6153846153846154
5771,HyboNet,2,256,0.005,7,73,0.5984251968503937,1.0,0.6153846153846154
5772,HyboNet,2,256,0.005,7,74,0.5905511811023622,1.0,0.6153846153846154
5773,HyboNet,2,256,0.005,7,75,0.5905511811023622,1.0,0.6153846153846154
5774,HyboNet,2,256,0.005,7,76,0.5905511811023622,1.0,0.6153846153846154
5775,HyboNet,2,256,0.005,7,77,0.5905511811023622,1.0,0.6538461538461539
5776,HyboNet,2,256,0.005,7,78,0.5826771653543307,1.0,0.6538461538461539
5777,HyboNet,2,256,0.005,7,79,0.5748031496062992,1.0,0.6538461538461539
5778,HyboNet,2,256,0.005,7,8,0.5354330708661418,0.6,0.5769230769230769
5779,HyboNet,2,256,0.005,7,80,0.5748031496062992,1.0,0.6538461538461539
5780,HyboNet,2,256,0.005,7,81,0.5669291338582677,1.0,0.6538461538461539
5781,HyboNet,2,256,0.005,7,82,0.5669291338582677,1.0,0.6538461538461539
5782,HyboNet,2,256,0.005,7,83,0.5590551181102362,1.0,0.6538461538461539
5783,HyboNet,2,256,0.005,7,84,0.5669291338582677,1.0,0.6538461538461539
5784,HyboNet,2,256,0.005,7,85,0.5669291338582677,1.0,0.6538461538461539
5785,HyboNet,2,256,0.005,7,86,0.5511811023622047,1.0,0.6538461538461539
5786,HyboNet,2,256,0.005,7,87,0.5590551181102362,1.0,0.6538461538461539
5787,HyboNet,2,256,0.005,7,88,0.5511811023622047,1.0,0.6538461538461539
5788,HyboNet,2,256,0.005,7,89,0.5511811023622047,1.0,0.6153846153846154
5789,HyboNet,2,256,0.005,7,9,0.5354330708661418,0.6,0.5769230769230769
5790,HyboNet,2,256,0.005,7,90,0.5590551181102362,1.0,0.6153846153846154
5791,HyboNet,2,256,0.005,7,91,0.5590551181102362,1.0,0.6153846153846154
5792,HyboNet,2,256,0.005,7,92,0.5590551181102362,1.0,0.6153846153846154
5793,HyboNet,2,256,0.005,7,93,0.5511811023622047,1.0,0.6153846153846154
5794,HyboNet,2,256,0.005,7,94,0.5433070866141733,1.0,0.6153846153846154
5795,HyboNet,2,256,0.005,7,95,0.5433070866141733,1.0,0.6153846153846154
5796,HyboNet,2,256,0.005,7,96,0.5433070866141733,1.0,0.6153846153846154
5797,HyboNet,2,256,0.005,7,97,0.5433070866141733,1.0,0.6153846153846154
5798,HyboNet,2,256,0.005,7,98,0.5433070866141733,1.0,0.6153846153846154
5799,HyboNet,2,256,0.005,7,99,0.5433070866141733,1.0,0.5769230769230769
5800,HyboNet,2,256,0.005,8,1,0.5354330708661418,0.6,0.5769230769230769
5801,HyboNet,2,256,0.005,8,10,0.5354330708661418,0.6,0.5769230769230769
5802,HyboNet,2,256,0.005,8,100,0.5511811023622047,1.0,0.6153846153846154
5803,HyboNet,2,256,0.005,8,11,0.5354330708661418,0.6,0.5769230769230769
5804,HyboNet,2,256,0.005,8,12,0.5354330708661418,0.6,0.5769230769230769
5805,HyboNet,2,256,0.005,8,13,0.5354330708661418,0.6,0.5769230769230769
5806,HyboNet,2,256,0.005,8,14,0.5354330708661418,0.6,0.5769230769230769
5807,HyboNet,2,256,0.005,8,15,0.5354330708661418,0.6,0.5769230769230769
5808,HyboNet,2,256,0.005,8,16,0.5354330708661418,0.6,0.5769230769230769
5809,HyboNet,2,256,0.005,8,17,0.5354330708661418,0.6,0.5769230769230769
5810,HyboNet,2,256,0.005,8,18,0.5354330708661418,0.6,0.5769230769230769
5811,HyboNet,2,256,0.005,8,19,0.5354330708661418,0.6,0.5769230769230769
5812,HyboNet,2,256,0.005,8,2,0.5354330708661418,0.6,0.5769230769230769
5813,HyboNet,2,256,0.005,8,20,0.5354330708661418,0.6,0.5769230769230769
5814,HyboNet,2,256,0.005,8,21,0.5354330708661418,0.6,0.5769230769230769
5815,HyboNet,2,256,0.005,8,22,0.5354330708661418,0.6333333333333333,0.5769230769230769
5816,HyboNet,2,256,0.005,8,23,0.5354330708661418,0.6333333333333333,0.5769230769230769
5817,HyboNet,2,256,0.005,8,24,0.5354330708661418,0.6333333333333333,0.5769230769230769
5818,HyboNet,2,256,0.005,8,25,0.5433070866141733,0.6333333333333333,0.5769230769230769
5819,HyboNet,2,256,0.005,8,26,0.5433070866141733,0.6333333333333333,0.5769230769230769
5820,HyboNet,2,256,0.005,8,27,0.5433070866141733,0.6666666666666666,0.5769230769230769
5821,HyboNet,2,256,0.005,8,28,0.5433070866141733,0.7,0.5769230769230769
5822,HyboNet,2,256,0.005,8,29,0.5511811023622047,0.7333333333333333,0.5769230769230769
5823,HyboNet,2,256,0.005,8,3,0.5354330708661418,0.6,0.5769230769230769
5824,HyboNet,2,256,0.005,8,30,0.5511811023622047,0.7333333333333333,0.5769230769230769
5825,HyboNet,2,256,0.005,8,31,0.5511811023622047,0.7333333333333333,0.5769230769230769
5826,HyboNet,2,256,0.005,8,32,0.5511811023622047,0.7666666666666667,0.5384615384615384
5827,HyboNet,2,256,0.005,8,33,0.5433070866141733,0.7666666666666667,0.5384615384615384
5828,HyboNet,2,256,0.005,8,34,0.5669291338582677,0.8,0.5384615384615384
5829,HyboNet,2,256,0.005,8,35,0.5669291338582677,0.8,0.5384615384615384
5830,HyboNet,2,256,0.005,8,36,0.5669291338582677,0.8,0.5384615384615384
5831,HyboNet,2,256,0.005,8,37,0.5748031496062992,0.8,0.5769230769230769
5832,HyboNet,2,256,0.005,8,38,0.5669291338582677,0.8,0.5769230769230769
5833,HyboNet,2,256,0.005,8,39,0.5669291338582677,0.8,0.5769230769230769
5834,HyboNet,2,256,0.005,8,4,0.5354330708661418,0.6,0.5769230769230769
5835,HyboNet,2,256,0.005,8,40,0.5669291338582677,0.8,0.5769230769230769
5836,HyboNet,2,256,0.005,8,41,0.5748031496062992,0.8,0.5769230769230769
5837,HyboNet,2,256,0.005,8,42,0.5748031496062992,0.8,0.5769230769230769
5838,HyboNet,2,256,0.005,8,43,0.5748031496062992,0.8,0.5384615384615384
5839,HyboNet,2,256,0.005,8,44,0.5748031496062992,0.8,0.5384615384615384
5840,HyboNet,2,256,0.005,8,45,0.5748031496062992,0.8,0.5384615384615384
5841,HyboNet,2,256,0.005,8,46,0.5748031496062992,0.8333333333333334,0.5384615384615384
5842,HyboNet,2,256,0.005,8,47,0.5748031496062992,0.8333333333333334,0.5384615384615384
5843,HyboNet,2,256,0.005,8,48,0.5669291338582677,0.8333333333333334,0.5384615384615384
5844,HyboNet,2,256,0.005,8,49,0.5511811023622047,0.8333333333333334,0.5384615384615384
5845,HyboNet,2,256,0.005,8,5,0.5354330708661418,0.6,0.5769230769230769
5846,HyboNet,2,256,0.005,8,50,0.5511811023622047,0.8666666666666667,0.5384615384615384
5847,HyboNet,2,256,0.005,8,51,0.5433070866141733,0.8666666666666667,0.5769230769230769
5848,HyboNet,2,256,0.005,8,52,0.5433070866141733,0.8666666666666667,0.5769230769230769
5849,HyboNet,2,256,0.005,8,53,0.5433070866141733,0.8666666666666667,0.5769230769230769
5850,HyboNet,2,256,0.005,8,54,0.5433070866141733,0.8666666666666667,0.5769230769230769
5851,HyboNet,2,256,0.005,8,55,0.5354330708661418,0.9,0.6153846153846154
5852,HyboNet,2,256,0.005,8,56,0.5433070866141733,0.9,0.6538461538461539
5853,HyboNet,2,256,0.005,8,57,0.5433070866141733,0.9,0.6538461538461539
5854,HyboNet,2,256,0.005,8,58,0.5433070866141733,0.9,0.6538461538461539
5855,HyboNet,2,256,0.005,8,59,0.5433070866141733,0.9,0.6153846153846154
5856,HyboNet,2,256,0.005,8,6,0.5354330708661418,0.6,0.5769230769230769
5857,HyboNet,2,256,0.005,8,60,0.5433070866141733,0.9333333333333333,0.6153846153846154
5858,HyboNet,2,256,0.005,8,61,0.5433070866141733,0.9333333333333333,0.6153846153846154
5859,HyboNet,2,256,0.005,8,62,0.5275590551181102,0.9333333333333333,0.5769230769230769
5860,HyboNet,2,256,0.005,8,63,0.5354330708661418,0.9333333333333333,0.5769230769230769
5861,HyboNet,2,256,0.005,8,64,0.5511811023622047,0.9333333333333333,0.5769230769230769
5862,HyboNet,2,256,0.005,8,65,0.5433070866141733,0.9333333333333333,0.5769230769230769
5863,HyboNet,2,256,0.005,8,66,0.5433070866141733,0.9333333333333333,0.5769230769230769
5864,HyboNet,2,256,0.005,8,67,0.5669291338582677,0.9666666666666667,0.5769230769230769
5865,HyboNet,2,256,0.005,8,68,0.5748031496062992,0.9666666666666667,0.5769230769230769
5866,HyboNet,2,256,0.005,8,69,0.5748031496062992,0.9666666666666667,0.5769230769230769
5867,HyboNet,2,256,0.005,8,7,0.5354330708661418,0.6,0.5769230769230769
5868,HyboNet,2,256,0.005,8,70,0.5748031496062992,0.9666666666666667,0.5769230769230769
5869,HyboNet,2,256,0.005,8,71,0.5826771653543307,0.9666666666666667,0.5769230769230769
5870,HyboNet,2,256,0.005,8,72,0.5669291338582677,0.9666666666666667,0.5769230769230769
5871,HyboNet,2,256,0.005,8,73,0.5590551181102362,0.9666666666666667,0.5769230769230769
5872,HyboNet,2,256,0.005,8,74,0.5748031496062992,0.9666666666666667,0.5769230769230769
5873,HyboNet,2,256,0.005,8,75,0.5669291338582677,0.9666666666666667,0.5769230769230769
5874,HyboNet,2,256,0.005,8,76,0.5748031496062992,0.9666666666666667,0.5769230769230769
5875,HyboNet,2,256,0.005,8,77,0.5748031496062992,0.9666666666666667,0.5769230769230769
5876,HyboNet,2,256,0.005,8,78,0.5905511811023622,1.0,0.5769230769230769
5877,HyboNet,2,256,0.005,8,79,0.5905511811023622,1.0,0.5769230769230769
5878,HyboNet,2,256,0.005,8,8,0.5354330708661418,0.6,0.5769230769230769
5879,HyboNet,2,256,0.005,8,80,0.5905511811023622,1.0,0.5769230769230769
5880,HyboNet,2,256,0.005,8,81,0.5826771653543307,1.0,0.5769230769230769
5881,HyboNet,2,256,0.005,8,82,0.5669291338582677,1.0,0.6153846153846154
5882,HyboNet,2,256,0.005,8,83,0.5669291338582677,1.0,0.6153846153846154
5883,HyboNet,2,256,0.005,8,84,0.5590551181102362,1.0,0.6153846153846154
5884,HyboNet,2,256,0.005,8,85,0.5590551181102362,1.0,0.6153846153846154
5885,HyboNet,2,256,0.005,8,86,0.5590551181102362,1.0,0.6153846153846154
5886,HyboNet,2,256,0.005,8,87,0.5590551181102362,0.9666666666666667,0.6153846153846154
5887,HyboNet,2,256,0.005,8,88,0.5590551181102362,0.9666666666666667,0.6153846153846154
5888,HyboNet,2,256,0.005,8,89,0.5590551181102362,0.9666666666666667,0.6153846153846154
5889,HyboNet,2,256,0.005,8,9,0.5354330708661418,0.6,0.5769230769230769
5890,HyboNet,2,256,0.005,8,90,0.5590551181102362,0.9666666666666667,0.6153846153846154
5891,HyboNet,2,256,0.005,8,91,0.5590551181102362,0.9666666666666667,0.6153846153846154
5892,HyboNet,2,256,0.005,8,92,0.5590551181102362,0.9666666666666667,0.6153846153846154
5893,HyboNet,2,256,0.005,8,93,0.5590551181102362,0.9666666666666667,0.6153846153846154
5894,HyboNet,2,256,0.005,8,94,0.5590551181102362,0.9666666666666667,0.6153846153846154
5895,HyboNet,2,256,0.005,8,95,0.5511811023622047,1.0,0.6153846153846154
5896,HyboNet,2,256,0.005,8,96,0.5433070866141733,1.0,0.6153846153846154
5897,HyboNet,2,256,0.005,8,97,0.5433070866141733,1.0,0.6153846153846154
5898,HyboNet,2,256,0.005,8,98,0.5354330708661418,1.0,0.6153846153846154
5899,HyboNet,2,256,0.005,8,99,0.5511811023622047,1.0,0.6153846153846154
5900,HyboNet,2,256,0.005,9,1,0.5354330708661418,0.6,0.5769230769230769
5901,HyboNet,2,256,0.005,9,10,0.5354330708661418,0.6,0.5769230769230769
5902,HyboNet,2,256,0.005,9,100,0.5826771653543307,1.0,0.6153846153846154
5903,HyboNet,2,256,0.005,9,11,0.5354330708661418,0.6,0.5769230769230769
5904,HyboNet,2,256,0.005,9,12,0.5354330708661418,0.6,0.5769230769230769
5905,HyboNet,2,256,0.005,9,13,0.5354330708661418,0.6,0.5769230769230769
5906,HyboNet,2,256,0.005,9,14,0.5354330708661418,0.6,0.5769230769230769
5907,HyboNet,2,256,0.005,9,15,0.5354330708661418,0.6,0.5769230769230769
5908,HyboNet,2,256,0.005,9,16,0.5354330708661418,0.6,0.5769230769230769
5909,HyboNet,2,256,0.005,9,17,0.5354330708661418,0.6,0.5769230769230769
5910,HyboNet,2,256,0.005,9,18,0.5354330708661418,0.6,0.5769230769230769
5911,HyboNet,2,256,0.005,9,19,0.5354330708661418,0.6,0.5769230769230769
5912,HyboNet,2,256,0.005,9,2,0.5354330708661418,0.6,0.5769230769230769
5913,HyboNet,2,256,0.005,9,20,0.5354330708661418,0.6,0.5769230769230769
5914,HyboNet,2,256,0.005,9,21,0.5354330708661418,0.6,0.5769230769230769
5915,HyboNet,2,256,0.005,9,22,0.5354330708661418,0.6,0.5769230769230769
5916,HyboNet,2,256,0.005,9,23,0.5354330708661418,0.6,0.5769230769230769
5917,HyboNet,2,256,0.005,9,24,0.5354330708661418,0.6,0.5769230769230769
5918,HyboNet,2,256,0.005,9,25,0.5354330708661418,0.6,0.5769230769230769
5919,HyboNet,2,256,0.005,9,26,0.5354330708661418,0.6333333333333333,0.5769230769230769
5920,HyboNet,2,256,0.005,9,27,0.5354330708661418,0.6333333333333333,0.5769230769230769
5921,HyboNet,2,256,0.005,9,28,0.5354330708661418,0.6333333333333333,0.5769230769230769
5922,HyboNet,2,256,0.005,9,29,0.5433070866141733,0.6333333333333333,0.5769230769230769
5923,HyboNet,2,256,0.005,9,3,0.5354330708661418,0.6,0.5769230769230769
5924,HyboNet,2,256,0.005,9,30,0.5433070866141733,0.6666666666666666,0.5769230769230769
5925,HyboNet,2,256,0.005,9,31,0.5433070866141733,0.6666666666666666,0.5769230769230769
5926,HyboNet,2,256,0.005,9,32,0.5433070866141733,0.7,0.5769230769230769
5927,HyboNet,2,256,0.005,9,33,0.5433070866141733,0.7333333333333333,0.5769230769230769
5928,HyboNet,2,256,0.005,9,34,0.5511811023622047,0.7333333333333333,0.5769230769230769
5929,HyboNet,2,256,0.005,9,35,0.5511811023622047,0.7333333333333333,0.5384615384615384
5930,HyboNet,2,256,0.005,9,36,0.5433070866141733,0.7333333333333333,0.5384615384615384
5931,HyboNet,2,256,0.005,9,37,0.5433070866141733,0.7333333333333333,0.5384615384615384
5932,HyboNet,2,256,0.005,9,38,0.5511811023622047,0.8,0.5384615384615384
5933,HyboNet,2,256,0.005,9,39,0.5590551181102362,0.8,0.5384615384615384
5934,HyboNet,2,256,0.005,9,4,0.5354330708661418,0.6,0.5769230769230769
5935,HyboNet,2,256,0.005,9,40,0.5590551181102362,0.8,0.5384615384615384
5936,HyboNet,2,256,0.005,9,41,0.5590551181102362,0.8,0.5384615384615384
5937,HyboNet,2,256,0.005,9,42,0.5669291338582677,0.8,0.5384615384615384
5938,HyboNet,2,256,0.005,9,43,0.5748031496062992,0.8,0.5384615384615384
5939,HyboNet,2,256,0.005,9,44,0.5748031496062992,0.8,0.5384615384615384
5940,HyboNet,2,256,0.005,9,45,0.5748031496062992,0.8,0.5384615384615384
5941,HyboNet,2,256,0.005,9,46,0.5669291338582677,0.8,0.5384615384615384
5942,HyboNet,2,256,0.005,9,47,0.5669291338582677,0.8,0.5384615384615384
5943,HyboNet,2,256,0.005,9,48,0.5669291338582677,0.8,0.5384615384615384
5944,HyboNet,2,256,0.005,9,49,0.5669291338582677,0.8,0.5384615384615384
5945,HyboNet,2,256,0.005,9,5,0.5354330708661418,0.6,0.5769230769230769
5946,HyboNet,2,256,0.005,9,50,0.5669291338582677,0.8,0.5384615384615384
5947,HyboNet,2,256,0.005,9,51,0.5669291338582677,0.8,0.5384615384615384
5948,HyboNet,2,256,0.005,9,52,0.5590551181102362,0.8333333333333334,0.5384615384615384
5949,HyboNet,2,256,0.005,9,53,0.5590551181102362,0.8333333333333334,0.5384615384615384
5950,HyboNet,2,256,0.005,9,54,0.5590551181102362,0.8333333333333334,0.5384615384615384
5951,HyboNet,2,256,0.005,9,55,0.5590551181102362,0.8333333333333334,0.5384615384615384
5952,HyboNet,2,256,0.005,9,56,0.5511811023622047,0.8333333333333334,0.5384615384615384
5953,HyboNet,2,256,0.005,9,57,0.5354330708661418,0.8333333333333334,0.5384615384615384
5954,HyboNet,2,256,0.005,9,58,0.5354330708661418,0.9,0.5384615384615384
5955,HyboNet,2,256,0.005,9,59,0.5354330708661418,0.9,0.5769230769230769
5956,HyboNet,2,256,0.005,9,6,0.5354330708661418,0.6,0.5769230769230769
5957,HyboNet,2,256,0.005,9,60,0.5354330708661418,0.9,0.5769230769230769
5958,HyboNet,2,256,0.005,9,61,0.5354330708661418,0.9,0.6153846153846154
5959,HyboNet,2,256,0.005,9,62,0.5354330708661418,0.9,0.6153846153846154
5960,HyboNet,2,256,0.005,9,63,0.5433070866141733,0.9,0.6153846153846154
5961,HyboNet,2,256,0.005,9,64,0.5433070866141733,0.9,0.6153846153846154
5962,HyboNet,2,256,0.005,9,65,0.5275590551181102,0.9,0.6153846153846154
5963,HyboNet,2,256,0.005,9,66,0.5354330708661418,0.9333333333333333,0.6153846153846154
5964,HyboNet,2,256,0.005,9,67,0.5354330708661418,0.9333333333333333,0.6153846153846154
5965,HyboNet,2,256,0.005,9,68,0.5433070866141733,0.9333333333333333,0.6153846153846154
5966,HyboNet,2,256,0.005,9,69,0.5511811023622047,0.9333333333333333,0.6153846153846154
5967,HyboNet,2,256,0.005,9,7,0.5354330708661418,0.6,0.5769230769230769
5968,HyboNet,2,256,0.005,9,70,0.5433070866141733,0.9333333333333333,0.6153846153846154
5969,HyboNet,2,256,0.005,9,71,0.5433070866141733,0.9333333333333333,0.6153846153846154
5970,HyboNet,2,256,0.005,9,72,0.5433070866141733,0.9333333333333333,0.5769230769230769
5971,HyboNet,2,256,0.005,9,73,0.5511811023622047,0.9666666666666667,0.5769230769230769
5972,HyboNet,2,256,0.005,9,74,0.5669291338582677,0.9666666666666667,0.5769230769230769
5973,HyboNet,2,256,0.005,9,75,0.5669291338582677,0.9666666666666667,0.5769230769230769
5974,HyboNet,2,256,0.005,9,76,0.5669291338582677,0.9666666666666667,0.5769230769230769
5975,HyboNet,2,256,0.005,9,77,0.5748031496062992,0.9666666666666667,0.5769230769230769
5976,HyboNet,2,256,0.005,9,78,0.5748031496062992,0.9666666666666667,0.5769230769230769
5977,HyboNet,2,256,0.005,9,79,0.5748031496062992,0.9666666666666667,0.5769230769230769
5978,HyboNet,2,256,0.005,9,8,0.5354330708661418,0.6,0.5769230769230769
5979,HyboNet,2,256,0.005,9,80,0.5826771653543307,0.9666666666666667,0.5769230769230769
5980,HyboNet,2,256,0.005,9,81,0.5826771653543307,0.9666666666666667,0.5769230769230769
5981,HyboNet,2,256,0.005,9,82,0.5826771653543307,0.9666666666666667,0.5769230769230769
5982,HyboNet,2,256,0.005,9,83,0.5748031496062992,0.9666666666666667,0.5769230769230769
5983,HyboNet,2,256,0.005,9,84,0.5748031496062992,0.9666666666666667,0.5769230769230769
5984,HyboNet,2,256,0.005,9,85,0.5826771653543307,0.9666666666666667,0.6153846153846154
5985,HyboNet,2,256,0.005,9,86,0.5826771653543307,0.9666666666666667,0.6538461538461539
5986,HyboNet,2,256,0.005,9,87,0.5905511811023622,1.0,0.6538461538461539
5987,HyboNet,2,256,0.005,9,88,0.5826771653543307,1.0,0.6538461538461539
5988,HyboNet,2,256,0.005,9,89,0.5826771653543307,1.0,0.6538461538461539
5989,HyboNet,2,256,0.005,9,9,0.5354330708661418,0.6,0.5769230769230769
5990,HyboNet,2,256,0.005,9,90,0.5826771653543307,1.0,0.6153846153846154
5991,HyboNet,2,256,0.005,9,91,0.5826771653543307,1.0,0.6153846153846154
5992,HyboNet,2,256,0.005,9,92,0.5826771653543307,1.0,0.6153846153846154
5993,HyboNet,2,256,0.005,9,93,0.5748031496062992,1.0,0.6153846153846154
5994,HyboNet,2,256,0.005,9,94,0.5748031496062992,1.0,0.6153846153846154
5995,HyboNet,2,256,0.005,9,95,0.5748031496062992,1.0,0.6153846153846154
5996,HyboNet,2,256,0.005,9,96,0.5748031496062992,1.0,0.6153846153846154
5997,HyboNet,2,256,0.005,9,97,0.5748031496062992,1.0,0.6153846153846154
5998,HyboNet,2,256,0.005,9,98,0.5748031496062992,1.0,0.6153846153846154
5999,HyboNet,2,256,0.005,9,99,0.5826771653543307,1.0,0.6153846153846154
6000,HyboNet,2,32,0.0002,1,1,0.07874015748031496,0.16666666666666666,0.038461538461538464
6001,HyboNet,2,32,0.0002,1,10,0.3228346456692913,0.4666666666666667,0.38461538461538464
6002,HyboNet,2,32,0.0002,1,100,0.5118110236220472,0.8333333333333334,0.5
6003,HyboNet,2,32,0.0002,1,11,0.33070866141732286,0.5,0.38461538461538464
6004,HyboNet,2,32,0.0002,1,12,0.3464566929133858,0.5,0.38461538461538464
6005,HyboNet,2,32,0.0002,1,13,0.36220472440944884,0.5,0.4230769230769231
6006,HyboNet,2,32,0.0002,1,14,0.3937007874015748,0.5,0.4230769230769231
6007,HyboNet,2,32,0.0002,1,15,0.4015748031496063,0.5,0.46153846153846156
6008,HyboNet,2,32,0.0002,1,16,0.4409448818897638,0.5333333333333333,0.46153846153846156
6009,HyboNet,2,32,0.0002,1,17,0.44881889763779526,0.5333333333333333,0.46153846153846156
6010,HyboNet,2,32,0.0002,1,18,0.4566929133858268,0.5333333333333333,0.5384615384615384
6011,HyboNet,2,32,0.0002,1,19,0.47244094488188976,0.5333333333333333,0.5384615384615384
6012,HyboNet,2,32,0.0002,1,2,0.08661417322834646,0.2,0.038461538461538464
6013,HyboNet,2,32,0.0002,1,20,0.48031496062992124,0.5333333333333333,0.5384615384615384
6014,HyboNet,2,32,0.0002,1,21,0.4881889763779528,0.5333333333333333,0.5384615384615384
6015,HyboNet,2,32,0.0002,1,22,0.49606299212598426,0.5333333333333333,0.5384615384615384
6016,HyboNet,2,32,0.0002,1,23,0.5039370078740157,0.5333333333333333,0.5384615384615384
6017,HyboNet,2,32,0.0002,1,24,0.5039370078740157,0.5333333333333333,0.5384615384615384
6018,HyboNet,2,32,0.0002,1,25,0.5039370078740157,0.5333333333333333,0.5384615384615384
6019,HyboNet,2,32,0.0002,1,26,0.5118110236220472,0.5333333333333333,0.5384615384615384
6020,HyboNet,2,32,0.0002,1,27,0.5118110236220472,0.5333333333333333,0.5384615384615384
6021,HyboNet,2,32,0.0002,1,28,0.5039370078740157,0.5333333333333333,0.5384615384615384
6022,HyboNet,2,32,0.0002,1,29,0.5039370078740157,0.5666666666666667,0.5384615384615384
6023,HyboNet,2,32,0.0002,1,3,0.07874015748031496,0.2,0.07692307692307693
6024,HyboNet,2,32,0.0002,1,30,0.5039370078740157,0.5666666666666667,0.5384615384615384
6025,HyboNet,2,32,0.0002,1,31,0.49606299212598426,0.5666666666666667,0.5384615384615384
6026,HyboNet,2,32,0.0002,1,32,0.49606299212598426,0.5666666666666667,0.5384615384615384
6027,HyboNet,2,32,0.0002,1,33,0.49606299212598426,0.5666666666666667,0.5384615384615384
6028,HyboNet,2,32,0.0002,1,34,0.49606299212598426,0.5666666666666667,0.5384615384615384
6029,HyboNet,2,32,0.0002,1,35,0.49606299212598426,0.5666666666666667,0.5384615384615384
6030,HyboNet,2,32,0.0002,1,36,0.49606299212598426,0.5666666666666667,0.5384615384615384
6031,HyboNet,2,32,0.0002,1,37,0.49606299212598426,0.5666666666666667,0.5384615384615384
6032,HyboNet,2,32,0.0002,1,38,0.49606299212598426,0.5666666666666667,0.5384615384615384
6033,HyboNet,2,32,0.0002,1,39,0.49606299212598426,0.5666666666666667,0.5384615384615384
6034,HyboNet,2,32,0.0002,1,4,0.11023622047244094,0.23333333333333334,0.07692307692307693
6035,HyboNet,2,32,0.0002,1,40,0.49606299212598426,0.6,0.5384615384615384
6036,HyboNet,2,32,0.0002,1,41,0.49606299212598426,0.6,0.5384615384615384
6037,HyboNet,2,32,0.0002,1,42,0.49606299212598426,0.6,0.5384615384615384
6038,HyboNet,2,32,0.0002,1,43,0.49606299212598426,0.6,0.5384615384615384
6039,HyboNet,2,32,0.0002,1,44,0.49606299212598426,0.6,0.5384615384615384
6040,HyboNet,2,32,0.0002,1,45,0.49606299212598426,0.6333333333333333,0.5384615384615384
6041,HyboNet,2,32,0.0002,1,46,0.49606299212598426,0.6333333333333333,0.5769230769230769
6042,HyboNet,2,32,0.0002,1,47,0.5039370078740157,0.6333333333333333,0.5769230769230769
6043,HyboNet,2,32,0.0002,1,48,0.5039370078740157,0.6333333333333333,0.5769230769230769
6044,HyboNet,2,32,0.0002,1,49,0.5039370078740157,0.6333333333333333,0.5769230769230769
6045,HyboNet,2,32,0.0002,1,5,0.11811023622047244,0.26666666666666666,0.07692307692307693
6046,HyboNet,2,32,0.0002,1,50,0.5118110236220472,0.6333333333333333,0.5769230769230769
6047,HyboNet,2,32,0.0002,1,51,0.5118110236220472,0.6333333333333333,0.5769230769230769
6048,HyboNet,2,32,0.0002,1,52,0.5118110236220472,0.6333333333333333,0.5384615384615384
6049,HyboNet,2,32,0.0002,1,53,0.5196850393700787,0.6666666666666666,0.5384615384615384
6050,HyboNet,2,32,0.0002,1,54,0.5196850393700787,0.6666666666666666,0.5384615384615384
6051,HyboNet,2,32,0.0002,1,55,0.5118110236220472,0.6666666666666666,0.5384615384615384
6052,HyboNet,2,32,0.0002,1,56,0.5118110236220472,0.6666666666666666,0.5384615384615384
6053,HyboNet,2,32,0.0002,1,57,0.5118110236220472,0.6666666666666666,0.5384615384615384
6054,HyboNet,2,32,0.0002,1,58,0.5118110236220472,0.6666666666666666,0.5384615384615384
6055,HyboNet,2,32,0.0002,1,59,0.5118110236220472,0.6666666666666666,0.5384615384615384
6056,HyboNet,2,32,0.0002,1,6,0.1968503937007874,0.36666666666666664,0.11538461538461539
6057,HyboNet,2,32,0.0002,1,60,0.5118110236220472,0.7,0.5384615384615384
6058,HyboNet,2,32,0.0002,1,61,0.5118110236220472,0.7,0.5384615384615384
6059,HyboNet,2,32,0.0002,1,62,0.5118110236220472,0.7,0.5384615384615384
6060,HyboNet,2,32,0.0002,1,63,0.5118110236220472,0.7,0.5384615384615384
6061,HyboNet,2,32,0.0002,1,64,0.5118110236220472,0.7,0.5384615384615384
6062,HyboNet,2,32,0.0002,1,65,0.5118110236220472,0.7,0.5384615384615384
6063,HyboNet,2,32,0.0002,1,66,0.5118110236220472,0.7,0.5384615384615384
6064,HyboNet,2,32,0.0002,1,67,0.5196850393700787,0.7,0.5384615384615384
6065,HyboNet,2,32,0.0002,1,68,0.5196850393700787,0.7,0.5384615384615384
6066,HyboNet,2,32,0.0002,1,69,0.5196850393700787,0.7,0.5384615384615384
6067,HyboNet,2,32,0.0002,1,7,0.2047244094488189,0.4,0.19230769230769232
6068,HyboNet,2,32,0.0002,1,70,0.5196850393700787,0.7,0.5384615384615384
6069,HyboNet,2,32,0.0002,1,71,0.5196850393700787,0.7,0.5384615384615384
6070,HyboNet,2,32,0.0002,1,72,0.5196850393700787,0.7,0.5384615384615384
6071,HyboNet,2,32,0.0002,1,73,0.5196850393700787,0.7,0.5384615384615384
6072,HyboNet,2,32,0.0002,1,74,0.5196850393700787,0.7333333333333333,0.5384615384615384
6073,HyboNet,2,32,0.0002,1,75,0.5196850393700787,0.7333333333333333,0.5384615384615384
6074,HyboNet,2,32,0.0002,1,76,0.5196850393700787,0.7333333333333333,0.5384615384615384
6075,HyboNet,2,32,0.0002,1,77,0.5118110236220472,0.7666666666666667,0.5384615384615384
6076,HyboNet,2,32,0.0002,1,78,0.5118110236220472,0.7666666666666667,0.5384615384615384
6077,HyboNet,2,32,0.0002,1,79,0.5118110236220472,0.7666666666666667,0.5384615384615384
6078,HyboNet,2,32,0.0002,1,8,0.2440944881889764,0.36666666666666664,0.2692307692307692
6079,HyboNet,2,32,0.0002,1,80,0.5118110236220472,0.7666666666666667,0.5384615384615384
6080,HyboNet,2,32,0.0002,1,81,0.5118110236220472,0.8,0.5384615384615384
6081,HyboNet,2,32,0.0002,1,82,0.5196850393700787,0.8,0.5384615384615384
6082,HyboNet,2,32,0.0002,1,83,0.5196850393700787,0.8,0.5384615384615384
6083,HyboNet,2,32,0.0002,1,84,0.5196850393700787,0.8,0.5384615384615384
6084,HyboNet,2,32,0.0002,1,85,0.5196850393700787,0.8,0.5384615384615384
6085,HyboNet,2,32,0.0002,1,86,0.5196850393700787,0.8,0.5384615384615384
6086,HyboNet,2,32,0.0002,1,87,0.5196850393700787,0.8,0.5384615384615384
6087,HyboNet,2,32,0.0002,1,88,0.5196850393700787,0.8,0.5384615384615384
6088,HyboNet,2,32,0.0002,1,89,0.5196850393700787,0.8,0.5384615384615384
6089,HyboNet,2,32,0.0002,1,9,0.2677165354330709,0.36666666666666664,0.34615384615384615
6090,HyboNet,2,32,0.0002,1,90,0.5196850393700787,0.8,0.5384615384615384
6091,HyboNet,2,32,0.0002,1,91,0.5196850393700787,0.8,0.5384615384615384
6092,HyboNet,2,32,0.0002,1,92,0.5275590551181102,0.8,0.5384615384615384
6093,HyboNet,2,32,0.0002,1,93,0.5196850393700787,0.8,0.5384615384615384
6094,HyboNet,2,32,0.0002,1,94,0.5196850393700787,0.8,0.5384615384615384
6095,HyboNet,2,32,0.0002,1,95,0.5275590551181102,0.8,0.5384615384615384
6096,HyboNet,2,32,0.0002,1,96,0.5275590551181102,0.8,0.5384615384615384
6097,HyboNet,2,32,0.0002,1,97,0.5275590551181102,0.8,0.5384615384615384
6098,HyboNet,2,32,0.0002,1,98,0.5196850393700787,0.8,0.5384615384615384
6099,HyboNet,2,32,0.0002,1,99,0.5196850393700787,0.8,0.5384615384615384
6100,HyboNet,2,32,0.0002,10,1,0.1732283464566929,0.03333333333333333,0.11538461538461539
6101,HyboNet,2,32,0.0002,10,10,0.3700787401574803,0.4666666666666667,0.5384615384615384
6102,HyboNet,2,32,0.0002,10,100,0.3937007874015748,0.8333333333333334,0.5384615384615384
6103,HyboNet,2,32,0.0002,10,11,0.4015748031496063,0.4666666666666667,0.5384615384615384
6104,HyboNet,2,32,0.0002,10,12,0.41732283464566927,0.4666666666666667,0.5769230769230769
6105,HyboNet,2,32,0.0002,10,13,0.4251968503937008,0.4666666666666667,0.5384615384615384
6106,HyboNet,2,32,0.0002,10,14,0.4409448818897638,0.5,0.5384615384615384
6107,HyboNet,2,32,0.0002,10,15,0.4566929133858268,0.5,0.5384615384615384
6108,HyboNet,2,32,0.0002,10,16,0.4566929133858268,0.5333333333333333,0.5384615384615384
6109,HyboNet,2,32,0.0002,10,17,0.48031496062992124,0.5333333333333333,0.5384615384615384
6110,HyboNet,2,32,0.0002,10,18,0.48031496062992124,0.5666666666666667,0.5384615384615384
6111,HyboNet,2,32,0.0002,10,19,0.48031496062992124,0.6,0.5384615384615384
6112,HyboNet,2,32,0.0002,10,2,0.1889763779527559,0.06666666666666667,0.11538461538461539
6113,HyboNet,2,32,0.0002,10,20,0.48031496062992124,0.6,0.5384615384615384
6114,HyboNet,2,32,0.0002,10,21,0.48031496062992124,0.6,0.5384615384615384
6115,HyboNet,2,32,0.0002,10,22,0.48031496062992124,0.6,0.5769230769230769
6116,HyboNet,2,32,0.0002,10,23,0.48031496062992124,0.6,0.5769230769230769
6117,HyboNet,2,32,0.0002,10,24,0.48031496062992124,0.6,0.5769230769230769
6118,HyboNet,2,32,0.0002,10,25,0.48031496062992124,0.6,0.5769230769230769
6119,HyboNet,2,32,0.0002,10,26,0.48031496062992124,0.6,0.5769230769230769
6120,HyboNet,2,32,0.0002,10,27,0.48031496062992124,0.6,0.5769230769230769
6121,HyboNet,2,32,0.0002,10,28,0.48031496062992124,0.6,0.5769230769230769
6122,HyboNet,2,32,0.0002,10,29,0.47244094488188976,0.6,0.5769230769230769
6123,HyboNet,2,32,0.0002,10,3,0.1968503937007874,0.13333333333333333,0.11538461538461539
6124,HyboNet,2,32,0.0002,10,30,0.47244094488188976,0.6,0.5384615384615384
6125,HyboNet,2,32,0.0002,10,31,0.4645669291338583,0.6,0.5384615384615384
6126,HyboNet,2,32,0.0002,10,32,0.4566929133858268,0.6,0.5384615384615384
6127,HyboNet,2,32,0.0002,10,33,0.4566929133858268,0.6,0.5384615384615384
6128,HyboNet,2,32,0.0002,10,34,0.44881889763779526,0.6,0.5384615384615384
6129,HyboNet,2,32,0.0002,10,35,0.44881889763779526,0.6,0.5384615384615384
6130,HyboNet,2,32,0.0002,10,36,0.44881889763779526,0.6,0.5384615384615384
6131,HyboNet,2,32,0.0002,10,37,0.4409448818897638,0.6,0.5384615384615384
6132,HyboNet,2,32,0.0002,10,38,0.4409448818897638,0.6,0.5384615384615384
6133,HyboNet,2,32,0.0002,10,39,0.4409448818897638,0.6,0.5384615384615384
6134,HyboNet,2,32,0.0002,10,4,0.2125984251968504,0.2,0.11538461538461539
6135,HyboNet,2,32,0.0002,10,40,0.4330708661417323,0.6,0.5384615384615384
6136,HyboNet,2,32,0.0002,10,41,0.4251968503937008,0.6,0.5384615384615384
6137,HyboNet,2,32,0.0002,10,42,0.4330708661417323,0.6,0.5384615384615384
6138,HyboNet,2,32,0.0002,10,43,0.44881889763779526,0.6,0.5384615384615384
6139,HyboNet,2,32,0.0002,10,44,0.4409448818897638,0.6,0.5384615384615384
6140,HyboNet,2,32,0.0002,10,45,0.4409448818897638,0.6,0.5384615384615384
6141,HyboNet,2,32,0.0002,10,46,0.4409448818897638,0.6,0.5384615384615384
6142,HyboNet,2,32,0.0002,10,47,0.4409448818897638,0.6,0.5384615384615384
6143,HyboNet,2,32,0.0002,10,48,0.4409448818897638,0.6333333333333333,0.5384615384615384
6144,HyboNet,2,32,0.0002,10,49,0.4409448818897638,0.6333333333333333,0.5384615384615384
6145,HyboNet,2,32,0.0002,10,5,0.25196850393700787,0.2,0.15384615384615385
6146,HyboNet,2,32,0.0002,10,50,0.4409448818897638,0.6666666666666666,0.5384615384615384
6147,HyboNet,2,32,0.0002,10,51,0.4330708661417323,0.6666666666666666,0.5384615384615384
6148,HyboNet,2,32,0.0002,10,52,0.4330708661417323,0.6666666666666666,0.5384615384615384
6149,HyboNet,2,32,0.0002,10,53,0.4330708661417323,0.6666666666666666,0.5384615384615384
6150,HyboNet,2,32,0.0002,10,54,0.4330708661417323,0.6666666666666666,0.5384615384615384
6151,HyboNet,2,32,0.0002,10,55,0.4330708661417323,0.7,0.5384615384615384
6152,HyboNet,2,32,0.0002,10,56,0.4330708661417323,0.7,0.5384615384615384
6153,HyboNet,2,32,0.0002,10,57,0.4330708661417323,0.7333333333333333,0.5384615384615384
6154,HyboNet,2,32,0.0002,10,58,0.4330708661417323,0.7333333333333333,0.5384615384615384
6155,HyboNet,2,32,0.0002,10,59,0.4330708661417323,0.7666666666666667,0.5384615384615384
6156,HyboNet,2,32,0.0002,10,6,0.30708661417322836,0.23333333333333334,0.19230769230769232
6157,HyboNet,2,32,0.0002,10,60,0.4330708661417323,0.7666666666666667,0.5384615384615384
6158,HyboNet,2,32,0.0002,10,61,0.4330708661417323,0.8,0.5384615384615384
6159,HyboNet,2,32,0.0002,10,62,0.4409448818897638,0.8,0.5384615384615384
6160,HyboNet,2,32,0.0002,10,63,0.4409448818897638,0.8,0.5384615384615384
6161,HyboNet,2,32,0.0002,10,64,0.44881889763779526,0.8,0.5384615384615384
6162,HyboNet,2,32,0.0002,10,65,0.44881889763779526,0.8,0.5384615384615384
6163,HyboNet,2,32,0.0002,10,66,0.44881889763779526,0.8,0.5384615384615384
6164,HyboNet,2,32,0.0002,10,67,0.4409448818897638,0.8,0.5384615384615384
6165,HyboNet,2,32,0.0002,10,68,0.4409448818897638,0.8,0.5769230769230769
6166,HyboNet,2,32,0.0002,10,69,0.4251968503937008,0.8,0.5769230769230769
6167,HyboNet,2,32,0.0002,10,7,0.3464566929133858,0.4,0.34615384615384615
6168,HyboNet,2,32,0.0002,10,70,0.4251968503937008,0.8,0.5769230769230769
6169,HyboNet,2,32,0.0002,10,71,0.4251968503937008,0.8,0.5769230769230769
6170,HyboNet,2,32,0.0002,10,72,0.4251968503937008,0.8,0.5769230769230769
6171,HyboNet,2,32,0.0002,10,73,0.4251968503937008,0.8,0.5769230769230769
6172,HyboNet,2,32,0.0002,10,74,0.4251968503937008,0.8,0.5769230769230769
6173,HyboNet,2,32,0.0002,10,75,0.4251968503937008,0.8,0.5769230769230769
6174,HyboNet,2,32,0.0002,10,76,0.4251968503937008,0.8,0.5769230769230769
6175,HyboNet,2,32,0.0002,10,77,0.41732283464566927,0.8,0.5769230769230769
6176,HyboNet,2,32,0.0002,10,78,0.4094488188976378,0.8,0.5769230769230769
6177,HyboNet,2,32,0.0002,10,79,0.4094488188976378,0.8333333333333334,0.6153846153846154
6178,HyboNet,2,32,0.0002,10,8,0.3228346456692913,0.43333333333333335,0.34615384615384615
6179,HyboNet,2,32,0.0002,10,80,0.4094488188976378,0.8333333333333334,0.6153846153846154
6180,HyboNet,2,32,0.0002,10,81,0.41732283464566927,0.8333333333333334,0.6153846153846154
6181,HyboNet,2,32,0.0002,10,82,0.4094488188976378,0.8333333333333334,0.6153846153846154
6182,HyboNet,2,32,0.0002,10,83,0.4094488188976378,0.8333333333333334,0.6153846153846154
6183,HyboNet,2,32,0.0002,10,84,0.4094488188976378,0.8333333333333334,0.6153846153846154
6184,HyboNet,2,32,0.0002,10,85,0.4094488188976378,0.8333333333333334,0.6153846153846154
6185,HyboNet,2,32,0.0002,10,86,0.4094488188976378,0.8333333333333334,0.5769230769230769
6186,HyboNet,2,32,0.0002,10,87,0.4015748031496063,0.8333333333333334,0.5769230769230769
6187,HyboNet,2,32,0.0002,10,88,0.3937007874015748,0.8333333333333334,0.5769230769230769
6188,HyboNet,2,32,0.0002,10,89,0.3937007874015748,0.8333333333333334,0.5769230769230769
6189,HyboNet,2,32,0.0002,10,9,0.3464566929133858,0.4666666666666667,0.46153846153846156
6190,HyboNet,2,32,0.0002,10,90,0.3937007874015748,0.8333333333333334,0.5769230769230769
6191,HyboNet,2,32,0.0002,10,91,0.3937007874015748,0.8333333333333334,0.5769230769230769
6192,HyboNet,2,32,0.0002,10,92,0.3937007874015748,0.8333333333333334,0.5769230769230769
6193,HyboNet,2,32,0.0002,10,93,0.3937007874015748,0.8333333333333334,0.5769230769230769
6194,HyboNet,2,32,0.0002,10,94,0.3937007874015748,0.8333333333333334,0.5769230769230769
6195,HyboNet,2,32,0.0002,10,95,0.3937007874015748,0.8333333333333334,0.5769230769230769
6196,HyboNet,2,32,0.0002,10,96,0.3937007874015748,0.8333333333333334,0.5769230769230769
6197,HyboNet,2,32,0.0002,10,97,0.3937007874015748,0.8333333333333334,0.5769230769230769
6198,HyboNet,2,32,0.0002,10,98,0.3937007874015748,0.8333333333333334,0.5769230769230769
6199,HyboNet,2,32,0.0002,10,99,0.3937007874015748,0.8333333333333334,0.5769230769230769
6200,HyboNet,2,32,0.0002,2,1,0.25196850393700787,0.13333333333333333,0.34615384615384615
6201,HyboNet,2,32,0.0002,2,10,0.5039370078740157,0.6,0.6153846153846154
6202,HyboNet,2,32,0.0002,2,100,0.5039370078740157,0.8,0.6153846153846154
6203,HyboNet,2,32,0.0002,2,11,0.5118110236220472,0.6,0.6153846153846154
6204,HyboNet,2,32,0.0002,2,12,0.5196850393700787,0.6,0.6153846153846154
6205,HyboNet,2,32,0.0002,2,13,0.5196850393700787,0.6,0.6153846153846154
6206,HyboNet,2,32,0.0002,2,14,0.5196850393700787,0.6,0.5769230769230769
6207,HyboNet,2,32,0.0002,2,15,0.5275590551181102,0.6,0.5769230769230769
6208,HyboNet,2,32,0.0002,2,16,0.5275590551181102,0.6,0.5769230769230769
6209,HyboNet,2,32,0.0002,2,17,0.5275590551181102,0.6,0.5769230769230769
6210,HyboNet,2,32,0.0002,2,18,0.5275590551181102,0.6,0.5769230769230769
6211,HyboNet,2,32,0.0002,2,19,0.5196850393700787,0.6,0.5769230769230769
6212,HyboNet,2,32,0.0002,2,2,0.30708661417322836,0.2,0.34615384615384615
6213,HyboNet,2,32,0.0002,2,20,0.5196850393700787,0.6,0.5769230769230769
6214,HyboNet,2,32,0.0002,2,21,0.5196850393700787,0.6,0.5769230769230769
6215,HyboNet,2,32,0.0002,2,22,0.5196850393700787,0.6,0.5769230769230769
6216,HyboNet,2,32,0.0002,2,23,0.5196850393700787,0.6,0.5769230769230769
6217,HyboNet,2,32,0.0002,2,24,0.5196850393700787,0.6333333333333333,0.5769230769230769
6218,HyboNet,2,32,0.0002,2,25,0.5275590551181102,0.6333333333333333,0.5769230769230769
6219,HyboNet,2,32,0.0002,2,26,0.5196850393700787,0.6333333333333333,0.5769230769230769
6220,HyboNet,2,32,0.0002,2,27,0.5196850393700787,0.6333333333333333,0.5769230769230769
6221,HyboNet,2,32,0.0002,2,28,0.5196850393700787,0.6333333333333333,0.5769230769230769
6222,HyboNet,2,32,0.0002,2,29,0.5196850393700787,0.6333333333333333,0.5769230769230769
6223,HyboNet,2,32,0.0002,2,3,0.33070866141732286,0.3333333333333333,0.38461538461538464
6224,HyboNet,2,32,0.0002,2,30,0.5118110236220472,0.6333333333333333,0.6153846153846154
6225,HyboNet,2,32,0.0002,2,31,0.49606299212598426,0.6333333333333333,0.6153846153846154
6226,HyboNet,2,32,0.0002,2,32,0.5039370078740157,0.6333333333333333,0.6153846153846154
6227,HyboNet,2,32,0.0002,2,33,0.5039370078740157,0.6333333333333333,0.5769230769230769
6228,HyboNet,2,32,0.0002,2,34,0.5039370078740157,0.6333333333333333,0.5769230769230769
6229,HyboNet,2,32,0.0002,2,35,0.5039370078740157,0.6333333333333333,0.6153846153846154
6230,HyboNet,2,32,0.0002,2,36,0.5039370078740157,0.6333333333333333,0.6153846153846154
6231,HyboNet,2,32,0.0002,2,37,0.5039370078740157,0.6333333333333333,0.6153846153846154
6232,HyboNet,2,32,0.0002,2,38,0.5196850393700787,0.6333333333333333,0.6153846153846154
6233,HyboNet,2,32,0.0002,2,39,0.5275590551181102,0.6333333333333333,0.6153846153846154
6234,HyboNet,2,32,0.0002,2,4,0.36220472440944884,0.4,0.4230769230769231
6235,HyboNet,2,32,0.0002,2,40,0.5275590551181102,0.6333333333333333,0.6153846153846154
6236,HyboNet,2,32,0.0002,2,41,0.5275590551181102,0.6333333333333333,0.6153846153846154
6237,HyboNet,2,32,0.0002,2,42,0.5275590551181102,0.6333333333333333,0.6153846153846154
6238,HyboNet,2,32,0.0002,2,43,0.5275590551181102,0.6333333333333333,0.6153846153846154
6239,HyboNet,2,32,0.0002,2,44,0.5275590551181102,0.6333333333333333,0.6153846153846154
6240,HyboNet,2,32,0.0002,2,45,0.5354330708661418,0.6333333333333333,0.6153846153846154
6241,HyboNet,2,32,0.0002,2,46,0.5354330708661418,0.6333333333333333,0.6153846153846154
6242,HyboNet,2,32,0.0002,2,47,0.5354330708661418,0.7,0.6153846153846154
6243,HyboNet,2,32,0.0002,2,48,0.5354330708661418,0.7333333333333333,0.6153846153846154
6244,HyboNet,2,32,0.0002,2,49,0.5275590551181102,0.7333333333333333,0.6153846153846154
6245,HyboNet,2,32,0.0002,2,5,0.3937007874015748,0.4,0.46153846153846156
6246,HyboNet,2,32,0.0002,2,50,0.5196850393700787,0.7333333333333333,0.6153846153846154
6247,HyboNet,2,32,0.0002,2,51,0.5118110236220472,0.7333333333333333,0.6153846153846154
6248,HyboNet,2,32,0.0002,2,52,0.5039370078740157,0.7333333333333333,0.6153846153846154
6249,HyboNet,2,32,0.0002,2,53,0.5039370078740157,0.7333333333333333,0.6153846153846154
6250,HyboNet,2,32,0.0002,2,54,0.5039370078740157,0.7333333333333333,0.6153846153846154
6251,HyboNet,2,32,0.0002,2,55,0.49606299212598426,0.7333333333333333,0.6153846153846154
6252,HyboNet,2,32,0.0002,2,56,0.5039370078740157,0.7333333333333333,0.6153846153846154
6253,HyboNet,2,32,0.0002,2,57,0.5039370078740157,0.7333333333333333,0.6153846153846154
6254,HyboNet,2,32,0.0002,2,58,0.5039370078740157,0.7333333333333333,0.6153846153846154
6255,HyboNet,2,32,0.0002,2,59,0.49606299212598426,0.7333333333333333,0.6153846153846154
6256,HyboNet,2,32,0.0002,2,6,0.4330708661417323,0.43333333333333335,0.5
6257,HyboNet,2,32,0.0002,2,60,0.49606299212598426,0.7333333333333333,0.6153846153846154
6258,HyboNet,2,32,0.0002,2,61,0.49606299212598426,0.7333333333333333,0.6153846153846154
6259,HyboNet,2,32,0.0002,2,62,0.49606299212598426,0.7333333333333333,0.6153846153846154
6260,HyboNet,2,32,0.0002,2,63,0.5039370078740157,0.7333333333333333,0.6153846153846154
6261,HyboNet,2,32,0.0002,2,64,0.5039370078740157,0.7333333333333333,0.6153846153846154
6262,HyboNet,2,32,0.0002,2,65,0.5039370078740157,0.7333333333333333,0.6153846153846154
6263,HyboNet,2,32,0.0002,2,66,0.5039370078740157,0.7333333333333333,0.5769230769230769
6264,HyboNet,2,32,0.0002,2,67,0.5039370078740157,0.7333333333333333,0.5769230769230769
6265,HyboNet,2,32,0.0002,2,68,0.5118110236220472,0.7333333333333333,0.5769230769230769
6266,HyboNet,2,32,0.0002,2,69,0.5118110236220472,0.7666666666666667,0.5769230769230769
6267,HyboNet,2,32,0.0002,2,7,0.4566929133858268,0.5,0.6153846153846154
6268,HyboNet,2,32,0.0002,2,70,0.5196850393700787,0.7666666666666667,0.6153846153846154
6269,HyboNet,2,32,0.0002,2,71,0.5196850393700787,0.7666666666666667,0.5769230769230769
6270,HyboNet,2,32,0.0002,2,72,0.5196850393700787,0.7666666666666667,0.5769230769230769
6271,HyboNet,2,32,0.0002,2,73,0.5196850393700787,0.7666666666666667,0.5769230769230769
6272,HyboNet,2,32,0.0002,2,74,0.5196850393700787,0.7666666666666667,0.5769230769230769
6273,HyboNet,2,32,0.0002,2,75,0.5196850393700787,0.7666666666666667,0.5769230769230769
6274,HyboNet,2,32,0.0002,2,76,0.5196850393700787,0.7666666666666667,0.5769230769230769
6275,HyboNet,2,32,0.0002,2,77,0.5196850393700787,0.7666666666666667,0.5769230769230769
6276,HyboNet,2,32,0.0002,2,78,0.5196850393700787,0.7666666666666667,0.5769230769230769
6277,HyboNet,2,32,0.0002,2,79,0.5196850393700787,0.7666666666666667,0.5769230769230769
6278,HyboNet,2,32,0.0002,2,8,0.48031496062992124,0.5666666666666667,0.6153846153846154
6279,HyboNet,2,32,0.0002,2,80,0.5196850393700787,0.7666666666666667,0.5769230769230769
6280,HyboNet,2,32,0.0002,2,81,0.5196850393700787,0.7666666666666667,0.5769230769230769
6281,HyboNet,2,32,0.0002,2,82,0.5196850393700787,0.7666666666666667,0.5769230769230769
6282,HyboNet,2,32,0.0002,2,83,0.5196850393700787,0.7666666666666667,0.5769230769230769
6283,HyboNet,2,32,0.0002,2,84,0.5118110236220472,0.7666666666666667,0.5769230769230769
6284,HyboNet,2,32,0.0002,2,85,0.5196850393700787,0.7666666666666667,0.5769230769230769
6285,HyboNet,2,32,0.0002,2,86,0.5196850393700787,0.7666666666666667,0.5769230769230769
6286,HyboNet,2,32,0.0002,2,87,0.5196850393700787,0.7666666666666667,0.5769230769230769
6287,HyboNet,2,32,0.0002,2,88,0.5118110236220472,0.7666666666666667,0.5769230769230769
6288,HyboNet,2,32,0.0002,2,89,0.5118110236220472,0.7666666666666667,0.5384615384615384
6289,HyboNet,2,32,0.0002,2,9,0.4881889763779528,0.5666666666666667,0.6153846153846154
6290,HyboNet,2,32,0.0002,2,90,0.5118110236220472,0.7666666666666667,0.5769230769230769
6291,HyboNet,2,32,0.0002,2,91,0.5118110236220472,0.8,0.5769230769230769
6292,HyboNet,2,32,0.0002,2,92,0.5118110236220472,0.8,0.5769230769230769
6293,HyboNet,2,32,0.0002,2,93,0.5196850393700787,0.8,0.5769230769230769
6294,HyboNet,2,32,0.0002,2,94,0.5196850393700787,0.8,0.6153846153846154
6295,HyboNet,2,32,0.0002,2,95,0.5196850393700787,0.8,0.5769230769230769
6296,HyboNet,2,32,0.0002,2,96,0.5118110236220472,0.8,0.6153846153846154
6297,HyboNet,2,32,0.0002,2,97,0.5039370078740157,0.8,0.6153846153846154
6298,HyboNet,2,32,0.0002,2,98,0.5039370078740157,0.8,0.6153846153846154
6299,HyboNet,2,32,0.0002,2,99,0.5039370078740157,0.8,0.6153846153846154
6300,HyboNet,2,32,0.0002,3,1,0.1732283464566929,0.43333333333333335,0.46153846153846156
6301,HyboNet,2,32,0.0002,3,10,0.41732283464566927,0.6333333333333333,0.5769230769230769
6302,HyboNet,2,32,0.0002,3,100,0.3937007874015748,0.8666666666666667,0.6538461538461539
6303,HyboNet,2,32,0.0002,3,11,0.4251968503937008,0.6333333333333333,0.5769230769230769
6304,HyboNet,2,32,0.0002,3,12,0.4251968503937008,0.6333333333333333,0.5769230769230769
6305,HyboNet,2,32,0.0002,3,13,0.4330708661417323,0.6333333333333333,0.5769230769230769
6306,HyboNet,2,32,0.0002,3,14,0.4330708661417323,0.6333333333333333,0.5769230769230769
6307,HyboNet,2,32,0.0002,3,15,0.4251968503937008,0.6333333333333333,0.5769230769230769
6308,HyboNet,2,32,0.0002,3,16,0.41732283464566927,0.6333333333333333,0.5769230769230769
6309,HyboNet,2,32,0.0002,3,17,0.41732283464566927,0.6333333333333333,0.5769230769230769
6310,HyboNet,2,32,0.0002,3,18,0.41732283464566927,0.6333333333333333,0.5769230769230769
6311,HyboNet,2,32,0.0002,3,19,0.41732283464566927,0.6333333333333333,0.5769230769230769
6312,HyboNet,2,32,0.0002,3,2,0.2283464566929134,0.4666666666666667,0.4230769230769231
6313,HyboNet,2,32,0.0002,3,20,0.4251968503937008,0.6333333333333333,0.5769230769230769
6314,HyboNet,2,32,0.0002,3,21,0.41732283464566927,0.6333333333333333,0.5769230769230769
6315,HyboNet,2,32,0.0002,3,22,0.41732283464566927,0.6333333333333333,0.6153846153846154
6316,HyboNet,2,32,0.0002,3,23,0.4251968503937008,0.6333333333333333,0.6538461538461539
6317,HyboNet,2,32,0.0002,3,24,0.4330708661417323,0.6333333333333333,0.6538461538461539
6318,HyboNet,2,32,0.0002,3,25,0.4330708661417323,0.6333333333333333,0.6538461538461539
6319,HyboNet,2,32,0.0002,3,26,0.4330708661417323,0.7,0.6538461538461539
6320,HyboNet,2,32,0.0002,3,27,0.4330708661417323,0.7,0.6538461538461539
6321,HyboNet,2,32,0.0002,3,28,0.44881889763779526,0.7666666666666667,0.6538461538461539
6322,HyboNet,2,32,0.0002,3,29,0.44881889763779526,0.7666666666666667,0.6538461538461539
6323,HyboNet,2,32,0.0002,3,3,0.29133858267716534,0.5,0.46153846153846156
6324,HyboNet,2,32,0.0002,3,30,0.44881889763779526,0.7666666666666667,0.6538461538461539
6325,HyboNet,2,32,0.0002,3,31,0.44881889763779526,0.7666666666666667,0.6538461538461539
6326,HyboNet,2,32,0.0002,3,32,0.44881889763779526,0.7666666666666667,0.6538461538461539
6327,HyboNet,2,32,0.0002,3,33,0.4409448818897638,0.7666666666666667,0.6538461538461539
6328,HyboNet,2,32,0.0002,3,34,0.4409448818897638,0.7666666666666667,0.6538461538461539
6329,HyboNet,2,32,0.0002,3,35,0.4409448818897638,0.7666666666666667,0.6538461538461539
6330,HyboNet,2,32,0.0002,3,36,0.4409448818897638,0.7666666666666667,0.6538461538461539
6331,HyboNet,2,32,0.0002,3,37,0.4409448818897638,0.8,0.6538461538461539
6332,HyboNet,2,32,0.0002,3,38,0.4409448818897638,0.8,0.6923076923076923
6333,HyboNet,2,32,0.0002,3,39,0.4409448818897638,0.8,0.6923076923076923
6334,HyboNet,2,32,0.0002,3,4,0.30708661417322836,0.6,0.5384615384615384
6335,HyboNet,2,32,0.0002,3,40,0.4409448818897638,0.8,0.6923076923076923
6336,HyboNet,2,32,0.0002,3,41,0.4409448818897638,0.8,0.6923076923076923
6337,HyboNet,2,32,0.0002,3,42,0.4409448818897638,0.8,0.6923076923076923
6338,HyboNet,2,32,0.0002,3,43,0.4409448818897638,0.8,0.6923076923076923
6339,HyboNet,2,32,0.0002,3,44,0.4330708661417323,0.8,0.6923076923076923
6340,HyboNet,2,32,0.0002,3,45,0.4330708661417323,0.8,0.6923076923076923
6341,HyboNet,2,32,0.0002,3,46,0.4330708661417323,0.8,0.6923076923076923
6342,HyboNet,2,32,0.0002,3,47,0.4409448818897638,0.8,0.6923076923076923
6343,HyboNet,2,32,0.0002,3,48,0.4330708661417323,0.8,0.6923076923076923
6344,HyboNet,2,32,0.0002,3,49,0.4409448818897638,0.8,0.6923076923076923
6345,HyboNet,2,32,0.0002,3,5,0.3464566929133858,0.6333333333333333,0.5384615384615384
6346,HyboNet,2,32,0.0002,3,50,0.4409448818897638,0.8,0.6923076923076923
6347,HyboNet,2,32,0.0002,3,51,0.4409448818897638,0.8,0.6923076923076923
6348,HyboNet,2,32,0.0002,3,52,0.4409448818897638,0.8,0.6923076923076923
6349,HyboNet,2,32,0.0002,3,53,0.4409448818897638,0.8,0.6923076923076923
6350,HyboNet,2,32,0.0002,3,54,0.4409448818897638,0.8,0.6923076923076923
6351,HyboNet,2,32,0.0002,3,55,0.4330708661417323,0.8,0.6923076923076923
6352,HyboNet,2,32,0.0002,3,56,0.4251968503937008,0.8,0.6923076923076923
6353,HyboNet,2,32,0.0002,3,57,0.4251968503937008,0.8,0.6923076923076923
6354,HyboNet,2,32,0.0002,3,58,0.4251968503937008,0.8,0.6923076923076923
6355,HyboNet,2,32,0.0002,3,59,0.4251968503937008,0.8,0.6923076923076923
6356,HyboNet,2,32,0.0002,3,6,0.3779527559055118,0.6333333333333333,0.5384615384615384
6357,HyboNet,2,32,0.0002,3,60,0.4251968503937008,0.8,0.6923076923076923
6358,HyboNet,2,32,0.0002,3,61,0.4251968503937008,0.8333333333333334,0.6923076923076923
6359,HyboNet,2,32,0.0002,3,62,0.4251968503937008,0.8333333333333334,0.6923076923076923
6360,HyboNet,2,32,0.0002,3,63,0.4251968503937008,0.8333333333333334,0.6538461538461539
6361,HyboNet,2,32,0.0002,3,64,0.4251968503937008,0.8333333333333334,0.6538461538461539
6362,HyboNet,2,32,0.0002,3,65,0.4251968503937008,0.8333333333333334,0.6538461538461539
6363,HyboNet,2,32,0.0002,3,66,0.4251968503937008,0.8333333333333334,0.6538461538461539
6364,HyboNet,2,32,0.0002,3,67,0.41732283464566927,0.8333333333333334,0.6538461538461539
6365,HyboNet,2,32,0.0002,3,68,0.41732283464566927,0.8333333333333334,0.6153846153846154
6366,HyboNet,2,32,0.0002,3,69,0.41732283464566927,0.8333333333333334,0.6153846153846154
6367,HyboNet,2,32,0.0002,3,7,0.3937007874015748,0.6333333333333333,0.5384615384615384
6368,HyboNet,2,32,0.0002,3,70,0.41732283464566927,0.8333333333333334,0.6153846153846154
6369,HyboNet,2,32,0.0002,3,71,0.41732283464566927,0.8333333333333334,0.6153846153846154
6370,HyboNet,2,32,0.0002,3,72,0.4094488188976378,0.8333333333333334,0.6153846153846154
6371,HyboNet,2,32,0.0002,3,73,0.4094488188976378,0.8333333333333334,0.6153846153846154
6372,HyboNet,2,32,0.0002,3,74,0.4094488188976378,0.8333333333333334,0.6153846153846154
6373,HyboNet,2,32,0.0002,3,75,0.4094488188976378,0.8333333333333334,0.6153846153846154
6374,HyboNet,2,32,0.0002,3,76,0.4015748031496063,0.8333333333333334,0.6153846153846154
6375,HyboNet,2,32,0.0002,3,77,0.4015748031496063,0.8333333333333334,0.6153846153846154
6376,HyboNet,2,32,0.0002,3,78,0.4015748031496063,0.8333333333333334,0.6153846153846154
6377,HyboNet,2,32,0.0002,3,79,0.4015748031496063,0.8333333333333334,0.6153846153846154
6378,HyboNet,2,32,0.0002,3,8,0.4015748031496063,0.6333333333333333,0.5769230769230769
6379,HyboNet,2,32,0.0002,3,80,0.4015748031496063,0.8333333333333334,0.6153846153846154
6380,HyboNet,2,32,0.0002,3,81,0.4015748031496063,0.8666666666666667,0.6153846153846154
6381,HyboNet,2,32,0.0002,3,82,0.4015748031496063,0.8666666666666667,0.6153846153846154
6382,HyboNet,2,32,0.0002,3,83,0.4015748031496063,0.8666666666666667,0.6153846153846154
6383,HyboNet,2,32,0.0002,3,84,0.4015748031496063,0.8666666666666667,0.6153846153846154
6384,HyboNet,2,32,0.0002,3,85,0.4015748031496063,0.8666666666666667,0.6153846153846154
6385,HyboNet,2,32,0.0002,3,86,0.4015748031496063,0.8666666666666667,0.6153846153846154
6386,HyboNet,2,32,0.0002,3,87,0.4015748031496063,0.8666666666666667,0.6153846153846154
6387,HyboNet,2,32,0.0002,3,88,0.4015748031496063,0.8666666666666667,0.6153846153846154
6388,HyboNet,2,32,0.0002,3,89,0.4015748031496063,0.8666666666666667,0.6153846153846154
6389,HyboNet,2,32,0.0002,3,9,0.41732283464566927,0.6333333333333333,0.5769230769230769
6390,HyboNet,2,32,0.0002,3,90,0.4015748031496063,0.8666666666666667,0.6153846153846154
6391,HyboNet,2,32,0.0002,3,91,0.4015748031496063,0.8666666666666667,0.6153846153846154
6392,HyboNet,2,32,0.0002,3,92,0.4015748031496063,0.8666666666666667,0.6153846153846154
6393,HyboNet,2,32,0.0002,3,93,0.4015748031496063,0.8666666666666667,0.6153846153846154
6394,HyboNet,2,32,0.0002,3,94,0.4015748031496063,0.8666666666666667,0.6153846153846154
6395,HyboNet,2,32,0.0002,3,95,0.4015748031496063,0.8666666666666667,0.6153846153846154
6396,HyboNet,2,32,0.0002,3,96,0.4015748031496063,0.8666666666666667,0.6153846153846154
6397,HyboNet,2,32,0.0002,3,97,0.4015748031496063,0.8666666666666667,0.6153846153846154
6398,HyboNet,2,32,0.0002,3,98,0.3937007874015748,0.8666666666666667,0.6538461538461539
6399,HyboNet,2,32,0.0002,3,99,0.3937007874015748,0.8666666666666667,0.6538461538461539
6400,HyboNet,2,32,0.0002,4,1,0.1732283464566929,0.13333333333333333,0.23076923076923078
6401,HyboNet,2,32,0.0002,4,10,0.3779527559055118,0.5666666666666667,0.34615384615384615
6402,HyboNet,2,32,0.0002,4,100,0.5196850393700787,0.8333333333333334,0.5769230769230769
6403,HyboNet,2,32,0.0002,4,11,0.4015748031496063,0.6,0.38461538461538464
6404,HyboNet,2,32,0.0002,4,12,0.4251968503937008,0.6666666666666666,0.5
6405,HyboNet,2,32,0.0002,4,13,0.4566929133858268,0.6666666666666666,0.5
6406,HyboNet,2,32,0.0002,4,14,0.48031496062992124,0.6666666666666666,0.5
6407,HyboNet,2,32,0.0002,4,15,0.5039370078740157,0.6333333333333333,0.5384615384615384
6408,HyboNet,2,32,0.0002,4,16,0.5118110236220472,0.6333333333333333,0.5384615384615384
6409,HyboNet,2,32,0.0002,4,17,0.5196850393700787,0.6666666666666666,0.5384615384615384
6410,HyboNet,2,32,0.0002,4,18,0.5196850393700787,0.6666666666666666,0.5384615384615384
6411,HyboNet,2,32,0.0002,4,19,0.5196850393700787,0.6666666666666666,0.5769230769230769
6412,HyboNet,2,32,0.0002,4,2,0.16535433070866143,0.16666666666666666,0.23076923076923078
6413,HyboNet,2,32,0.0002,4,20,0.5196850393700787,0.6666666666666666,0.5769230769230769
6414,HyboNet,2,32,0.0002,4,21,0.5196850393700787,0.6666666666666666,0.5769230769230769
6415,HyboNet,2,32,0.0002,4,22,0.5196850393700787,0.6666666666666666,0.5769230769230769
6416,HyboNet,2,32,0.0002,4,23,0.5196850393700787,0.6666666666666666,0.5769230769230769
6417,HyboNet,2,32,0.0002,4,24,0.5196850393700787,0.6666666666666666,0.5769230769230769
6418,HyboNet,2,32,0.0002,4,25,0.5196850393700787,0.6666666666666666,0.5769230769230769
6419,HyboNet,2,32,0.0002,4,26,0.5196850393700787,0.6666666666666666,0.5769230769230769
6420,HyboNet,2,32,0.0002,4,27,0.5196850393700787,0.6666666666666666,0.5769230769230769
6421,HyboNet,2,32,0.0002,4,28,0.5196850393700787,0.6666666666666666,0.5769230769230769
6422,HyboNet,2,32,0.0002,4,29,0.5196850393700787,0.6666666666666666,0.5769230769230769
6423,HyboNet,2,32,0.0002,4,3,0.1732283464566929,0.2,0.2692307692307692
6424,HyboNet,2,32,0.0002,4,30,0.5196850393700787,0.6666666666666666,0.5769230769230769
6425,HyboNet,2,32,0.0002,4,31,0.5196850393700787,0.6666666666666666,0.5384615384615384
6426,HyboNet,2,32,0.0002,4,32,0.5118110236220472,0.6666666666666666,0.5384615384615384
6427,HyboNet,2,32,0.0002,4,33,0.5118110236220472,0.6666666666666666,0.5384615384615384
6428,HyboNet,2,32,0.0002,4,34,0.5118110236220472,0.6666666666666666,0.5384615384615384
6429,HyboNet,2,32,0.0002,4,35,0.5118110236220472,0.6666666666666666,0.5384615384615384
6430,HyboNet,2,32,0.0002,4,36,0.5039370078740157,0.6666666666666666,0.5384615384615384
6431,HyboNet,2,32,0.0002,4,37,0.5118110236220472,0.6666666666666666,0.5384615384615384
6432,HyboNet,2,32,0.0002,4,38,0.5118110236220472,0.6666666666666666,0.5384615384615384
6433,HyboNet,2,32,0.0002,4,39,0.5118110236220472,0.6666666666666666,0.5384615384615384
6434,HyboNet,2,32,0.0002,4,4,0.1889763779527559,0.23333333333333334,0.2692307692307692
6435,HyboNet,2,32,0.0002,4,40,0.5118110236220472,0.6666666666666666,0.5
6436,HyboNet,2,32,0.0002,4,41,0.5118110236220472,0.6666666666666666,0.5
6437,HyboNet,2,32,0.0002,4,42,0.5118110236220472,0.6666666666666666,0.5
6438,HyboNet,2,32,0.0002,4,43,0.5196850393700787,0.6666666666666666,0.5
6439,HyboNet,2,32,0.0002,4,44,0.5196850393700787,0.6666666666666666,0.5
6440,HyboNet,2,32,0.0002,4,45,0.5118110236220472,0.6666666666666666,0.5
6441,HyboNet,2,32,0.0002,4,46,0.5118110236220472,0.6666666666666666,0.5384615384615384
6442,HyboNet,2,32,0.0002,4,47,0.5118110236220472,0.6666666666666666,0.5384615384615384
6443,HyboNet,2,32,0.0002,4,48,0.5118110236220472,0.6666666666666666,0.5384615384615384
6444,HyboNet,2,32,0.0002,4,49,0.5118110236220472,0.6666666666666666,0.5384615384615384
6445,HyboNet,2,32,0.0002,4,5,0.2283464566929134,0.3,0.2692307692307692
6446,HyboNet,2,32,0.0002,4,50,0.5118110236220472,0.6666666666666666,0.5384615384615384
6447,HyboNet,2,32,0.0002,4,51,0.5118110236220472,0.6666666666666666,0.5384615384615384
6448,HyboNet,2,32,0.0002,4,52,0.5118110236220472,0.6666666666666666,0.5769230769230769
6449,HyboNet,2,32,0.0002,4,53,0.5196850393700787,0.6666666666666666,0.5769230769230769
6450,HyboNet,2,32,0.0002,4,54,0.5196850393700787,0.6666666666666666,0.5769230769230769
6451,HyboNet,2,32,0.0002,4,55,0.5196850393700787,0.6666666666666666,0.5769230769230769
6452,HyboNet,2,32,0.0002,4,56,0.5196850393700787,0.6666666666666666,0.5769230769230769
6453,HyboNet,2,32,0.0002,4,57,0.5196850393700787,0.6666666666666666,0.5769230769230769
6454,HyboNet,2,32,0.0002,4,58,0.5196850393700787,0.6666666666666666,0.5769230769230769
6455,HyboNet,2,32,0.0002,4,59,0.5196850393700787,0.6666666666666666,0.5769230769230769
6456,HyboNet,2,32,0.0002,4,6,0.2677165354330709,0.36666666666666664,0.3076923076923077
6457,HyboNet,2,32,0.0002,4,60,0.5196850393700787,0.6666666666666666,0.5769230769230769
6458,HyboNet,2,32,0.0002,4,61,0.5196850393700787,0.6666666666666666,0.5769230769230769
6459,HyboNet,2,32,0.0002,4,62,0.5196850393700787,0.6666666666666666,0.5769230769230769
6460,HyboNet,2,32,0.0002,4,63,0.5196850393700787,0.6666666666666666,0.5769230769230769
6461,HyboNet,2,32,0.0002,4,64,0.5196850393700787,0.6666666666666666,0.5769230769230769
6462,HyboNet,2,32,0.0002,4,65,0.5196850393700787,0.6666666666666666,0.5769230769230769
6463,HyboNet,2,32,0.0002,4,66,0.5196850393700787,0.6666666666666666,0.5769230769230769
6464,HyboNet,2,32,0.0002,4,67,0.5196850393700787,0.6666666666666666,0.5769230769230769
6465,HyboNet,2,32,0.0002,4,68,0.5196850393700787,0.6666666666666666,0.5769230769230769
6466,HyboNet,2,32,0.0002,4,69,0.5196850393700787,0.6666666666666666,0.5769230769230769
6467,HyboNet,2,32,0.0002,4,7,0.30708661417322836,0.36666666666666664,0.34615384615384615
6468,HyboNet,2,32,0.0002,4,70,0.5196850393700787,0.7,0.5769230769230769
6469,HyboNet,2,32,0.0002,4,71,0.5196850393700787,0.7,0.5769230769230769
6470,HyboNet,2,32,0.0002,4,72,0.5196850393700787,0.7,0.5769230769230769
6471,HyboNet,2,32,0.0002,4,73,0.5196850393700787,0.7,0.5769230769230769
6472,HyboNet,2,32,0.0002,4,74,0.5196850393700787,0.7,0.5769230769230769
6473,HyboNet,2,32,0.0002,4,75,0.5196850393700787,0.7,0.5769230769230769
6474,HyboNet,2,32,0.0002,4,76,0.5196850393700787,0.7,0.5769230769230769
6475,HyboNet,2,32,0.0002,4,77,0.5196850393700787,0.7,0.5769230769230769
6476,HyboNet,2,32,0.0002,4,78,0.5118110236220472,0.7333333333333333,0.5769230769230769
6477,HyboNet,2,32,0.0002,4,79,0.5118110236220472,0.7333333333333333,0.5769230769230769
6478,HyboNet,2,32,0.0002,4,8,0.3228346456692913,0.43333333333333335,0.38461538461538464
6479,HyboNet,2,32,0.0002,4,80,0.5275590551181102,0.7333333333333333,0.5769230769230769
6480,HyboNet,2,32,0.0002,4,81,0.5275590551181102,0.7333333333333333,0.5769230769230769
6481,HyboNet,2,32,0.0002,4,82,0.5275590551181102,0.7333333333333333,0.5769230769230769
6482,HyboNet,2,32,0.0002,4,83,0.5275590551181102,0.7333333333333333,0.5769230769230769
6483,HyboNet,2,32,0.0002,4,84,0.5275590551181102,0.7333333333333333,0.5769230769230769
6484,HyboNet,2,32,0.0002,4,85,0.5275590551181102,0.7333333333333333,0.5769230769230769
6485,HyboNet,2,32,0.0002,4,86,0.5275590551181102,0.7333333333333333,0.5769230769230769
6486,HyboNet,2,32,0.0002,4,87,0.5275590551181102,0.7333333333333333,0.5769230769230769
6487,HyboNet,2,32,0.0002,4,88,0.5275590551181102,0.7333333333333333,0.5769230769230769
6488,HyboNet,2,32,0.0002,4,89,0.5275590551181102,0.7333333333333333,0.5769230769230769
6489,HyboNet,2,32,0.0002,4,9,0.33858267716535434,0.5333333333333333,0.34615384615384615
6490,HyboNet,2,32,0.0002,4,90,0.5275590551181102,0.7666666666666667,0.5769230769230769
6491,HyboNet,2,32,0.0002,4,91,0.5275590551181102,0.7666666666666667,0.5769230769230769
6492,HyboNet,2,32,0.0002,4,92,0.5275590551181102,0.8,0.5769230769230769
6493,HyboNet,2,32,0.0002,4,93,0.5275590551181102,0.8,0.5769230769230769
6494,HyboNet,2,32,0.0002,4,94,0.5275590551181102,0.8,0.5769230769230769
6495,HyboNet,2,32,0.0002,4,95,0.5196850393700787,0.8333333333333334,0.5769230769230769
6496,HyboNet,2,32,0.0002,4,96,0.5196850393700787,0.8333333333333334,0.5769230769230769
6497,HyboNet,2,32,0.0002,4,97,0.5196850393700787,0.8333333333333334,0.5769230769230769
6498,HyboNet,2,32,0.0002,4,98,0.5196850393700787,0.8333333333333334,0.5769230769230769
6499,HyboNet,2,32,0.0002,4,99,0.5196850393700787,0.8333333333333334,0.5769230769230769
6500,HyboNet,2,32,0.0002,5,1,0.4015748031496063,0.26666666666666666,0.34615384615384615
6501,HyboNet,2,32,0.0002,5,10,0.5275590551181102,0.5666666666666667,0.5769230769230769
6502,HyboNet,2,32,0.0002,5,100,0.5118110236220472,0.8666666666666667,0.6153846153846154
6503,HyboNet,2,32,0.0002,5,11,0.5275590551181102,0.5666666666666667,0.5769230769230769
6504,HyboNet,2,32,0.0002,5,12,0.5354330708661418,0.5666666666666667,0.5769230769230769
6505,HyboNet,2,32,0.0002,5,13,0.5275590551181102,0.6,0.5769230769230769
6506,HyboNet,2,32,0.0002,5,14,0.5275590551181102,0.6,0.5769230769230769
6507,HyboNet,2,32,0.0002,5,15,0.5275590551181102,0.6,0.5384615384615384
6508,HyboNet,2,32,0.0002,5,16,0.5275590551181102,0.6,0.5384615384615384
6509,HyboNet,2,32,0.0002,5,17,0.5275590551181102,0.6,0.5384615384615384
6510,HyboNet,2,32,0.0002,5,18,0.5275590551181102,0.6,0.5384615384615384
6511,HyboNet,2,32,0.0002,5,19,0.5275590551181102,0.6,0.5384615384615384
6512,HyboNet,2,32,0.0002,5,2,0.41732283464566927,0.3,0.38461538461538464
6513,HyboNet,2,32,0.0002,5,20,0.5275590551181102,0.6,0.5384615384615384
6514,HyboNet,2,32,0.0002,5,21,0.5275590551181102,0.6,0.5384615384615384
6515,HyboNet,2,32,0.0002,5,22,0.5275590551181102,0.6,0.5384615384615384
6516,HyboNet,2,32,0.0002,5,23,0.5196850393700787,0.6,0.5384615384615384
6517,HyboNet,2,32,0.0002,5,24,0.5196850393700787,0.6,0.5384615384615384
6518,HyboNet,2,32,0.0002,5,25,0.5118110236220472,0.6,0.5384615384615384
6519,HyboNet,2,32,0.0002,5,26,0.5118110236220472,0.6333333333333333,0.5384615384615384
6520,HyboNet,2,32,0.0002,5,27,0.5039370078740157,0.6333333333333333,0.5384615384615384
6521,HyboNet,2,32,0.0002,5,28,0.5039370078740157,0.6333333333333333,0.5384615384615384
6522,HyboNet,2,32,0.0002,5,29,0.5039370078740157,0.6333333333333333,0.5384615384615384
6523,HyboNet,2,32,0.0002,5,3,0.4094488188976378,0.3333333333333333,0.46153846153846156
6524,HyboNet,2,32,0.0002,5,30,0.5039370078740157,0.6333333333333333,0.5384615384615384
6525,HyboNet,2,32,0.0002,5,31,0.4881889763779528,0.6333333333333333,0.5384615384615384
6526,HyboNet,2,32,0.0002,5,32,0.4881889763779528,0.6333333333333333,0.5384615384615384
6527,HyboNet,2,32,0.0002,5,33,0.4881889763779528,0.6666666666666666,0.5384615384615384
6528,HyboNet,2,32,0.0002,5,34,0.4881889763779528,0.6666666666666666,0.5384615384615384
6529,HyboNet,2,32,0.0002,5,35,0.4881889763779528,0.6666666666666666,0.5384615384615384
6530,HyboNet,2,32,0.0002,5,36,0.4881889763779528,0.6666666666666666,0.5384615384615384
6531,HyboNet,2,32,0.0002,5,37,0.4881889763779528,0.6666666666666666,0.5384615384615384
6532,HyboNet,2,32,0.0002,5,38,0.4881889763779528,0.6666666666666666,0.5384615384615384
6533,HyboNet,2,32,0.0002,5,39,0.4881889763779528,0.6666666666666666,0.5384615384615384
6534,HyboNet,2,32,0.0002,5,4,0.44881889763779526,0.4,0.46153846153846156
6535,HyboNet,2,32,0.0002,5,40,0.4881889763779528,0.6666666666666666,0.5384615384615384
6536,HyboNet,2,32,0.0002,5,41,0.4881889763779528,0.6666666666666666,0.5384615384615384
6537,HyboNet,2,32,0.0002,5,42,0.4881889763779528,0.6666666666666666,0.5384615384615384
6538,HyboNet,2,32,0.0002,5,43,0.4881889763779528,0.6666666666666666,0.5384615384615384
6539,HyboNet,2,32,0.0002,5,44,0.4881889763779528,0.6666666666666666,0.5384615384615384
6540,HyboNet,2,32,0.0002,5,45,0.49606299212598426,0.6666666666666666,0.5384615384615384
6541,HyboNet,2,32,0.0002,5,46,0.5039370078740157,0.6666666666666666,0.5384615384615384
6542,HyboNet,2,32,0.0002,5,47,0.5118110236220472,0.6666666666666666,0.5384615384615384
6543,HyboNet,2,32,0.0002,5,48,0.5118110236220472,0.6666666666666666,0.5384615384615384
6544,HyboNet,2,32,0.0002,5,49,0.5118110236220472,0.6666666666666666,0.5384615384615384
6545,HyboNet,2,32,0.0002,5,5,0.47244094488188976,0.4666666666666667,0.46153846153846156
6546,HyboNet,2,32,0.0002,5,50,0.5118110236220472,0.6666666666666666,0.5384615384615384
6547,HyboNet,2,32,0.0002,5,51,0.5118110236220472,0.6666666666666666,0.5384615384615384
6548,HyboNet,2,32,0.0002,5,52,0.5118110236220472,0.6666666666666666,0.5384615384615384
6549,HyboNet,2,32,0.0002,5,53,0.5039370078740157,0.6666666666666666,0.5384615384615384
6550,HyboNet,2,32,0.0002,5,54,0.49606299212598426,0.6666666666666666,0.5384615384615384
6551,HyboNet,2,32,0.0002,5,55,0.4881889763779528,0.6666666666666666,0.5384615384615384
6552,HyboNet,2,32,0.0002,5,56,0.4881889763779528,0.6666666666666666,0.5384615384615384
6553,HyboNet,2,32,0.0002,5,57,0.4881889763779528,0.6666666666666666,0.5384615384615384
6554,HyboNet,2,32,0.0002,5,58,0.48031496062992124,0.6666666666666666,0.5384615384615384
6555,HyboNet,2,32,0.0002,5,59,0.48031496062992124,0.7333333333333333,0.5384615384615384
6556,HyboNet,2,32,0.0002,5,6,0.48031496062992124,0.5,0.5384615384615384
6557,HyboNet,2,32,0.0002,5,60,0.4881889763779528,0.7333333333333333,0.5384615384615384
6558,HyboNet,2,32,0.0002,5,61,0.4881889763779528,0.7333333333333333,0.5384615384615384
6559,HyboNet,2,32,0.0002,5,62,0.4881889763779528,0.7333333333333333,0.5384615384615384
6560,HyboNet,2,32,0.0002,5,63,0.4881889763779528,0.7333333333333333,0.5384615384615384
6561,HyboNet,2,32,0.0002,5,64,0.4881889763779528,0.7666666666666667,0.5384615384615384
6562,HyboNet,2,32,0.0002,5,65,0.4881889763779528,0.7666666666666667,0.5384615384615384
6563,HyboNet,2,32,0.0002,5,66,0.4881889763779528,0.7666666666666667,0.5769230769230769
6564,HyboNet,2,32,0.0002,5,67,0.49606299212598426,0.7666666666666667,0.5769230769230769
6565,HyboNet,2,32,0.0002,5,68,0.5039370078740157,0.7666666666666667,0.5769230769230769
6566,HyboNet,2,32,0.0002,5,69,0.5039370078740157,0.8,0.5384615384615384
6567,HyboNet,2,32,0.0002,5,7,0.4881889763779528,0.5,0.5384615384615384
6568,HyboNet,2,32,0.0002,5,70,0.5039370078740157,0.8,0.5384615384615384
6569,HyboNet,2,32,0.0002,5,71,0.5039370078740157,0.8,0.5384615384615384
6570,HyboNet,2,32,0.0002,5,72,0.5039370078740157,0.8,0.5384615384615384
6571,HyboNet,2,32,0.0002,5,73,0.5039370078740157,0.8,0.5384615384615384
6572,HyboNet,2,32,0.0002,5,74,0.5039370078740157,0.8,0.5384615384615384
6573,HyboNet,2,32,0.0002,5,75,0.5039370078740157,0.8,0.5384615384615384
6574,HyboNet,2,32,0.0002,5,76,0.49606299212598426,0.8,0.5384615384615384
6575,HyboNet,2,32,0.0002,5,77,0.49606299212598426,0.8,0.5769230769230769
6576,HyboNet,2,32,0.0002,5,78,0.5039370078740157,0.8,0.5769230769230769
6577,HyboNet,2,32,0.0002,5,79,0.5039370078740157,0.8,0.5769230769230769
6578,HyboNet,2,32,0.0002,5,8,0.49606299212598426,0.5333333333333333,0.5384615384615384
6579,HyboNet,2,32,0.0002,5,80,0.5118110236220472,0.8,0.5769230769230769
6580,HyboNet,2,32,0.0002,5,81,0.5118110236220472,0.8333333333333334,0.5769230769230769
6581,HyboNet,2,32,0.0002,5,82,0.5118110236220472,0.8333333333333334,0.5769230769230769
6582,HyboNet,2,32,0.0002,5,83,0.5118110236220472,0.8333333333333334,0.5769230769230769
6583,HyboNet,2,32,0.0002,5,84,0.5118110236220472,0.8333333333333334,0.5769230769230769
6584,HyboNet,2,32,0.0002,5,85,0.5118110236220472,0.8333333333333334,0.5769230769230769
6585,HyboNet,2,32,0.0002,5,86,0.5118110236220472,0.8333333333333334,0.5769230769230769
6586,HyboNet,2,32,0.0002,5,87,0.5118110236220472,0.8333333333333334,0.5769230769230769
6587,HyboNet,2,32,0.0002,5,88,0.5118110236220472,0.8333333333333334,0.5769230769230769
6588,HyboNet,2,32,0.0002,5,89,0.5118110236220472,0.8333333333333334,0.5769230769230769
6589,HyboNet,2,32,0.0002,5,9,0.5118110236220472,0.5666666666666667,0.5769230769230769
6590,HyboNet,2,32,0.0002,5,90,0.5118110236220472,0.8333333333333334,0.5769230769230769
6591,HyboNet,2,32,0.0002,5,91,0.5118110236220472,0.8666666666666667,0.5769230769230769
6592,HyboNet,2,32,0.0002,5,92,0.5118110236220472,0.8666666666666667,0.5769230769230769
6593,HyboNet,2,32,0.0002,5,93,0.5118110236220472,0.8666666666666667,0.5769230769230769
6594,HyboNet,2,32,0.0002,5,94,0.5118110236220472,0.8666666666666667,0.5769230769230769
6595,HyboNet,2,32,0.0002,5,95,0.5196850393700787,0.8666666666666667,0.5769230769230769
6596,HyboNet,2,32,0.0002,5,96,0.5196850393700787,0.8666666666666667,0.5769230769230769
6597,HyboNet,2,32,0.0002,5,97,0.5196850393700787,0.8666666666666667,0.6153846153846154
6598,HyboNet,2,32,0.0002,5,98,0.5196850393700787,0.8666666666666667,0.6153846153846154
6599,HyboNet,2,32,0.0002,5,99,0.5118110236220472,0.8666666666666667,0.6153846153846154
6600,HyboNet,2,32,0.0002,6,1,0.31496062992125984,0.3,0.19230769230769232
6601,HyboNet,2,32,0.0002,6,10,0.49606299212598426,0.5666666666666667,0.5
6602,HyboNet,2,32,0.0002,6,100,0.48031496062992124,0.9,0.4230769230769231
6603,HyboNet,2,32,0.0002,6,11,0.5039370078740157,0.5666666666666667,0.5
6604,HyboNet,2,32,0.0002,6,12,0.5118110236220472,0.5666666666666667,0.5
6605,HyboNet,2,32,0.0002,6,13,0.5039370078740157,0.6,0.5384615384615384
6606,HyboNet,2,32,0.0002,6,14,0.5118110236220472,0.6,0.5384615384615384
6607,HyboNet,2,32,0.0002,6,15,0.5118110236220472,0.6,0.5384615384615384
6608,HyboNet,2,32,0.0002,6,16,0.5118110236220472,0.6,0.5384615384615384
6609,HyboNet,2,32,0.0002,6,17,0.5118110236220472,0.6,0.5384615384615384
6610,HyboNet,2,32,0.0002,6,18,0.5196850393700787,0.6333333333333333,0.5384615384615384
6611,HyboNet,2,32,0.0002,6,19,0.5196850393700787,0.6333333333333333,0.5384615384615384
6612,HyboNet,2,32,0.0002,6,2,0.3858267716535433,0.36666666666666664,0.3076923076923077
6613,HyboNet,2,32,0.0002,6,20,0.5196850393700787,0.6333333333333333,0.5384615384615384
6614,HyboNet,2,32,0.0002,6,21,0.5196850393700787,0.6333333333333333,0.5384615384615384
6615,HyboNet,2,32,0.0002,6,22,0.5354330708661418,0.6333333333333333,0.5
6616,HyboNet,2,32,0.0002,6,23,0.5354330708661418,0.6333333333333333,0.5
6617,HyboNet,2,32,0.0002,6,24,0.5354330708661418,0.6333333333333333,0.5
6618,HyboNet,2,32,0.0002,6,25,0.5275590551181102,0.6333333333333333,0.5
6619,HyboNet,2,32,0.0002,6,26,0.5275590551181102,0.6333333333333333,0.5
6620,HyboNet,2,32,0.0002,6,27,0.5275590551181102,0.6333333333333333,0.5
6621,HyboNet,2,32,0.0002,6,28,0.5196850393700787,0.6333333333333333,0.5
6622,HyboNet,2,32,0.0002,6,29,0.5196850393700787,0.6333333333333333,0.5
6623,HyboNet,2,32,0.0002,6,3,0.3858267716535433,0.43333333333333335,0.34615384615384615
6624,HyboNet,2,32,0.0002,6,30,0.5196850393700787,0.6666666666666666,0.5
6625,HyboNet,2,32,0.0002,6,31,0.5118110236220472,0.6666666666666666,0.46153846153846156
6626,HyboNet,2,32,0.0002,6,32,0.5118110236220472,0.6666666666666666,0.46153846153846156
6627,HyboNet,2,32,0.0002,6,33,0.5118110236220472,0.6666666666666666,0.46153846153846156
6628,HyboNet,2,32,0.0002,6,34,0.5118110236220472,0.6666666666666666,0.46153846153846156
6629,HyboNet,2,32,0.0002,6,35,0.5118110236220472,0.6666666666666666,0.46153846153846156
6630,HyboNet,2,32,0.0002,6,36,0.5118110236220472,0.6666666666666666,0.46153846153846156
6631,HyboNet,2,32,0.0002,6,37,0.5196850393700787,0.6666666666666666,0.46153846153846156
6632,HyboNet,2,32,0.0002,6,38,0.5196850393700787,0.6666666666666666,0.46153846153846156
6633,HyboNet,2,32,0.0002,6,39,0.5196850393700787,0.6666666666666666,0.46153846153846156
6634,HyboNet,2,32,0.0002,6,4,0.4330708661417323,0.4666666666666667,0.4230769230769231
6635,HyboNet,2,32,0.0002,6,40,0.5196850393700787,0.6666666666666666,0.5
6636,HyboNet,2,32,0.0002,6,41,0.5196850393700787,0.6666666666666666,0.5
6637,HyboNet,2,32,0.0002,6,42,0.5196850393700787,0.6666666666666666,0.46153846153846156
6638,HyboNet,2,32,0.0002,6,43,0.5196850393700787,0.6666666666666666,0.46153846153846156
6639,HyboNet,2,32,0.0002,6,44,0.5196850393700787,0.6666666666666666,0.46153846153846156
6640,HyboNet,2,32,0.0002,6,45,0.5196850393700787,0.6666666666666666,0.46153846153846156
6641,HyboNet,2,32,0.0002,6,46,0.5118110236220472,0.6666666666666666,0.46153846153846156
6642,HyboNet,2,32,0.0002,6,47,0.5196850393700787,0.6666666666666666,0.46153846153846156
6643,HyboNet,2,32,0.0002,6,48,0.5196850393700787,0.6666666666666666,0.46153846153846156
6644,HyboNet,2,32,0.0002,6,49,0.5196850393700787,0.6666666666666666,0.46153846153846156
6645,HyboNet,2,32,0.0002,6,5,0.44881889763779526,0.4666666666666667,0.4230769230769231
6646,HyboNet,2,32,0.0002,6,50,0.5118110236220472,0.6666666666666666,0.46153846153846156
6647,HyboNet,2,32,0.0002,6,51,0.5118110236220472,0.7,0.46153846153846156
6648,HyboNet,2,32,0.0002,6,52,0.5118110236220472,0.7333333333333333,0.46153846153846156
6649,HyboNet,2,32,0.0002,6,53,0.5118110236220472,0.7333333333333333,0.46153846153846156
6650,HyboNet,2,32,0.0002,6,54,0.5118110236220472,0.7333333333333333,0.46153846153846156
6651,HyboNet,2,32,0.0002,6,55,0.5118110236220472,0.7666666666666667,0.46153846153846156
6652,HyboNet,2,32,0.0002,6,56,0.5118110236220472,0.7666666666666667,0.46153846153846156
6653,HyboNet,2,32,0.0002,6,57,0.5196850393700787,0.7666666666666667,0.46153846153846156
6654,HyboNet,2,32,0.0002,6,58,0.5196850393700787,0.7666666666666667,0.46153846153846156
6655,HyboNet,2,32,0.0002,6,59,0.5118110236220472,0.7666666666666667,0.46153846153846156
6656,HyboNet,2,32,0.0002,6,6,0.4645669291338583,0.5,0.4230769230769231
6657,HyboNet,2,32,0.0002,6,60,0.5118110236220472,0.7666666666666667,0.46153846153846156
6658,HyboNet,2,32,0.0002,6,61,0.5118110236220472,0.8333333333333334,0.46153846153846156
6659,HyboNet,2,32,0.0002,6,62,0.5118110236220472,0.8333333333333334,0.46153846153846156
6660,HyboNet,2,32,0.0002,6,63,0.5118110236220472,0.8333333333333334,0.46153846153846156
6661,HyboNet,2,32,0.0002,6,64,0.5196850393700787,0.8333333333333334,0.46153846153846156
6662,HyboNet,2,32,0.0002,6,65,0.5196850393700787,0.8333333333333334,0.46153846153846156
6663,HyboNet,2,32,0.0002,6,66,0.5118110236220472,0.8333333333333334,0.46153846153846156
6664,HyboNet,2,32,0.0002,6,67,0.5118110236220472,0.8333333333333334,0.46153846153846156
6665,HyboNet,2,32,0.0002,6,68,0.5118110236220472,0.8333333333333334,0.4230769230769231
6666,HyboNet,2,32,0.0002,6,69,0.5039370078740157,0.8333333333333334,0.4230769230769231
6667,HyboNet,2,32,0.0002,6,7,0.4566929133858268,0.5,0.4230769230769231
6668,HyboNet,2,32,0.0002,6,70,0.5039370078740157,0.8333333333333334,0.4230769230769231
6669,HyboNet,2,32,0.0002,6,71,0.5039370078740157,0.8333333333333334,0.4230769230769231
6670,HyboNet,2,32,0.0002,6,72,0.5039370078740157,0.8333333333333334,0.4230769230769231
6671,HyboNet,2,32,0.0002,6,73,0.5039370078740157,0.8333333333333334,0.4230769230769231
6672,HyboNet,2,32,0.0002,6,74,0.5118110236220472,0.8333333333333334,0.4230769230769231
6673,HyboNet,2,32,0.0002,6,75,0.5118110236220472,0.8333333333333334,0.4230769230769231
6674,HyboNet,2,32,0.0002,6,76,0.5118110236220472,0.8333333333333334,0.4230769230769231
6675,HyboNet,2,32,0.0002,6,77,0.5118110236220472,0.8333333333333334,0.4230769230769231
6676,HyboNet,2,32,0.0002,6,78,0.5118110236220472,0.8333333333333334,0.4230769230769231
6677,HyboNet,2,32,0.0002,6,79,0.5118110236220472,0.8333333333333334,0.4230769230769231
6678,HyboNet,2,32,0.0002,6,8,0.48031496062992124,0.5333333333333333,0.4230769230769231
6679,HyboNet,2,32,0.0002,6,80,0.5118110236220472,0.8333333333333334,0.4230769230769231
6680,HyboNet,2,32,0.0002,6,81,0.5118110236220472,0.8333333333333334,0.4230769230769231
6681,HyboNet,2,32,0.0002,6,82,0.49606299212598426,0.8333333333333334,0.4230769230769231
6682,HyboNet,2,32,0.0002,6,83,0.4881889763779528,0.8333333333333334,0.4230769230769231
6683,HyboNet,2,32,0.0002,6,84,0.48031496062992124,0.8333333333333334,0.4230769230769231
6684,HyboNet,2,32,0.0002,6,85,0.48031496062992124,0.8333333333333334,0.4230769230769231
6685,HyboNet,2,32,0.0002,6,86,0.48031496062992124,0.8333333333333334,0.4230769230769231
6686,HyboNet,2,32,0.0002,6,87,0.48031496062992124,0.8333333333333334,0.4230769230769231
6687,HyboNet,2,32,0.0002,6,88,0.48031496062992124,0.8333333333333334,0.4230769230769231
6688,HyboNet,2,32,0.0002,6,89,0.48031496062992124,0.8333333333333334,0.4230769230769231
6689,HyboNet,2,32,0.0002,6,9,0.48031496062992124,0.5666666666666667,0.5
6690,HyboNet,2,32,0.0002,6,90,0.4645669291338583,0.8333333333333334,0.4230769230769231
6691,HyboNet,2,32,0.0002,6,91,0.47244094488188976,0.8666666666666667,0.4230769230769231
6692,HyboNet,2,32,0.0002,6,92,0.4645669291338583,0.8666666666666667,0.4230769230769231
6693,HyboNet,2,32,0.0002,6,93,0.4645669291338583,0.8666666666666667,0.4230769230769231
6694,HyboNet,2,32,0.0002,6,94,0.4645669291338583,0.8666666666666667,0.4230769230769231
6695,HyboNet,2,32,0.0002,6,95,0.4645669291338583,0.9,0.4230769230769231
6696,HyboNet,2,32,0.0002,6,96,0.4645669291338583,0.9,0.4230769230769231
6697,HyboNet,2,32,0.0002,6,97,0.4645669291338583,0.9,0.4230769230769231
6698,HyboNet,2,32,0.0002,6,98,0.47244094488188976,0.9,0.4230769230769231
6699,HyboNet,2,32,0.0002,6,99,0.48031496062992124,0.9,0.4230769230769231
6700,HyboNet,2,32,0.0002,7,1,0.31496062992125984,0.4666666666666667,0.6153846153846154
6701,HyboNet,2,32,0.0002,7,10,0.49606299212598426,0.6333333333333333,0.5769230769230769
6702,HyboNet,2,32,0.0002,7,100,0.4330708661417323,0.8666666666666667,0.5384615384615384
6703,HyboNet,2,32,0.0002,7,11,0.49606299212598426,0.6333333333333333,0.5769230769230769
6704,HyboNet,2,32,0.0002,7,12,0.5039370078740157,0.6333333333333333,0.5769230769230769
6705,HyboNet,2,32,0.0002,7,13,0.5039370078740157,0.6333333333333333,0.5769230769230769
6706,HyboNet,2,32,0.0002,7,14,0.4881889763779528,0.6333333333333333,0.5769230769230769
6707,HyboNet,2,32,0.0002,7,15,0.49606299212598426,0.6666666666666666,0.5769230769230769
6708,HyboNet,2,32,0.0002,7,16,0.49606299212598426,0.6666666666666666,0.5769230769230769
6709,HyboNet,2,32,0.0002,7,17,0.5196850393700787,0.6666666666666666,0.5769230769230769
6710,HyboNet,2,32,0.0002,7,18,0.5118110236220472,0.6666666666666666,0.6153846153846154
6711,HyboNet,2,32,0.0002,7,19,0.5039370078740157,0.6666666666666666,0.5769230769230769
6712,HyboNet,2,32,0.0002,7,2,0.3700787401574803,0.5333333333333333,0.5769230769230769
6713,HyboNet,2,32,0.0002,7,20,0.5039370078740157,0.6666666666666666,0.5769230769230769
6714,HyboNet,2,32,0.0002,7,21,0.49606299212598426,0.7,0.5384615384615384
6715,HyboNet,2,32,0.0002,7,22,0.4881889763779528,0.7333333333333333,0.5384615384615384
6716,HyboNet,2,32,0.0002,7,23,0.49606299212598426,0.7333333333333333,0.5384615384615384
6717,HyboNet,2,32,0.0002,7,24,0.49606299212598426,0.7333333333333333,0.5769230769230769
6718,HyboNet,2,32,0.0002,7,25,0.49606299212598426,0.7333333333333333,0.5769230769230769
6719,HyboNet,2,32,0.0002,7,26,0.5118110236220472,0.7666666666666667,0.5769230769230769
6720,HyboNet,2,32,0.0002,7,27,0.5039370078740157,0.7666666666666667,0.5769230769230769
6721,HyboNet,2,32,0.0002,7,28,0.49606299212598426,0.7666666666666667,0.5769230769230769
6722,HyboNet,2,32,0.0002,7,29,0.4881889763779528,0.8,0.5769230769230769
6723,HyboNet,2,32,0.0002,7,3,0.4094488188976378,0.5666666666666667,0.5769230769230769
6724,HyboNet,2,32,0.0002,7,30,0.4881889763779528,0.8,0.5769230769230769
6725,HyboNet,2,32,0.0002,7,31,0.48031496062992124,0.8,0.5769230769230769
6726,HyboNet,2,32,0.0002,7,32,0.48031496062992124,0.8,0.5769230769230769
6727,HyboNet,2,32,0.0002,7,33,0.4881889763779528,0.8,0.5769230769230769
6728,HyboNet,2,32,0.0002,7,34,0.4881889763779528,0.8,0.5769230769230769
6729,HyboNet,2,32,0.0002,7,35,0.49606299212598426,0.8,0.5769230769230769
6730,HyboNet,2,32,0.0002,7,36,0.5039370078740157,0.8,0.5769230769230769
6731,HyboNet,2,32,0.0002,7,37,0.5039370078740157,0.8,0.5769230769230769
6732,HyboNet,2,32,0.0002,7,38,0.5039370078740157,0.8,0.5769230769230769
6733,HyboNet,2,32,0.0002,7,39,0.5039370078740157,0.8,0.5769230769230769
6734,HyboNet,2,32,0.0002,7,4,0.41732283464566927,0.5666666666666667,0.5384615384615384
6735,HyboNet,2,32,0.0002,7,40,0.5039370078740157,0.8,0.5769230769230769
6736,HyboNet,2,32,0.0002,7,41,0.5039370078740157,0.8,0.5769230769230769
6737,HyboNet,2,32,0.0002,7,42,0.5039370078740157,0.8,0.5769230769230769
6738,HyboNet,2,32,0.0002,7,43,0.5039370078740157,0.8,0.5769230769230769
6739,HyboNet,2,32,0.0002,7,44,0.4881889763779528,0.8,0.5769230769230769
6740,HyboNet,2,32,0.0002,7,45,0.48031496062992124,0.8,0.5769230769230769
6741,HyboNet,2,32,0.0002,7,46,0.48031496062992124,0.8,0.5769230769230769
6742,HyboNet,2,32,0.0002,7,47,0.47244094488188976,0.8,0.6153846153846154
6743,HyboNet,2,32,0.0002,7,48,0.4645669291338583,0.8,0.6153846153846154
6744,HyboNet,2,32,0.0002,7,49,0.44881889763779526,0.8,0.6153846153846154
6745,HyboNet,2,32,0.0002,7,5,0.4645669291338583,0.5666666666666667,0.5384615384615384
6746,HyboNet,2,32,0.0002,7,50,0.4566929133858268,0.8,0.6153846153846154
6747,HyboNet,2,32,0.0002,7,51,0.4566929133858268,0.8,0.6153846153846154
6748,HyboNet,2,32,0.0002,7,52,0.4566929133858268,0.8,0.6153846153846154
6749,HyboNet,2,32,0.0002,7,53,0.4566929133858268,0.8,0.6153846153846154
6750,HyboNet,2,32,0.0002,7,54,0.4566929133858268,0.8,0.6153846153846154
6751,HyboNet,2,32,0.0002,7,55,0.4566929133858268,0.8,0.6153846153846154
6752,HyboNet,2,32,0.0002,7,56,0.4566929133858268,0.8,0.6153846153846154
6753,HyboNet,2,32,0.0002,7,57,0.4566929133858268,0.8333333333333334,0.6153846153846154
6754,HyboNet,2,32,0.0002,7,58,0.4566929133858268,0.8333333333333334,0.6153846153846154
6755,HyboNet,2,32,0.0002,7,59,0.4566929133858268,0.8333333333333334,0.6153846153846154
6756,HyboNet,2,32,0.0002,7,6,0.47244094488188976,0.6333333333333333,0.5384615384615384
6757,HyboNet,2,32,0.0002,7,60,0.4566929133858268,0.8333333333333334,0.6153846153846154
6758,HyboNet,2,32,0.0002,7,61,0.44881889763779526,0.8333333333333334,0.6153846153846154
6759,HyboNet,2,32,0.0002,7,62,0.4566929133858268,0.8333333333333334,0.6153846153846154
6760,HyboNet,2,32,0.0002,7,63,0.4566929133858268,0.8333333333333334,0.6153846153846154
6761,HyboNet,2,32,0.0002,7,64,0.4566929133858268,0.8333333333333334,0.6153846153846154
6762,HyboNet,2,32,0.0002,7,65,0.4566929133858268,0.8333333333333334,0.6153846153846154
6763,HyboNet,2,32,0.0002,7,66,0.4566929133858268,0.8333333333333334,0.6153846153846154
6764,HyboNet,2,32,0.0002,7,67,0.4645669291338583,0.8333333333333334,0.6153846153846154
6765,HyboNet,2,32,0.0002,7,68,0.4566929133858268,0.8333333333333334,0.6153846153846154
6766,HyboNet,2,32,0.0002,7,69,0.4566929133858268,0.8666666666666667,0.6153846153846154
6767,HyboNet,2,32,0.0002,7,7,0.48031496062992124,0.6333333333333333,0.5769230769230769
6768,HyboNet,2,32,0.0002,7,70,0.4566929133858268,0.8666666666666667,0.6153846153846154
6769,HyboNet,2,32,0.0002,7,71,0.4566929133858268,0.8666666666666667,0.6153846153846154
6770,HyboNet,2,32,0.0002,7,72,0.4566929133858268,0.8666666666666667,0.6153846153846154
6771,HyboNet,2,32,0.0002,7,73,0.4645669291338583,0.8666666666666667,0.6153846153846154
6772,HyboNet,2,32,0.0002,7,74,0.4645669291338583,0.8666666666666667,0.6153846153846154
6773,HyboNet,2,32,0.0002,7,75,0.4566929133858268,0.8666666666666667,0.6153846153846154
6774,HyboNet,2,32,0.0002,7,76,0.4645669291338583,0.8666666666666667,0.6153846153846154
6775,HyboNet,2,32,0.0002,7,77,0.4645669291338583,0.8666666666666667,0.6153846153846154
6776,HyboNet,2,32,0.0002,7,78,0.4645669291338583,0.8666666666666667,0.6153846153846154
6777,HyboNet,2,32,0.0002,7,79,0.4645669291338583,0.8666666666666667,0.5769230769230769
6778,HyboNet,2,32,0.0002,7,8,0.48031496062992124,0.6333333333333333,0.5769230769230769
6779,HyboNet,2,32,0.0002,7,80,0.4566929133858268,0.8666666666666667,0.5769230769230769
6780,HyboNet,2,32,0.0002,7,81,0.44881889763779526,0.8666666666666667,0.5769230769230769
6781,HyboNet,2,32,0.0002,7,82,0.44881889763779526,0.8666666666666667,0.5769230769230769
6782,HyboNet,2,32,0.0002,7,83,0.4409448818897638,0.8666666666666667,0.5769230769230769
6783,HyboNet,2,32,0.0002,7,84,0.4251968503937008,0.8666666666666667,0.5769230769230769
6784,HyboNet,2,32,0.0002,7,85,0.41732283464566927,0.8666666666666667,0.5769230769230769
6785,HyboNet,2,32,0.0002,7,86,0.41732283464566927,0.8666666666666667,0.5769230769230769
6786,HyboNet,2,32,0.0002,7,87,0.41732283464566927,0.8666666666666667,0.5769230769230769
6787,HyboNet,2,32,0.0002,7,88,0.41732283464566927,0.8666666666666667,0.5769230769230769
6788,HyboNet,2,32,0.0002,7,89,0.4251968503937008,0.8666666666666667,0.5769230769230769
6789,HyboNet,2,32,0.0002,7,9,0.4881889763779528,0.6333333333333333,0.5769230769230769
6790,HyboNet,2,32,0.0002,7,90,0.4251968503937008,0.8666666666666667,0.5769230769230769
6791,HyboNet,2,32,0.0002,7,91,0.4330708661417323,0.8666666666666667,0.5384615384615384
6792,HyboNet,2,32,0.0002,7,92,0.4330708661417323,0.8666666666666667,0.5384615384615384
6793,HyboNet,2,32,0.0002,7,93,0.4330708661417323,0.8666666666666667,0.5384615384615384
6794,HyboNet,2,32,0.0002,7,94,0.4251968503937008,0.8666666666666667,0.5384615384615384
6795,HyboNet,2,32,0.0002,7,95,0.4251968503937008,0.8666666666666667,0.5769230769230769
6796,HyboNet,2,32,0.0002,7,96,0.4330708661417323,0.8666666666666667,0.5769230769230769
6797,HyboNet,2,32,0.0002,7,97,0.4330708661417323,0.8666666666666667,0.5384615384615384
6798,HyboNet,2,32,0.0002,7,98,0.4330708661417323,0.8666666666666667,0.5384615384615384
6799,HyboNet,2,32,0.0002,7,99,0.4330708661417323,0.8666666666666667,0.5384615384615384
6800,HyboNet,2,32,0.0002,8,1,0.31496062992125984,0.36666666666666664,0.4230769230769231
6801,HyboNet,2,32,0.0002,8,10,0.49606299212598426,0.5333333333333333,0.5384615384615384
6802,HyboNet,2,32,0.0002,8,100,0.44881889763779526,0.8,0.38461538461538464
6803,HyboNet,2,32,0.0002,8,11,0.49606299212598426,0.5333333333333333,0.5384615384615384
6804,HyboNet,2,32,0.0002,8,12,0.5039370078740157,0.5666666666666667,0.5384615384615384
6805,HyboNet,2,32,0.0002,8,13,0.5039370078740157,0.6,0.5384615384615384
6806,HyboNet,2,32,0.0002,8,14,0.5118110236220472,0.6,0.5384615384615384
6807,HyboNet,2,32,0.0002,8,15,0.5039370078740157,0.6,0.5384615384615384
6808,HyboNet,2,32,0.0002,8,16,0.5039370078740157,0.6,0.5384615384615384
6809,HyboNet,2,32,0.0002,8,17,0.5039370078740157,0.6,0.5384615384615384
6810,HyboNet,2,32,0.0002,8,18,0.5039370078740157,0.6,0.5384615384615384
6811,HyboNet,2,32,0.0002,8,19,0.5039370078740157,0.6,0.5
6812,HyboNet,2,32,0.0002,8,2,0.31496062992125984,0.4,0.4230769230769231
6813,HyboNet,2,32,0.0002,8,20,0.49606299212598426,0.6,0.5
6814,HyboNet,2,32,0.0002,8,21,0.49606299212598426,0.6,0.5
6815,HyboNet,2,32,0.0002,8,22,0.4881889763779528,0.6,0.5
6816,HyboNet,2,32,0.0002,8,23,0.49606299212598426,0.6,0.5
6817,HyboNet,2,32,0.0002,8,24,0.4881889763779528,0.6,0.5
6818,HyboNet,2,32,0.0002,8,25,0.49606299212598426,0.6,0.5
6819,HyboNet,2,32,0.0002,8,26,0.49606299212598426,0.6,0.5
6820,HyboNet,2,32,0.0002,8,27,0.49606299212598426,0.6,0.46153846153846156
6821,HyboNet,2,32,0.0002,8,28,0.49606299212598426,0.6,0.46153846153846156
6822,HyboNet,2,32,0.0002,8,29,0.49606299212598426,0.6,0.46153846153846156
6823,HyboNet,2,32,0.0002,8,3,0.3779527559055118,0.4666666666666667,0.46153846153846156
6824,HyboNet,2,32,0.0002,8,30,0.49606299212598426,0.6,0.46153846153846156
6825,HyboNet,2,32,0.0002,8,31,0.5039370078740157,0.6,0.46153846153846156
6826,HyboNet,2,32,0.0002,8,32,0.5039370078740157,0.6,0.46153846153846156
6827,HyboNet,2,32,0.0002,8,33,0.5039370078740157,0.6,0.46153846153846156
6828,HyboNet,2,32,0.0002,8,34,0.5118110236220472,0.6,0.46153846153846156
6829,HyboNet,2,32,0.0002,8,35,0.5118110236220472,0.6,0.46153846153846156
6830,HyboNet,2,32,0.0002,8,36,0.5118110236220472,0.6,0.46153846153846156
6831,HyboNet,2,32,0.0002,8,37,0.5118110236220472,0.6333333333333333,0.46153846153846156
6832,HyboNet,2,32,0.0002,8,38,0.5196850393700787,0.6333333333333333,0.46153846153846156
6833,HyboNet,2,32,0.0002,8,39,0.5196850393700787,0.6333333333333333,0.46153846153846156
6834,HyboNet,2,32,0.0002,8,4,0.4251968503937008,0.5,0.46153846153846156
6835,HyboNet,2,32,0.0002,8,40,0.5196850393700787,0.6333333333333333,0.46153846153846156
6836,HyboNet,2,32,0.0002,8,41,0.5196850393700787,0.6333333333333333,0.46153846153846156
6837,HyboNet,2,32,0.0002,8,42,0.5118110236220472,0.6333333333333333,0.46153846153846156
6838,HyboNet,2,32,0.0002,8,43,0.5039370078740157,0.6333333333333333,0.46153846153846156
6839,HyboNet,2,32,0.0002,8,44,0.5039370078740157,0.6333333333333333,0.46153846153846156
6840,HyboNet,2,32,0.0002,8,45,0.5039370078740157,0.6666666666666666,0.46153846153846156
6841,HyboNet,2,32,0.0002,8,46,0.5039370078740157,0.6666666666666666,0.46153846153846156
6842,HyboNet,2,32,0.0002,8,47,0.5039370078740157,0.6666666666666666,0.46153846153846156
6843,HyboNet,2,32,0.0002,8,48,0.49606299212598426,0.6666666666666666,0.46153846153846156
6844,HyboNet,2,32,0.0002,8,49,0.4881889763779528,0.6666666666666666,0.46153846153846156
6845,HyboNet,2,32,0.0002,8,5,0.4645669291338583,0.5,0.5
6846,HyboNet,2,32,0.0002,8,50,0.4881889763779528,0.6666666666666666,0.46153846153846156
6847,HyboNet,2,32,0.0002,8,51,0.48031496062992124,0.6666666666666666,0.46153846153846156
6848,HyboNet,2,32,0.0002,8,52,0.48031496062992124,0.6666666666666666,0.46153846153846156
6849,HyboNet,2,32,0.0002,8,53,0.4881889763779528,0.6666666666666666,0.4230769230769231
6850,HyboNet,2,32,0.0002,8,54,0.48031496062992124,0.6666666666666666,0.4230769230769231
6851,HyboNet,2,32,0.0002,8,55,0.47244094488188976,0.6666666666666666,0.4230769230769231
6852,HyboNet,2,32,0.0002,8,56,0.4645669291338583,0.6666666666666666,0.4230769230769231
6853,HyboNet,2,32,0.0002,8,57,0.4645669291338583,0.7,0.4230769230769231
6854,HyboNet,2,32,0.0002,8,58,0.4566929133858268,0.7,0.4230769230769231
6855,HyboNet,2,32,0.0002,8,59,0.4566929133858268,0.7,0.4230769230769231
6856,HyboNet,2,32,0.0002,8,6,0.48031496062992124,0.5,0.5
6857,HyboNet,2,32,0.0002,8,60,0.4566929133858268,0.7,0.4230769230769231
6858,HyboNet,2,32,0.0002,8,61,0.44881889763779526,0.7,0.4230769230769231
6859,HyboNet,2,32,0.0002,8,62,0.44881889763779526,0.7,0.4230769230769231
6860,HyboNet,2,32,0.0002,8,63,0.4330708661417323,0.7,0.4230769230769231
6861,HyboNet,2,32,0.0002,8,64,0.4251968503937008,0.7,0.4230769230769231
6862,HyboNet,2,32,0.0002,8,65,0.41732283464566927,0.7,0.38461538461538464
6863,HyboNet,2,32,0.0002,8,66,0.41732283464566927,0.7,0.38461538461538464
6864,HyboNet,2,32,0.0002,8,67,0.41732283464566927,0.7,0.38461538461538464
6865,HyboNet,2,32,0.0002,8,68,0.41732283464566927,0.7,0.38461538461538464
6866,HyboNet,2,32,0.0002,8,69,0.41732283464566927,0.7333333333333333,0.38461538461538464
6867,HyboNet,2,32,0.0002,8,7,0.48031496062992124,0.5333333333333333,0.5
6868,HyboNet,2,32,0.0002,8,70,0.4251968503937008,0.7666666666666667,0.38461538461538464
6869,HyboNet,2,32,0.0002,8,71,0.4251968503937008,0.7666666666666667,0.38461538461538464
6870,HyboNet,2,32,0.0002,8,72,0.4251968503937008,0.7666666666666667,0.4230769230769231
6871,HyboNet,2,32,0.0002,8,73,0.4251968503937008,0.7666666666666667,0.4230769230769231
6872,HyboNet,2,32,0.0002,8,74,0.4251968503937008,0.7666666666666667,0.4230769230769231
6873,HyboNet,2,32,0.0002,8,75,0.4330708661417323,0.7666666666666667,0.38461538461538464
6874,HyboNet,2,32,0.0002,8,76,0.4330708661417323,0.7666666666666667,0.38461538461538464
6875,HyboNet,2,32,0.0002,8,77,0.4330708661417323,0.7666666666666667,0.38461538461538464
6876,HyboNet,2,32,0.0002,8,78,0.4251968503937008,0.7666666666666667,0.38461538461538464
6877,HyboNet,2,32,0.0002,8,79,0.4251968503937008,0.7666666666666667,0.38461538461538464
6878,HyboNet,2,32,0.0002,8,8,0.4881889763779528,0.5333333333333333,0.5
6879,HyboNet,2,32,0.0002,8,80,0.4251968503937008,0.7666666666666667,0.38461538461538464
6880,HyboNet,2,32,0.0002,8,81,0.4330708661417323,0.7666666666666667,0.38461538461538464
6881,HyboNet,2,32,0.0002,8,82,0.4330708661417323,0.7666666666666667,0.38461538461538464
6882,HyboNet,2,32,0.0002,8,83,0.4330708661417323,0.7666666666666667,0.38461538461538464
6883,HyboNet,2,32,0.0002,8,84,0.4330708661417323,0.7666666666666667,0.38461538461538464
6884,HyboNet,2,32,0.0002,8,85,0.4409448818897638,0.7666666666666667,0.38461538461538464
6885,HyboNet,2,32,0.0002,8,86,0.4409448818897638,0.7666666666666667,0.38461538461538464
6886,HyboNet,2,32,0.0002,8,87,0.4330708661417323,0.8,0.38461538461538464
6887,HyboNet,2,32,0.0002,8,88,0.4330708661417323,0.8,0.38461538461538464
6888,HyboNet,2,32,0.0002,8,89,0.4330708661417323,0.8,0.38461538461538464
6889,HyboNet,2,32,0.0002,8,9,0.4881889763779528,0.5333333333333333,0.5
6890,HyboNet,2,32,0.0002,8,90,0.4330708661417323,0.8,0.38461538461538464
6891,HyboNet,2,32,0.0002,8,91,0.4409448818897638,0.8,0.38461538461538464
6892,HyboNet,2,32,0.0002,8,92,0.4409448818897638,0.8,0.38461538461538464
6893,HyboNet,2,32,0.0002,8,93,0.44881889763779526,0.8,0.38461538461538464
6894,HyboNet,2,32,0.0002,8,94,0.44881889763779526,0.8,0.38461538461538464
6895,HyboNet,2,32,0.0002,8,95,0.44881889763779526,0.8,0.38461538461538464
6896,HyboNet,2,32,0.0002,8,96,0.44881889763779526,0.8,0.38461538461538464
6897,HyboNet,2,32,0.0002,8,97,0.44881889763779526,0.8,0.38461538461538464
6898,HyboNet,2,32,0.0002,8,98,0.44881889763779526,0.8,0.38461538461538464
6899,HyboNet,2,32,0.0002,8,99,0.44881889763779526,0.8,0.38461538461538464
6900,HyboNet,2,32,0.0002,9,1,0.2992125984251969,0.26666666666666666,0.3076923076923077
6901,HyboNet,2,32,0.0002,9,10,0.49606299212598426,0.6,0.5384615384615384
6902,HyboNet,2,32,0.0002,9,100,0.4566929133858268,0.8333333333333334,0.5384615384615384
6903,HyboNet,2,32,0.0002,9,11,0.49606299212598426,0.6,0.5384615384615384
6904,HyboNet,2,32,0.0002,9,12,0.5196850393700787,0.6,0.5769230769230769
6905,HyboNet,2,32,0.0002,9,13,0.5118110236220472,0.6,0.6153846153846154
6906,HyboNet,2,32,0.0002,9,14,0.5118110236220472,0.6,0.6153846153846154
6907,HyboNet,2,32,0.0002,9,15,0.5039370078740157,0.6,0.6153846153846154
6908,HyboNet,2,32,0.0002,9,16,0.5039370078740157,0.6,0.6153846153846154
6909,HyboNet,2,32,0.0002,9,17,0.49606299212598426,0.6,0.6153846153846154
6910,HyboNet,2,32,0.0002,9,18,0.49606299212598426,0.6333333333333333,0.6153846153846154
6911,HyboNet,2,32,0.0002,9,19,0.48031496062992124,0.6333333333333333,0.6153846153846154
6912,HyboNet,2,32,0.0002,9,2,0.33858267716535434,0.4,0.38461538461538464
6913,HyboNet,2,32,0.0002,9,20,0.4881889763779528,0.6333333333333333,0.6153846153846154
6914,HyboNet,2,32,0.0002,9,21,0.48031496062992124,0.6666666666666666,0.6153846153846154
6915,HyboNet,2,32,0.0002,9,22,0.4881889763779528,0.6666666666666666,0.6153846153846154
6916,HyboNet,2,32,0.0002,9,23,0.49606299212598426,0.6666666666666666,0.5769230769230769
6917,HyboNet,2,32,0.0002,9,24,0.49606299212598426,0.6666666666666666,0.5769230769230769
6918,HyboNet,2,32,0.0002,9,25,0.4881889763779528,0.6666666666666666,0.5384615384615384
6919,HyboNet,2,32,0.0002,9,26,0.4881889763779528,0.6666666666666666,0.5384615384615384
6920,HyboNet,2,32,0.0002,9,27,0.4881889763779528,0.6666666666666666,0.5384615384615384
6921,HyboNet,2,32,0.0002,9,28,0.4881889763779528,0.6666666666666666,0.5384615384615384
6922,HyboNet,2,32,0.0002,9,29,0.4881889763779528,0.6666666666666666,0.5384615384615384
6923,HyboNet,2,32,0.0002,9,3,0.36220472440944884,0.43333333333333335,0.34615384615384615
6924,HyboNet,2,32,0.0002,9,30,0.4881889763779528,0.6666666666666666,0.5384615384615384
6925,HyboNet,2,32,0.0002,9,31,0.4881889763779528,0.6666666666666666,0.5384615384615384
6926,HyboNet,2,32,0.0002,9,32,0.4881889763779528,0.6666666666666666,0.5384615384615384
6927,HyboNet,2,32,0.0002,9,33,0.4881889763779528,0.6666666666666666,0.5384615384615384
6928,HyboNet,2,32,0.0002,9,34,0.4881889763779528,0.6666666666666666,0.5769230769230769
6929,HyboNet,2,32,0.0002,9,35,0.4881889763779528,0.6666666666666666,0.5769230769230769
6930,HyboNet,2,32,0.0002,9,36,0.4881889763779528,0.6666666666666666,0.5769230769230769
6931,HyboNet,2,32,0.0002,9,37,0.4881889763779528,0.7,0.5769230769230769
6932,HyboNet,2,32,0.0002,9,38,0.4881889763779528,0.7,0.5384615384615384
6933,HyboNet,2,32,0.0002,9,39,0.4881889763779528,0.7,0.5384615384615384
6934,HyboNet,2,32,0.0002,9,4,0.4251968503937008,0.43333333333333335,0.5
6935,HyboNet,2,32,0.0002,9,40,0.4881889763779528,0.7,0.5384615384615384
6936,HyboNet,2,32,0.0002,9,41,0.4881889763779528,0.7,0.5384615384615384
6937,HyboNet,2,32,0.0002,9,42,0.48031496062992124,0.7333333333333333,0.5384615384615384
6938,HyboNet,2,32,0.0002,9,43,0.48031496062992124,0.7333333333333333,0.5384615384615384
6939,HyboNet,2,32,0.0002,9,44,0.48031496062992124,0.7333333333333333,0.5384615384615384
6940,HyboNet,2,32,0.0002,9,45,0.48031496062992124,0.7333333333333333,0.5384615384615384
6941,HyboNet,2,32,0.0002,9,46,0.48031496062992124,0.7333333333333333,0.5384615384615384
6942,HyboNet,2,32,0.0002,9,47,0.48031496062992124,0.7333333333333333,0.5384615384615384
6943,HyboNet,2,32,0.0002,9,48,0.48031496062992124,0.7333333333333333,0.5384615384615384
6944,HyboNet,2,32,0.0002,9,49,0.48031496062992124,0.7333333333333333,0.5384615384615384
6945,HyboNet,2,32,0.0002,9,5,0.4645669291338583,0.5,0.5
6946,HyboNet,2,32,0.0002,9,50,0.48031496062992124,0.7333333333333333,0.5384615384615384
6947,HyboNet,2,32,0.0002,9,51,0.48031496062992124,0.7666666666666667,0.5384615384615384
6948,HyboNet,2,32,0.0002,9,52,0.48031496062992124,0.7666666666666667,0.5769230769230769
6949,HyboNet,2,32,0.0002,9,53,0.48031496062992124,0.7666666666666667,0.5769230769230769
6950,HyboNet,2,32,0.0002,9,54,0.48031496062992124,0.7666666666666667,0.5384615384615384
6951,HyboNet,2,32,0.0002,9,55,0.48031496062992124,0.7666666666666667,0.5384615384615384
6952,HyboNet,2,32,0.0002,9,56,0.48031496062992124,0.7666666666666667,0.5384615384615384
6953,HyboNet,2,32,0.0002,9,57,0.48031496062992124,0.7666666666666667,0.5384615384615384
6954,HyboNet,2,32,0.0002,9,58,0.48031496062992124,0.7666666666666667,0.5384615384615384
6955,HyboNet,2,32,0.0002,9,59,0.4881889763779528,0.7666666666666667,0.5384615384615384
6956,HyboNet,2,32,0.0002,9,6,0.47244094488188976,0.5333333333333333,0.5
6957,HyboNet,2,32,0.0002,9,60,0.4881889763779528,0.7666666666666667,0.5384615384615384
6958,HyboNet,2,32,0.0002,9,61,0.4881889763779528,0.7666666666666667,0.5384615384615384
6959,HyboNet,2,32,0.0002,9,62,0.4881889763779528,0.7666666666666667,0.5384615384615384
6960,HyboNet,2,32,0.0002,9,63,0.4881889763779528,0.7666666666666667,0.5384615384615384
6961,HyboNet,2,32,0.0002,9,64,0.4881889763779528,0.8,0.5384615384615384
6962,HyboNet,2,32,0.0002,9,65,0.4881889763779528,0.8,0.5384615384615384
6963,HyboNet,2,32,0.0002,9,66,0.4881889763779528,0.8,0.5384615384615384
6964,HyboNet,2,32,0.0002,9,67,0.4881889763779528,0.8,0.5384615384615384
6965,HyboNet,2,32,0.0002,9,68,0.4881889763779528,0.8,0.5384615384615384
6966,HyboNet,2,32,0.0002,9,69,0.4881889763779528,0.8,0.5384615384615384
6967,HyboNet,2,32,0.0002,9,7,0.48031496062992124,0.5333333333333333,0.5384615384615384
6968,HyboNet,2,32,0.0002,9,70,0.4881889763779528,0.8,0.5384615384615384
6969,HyboNet,2,32,0.0002,9,71,0.48031496062992124,0.8,0.5384615384615384
6970,HyboNet,2,32,0.0002,9,72,0.48031496062992124,0.8,0.5384615384615384
6971,HyboNet,2,32,0.0002,9,73,0.48031496062992124,0.8,0.5384615384615384
6972,HyboNet,2,32,0.0002,9,74,0.48031496062992124,0.8,0.5384615384615384
6973,HyboNet,2,32,0.0002,9,75,0.48031496062992124,0.8,0.5384615384615384
6974,HyboNet,2,32,0.0002,9,76,0.4881889763779528,0.8,0.5384615384615384
6975,HyboNet,2,32,0.0002,9,77,0.48031496062992124,0.8,0.5384615384615384
6976,HyboNet,2,32,0.0002,9,78,0.48031496062992124,0.8,0.5384615384615384
6977,HyboNet,2,32,0.0002,9,79,0.47244094488188976,0.8,0.5384615384615384
6978,HyboNet,2,32,0.0002,9,8,0.48031496062992124,0.5666666666666667,0.5384615384615384
6979,HyboNet,2,32,0.0002,9,80,0.4645669291338583,0.8,0.5384615384615384
6980,HyboNet,2,32,0.0002,9,81,0.4645669291338583,0.8,0.5384615384615384
6981,HyboNet,2,32,0.0002,9,82,0.4645669291338583,0.8,0.5384615384615384
6982,HyboNet,2,32,0.0002,9,83,0.4645669291338583,0.8,0.5384615384615384
6983,HyboNet,2,32,0.0002,9,84,0.4645669291338583,0.8,0.5384615384615384
6984,HyboNet,2,32,0.0002,9,85,0.4645669291338583,0.8,0.5384615384615384
6985,HyboNet,2,32,0.0002,9,86,0.4645669291338583,0.8,0.5384615384615384
6986,HyboNet,2,32,0.0002,9,87,0.4645669291338583,0.8333333333333334,0.5384615384615384
6987,HyboNet,2,32,0.0002,9,88,0.4645669291338583,0.8333333333333334,0.5384615384615384
6988,HyboNet,2,32,0.0002,9,89,0.4645669291338583,0.8333333333333334,0.5384615384615384
6989,HyboNet,2,32,0.0002,9,9,0.49606299212598426,0.6,0.5384615384615384
6990,HyboNet,2,32,0.0002,9,90,0.4566929133858268,0.8333333333333334,0.5384615384615384
6991,HyboNet,2,32,0.0002,9,91,0.4566929133858268,0.8333333333333334,0.5384615384615384
6992,HyboNet,2,32,0.0002,9,92,0.4566929133858268,0.8333333333333334,0.5384615384615384
6993,HyboNet,2,32,0.0002,9,93,0.4566929133858268,0.8333333333333334,0.5384615384615384
6994,HyboNet,2,32,0.0002,9,94,0.4645669291338583,0.8333333333333334,0.5384615384615384
6995,HyboNet,2,32,0.0002,9,95,0.4645669291338583,0.8333333333333334,0.5384615384615384
6996,HyboNet,2,32,0.0002,9,96,0.4645669291338583,0.8333333333333334,0.5384615384615384
6997,HyboNet,2,32,0.0002,9,97,0.4645669291338583,0.8333333333333334,0.5384615384615384
6998,HyboNet,2,32,0.0002,9,98,0.4566929133858268,0.8333333333333334,0.5384615384615384
6999,HyboNet,2,32,0.0002,9,99,0.4566929133858268,0.8333333333333334,0.5384615384615384
7000,HyboNet,2,32,0.001,1,1,0.4015748031496063,0.3333333333333333,0.38461538461538464
7001,HyboNet,2,32,0.001,1,10,0.5275590551181102,0.6,0.5384615384615384
7002,HyboNet,2,32,0.001,1,100,0.44881889763779526,1.0,0.5384615384615384
7003,HyboNet,2,32,0.001,1,11,0.5275590551181102,0.6666666666666666,0.5384615384615384
7004,HyboNet,2,32,0.001,1,12,0.5118110236220472,0.6666666666666666,0.5384615384615384
7005,HyboNet,2,32,0.001,1,13,0.5196850393700787,0.7,0.5384615384615384
7006,HyboNet,2,32,0.001,1,14,0.5275590551181102,0.7,0.5384615384615384
7007,HyboNet,2,32,0.001,1,15,0.5275590551181102,0.7333333333333333,0.5769230769230769
7008,HyboNet,2,32,0.001,1,16,0.5118110236220472,0.7333333333333333,0.5769230769230769
7009,HyboNet,2,32,0.001,1,17,0.5118110236220472,0.8,0.5769230769230769
7010,HyboNet,2,32,0.001,1,18,0.5196850393700787,0.8,0.5769230769230769
7011,HyboNet,2,32,0.001,1,19,0.5275590551181102,0.8,0.5769230769230769
7012,HyboNet,2,32,0.001,1,2,0.47244094488188976,0.5333333333333333,0.5
7013,HyboNet,2,32,0.001,1,20,0.5354330708661418,0.8,0.5769230769230769
7014,HyboNet,2,32,0.001,1,21,0.5354330708661418,0.8,0.5769230769230769
7015,HyboNet,2,32,0.001,1,22,0.5433070866141733,0.7666666666666667,0.5769230769230769
7016,HyboNet,2,32,0.001,1,23,0.5433070866141733,0.7666666666666667,0.5384615384615384
7017,HyboNet,2,32,0.001,1,24,0.5433070866141733,0.7666666666666667,0.5384615384615384
7018,HyboNet,2,32,0.001,1,25,0.5511811023622047,0.7666666666666667,0.5384615384615384
7019,HyboNet,2,32,0.001,1,26,0.5511811023622047,0.7666666666666667,0.5384615384615384
7020,HyboNet,2,32,0.001,1,27,0.5511811023622047,0.8,0.5769230769230769
7021,HyboNet,2,32,0.001,1,28,0.5433070866141733,0.8,0.5769230769230769
7022,HyboNet,2,32,0.001,1,29,0.5433070866141733,0.8,0.5769230769230769
7023,HyboNet,2,32,0.001,1,3,0.5275590551181102,0.6,0.5769230769230769
7024,HyboNet,2,32,0.001,1,30,0.5354330708661418,0.8,0.6153846153846154
7025,HyboNet,2,32,0.001,1,31,0.5354330708661418,0.8333333333333334,0.6153846153846154
7026,HyboNet,2,32,0.001,1,32,0.5354330708661418,0.8333333333333334,0.6153846153846154
7027,HyboNet,2,32,0.001,1,33,0.5433070866141733,0.8666666666666667,0.6153846153846154
7028,HyboNet,2,32,0.001,1,34,0.5354330708661418,0.8666666666666667,0.6538461538461539
7029,HyboNet,2,32,0.001,1,35,0.5433070866141733,0.8666666666666667,0.6153846153846154
7030,HyboNet,2,32,0.001,1,36,0.5354330708661418,0.8666666666666667,0.6153846153846154
7031,HyboNet,2,32,0.001,1,37,0.5275590551181102,0.8666666666666667,0.6153846153846154
7032,HyboNet,2,32,0.001,1,38,0.5196850393700787,0.8666666666666667,0.6153846153846154
7033,HyboNet,2,32,0.001,1,39,0.5196850393700787,0.8666666666666667,0.6153846153846154
7034,HyboNet,2,32,0.001,1,4,0.5275590551181102,0.6,0.5769230769230769
7035,HyboNet,2,32,0.001,1,40,0.5039370078740157,0.8666666666666667,0.6153846153846154
7036,HyboNet,2,32,0.001,1,41,0.5039370078740157,0.8666666666666667,0.6153846153846154
7037,HyboNet,2,32,0.001,1,42,0.4881889763779528,0.9333333333333333,0.6153846153846154
7038,HyboNet,2,32,0.001,1,43,0.4881889763779528,0.9333333333333333,0.6153846153846154
7039,HyboNet,2,32,0.001,1,44,0.48031496062992124,0.9333333333333333,0.6153846153846154
7040,HyboNet,2,32,0.001,1,45,0.48031496062992124,0.9333333333333333,0.5769230769230769
7041,HyboNet,2,32,0.001,1,46,0.47244094488188976,0.9333333333333333,0.6153846153846154
7042,HyboNet,2,32,0.001,1,47,0.4645669291338583,0.9333333333333333,0.6538461538461539
7043,HyboNet,2,32,0.001,1,48,0.4566929133858268,0.9333333333333333,0.6538461538461539
7044,HyboNet,2,32,0.001,1,49,0.4566929133858268,0.9666666666666667,0.6538461538461539
7045,HyboNet,2,32,0.001,1,5,0.5354330708661418,0.6,0.5769230769230769
7046,HyboNet,2,32,0.001,1,50,0.47244094488188976,0.9666666666666667,0.6153846153846154
7047,HyboNet,2,32,0.001,1,51,0.48031496062992124,0.9666666666666667,0.5769230769230769
7048,HyboNet,2,32,0.001,1,52,0.4881889763779528,0.9666666666666667,0.6153846153846154
7049,HyboNet,2,32,0.001,1,53,0.47244094488188976,1.0,0.6153846153846154
7050,HyboNet,2,32,0.001,1,54,0.47244094488188976,1.0,0.6153846153846154
7051,HyboNet,2,32,0.001,1,55,0.47244094488188976,1.0,0.6153846153846154
7052,HyboNet,2,32,0.001,1,56,0.47244094488188976,1.0,0.6153846153846154
7053,HyboNet,2,32,0.001,1,57,0.47244094488188976,1.0,0.6153846153846154
7054,HyboNet,2,32,0.001,1,58,0.4881889763779528,0.9666666666666667,0.6153846153846154
7055,HyboNet,2,32,0.001,1,59,0.4881889763779528,0.9666666666666667,0.6153846153846154
7056,HyboNet,2,32,0.001,1,6,0.5354330708661418,0.6,0.5769230769230769
7057,HyboNet,2,32,0.001,1,60,0.48031496062992124,0.9666666666666667,0.6153846153846154
7058,HyboNet,2,32,0.001,1,61,0.4645669291338583,0.9666666666666667,0.6153846153846154
7059,HyboNet,2,32,0.001,1,62,0.4566929133858268,0.9666666666666667,0.5769230769230769
7060,HyboNet,2,32,0.001,1,63,0.4566929133858268,0.9666666666666667,0.5769230769230769
7061,HyboNet,2,32,0.001,1,64,0.4645669291338583,0.9666666666666667,0.5769230769230769
7062,HyboNet,2,32,0.001,1,65,0.47244094488188976,1.0,0.5769230769230769
7063,HyboNet,2,32,0.001,1,66,0.47244094488188976,1.0,0.6153846153846154
7064,HyboNet,2,32,0.001,1,67,0.48031496062992124,1.0,0.6153846153846154
7065,HyboNet,2,32,0.001,1,68,0.47244094488188976,1.0,0.6153846153846154
7066,HyboNet,2,32,0.001,1,69,0.47244094488188976,1.0,0.6153846153846154
7067,HyboNet,2,32,0.001,1,7,0.5354330708661418,0.6,0.5769230769230769
7068,HyboNet,2,32,0.001,1,70,0.47244094488188976,1.0,0.6153846153846154
7069,HyboNet,2,32,0.001,1,71,0.47244094488188976,1.0,0.6153846153846154
7070,HyboNet,2,32,0.001,1,72,0.48031496062992124,1.0,0.6153846153846154
7071,HyboNet,2,32,0.001,1,73,0.4566929133858268,1.0,0.5769230769230769
7072,HyboNet,2,32,0.001,1,74,0.4409448818897638,1.0,0.5769230769230769
7073,HyboNet,2,32,0.001,1,75,0.4409448818897638,1.0,0.5769230769230769
7074,HyboNet,2,32,0.001,1,76,0.44881889763779526,1.0,0.5769230769230769
7075,HyboNet,2,32,0.001,1,77,0.4566929133858268,1.0,0.5384615384615384
7076,HyboNet,2,32,0.001,1,78,0.4566929133858268,1.0,0.5384615384615384
7077,HyboNet,2,32,0.001,1,79,0.48031496062992124,1.0,0.5384615384615384
7078,HyboNet,2,32,0.001,1,8,0.5354330708661418,0.6,0.5769230769230769
7079,HyboNet,2,32,0.001,1,80,0.47244094488188976,1.0,0.5384615384615384
7080,HyboNet,2,32,0.001,1,81,0.4645669291338583,1.0,0.5384615384615384
7081,HyboNet,2,32,0.001,1,82,0.47244094488188976,1.0,0.5384615384615384
7082,HyboNet,2,32,0.001,1,83,0.47244094488188976,1.0,0.5384615384615384
7083,HyboNet,2,32,0.001,1,84,0.4645669291338583,1.0,0.5384615384615384
7084,HyboNet,2,32,0.001,1,85,0.4645669291338583,1.0,0.5384615384615384
7085,HyboNet,2,32,0.001,1,86,0.47244094488188976,1.0,0.5384615384615384
7086,HyboNet,2,32,0.001,1,87,0.47244094488188976,1.0,0.5384615384615384
7087,HyboNet,2,32,0.001,1,88,0.47244094488188976,1.0,0.5384615384615384
7088,HyboNet,2,32,0.001,1,89,0.4645669291338583,1.0,0.5384615384615384
7089,HyboNet,2,32,0.001,1,9,0.5354330708661418,0.6,0.5769230769230769
7090,HyboNet,2,32,0.001,1,90,0.4566929133858268,1.0,0.5384615384615384
7091,HyboNet,2,32,0.001,1,91,0.44881889763779526,1.0,0.5384615384615384
7092,HyboNet,2,32,0.001,1,92,0.4409448818897638,1.0,0.5384615384615384
7093,HyboNet,2,32,0.001,1,93,0.4409448818897638,1.0,0.5384615384615384
7094,HyboNet,2,32,0.001,1,94,0.44881889763779526,1.0,0.5384615384615384
7095,HyboNet,2,32,0.001,1,95,0.44881889763779526,1.0,0.5384615384615384
7096,HyboNet,2,32,0.001,1,96,0.4409448818897638,1.0,0.5
7097,HyboNet,2,32,0.001,1,97,0.4409448818897638,1.0,0.5
7098,HyboNet,2,32,0.001,1,98,0.44881889763779526,1.0,0.5384615384615384
7099,HyboNet,2,32,0.001,1,99,0.4409448818897638,1.0,0.5384615384615384
7100,HyboNet,2,32,0.001,10,1,0.48031496062992124,0.5,0.5384615384615384
7101,HyboNet,2,32,0.001,10,10,0.5354330708661418,0.6666666666666666,0.5
7102,HyboNet,2,32,0.001,10,100,0.3937007874015748,1.0,0.4230769230769231
7103,HyboNet,2,32,0.001,10,11,0.5354330708661418,0.7,0.5
7104,HyboNet,2,32,0.001,10,12,0.5433070866141733,0.7,0.5
7105,HyboNet,2,32,0.001,10,13,0.5433070866141733,0.7,0.5
7106,HyboNet,2,32,0.001,10,14,0.5433070866141733,0.7,0.5384615384615384
7107,HyboNet,2,32,0.001,10,15,0.5433070866141733,0.7,0.5384615384615384
7108,HyboNet,2,32,0.001,10,16,0.5433070866141733,0.7,0.5384615384615384
7109,HyboNet,2,32,0.001,10,17,0.5433070866141733,0.7333333333333333,0.5384615384615384
7110,HyboNet,2,32,0.001,10,18,0.5433070866141733,0.7333333333333333,0.5384615384615384
7111,HyboNet,2,32,0.001,10,19,0.5511811023622047,0.7333333333333333,0.5384615384615384
7112,HyboNet,2,32,0.001,10,2,0.5354330708661418,0.6,0.5769230769230769
7113,HyboNet,2,32,0.001,10,20,0.5511811023622047,0.7333333333333333,0.5384615384615384
7114,HyboNet,2,32,0.001,10,21,0.5511811023622047,0.7666666666666667,0.5
7115,HyboNet,2,32,0.001,10,22,0.5196850393700787,0.7666666666666667,0.5
7116,HyboNet,2,32,0.001,10,23,0.5039370078740157,0.7666666666666667,0.5
7117,HyboNet,2,32,0.001,10,24,0.5039370078740157,0.8,0.5
7118,HyboNet,2,32,0.001,10,25,0.5039370078740157,0.8,0.5
7119,HyboNet,2,32,0.001,10,26,0.5039370078740157,0.8,0.5
7120,HyboNet,2,32,0.001,10,27,0.5039370078740157,0.8,0.5
7121,HyboNet,2,32,0.001,10,28,0.5039370078740157,0.8,0.5
7122,HyboNet,2,32,0.001,10,29,0.5039370078740157,0.8,0.5384615384615384
7123,HyboNet,2,32,0.001,10,3,0.5354330708661418,0.6,0.5769230769230769
7124,HyboNet,2,32,0.001,10,30,0.5118110236220472,0.8333333333333334,0.5384615384615384
7125,HyboNet,2,32,0.001,10,31,0.5118110236220472,0.8333333333333334,0.5384615384615384
7126,HyboNet,2,32,0.001,10,32,0.4881889763779528,0.8333333333333334,0.4230769230769231
7127,HyboNet,2,32,0.001,10,33,0.47244094488188976,0.8333333333333334,0.4230769230769231
7128,HyboNet,2,32,0.001,10,34,0.48031496062992124,0.8333333333333334,0.4230769230769231
7129,HyboNet,2,32,0.001,10,35,0.48031496062992124,0.8333333333333334,0.4230769230769231
7130,HyboNet,2,32,0.001,10,36,0.48031496062992124,0.8333333333333334,0.4230769230769231
7131,HyboNet,2,32,0.001,10,37,0.48031496062992124,0.8666666666666667,0.4230769230769231
7132,HyboNet,2,32,0.001,10,38,0.4645669291338583,0.9,0.4230769230769231
7133,HyboNet,2,32,0.001,10,39,0.44881889763779526,0.9333333333333333,0.38461538461538464
7134,HyboNet,2,32,0.001,10,4,0.5354330708661418,0.6,0.5769230769230769
7135,HyboNet,2,32,0.001,10,40,0.4409448818897638,0.9333333333333333,0.38461538461538464
7136,HyboNet,2,32,0.001,10,41,0.44881889763779526,0.9333333333333333,0.38461538461538464
7137,HyboNet,2,32,0.001,10,42,0.4409448818897638,0.9666666666666667,0.38461538461538464
7138,HyboNet,2,32,0.001,10,43,0.4409448818897638,0.9666666666666667,0.38461538461538464
7139,HyboNet,2,32,0.001,10,44,0.44881889763779526,0.9666666666666667,0.38461538461538464
7140,HyboNet,2,32,0.001,10,45,0.44881889763779526,1.0,0.38461538461538464
7141,HyboNet,2,32,0.001,10,46,0.44881889763779526,1.0,0.38461538461538464
7142,HyboNet,2,32,0.001,10,47,0.4566929133858268,1.0,0.38461538461538464
7143,HyboNet,2,32,0.001,10,48,0.4645669291338583,1.0,0.38461538461538464
7144,HyboNet,2,32,0.001,10,49,0.4645669291338583,1.0,0.38461538461538464
7145,HyboNet,2,32,0.001,10,5,0.5354330708661418,0.6,0.5384615384615384
7146,HyboNet,2,32,0.001,10,50,0.4566929133858268,1.0,0.4230769230769231
7147,HyboNet,2,32,0.001,10,51,0.4566929133858268,1.0,0.4230769230769231
7148,HyboNet,2,32,0.001,10,52,0.4566929133858268,1.0,0.4230769230769231
7149,HyboNet,2,32,0.001,10,53,0.4566929133858268,1.0,0.4230769230769231
7150,HyboNet,2,32,0.001,10,54,0.44881889763779526,1.0,0.4230769230769231
7151,HyboNet,2,32,0.001,10,55,0.4566929133858268,1.0,0.4230769230769231
7152,HyboNet,2,32,0.001,10,56,0.44881889763779526,1.0,0.4230769230769231
7153,HyboNet,2,32,0.001,10,57,0.44881889763779526,1.0,0.4230769230769231
7154,HyboNet,2,32,0.001,10,58,0.4409448818897638,1.0,0.4230769230769231
7155,HyboNet,2,32,0.001,10,59,0.4409448818897638,1.0,0.4230769230769231
7156,HyboNet,2,32,0.001,10,6,0.5275590551181102,0.6,0.5384615384615384
7157,HyboNet,2,32,0.001,10,60,0.44881889763779526,1.0,0.4230769230769231
7158,HyboNet,2,32,0.001,10,61,0.4330708661417323,1.0,0.4230769230769231
7159,HyboNet,2,32,0.001,10,62,0.4409448818897638,1.0,0.4230769230769231
7160,HyboNet,2,32,0.001,10,63,0.4409448818897638,1.0,0.4230769230769231
7161,HyboNet,2,32,0.001,10,64,0.4409448818897638,1.0,0.4230769230769231
7162,HyboNet,2,32,0.001,10,65,0.4409448818897638,1.0,0.4230769230769231
7163,HyboNet,2,32,0.001,10,66,0.4409448818897638,1.0,0.4230769230769231
7164,HyboNet,2,32,0.001,10,67,0.4330708661417323,1.0,0.46153846153846156
7165,HyboNet,2,32,0.001,10,68,0.4251968503937008,1.0,0.4230769230769231
7166,HyboNet,2,32,0.001,10,69,0.41732283464566927,1.0,0.4230769230769231
7167,HyboNet,2,32,0.001,10,7,0.5275590551181102,0.6,0.5384615384615384
7168,HyboNet,2,32,0.001,10,70,0.41732283464566927,1.0,0.4230769230769231
7169,HyboNet,2,32,0.001,10,71,0.41732283464566927,1.0,0.4230769230769231
7170,HyboNet,2,32,0.001,10,72,0.41732283464566927,1.0,0.4230769230769231
7171,HyboNet,2,32,0.001,10,73,0.41732283464566927,1.0,0.4230769230769231
7172,HyboNet,2,32,0.001,10,74,0.41732283464566927,1.0,0.4230769230769231
7173,HyboNet,2,32,0.001,10,75,0.4330708661417323,1.0,0.4230769230769231
7174,HyboNet,2,32,0.001,10,76,0.4094488188976378,1.0,0.46153846153846156
7175,HyboNet,2,32,0.001,10,77,0.4251968503937008,1.0,0.46153846153846156
7176,HyboNet,2,32,0.001,10,78,0.4330708661417323,1.0,0.4230769230769231
7177,HyboNet,2,32,0.001,10,79,0.4409448818897638,1.0,0.4230769230769231
7178,HyboNet,2,32,0.001,10,8,0.5275590551181102,0.6333333333333333,0.5384615384615384
7179,HyboNet,2,32,0.001,10,80,0.4251968503937008,1.0,0.4230769230769231
7180,HyboNet,2,32,0.001,10,81,0.41732283464566927,1.0,0.4230769230769231
7181,HyboNet,2,32,0.001,10,82,0.4251968503937008,1.0,0.4230769230769231
7182,HyboNet,2,32,0.001,10,83,0.4251968503937008,1.0,0.4230769230769231
7183,HyboNet,2,32,0.001,10,84,0.41732283464566927,1.0,0.46153846153846156
7184,HyboNet,2,32,0.001,10,85,0.41732283464566927,1.0,0.46153846153846156
7185,HyboNet,2,32,0.001,10,86,0.4094488188976378,1.0,0.4230769230769231
7186,HyboNet,2,32,0.001,10,87,0.4094488188976378,1.0,0.4230769230769231
7187,HyboNet,2,32,0.001,10,88,0.4094488188976378,1.0,0.4230769230769231
7188,HyboNet,2,32,0.001,10,89,0.4015748031496063,1.0,0.4230769230769231
7189,HyboNet,2,32,0.001,10,9,0.5354330708661418,0.6666666666666666,0.5
7190,HyboNet,2,32,0.001,10,90,0.3937007874015748,1.0,0.46153846153846156
7191,HyboNet,2,32,0.001,10,91,0.3858267716535433,1.0,0.5
7192,HyboNet,2,32,0.001,10,92,0.3858267716535433,1.0,0.5
7193,HyboNet,2,32,0.001,10,93,0.3937007874015748,1.0,0.5
7194,HyboNet,2,32,0.001,10,94,0.3937007874015748,1.0,0.46153846153846156
7195,HyboNet,2,32,0.001,10,95,0.3937007874015748,1.0,0.46153846153846156
7196,HyboNet,2,32,0.001,10,96,0.3937007874015748,1.0,0.4230769230769231
7197,HyboNet,2,32,0.001,10,97,0.3937007874015748,1.0,0.4230769230769231
7198,HyboNet,2,32,0.001,10,98,0.3937007874015748,1.0,0.4230769230769231
7199,HyboNet,2,32,0.001,10,99,0.3937007874015748,1.0,0.4230769230769231
7200,HyboNet,2,32,0.001,2,1,0.33858267716535434,0.36666666666666664,0.2692307692307692
7201,HyboNet,2,32,0.001,2,10,0.5354330708661418,0.6666666666666666,0.5769230769230769
7202,HyboNet,2,32,0.001,2,100,0.4330708661417323,1.0,0.34615384615384615
7203,HyboNet,2,32,0.001,2,11,0.5433070866141733,0.7666666666666667,0.5769230769230769
7204,HyboNet,2,32,0.001,2,12,0.5433070866141733,0.8,0.5769230769230769
7205,HyboNet,2,32,0.001,2,13,0.5354330708661418,0.8,0.5769230769230769
7206,HyboNet,2,32,0.001,2,14,0.5275590551181102,0.8,0.5384615384615384
7207,HyboNet,2,32,0.001,2,15,0.5275590551181102,0.8,0.5384615384615384
7208,HyboNet,2,32,0.001,2,16,0.5433070866141733,0.8,0.5769230769230769
7209,HyboNet,2,32,0.001,2,17,0.5590551181102362,0.8,0.5769230769230769
7210,HyboNet,2,32,0.001,2,18,0.5511811023622047,0.8,0.5769230769230769
7211,HyboNet,2,32,0.001,2,19,0.5511811023622047,0.8,0.5769230769230769
7212,HyboNet,2,32,0.001,2,2,0.4645669291338583,0.6,0.5769230769230769
7213,HyboNet,2,32,0.001,2,20,0.5511811023622047,0.8,0.5769230769230769
7214,HyboNet,2,32,0.001,2,21,0.5433070866141733,0.8,0.5769230769230769
7215,HyboNet,2,32,0.001,2,22,0.5511811023622047,0.8,0.5769230769230769
7216,HyboNet,2,32,0.001,2,23,0.5590551181102362,0.8,0.5769230769230769
7217,HyboNet,2,32,0.001,2,24,0.5511811023622047,0.8,0.5769230769230769
7218,HyboNet,2,32,0.001,2,25,0.5433070866141733,0.8,0.5769230769230769
7219,HyboNet,2,32,0.001,2,26,0.5511811023622047,0.8,0.5769230769230769
7220,HyboNet,2,32,0.001,2,27,0.5590551181102362,0.8,0.5769230769230769
7221,HyboNet,2,32,0.001,2,28,0.5590551181102362,0.8,0.5769230769230769
7222,HyboNet,2,32,0.001,2,29,0.5433070866141733,0.8,0.5384615384615384
7223,HyboNet,2,32,0.001,2,3,0.5118110236220472,0.6,0.5769230769230769
7224,HyboNet,2,32,0.001,2,30,0.5433070866141733,0.8,0.5384615384615384
7225,HyboNet,2,32,0.001,2,31,0.5354330708661418,0.8,0.5384615384615384
7226,HyboNet,2,32,0.001,2,32,0.5275590551181102,0.8,0.5384615384615384
7227,HyboNet,2,32,0.001,2,33,0.5275590551181102,0.8,0.5769230769230769
7228,HyboNet,2,32,0.001,2,34,0.5354330708661418,0.8,0.5384615384615384
7229,HyboNet,2,32,0.001,2,35,0.5354330708661418,0.8333333333333334,0.5384615384615384
7230,HyboNet,2,32,0.001,2,36,0.5354330708661418,0.8333333333333334,0.5384615384615384
7231,HyboNet,2,32,0.001,2,37,0.5196850393700787,0.8333333333333334,0.5384615384615384
7232,HyboNet,2,32,0.001,2,38,0.5196850393700787,0.8333333333333334,0.5384615384615384
7233,HyboNet,2,32,0.001,2,39,0.5118110236220472,0.8666666666666667,0.5384615384615384
7234,HyboNet,2,32,0.001,2,4,0.5275590551181102,0.6,0.5769230769230769
7235,HyboNet,2,32,0.001,2,40,0.5118110236220472,0.8666666666666667,0.5384615384615384
7236,HyboNet,2,32,0.001,2,41,0.5118110236220472,0.9,0.5384615384615384
7237,HyboNet,2,32,0.001,2,42,0.5196850393700787,0.9,0.5384615384615384
7238,HyboNet,2,32,0.001,2,43,0.5196850393700787,0.9,0.5384615384615384
7239,HyboNet,2,32,0.001,2,44,0.5196850393700787,0.9333333333333333,0.5384615384615384
7240,HyboNet,2,32,0.001,2,45,0.5118110236220472,0.9333333333333333,0.5384615384615384
7241,HyboNet,2,32,0.001,2,46,0.5118110236220472,0.9333333333333333,0.5
7242,HyboNet,2,32,0.001,2,47,0.5039370078740157,0.9333333333333333,0.5
7243,HyboNet,2,32,0.001,2,48,0.4881889763779528,0.9333333333333333,0.5
7244,HyboNet,2,32,0.001,2,49,0.49606299212598426,0.9333333333333333,0.5384615384615384
7245,HyboNet,2,32,0.001,2,5,0.5275590551181102,0.6,0.5769230769230769
7246,HyboNet,2,32,0.001,2,50,0.4881889763779528,0.9333333333333333,0.5384615384615384
7247,HyboNet,2,32,0.001,2,51,0.4881889763779528,1.0,0.5384615384615384
7248,HyboNet,2,32,0.001,2,52,0.4881889763779528,1.0,0.5384615384615384
7249,HyboNet,2,32,0.001,2,53,0.4881889763779528,1.0,0.5384615384615384
7250,HyboNet,2,32,0.001,2,54,0.4881889763779528,1.0,0.5384615384615384
7251,HyboNet,2,32,0.001,2,55,0.49606299212598426,1.0,0.5
7252,HyboNet,2,32,0.001,2,56,0.4881889763779528,1.0,0.5
7253,HyboNet,2,32,0.001,2,57,0.4881889763779528,1.0,0.5
7254,HyboNet,2,32,0.001,2,58,0.4566929133858268,1.0,0.5
7255,HyboNet,2,32,0.001,2,59,0.4881889763779528,1.0,0.5
7256,HyboNet,2,32,0.001,2,6,0.5275590551181102,0.6,0.5769230769230769
7257,HyboNet,2,32,0.001,2,60,0.4881889763779528,1.0,0.5
7258,HyboNet,2,32,0.001,2,61,0.49606299212598426,1.0,0.5
7259,HyboNet,2,32,0.001,2,62,0.4881889763779528,1.0,0.5
7260,HyboNet,2,32,0.001,2,63,0.4881889763779528,1.0,0.5
7261,HyboNet,2,32,0.001,2,64,0.4881889763779528,1.0,0.5
7262,HyboNet,2,32,0.001,2,65,0.48031496062992124,1.0,0.5
7263,HyboNet,2,32,0.001,2,66,0.4251968503937008,1.0,0.5
7264,HyboNet,2,32,0.001,2,67,0.41732283464566927,1.0,0.5
7265,HyboNet,2,32,0.001,2,68,0.4409448818897638,1.0,0.5
7266,HyboNet,2,32,0.001,2,69,0.44881889763779526,1.0,0.5
7267,HyboNet,2,32,0.001,2,7,0.5275590551181102,0.6333333333333333,0.5769230769230769
7268,HyboNet,2,32,0.001,2,70,0.4409448818897638,1.0,0.5
7269,HyboNet,2,32,0.001,2,71,0.4251968503937008,1.0,0.5
7270,HyboNet,2,32,0.001,2,72,0.4330708661417323,1.0,0.46153846153846156
7271,HyboNet,2,32,0.001,2,73,0.4251968503937008,1.0,0.46153846153846156
7272,HyboNet,2,32,0.001,2,74,0.4409448818897638,1.0,0.5
7273,HyboNet,2,32,0.001,2,75,0.4409448818897638,1.0,0.5
7274,HyboNet,2,32,0.001,2,76,0.4566929133858268,1.0,0.5
7275,HyboNet,2,32,0.001,2,77,0.4566929133858268,1.0,0.46153846153846156
7276,HyboNet,2,32,0.001,2,78,0.44881889763779526,1.0,0.46153846153846156
7277,HyboNet,2,32,0.001,2,79,0.4566929133858268,1.0,0.46153846153846156
7278,HyboNet,2,32,0.001,2,8,0.5275590551181102,0.6333333333333333,0.5769230769230769
7279,HyboNet,2,32,0.001,2,80,0.4566929133858268,1.0,0.46153846153846156
7280,HyboNet,2,32,0.001,2,81,0.44881889763779526,1.0,0.46153846153846156
7281,HyboNet,2,32,0.001,2,82,0.4566929133858268,1.0,0.4230769230769231
7282,HyboNet,2,32,0.001,2,83,0.4566929133858268,1.0,0.38461538461538464
7283,HyboNet,2,32,0.001,2,84,0.44881889763779526,1.0,0.4230769230769231
7284,HyboNet,2,32,0.001,2,85,0.4409448818897638,1.0,0.4230769230769231
7285,HyboNet,2,32,0.001,2,86,0.4330708661417323,1.0,0.38461538461538464
7286,HyboNet,2,32,0.001,2,87,0.44881889763779526,1.0,0.4230769230769231
7287,HyboNet,2,32,0.001,2,88,0.44881889763779526,1.0,0.4230769230769231
7288,HyboNet,2,32,0.001,2,89,0.4409448818897638,1.0,0.34615384615384615
7289,HyboNet,2,32,0.001,2,9,0.5275590551181102,0.6666666666666666,0.5769230769230769
7290,HyboNet,2,32,0.001,2,90,0.4330708661417323,1.0,0.34615384615384615
7291,HyboNet,2,32,0.001,2,91,0.4409448818897638,1.0,0.34615384615384615
7292,HyboNet,2,32,0.001,2,92,0.4409448818897638,1.0,0.34615384615384615
7293,HyboNet,2,32,0.001,2,93,0.4251968503937008,1.0,0.34615384615384615
7294,HyboNet,2,32,0.001,2,94,0.4330708661417323,1.0,0.34615384615384615
7295,HyboNet,2,32,0.001,2,95,0.4330708661417323,1.0,0.34615384615384615
7296,HyboNet,2,32,0.001,2,96,0.4330708661417323,1.0,0.34615384615384615
7297,HyboNet,2,32,0.001,2,97,0.4330708661417323,1.0,0.34615384615384615
7298,HyboNet,2,32,0.001,2,98,0.4330708661417323,1.0,0.34615384615384615
7299,HyboNet,2,32,0.001,2,99,0.4330708661417323,1.0,0.34615384615384615
7300,HyboNet,2,32,0.001,3,1,0.2204724409448819,0.3,0.19230769230769232
7301,HyboNet,2,32,0.001,3,10,0.5196850393700787,0.6666666666666666,0.5769230769230769
7302,HyboNet,2,32,0.001,3,100,0.4330708661417323,1.0,0.5
7303,HyboNet,2,32,0.001,3,11,0.5196850393700787,0.7,0.5769230769230769
7304,HyboNet,2,32,0.001,3,12,0.5118110236220472,0.7,0.5769230769230769
7305,HyboNet,2,32,0.001,3,13,0.49606299212598426,0.7,0.5769230769230769
7306,HyboNet,2,32,0.001,3,14,0.48031496062992124,0.7,0.5384615384615384
7307,HyboNet,2,32,0.001,3,15,0.4881889763779528,0.7,0.5384615384615384
7308,HyboNet,2,32,0.001,3,16,0.4881889763779528,0.7333333333333333,0.5384615384615384
7309,HyboNet,2,32,0.001,3,17,0.4881889763779528,0.7333333333333333,0.5384615384615384
7310,HyboNet,2,32,0.001,3,18,0.5118110236220472,0.7333333333333333,0.5384615384615384
7311,HyboNet,2,32,0.001,3,19,0.5118110236220472,0.7333333333333333,0.5384615384615384
7312,HyboNet,2,32,0.001,3,2,0.3543307086614173,0.5333333333333333,0.4230769230769231
7313,HyboNet,2,32,0.001,3,20,0.5196850393700787,0.7333333333333333,0.5384615384615384
7314,HyboNet,2,32,0.001,3,21,0.5196850393700787,0.7333333333333333,0.5384615384615384
7315,HyboNet,2,32,0.001,3,22,0.5196850393700787,0.7333333333333333,0.5384615384615384
7316,HyboNet,2,32,0.001,3,23,0.5196850393700787,0.7666666666666667,0.5384615384615384
7317,HyboNet,2,32,0.001,3,24,0.5196850393700787,0.7666666666666667,0.5384615384615384
7318,HyboNet,2,32,0.001,3,25,0.5275590551181102,0.8,0.5384615384615384
7319,HyboNet,2,32,0.001,3,26,0.5275590551181102,0.8,0.5384615384615384
7320,HyboNet,2,32,0.001,3,27,0.5354330708661418,0.8,0.5384615384615384
7321,HyboNet,2,32,0.001,3,28,0.5354330708661418,0.8,0.5384615384615384
7322,HyboNet,2,32,0.001,3,29,0.5354330708661418,0.8,0.5384615384615384
7323,HyboNet,2,32,0.001,3,3,0.47244094488188976,0.5666666666666667,0.5769230769230769
7324,HyboNet,2,32,0.001,3,30,0.5354330708661418,0.8,0.5384615384615384
7325,HyboNet,2,32,0.001,3,31,0.5354330708661418,0.8,0.5384615384615384
7326,HyboNet,2,32,0.001,3,32,0.5354330708661418,0.8,0.5769230769230769
7327,HyboNet,2,32,0.001,3,33,0.5275590551181102,0.8,0.5769230769230769
7328,HyboNet,2,32,0.001,3,34,0.5275590551181102,0.8,0.5769230769230769
7329,HyboNet,2,32,0.001,3,35,0.5196850393700787,0.8,0.6153846153846154
7330,HyboNet,2,32,0.001,3,36,0.5118110236220472,0.8,0.6153846153846154
7331,HyboNet,2,32,0.001,3,37,0.5039370078740157,0.8,0.6153846153846154
7332,HyboNet,2,32,0.001,3,38,0.5039370078740157,0.8,0.6153846153846154
7333,HyboNet,2,32,0.001,3,39,0.49606299212598426,0.8333333333333334,0.6153846153846154
7334,HyboNet,2,32,0.001,3,4,0.49606299212598426,0.6,0.5769230769230769
7335,HyboNet,2,32,0.001,3,40,0.5039370078740157,0.8333333333333334,0.6153846153846154
7336,HyboNet,2,32,0.001,3,41,0.5118110236220472,0.8333333333333334,0.6153846153846154
7337,HyboNet,2,32,0.001,3,42,0.5039370078740157,0.8333333333333334,0.6153846153846154
7338,HyboNet,2,32,0.001,3,43,0.5039370078740157,0.8333333333333334,0.6153846153846154
7339,HyboNet,2,32,0.001,3,44,0.4881889763779528,0.8333333333333334,0.5384615384615384
7340,HyboNet,2,32,0.001,3,45,0.48031496062992124,0.8333333333333334,0.5384615384615384
7341,HyboNet,2,32,0.001,3,46,0.48031496062992124,0.8333333333333334,0.5384615384615384
7342,HyboNet,2,32,0.001,3,47,0.48031496062992124,0.9,0.5
7343,HyboNet,2,32,0.001,3,48,0.48031496062992124,0.9,0.5
7344,HyboNet,2,32,0.001,3,49,0.4881889763779528,0.9,0.5
7345,HyboNet,2,32,0.001,3,5,0.5196850393700787,0.6,0.5769230769230769
7346,HyboNet,2,32,0.001,3,50,0.4881889763779528,0.9,0.5
7347,HyboNet,2,32,0.001,3,51,0.4881889763779528,0.9,0.5
7348,HyboNet,2,32,0.001,3,52,0.4881889763779528,0.9,0.5
7349,HyboNet,2,32,0.001,3,53,0.48031496062992124,0.9333333333333333,0.5
7350,HyboNet,2,32,0.001,3,54,0.48031496062992124,0.9333333333333333,0.5
7351,HyboNet,2,32,0.001,3,55,0.48031496062992124,0.9333333333333333,0.5
7352,HyboNet,2,32,0.001,3,56,0.48031496062992124,0.9666666666666667,0.5
7353,HyboNet,2,32,0.001,3,57,0.47244094488188976,0.9666666666666667,0.5
7354,HyboNet,2,32,0.001,3,58,0.47244094488188976,0.9666666666666667,0.5
7355,HyboNet,2,32,0.001,3,59,0.47244094488188976,1.0,0.5
7356,HyboNet,2,32,0.001,3,6,0.5196850393700787,0.6,0.5769230769230769
7357,HyboNet,2,32,0.001,3,60,0.47244094488188976,1.0,0.5
7358,HyboNet,2,32,0.001,3,61,0.47244094488188976,1.0,0.5
7359,HyboNet,2,32,0.001,3,62,0.48031496062992124,1.0,0.5
7360,HyboNet,2,32,0.001,3,63,0.48031496062992124,1.0,0.5
7361,HyboNet,2,32,0.001,3,64,0.4881889763779528,1.0,0.5
7362,HyboNet,2,32,0.001,3,65,0.4881889763779528,1.0,0.5
7363,HyboNet,2,32,0.001,3,66,0.4881889763779528,1.0,0.5
7364,HyboNet,2,32,0.001,3,67,0.4881889763779528,1.0,0.5
7365,HyboNet,2,32,0.001,3,68,0.48031496062992124,1.0,0.5
7366,HyboNet,2,32,0.001,3,69,0.48031496062992124,1.0,0.5
7367,HyboNet,2,32,0.001,3,7,0.5196850393700787,0.6333333333333333,0.5769230769230769
7368,HyboNet,2,32,0.001,3,70,0.4881889763779528,1.0,0.5
7369,HyboNet,2,32,0.001,3,71,0.4881889763779528,1.0,0.5
7370,HyboNet,2,32,0.001,3,72,0.4881889763779528,1.0,0.5
7371,HyboNet,2,32,0.001,3,73,0.48031496062992124,1.0,0.5
7372,HyboNet,2,32,0.001,3,74,0.48031496062992124,1.0,0.5
7373,HyboNet,2,32,0.001,3,75,0.49606299212598426,1.0,0.5
7374,HyboNet,2,32,0.001,3,76,0.49606299212598426,1.0,0.5
7375,HyboNet,2,32,0.001,3,77,0.48031496062992124,1.0,0.5
7376,HyboNet,2,32,0.001,3,78,0.48031496062992124,1.0,0.5
7377,HyboNet,2,32,0.001,3,79,0.48031496062992124,1.0,0.5384615384615384
7378,HyboNet,2,32,0.001,3,8,0.5196850393700787,0.6333333333333333,0.5769230769230769
7379,HyboNet,2,32,0.001,3,80,0.48031496062992124,1.0,0.5384615384615384
7380,HyboNet,2,32,0.001,3,81,0.48031496062992124,1.0,0.5384615384615384
7381,HyboNet,2,32,0.001,3,82,0.48031496062992124,1.0,0.5384615384615384
7382,HyboNet,2,32,0.001,3,83,0.48031496062992124,1.0,0.5384615384615384
7383,HyboNet,2,32,0.001,3,84,0.48031496062992124,1.0,0.5384615384615384
7384,HyboNet,2,32,0.001,3,85,0.47244094488188976,1.0,0.5384615384615384
7385,HyboNet,2,32,0.001,3,86,0.47244094488188976,1.0,0.5769230769230769
7386,HyboNet,2,32,0.001,3,87,0.47244094488188976,1.0,0.5769230769230769
7387,HyboNet,2,32,0.001,3,88,0.47244094488188976,1.0,0.5384615384615384
7388,HyboNet,2,32,0.001,3,89,0.44881889763779526,1.0,0.46153846153846156
7389,HyboNet,2,32,0.001,3,9,0.5196850393700787,0.6333333333333333,0.5769230769230769
7390,HyboNet,2,32,0.001,3,90,0.4409448818897638,1.0,0.46153846153846156
7391,HyboNet,2,32,0.001,3,91,0.4409448818897638,1.0,0.46153846153846156
7392,HyboNet,2,32,0.001,3,92,0.4409448818897638,1.0,0.46153846153846156
7393,HyboNet,2,32,0.001,3,93,0.4409448818897638,1.0,0.46153846153846156
7394,HyboNet,2,32,0.001,3,94,0.44881889763779526,1.0,0.46153846153846156
7395,HyboNet,2,32,0.001,3,95,0.44881889763779526,1.0,0.4230769230769231
7396,HyboNet,2,32,0.001,3,96,0.4409448818897638,1.0,0.5
7397,HyboNet,2,32,0.001,3,97,0.4409448818897638,1.0,0.46153846153846156
7398,HyboNet,2,32,0.001,3,98,0.4330708661417323,1.0,0.46153846153846156
7399,HyboNet,2,32,0.001,3,99,0.4330708661417323,1.0,0.46153846153846156
7400,HyboNet,2,32,0.001,4,1,0.25196850393700787,0.16666666666666666,0.3076923076923077
7401,HyboNet,2,32,0.001,4,10,0.5275590551181102,0.6,0.5769230769230769
7402,HyboNet,2,32,0.001,4,100,0.4015748031496063,1.0,0.4230769230769231
7403,HyboNet,2,32,0.001,4,11,0.5275590551181102,0.6,0.5769230769230769
7404,HyboNet,2,32,0.001,4,12,0.5354330708661418,0.6,0.5769230769230769
7405,HyboNet,2,32,0.001,4,13,0.5433070866141733,0.6,0.5769230769230769
7406,HyboNet,2,32,0.001,4,14,0.5433070866141733,0.6333333333333333,0.5769230769230769
7407,HyboNet,2,32,0.001,4,15,0.5511811023622047,0.7,0.5769230769230769
7408,HyboNet,2,32,0.001,4,16,0.5433070866141733,0.7333333333333333,0.5769230769230769
7409,HyboNet,2,32,0.001,4,17,0.5196850393700787,0.7666666666666667,0.5384615384615384
7410,HyboNet,2,32,0.001,4,18,0.5039370078740157,0.7666666666666667,0.5769230769230769
7411,HyboNet,2,32,0.001,4,19,0.48031496062992124,0.8,0.6153846153846154
7412,HyboNet,2,32,0.001,4,2,0.3543307086614173,0.5333333333333333,0.46153846153846156
7413,HyboNet,2,32,0.001,4,20,0.4409448818897638,0.8,0.5769230769230769
7414,HyboNet,2,32,0.001,4,21,0.4409448818897638,0.8,0.5384615384615384
7415,HyboNet,2,32,0.001,4,22,0.4330708661417323,0.8,0.46153846153846156
7416,HyboNet,2,32,0.001,4,23,0.4015748031496063,0.8,0.46153846153846156
7417,HyboNet,2,32,0.001,4,24,0.4015748031496063,0.8,0.4230769230769231
7418,HyboNet,2,32,0.001,4,25,0.4015748031496063,0.8,0.4230769230769231
7419,HyboNet,2,32,0.001,4,26,0.4094488188976378,0.8,0.4230769230769231
7420,HyboNet,2,32,0.001,4,27,0.4094488188976378,0.8,0.46153846153846156
7421,HyboNet,2,32,0.001,4,28,0.4094488188976378,0.8,0.5384615384615384
7422,HyboNet,2,32,0.001,4,29,0.41732283464566927,0.8,0.5384615384615384
7423,HyboNet,2,32,0.001,4,3,0.4409448818897638,0.6,0.5
7424,HyboNet,2,32,0.001,4,30,0.4330708661417323,0.8,0.5769230769230769
7425,HyboNet,2,32,0.001,4,31,0.44881889763779526,0.8,0.6153846153846154
7426,HyboNet,2,32,0.001,4,32,0.4566929133858268,0.8,0.6153846153846154
7427,HyboNet,2,32,0.001,4,33,0.4645669291338583,0.8,0.6153846153846154
7428,HyboNet,2,32,0.001,4,34,0.47244094488188976,0.8,0.6153846153846154
7429,HyboNet,2,32,0.001,4,35,0.49606299212598426,0.8,0.6538461538461539
7430,HyboNet,2,32,0.001,4,36,0.49606299212598426,0.8,0.6538461538461539
7431,HyboNet,2,32,0.001,4,37,0.49606299212598426,0.8,0.6538461538461539
7432,HyboNet,2,32,0.001,4,38,0.4881889763779528,0.8,0.6538461538461539
7433,HyboNet,2,32,0.001,4,39,0.4881889763779528,0.8333333333333334,0.6538461538461539
7434,HyboNet,2,32,0.001,4,4,0.5118110236220472,0.6,0.5769230769230769
7435,HyboNet,2,32,0.001,4,40,0.4881889763779528,0.8333333333333334,0.6538461538461539
7436,HyboNet,2,32,0.001,4,41,0.48031496062992124,0.8333333333333334,0.6538461538461539
7437,HyboNet,2,32,0.001,4,42,0.47244094488188976,0.8333333333333334,0.6538461538461539
7438,HyboNet,2,32,0.001,4,43,0.4645669291338583,0.8666666666666667,0.6153846153846154
7439,HyboNet,2,32,0.001,4,44,0.47244094488188976,0.9,0.6153846153846154
7440,HyboNet,2,32,0.001,4,45,0.4645669291338583,0.9333333333333333,0.6153846153846154
7441,HyboNet,2,32,0.001,4,46,0.4330708661417323,0.9333333333333333,0.6153846153846154
7442,HyboNet,2,32,0.001,4,47,0.4409448818897638,0.9333333333333333,0.5769230769230769
7443,HyboNet,2,32,0.001,4,48,0.41732283464566927,0.9333333333333333,0.5769230769230769
7444,HyboNet,2,32,0.001,4,49,0.4094488188976378,0.9333333333333333,0.5384615384615384
7445,HyboNet,2,32,0.001,4,5,0.5275590551181102,0.6,0.5769230769230769
7446,HyboNet,2,32,0.001,4,50,0.4094488188976378,0.9666666666666667,0.5
7447,HyboNet,2,32,0.001,4,51,0.3937007874015748,0.9666666666666667,0.5
7448,HyboNet,2,32,0.001,4,52,0.4015748031496063,0.9666666666666667,0.46153846153846156
7449,HyboNet,2,32,0.001,4,53,0.3937007874015748,0.9666666666666667,0.46153846153846156
7450,HyboNet,2,32,0.001,4,54,0.3937007874015748,0.9666666666666667,0.46153846153846156
7451,HyboNet,2,32,0.001,4,55,0.3858267716535433,0.9666666666666667,0.46153846153846156
7452,HyboNet,2,32,0.001,4,56,0.3858267716535433,0.9666666666666667,0.46153846153846156
7453,HyboNet,2,32,0.001,4,57,0.3779527559055118,0.9666666666666667,0.46153846153846156
7454,HyboNet,2,32,0.001,4,58,0.3858267716535433,0.9666666666666667,0.46153846153846156
7455,HyboNet,2,32,0.001,4,59,0.3858267716535433,0.9666666666666667,0.46153846153846156
7456,HyboNet,2,32,0.001,4,6,0.5275590551181102,0.6,0.5769230769230769
7457,HyboNet,2,32,0.001,4,60,0.3937007874015748,1.0,0.46153846153846156
7458,HyboNet,2,32,0.001,4,61,0.3937007874015748,1.0,0.46153846153846156
7459,HyboNet,2,32,0.001,4,62,0.3937007874015748,1.0,0.46153846153846156
7460,HyboNet,2,32,0.001,4,63,0.4015748031496063,1.0,0.46153846153846156
7461,HyboNet,2,32,0.001,4,64,0.4094488188976378,1.0,0.46153846153846156
7462,HyboNet,2,32,0.001,4,65,0.3937007874015748,1.0,0.46153846153846156
7463,HyboNet,2,32,0.001,4,66,0.3700787401574803,1.0,0.46153846153846156
7464,HyboNet,2,32,0.001,4,67,0.3700787401574803,1.0,0.46153846153846156
7465,HyboNet,2,32,0.001,4,68,0.3700787401574803,1.0,0.46153846153846156
7466,HyboNet,2,32,0.001,4,69,0.3700787401574803,1.0,0.46153846153846156
7467,HyboNet,2,32,0.001,4,7,0.5275590551181102,0.6,0.5769230769230769
7468,HyboNet,2,32,0.001,4,70,0.3779527559055118,1.0,0.46153846153846156
7469,HyboNet,2,32,0.001,4,71,0.3779527559055118,1.0,0.46153846153846156
7470,HyboNet,2,32,0.001,4,72,0.3779527559055118,1.0,0.46153846153846156
7471,HyboNet,2,32,0.001,4,73,0.4094488188976378,1.0,0.46153846153846156
7472,HyboNet,2,32,0.001,4,74,0.4094488188976378,1.0,0.46153846153846156
7473,HyboNet,2,32,0.001,4,75,0.4094488188976378,1.0,0.46153846153846156
7474,HyboNet,2,32,0.001,4,76,0.4094488188976378,1.0,0.46153846153846156
7475,HyboNet,2,32,0.001,4,77,0.4094488188976378,1.0,0.46153846153846156
7476,HyboNet,2,32,0.001,4,78,0.4094488188976378,1.0,0.46153846153846156
7477,HyboNet,2,32,0.001,4,79,0.4251968503937008,1.0,0.46153846153846156
7478,HyboNet,2,32,0.001,4,8,0.5275590551181102,0.6,0.5769230769230769
7479,HyboNet,2,32,0.001,4,80,0.4251968503937008,1.0,0.46153846153846156
7480,HyboNet,2,32,0.001,4,81,0.4330708661417323,1.0,0.46153846153846156
7481,HyboNet,2,32,0.001,4,82,0.4251968503937008,1.0,0.46153846153846156
7482,HyboNet,2,32,0.001,4,83,0.4251968503937008,1.0,0.46153846153846156
7483,HyboNet,2,32,0.001,4,84,0.4330708661417323,1.0,0.46153846153846156
7484,HyboNet,2,32,0.001,4,85,0.4251968503937008,1.0,0.46153846153846156
7485,HyboNet,2,32,0.001,4,86,0.4094488188976378,1.0,0.4230769230769231
7486,HyboNet,2,32,0.001,4,87,0.4094488188976378,1.0,0.4230769230769231
7487,HyboNet,2,32,0.001,4,88,0.4330708661417323,1.0,0.46153846153846156
7488,HyboNet,2,32,0.001,4,89,0.4251968503937008,1.0,0.46153846153846156
7489,HyboNet,2,32,0.001,4,9,0.5275590551181102,0.6,0.5769230769230769
7490,HyboNet,2,32,0.001,4,90,0.4251968503937008,1.0,0.46153846153846156
7491,HyboNet,2,32,0.001,4,91,0.4330708661417323,1.0,0.46153846153846156
7492,HyboNet,2,32,0.001,4,92,0.4251968503937008,1.0,0.46153846153846156
7493,HyboNet,2,32,0.001,4,93,0.4251968503937008,1.0,0.5
7494,HyboNet,2,32,0.001,4,94,0.4251968503937008,1.0,0.5
7495,HyboNet,2,32,0.001,4,95,0.4251968503937008,1.0,0.5
7496,HyboNet,2,32,0.001,4,96,0.4330708661417323,1.0,0.46153846153846156
7497,HyboNet,2,32,0.001,4,97,0.4330708661417323,1.0,0.46153846153846156
7498,HyboNet,2,32,0.001,4,98,0.4251968503937008,1.0,0.4230769230769231
7499,HyboNet,2,32,0.001,4,99,0.4251968503937008,1.0,0.4230769230769231
7500,HyboNet,2,32,0.001,5,1,0.2047244094488189,0.23333333333333334,0.15384615384615385
7501,HyboNet,2,32,0.001,5,10,0.5354330708661418,0.6,0.5769230769230769
7502,HyboNet,2,32,0.001,5,100,0.47244094488188976,1.0,0.6153846153846154
7503,HyboNet,2,32,0.001,5,11,0.5354330708661418,0.6,0.5769230769230769
7504,HyboNet,2,32,0.001,5,12,0.5354330708661418,0.6,0.5769230769230769
7505,HyboNet,2,32,0.001,5,13,0.5354330708661418,0.6,0.5769230769230769
7506,HyboNet,2,32,0.001,5,14,0.5354330708661418,0.6,0.5769230769230769
7507,HyboNet,2,32,0.001,5,15,0.5354330708661418,0.6,0.5769230769230769
7508,HyboNet,2,32,0.001,5,16,0.5354330708661418,0.6,0.5769230769230769
7509,HyboNet,2,32,0.001,5,17,0.5354330708661418,0.6,0.5769230769230769
7510,HyboNet,2,32,0.001,5,18,0.5354330708661418,0.6333333333333333,0.5769230769230769
7511,HyboNet,2,32,0.001,5,19,0.5354330708661418,0.6333333333333333,0.5769230769230769
7512,HyboNet,2,32,0.001,5,2,0.30708661417322836,0.5,0.23076923076923078
7513,HyboNet,2,32,0.001,5,20,0.5354330708661418,0.6333333333333333,0.5769230769230769
7514,HyboNet,2,32,0.001,5,21,0.5354330708661418,0.6333333333333333,0.5769230769230769
7515,HyboNet,2,32,0.001,5,22,0.5433070866141733,0.6333333333333333,0.5769230769230769
7516,HyboNet,2,32,0.001,5,23,0.5433070866141733,0.6666666666666666,0.5769230769230769
7517,HyboNet,2,32,0.001,5,24,0.5511811023622047,0.7,0.5384615384615384
7518,HyboNet,2,32,0.001,5,25,0.5511811023622047,0.7,0.5384615384615384
7519,HyboNet,2,32,0.001,5,26,0.5511811023622047,0.7,0.5384615384615384
7520,HyboNet,2,32,0.001,5,27,0.5511811023622047,0.7,0.5384615384615384
7521,HyboNet,2,32,0.001,5,28,0.5511811023622047,0.7333333333333333,0.5384615384615384
7522,HyboNet,2,32,0.001,5,29,0.5511811023622047,0.7333333333333333,0.5384615384615384
7523,HyboNet,2,32,0.001,5,3,0.3937007874015748,0.5,0.19230769230769232
7524,HyboNet,2,32,0.001,5,30,0.5511811023622047,0.7333333333333333,0.5384615384615384
7525,HyboNet,2,32,0.001,5,31,0.5511811023622047,0.7333333333333333,0.5384615384615384
7526,HyboNet,2,32,0.001,5,32,0.5511811023622047,0.7333333333333333,0.5384615384615384
7527,HyboNet,2,32,0.001,5,33,0.5590551181102362,0.7333333333333333,0.5384615384615384
7528,HyboNet,2,32,0.001,5,34,0.5669291338582677,0.7666666666666667,0.5384615384615384
7529,HyboNet,2,32,0.001,5,35,0.5511811023622047,0.7666666666666667,0.5384615384615384
7530,HyboNet,2,32,0.001,5,36,0.5433070866141733,0.7666666666666667,0.5384615384615384
7531,HyboNet,2,32,0.001,5,37,0.5433070866141733,0.7666666666666667,0.5384615384615384
7532,HyboNet,2,32,0.001,5,38,0.5433070866141733,0.7666666666666667,0.5384615384615384
7533,HyboNet,2,32,0.001,5,39,0.5511811023622047,0.7666666666666667,0.5384615384615384
7534,HyboNet,2,32,0.001,5,4,0.4015748031496063,0.6,0.46153846153846156
7535,HyboNet,2,32,0.001,5,40,0.5433070866141733,0.7666666666666667,0.5384615384615384
7536,HyboNet,2,32,0.001,5,41,0.5433070866141733,0.8,0.5384615384615384
7537,HyboNet,2,32,0.001,5,42,0.5433070866141733,0.8,0.5384615384615384
7538,HyboNet,2,32,0.001,5,43,0.5433070866141733,0.8,0.5384615384615384
7539,HyboNet,2,32,0.001,5,44,0.5433070866141733,0.8,0.5384615384615384
7540,HyboNet,2,32,0.001,5,45,0.5433070866141733,0.8,0.5384615384615384
7541,HyboNet,2,32,0.001,5,46,0.5433070866141733,0.8,0.5384615384615384
7542,HyboNet,2,32,0.001,5,47,0.5433070866141733,0.8,0.5384615384615384
7543,HyboNet,2,32,0.001,5,48,0.5354330708661418,0.8,0.5384615384615384
7544,HyboNet,2,32,0.001,5,49,0.5433070866141733,0.8,0.5384615384615384
7545,HyboNet,2,32,0.001,5,5,0.49606299212598426,0.6,0.5
7546,HyboNet,2,32,0.001,5,50,0.5354330708661418,0.8,0.5384615384615384
7547,HyboNet,2,32,0.001,5,51,0.5275590551181102,0.8,0.5384615384615384
7548,HyboNet,2,32,0.001,5,52,0.5433070866141733,0.8,0.5384615384615384
7549,HyboNet,2,32,0.001,5,53,0.5354330708661418,0.8666666666666667,0.5384615384615384
7550,HyboNet,2,32,0.001,5,54,0.5354330708661418,0.9,0.5384615384615384
7551,HyboNet,2,32,0.001,5,55,0.5196850393700787,0.9,0.5384615384615384
7552,HyboNet,2,32,0.001,5,56,0.5039370078740157,0.9333333333333333,0.5384615384615384
7553,HyboNet,2,32,0.001,5,57,0.49606299212598426,0.9333333333333333,0.5769230769230769
7554,HyboNet,2,32,0.001,5,58,0.49606299212598426,0.9333333333333333,0.5384615384615384
7555,HyboNet,2,32,0.001,5,59,0.49606299212598426,0.9333333333333333,0.5769230769230769
7556,HyboNet,2,32,0.001,5,6,0.5275590551181102,0.6,0.5769230769230769
7557,HyboNet,2,32,0.001,5,60,0.49606299212598426,0.9666666666666667,0.5769230769230769
7558,HyboNet,2,32,0.001,5,61,0.49606299212598426,0.9666666666666667,0.5769230769230769
7559,HyboNet,2,32,0.001,5,62,0.48031496062992124,0.9666666666666667,0.5769230769230769
7560,HyboNet,2,32,0.001,5,63,0.4881889763779528,0.9666666666666667,0.5769230769230769
7561,HyboNet,2,32,0.001,5,64,0.4881889763779528,0.9666666666666667,0.5769230769230769
7562,HyboNet,2,32,0.001,5,65,0.49606299212598426,0.9666666666666667,0.5769230769230769
7563,HyboNet,2,32,0.001,5,66,0.49606299212598426,0.9666666666666667,0.5769230769230769
7564,HyboNet,2,32,0.001,5,67,0.49606299212598426,0.9666666666666667,0.5769230769230769
7565,HyboNet,2,32,0.001,5,68,0.49606299212598426,0.9666666666666667,0.5769230769230769
7566,HyboNet,2,32,0.001,5,69,0.49606299212598426,0.9666666666666667,0.5769230769230769
7567,HyboNet,2,32,0.001,5,7,0.5354330708661418,0.6,0.5769230769230769
7568,HyboNet,2,32,0.001,5,70,0.49606299212598426,0.9666666666666667,0.5769230769230769
7569,HyboNet,2,32,0.001,5,71,0.5039370078740157,0.9666666666666667,0.5384615384615384
7570,HyboNet,2,32,0.001,5,72,0.4881889763779528,1.0,0.5384615384615384
7571,HyboNet,2,32,0.001,5,73,0.4881889763779528,1.0,0.5384615384615384
7572,HyboNet,2,32,0.001,5,74,0.4881889763779528,1.0,0.5384615384615384
7573,HyboNet,2,32,0.001,5,75,0.49606299212598426,1.0,0.5384615384615384
7574,HyboNet,2,32,0.001,5,76,0.49606299212598426,1.0,0.6153846153846154
7575,HyboNet,2,32,0.001,5,77,0.4881889763779528,1.0,0.6153846153846154
7576,HyboNet,2,32,0.001,5,78,0.47244094488188976,1.0,0.6153846153846154
7577,HyboNet,2,32,0.001,5,79,0.47244094488188976,1.0,0.6153846153846154
7578,HyboNet,2,32,0.001,5,8,0.5354330708661418,0.6,0.5769230769230769
7579,HyboNet,2,32,0.001,5,80,0.47244094488188976,1.0,0.6153846153846154
7580,HyboNet,2,32,0.001,5,81,0.4645669291338583,1.0,0.6153846153846154
7581,HyboNet,2,32,0.001,5,82,0.4645669291338583,1.0,0.6153846153846154
7582,HyboNet,2,32,0.001,5,83,0.4645669291338583,1.0,0.6153846153846154
7583,HyboNet,2,32,0.001,5,84,0.4645669291338583,1.0,0.6153846153846154
7584,HyboNet,2,32,0.001,5,85,0.4645669291338583,1.0,0.6153846153846154
7585,HyboNet,2,32,0.001,5,86,0.4645669291338583,1.0,0.6153846153846154
7586,HyboNet,2,32,0.001,5,87,0.47244094488188976,1.0,0.6153846153846154
7587,HyboNet,2,32,0.001,5,88,0.48031496062992124,1.0,0.6153846153846154
7588,HyboNet,2,32,0.001,5,89,0.48031496062992124,1.0,0.6538461538461539
7589,HyboNet,2,32,0.001,5,9,0.5354330708661418,0.6,0.5769230769230769
7590,HyboNet,2,32,0.001,5,90,0.48031496062992124,1.0,0.6538461538461539
7591,HyboNet,2,32,0.001,5,91,0.48031496062992124,1.0,0.6538461538461539
7592,HyboNet,2,32,0.001,5,92,0.47244094488188976,1.0,0.6538461538461539
7593,HyboNet,2,32,0.001,5,93,0.4645669291338583,1.0,0.6153846153846154
7594,HyboNet,2,32,0.001,5,94,0.4645669291338583,1.0,0.6153846153846154
7595,HyboNet,2,32,0.001,5,95,0.4566929133858268,1.0,0.6153846153846154
7596,HyboNet,2,32,0.001,5,96,0.4566929133858268,1.0,0.6153846153846154
7597,HyboNet,2,32,0.001,5,97,0.4566929133858268,1.0,0.6153846153846154
7598,HyboNet,2,32,0.001,5,98,0.4645669291338583,1.0,0.6153846153846154
7599,HyboNet,2,32,0.001,5,99,0.4645669291338583,1.0,0.6153846153846154
7600,HyboNet,2,32,0.001,6,1,0.3228346456692913,0.5333333333333333,0.23076923076923078
7601,HyboNet,2,32,0.001,6,10,0.5354330708661418,0.6666666666666666,0.5769230769230769
7602,HyboNet,2,32,0.001,6,100,0.4094488188976378,1.0,0.23076923076923078
7603,HyboNet,2,32,0.001,6,11,0.5354330708661418,0.6666666666666666,0.5769230769230769
7604,HyboNet,2,32,0.001,6,12,0.5354330708661418,0.6666666666666666,0.5769230769230769
7605,HyboNet,2,32,0.001,6,13,0.5354330708661418,0.6666666666666666,0.5769230769230769
7606,HyboNet,2,32,0.001,6,14,0.5354330708661418,0.6666666666666666,0.5769230769230769
7607,HyboNet,2,32,0.001,6,15,0.5354330708661418,0.7,0.5769230769230769
7608,HyboNet,2,32,0.001,6,16,0.5275590551181102,0.7,0.5769230769230769
7609,HyboNet,2,32,0.001,6,17,0.5511811023622047,0.7,0.5769230769230769
7610,HyboNet,2,32,0.001,6,18,0.5511811023622047,0.7,0.5769230769230769
7611,HyboNet,2,32,0.001,6,19,0.5433070866141733,0.7333333333333333,0.5384615384615384
7612,HyboNet,2,32,0.001,6,2,0.4645669291338583,0.6666666666666666,0.46153846153846156
7613,HyboNet,2,32,0.001,6,20,0.5354330708661418,0.8,0.5384615384615384
7614,HyboNet,2,32,0.001,6,21,0.5354330708661418,0.8,0.5
7615,HyboNet,2,32,0.001,6,22,0.5275590551181102,0.8,0.5
7616,HyboNet,2,32,0.001,6,23,0.5275590551181102,0.8,0.5
7617,HyboNet,2,32,0.001,6,24,0.5275590551181102,0.8,0.46153846153846156
7618,HyboNet,2,32,0.001,6,25,0.5039370078740157,0.8,0.46153846153846156
7619,HyboNet,2,32,0.001,6,26,0.49606299212598426,0.8,0.38461538461538464
7620,HyboNet,2,32,0.001,6,27,0.49606299212598426,0.8,0.38461538461538464
7621,HyboNet,2,32,0.001,6,28,0.49606299212598426,0.8,0.4230769230769231
7622,HyboNet,2,32,0.001,6,29,0.5039370078740157,0.8,0.38461538461538464
7623,HyboNet,2,32,0.001,6,3,0.5196850393700787,0.6333333333333333,0.5769230769230769
7624,HyboNet,2,32,0.001,6,30,0.49606299212598426,0.8,0.4230769230769231
7625,HyboNet,2,32,0.001,6,31,0.5039370078740157,0.8,0.4230769230769231
7626,HyboNet,2,32,0.001,6,32,0.5039370078740157,0.8,0.4230769230769231
7627,HyboNet,2,32,0.001,6,33,0.49606299212598426,0.8,0.4230769230769231
7628,HyboNet,2,32,0.001,6,34,0.49606299212598426,0.8,0.4230769230769231
7629,HyboNet,2,32,0.001,6,35,0.5039370078740157,0.8,0.38461538461538464
7630,HyboNet,2,32,0.001,6,36,0.4881889763779528,0.8666666666666667,0.4230769230769231
7631,HyboNet,2,32,0.001,6,37,0.48031496062992124,0.9,0.4230769230769231
7632,HyboNet,2,32,0.001,6,38,0.48031496062992124,0.9,0.4230769230769231
7633,HyboNet,2,32,0.001,6,39,0.4881889763779528,0.9333333333333333,0.38461538461538464
7634,HyboNet,2,32,0.001,6,4,0.5354330708661418,0.6333333333333333,0.5769230769230769
7635,HyboNet,2,32,0.001,6,40,0.49606299212598426,0.9333333333333333,0.38461538461538464
7636,HyboNet,2,32,0.001,6,41,0.47244094488188976,0.9333333333333333,0.38461538461538464
7637,HyboNet,2,32,0.001,6,42,0.47244094488188976,0.9333333333333333,0.38461538461538464
7638,HyboNet,2,32,0.001,6,43,0.4566929133858268,0.9333333333333333,0.38461538461538464
7639,HyboNet,2,32,0.001,6,44,0.4566929133858268,0.9666666666666667,0.34615384615384615
7640,HyboNet,2,32,0.001,6,45,0.44881889763779526,1.0,0.34615384615384615
7641,HyboNet,2,32,0.001,6,46,0.4409448818897638,1.0,0.34615384615384615
7642,HyboNet,2,32,0.001,6,47,0.44881889763779526,1.0,0.34615384615384615
7643,HyboNet,2,32,0.001,6,48,0.44881889763779526,1.0,0.34615384615384615
7644,HyboNet,2,32,0.001,6,49,0.4566929133858268,1.0,0.34615384615384615
7645,HyboNet,2,32,0.001,6,5,0.5354330708661418,0.6333333333333333,0.5769230769230769
7646,HyboNet,2,32,0.001,6,50,0.4566929133858268,1.0,0.34615384615384615
7647,HyboNet,2,32,0.001,6,51,0.4645669291338583,1.0,0.3076923076923077
7648,HyboNet,2,32,0.001,6,52,0.4645669291338583,1.0,0.34615384615384615
7649,HyboNet,2,32,0.001,6,53,0.47244094488188976,1.0,0.34615384615384615
7650,HyboNet,2,32,0.001,6,54,0.4645669291338583,1.0,0.34615384615384615
7651,HyboNet,2,32,0.001,6,55,0.4645669291338583,1.0,0.34615384615384615
7652,HyboNet,2,32,0.001,6,56,0.4645669291338583,1.0,0.34615384615384615
7653,HyboNet,2,32,0.001,6,57,0.4566929133858268,1.0,0.34615384615384615
7654,HyboNet,2,32,0.001,6,58,0.4881889763779528,1.0,0.34615384615384615
7655,HyboNet,2,32,0.001,6,59,0.4881889763779528,1.0,0.34615384615384615
7656,HyboNet,2,32,0.001,6,6,0.5354330708661418,0.6,0.5769230769230769
7657,HyboNet,2,32,0.001,6,60,0.48031496062992124,1.0,0.34615384615384615
7658,HyboNet,2,32,0.001,6,61,0.47244094488188976,1.0,0.34615384615384615
7659,HyboNet,2,32,0.001,6,62,0.48031496062992124,1.0,0.34615384615384615
7660,HyboNet,2,32,0.001,6,63,0.48031496062992124,1.0,0.34615384615384615
7661,HyboNet,2,32,0.001,6,64,0.48031496062992124,1.0,0.34615384615384615
7662,HyboNet,2,32,0.001,6,65,0.4881889763779528,1.0,0.34615384615384615
7663,HyboNet,2,32,0.001,6,66,0.48031496062992124,1.0,0.34615384615384615
7664,HyboNet,2,32,0.001,6,67,0.47244094488188976,1.0,0.34615384615384615
7665,HyboNet,2,32,0.001,6,68,0.47244094488188976,1.0,0.34615384615384615
7666,HyboNet,2,32,0.001,6,69,0.4566929133858268,1.0,0.34615384615384615
7667,HyboNet,2,32,0.001,6,7,0.5354330708661418,0.6333333333333333,0.5769230769230769
7668,HyboNet,2,32,0.001,6,70,0.44881889763779526,1.0,0.3076923076923077
7669,HyboNet,2,32,0.001,6,71,0.4409448818897638,1.0,0.3076923076923077
7670,HyboNet,2,32,0.001,6,72,0.4409448818897638,1.0,0.3076923076923077
7671,HyboNet,2,32,0.001,6,73,0.4409448818897638,1.0,0.2692307692307692
7672,HyboNet,2,32,0.001,6,74,0.4409448818897638,1.0,0.2692307692307692
7673,HyboNet,2,32,0.001,6,75,0.4409448818897638,1.0,0.2692307692307692
7674,HyboNet,2,32,0.001,6,76,0.4409448818897638,1.0,0.2692307692307692
7675,HyboNet,2,32,0.001,6,77,0.4330708661417323,1.0,0.2692307692307692
7676,HyboNet,2,32,0.001,6,78,0.41732283464566927,1.0,0.2692307692307692
7677,HyboNet,2,32,0.001,6,79,0.4094488188976378,1.0,0.2692307692307692
7678,HyboNet,2,32,0.001,6,8,0.5354330708661418,0.6333333333333333,0.5769230769230769
7679,HyboNet,2,32,0.001,6,80,0.4094488188976378,1.0,0.2692307692307692
7680,HyboNet,2,32,0.001,6,81,0.41732283464566927,1.0,0.2692307692307692
7681,HyboNet,2,32,0.001,6,82,0.41732283464566927,1.0,0.2692307692307692
7682,HyboNet,2,32,0.001,6,83,0.41732283464566927,1.0,0.2692307692307692
7683,HyboNet,2,32,0.001,6,84,0.4094488188976378,1.0,0.2692307692307692
7684,HyboNet,2,32,0.001,6,85,0.4094488188976378,1.0,0.2692307692307692
7685,HyboNet,2,32,0.001,6,86,0.41732283464566927,1.0,0.2692307692307692
7686,HyboNet,2,32,0.001,6,87,0.41732283464566927,1.0,0.2692307692307692
7687,HyboNet,2,32,0.001,6,88,0.41732283464566927,1.0,0.2692307692307692
7688,HyboNet,2,32,0.001,6,89,0.4094488188976378,1.0,0.2692307692307692
7689,HyboNet,2,32,0.001,6,9,0.5354330708661418,0.6666666666666666,0.5769230769230769
7690,HyboNet,2,32,0.001,6,90,0.4094488188976378,1.0,0.2692307692307692
7691,HyboNet,2,32,0.001,6,91,0.4015748031496063,1.0,0.2692307692307692
7692,HyboNet,2,32,0.001,6,92,0.4015748031496063,1.0,0.2692307692307692
7693,HyboNet,2,32,0.001,6,93,0.4015748031496063,1.0,0.3076923076923077
7694,HyboNet,2,32,0.001,6,94,0.4015748031496063,1.0,0.2692307692307692
7695,HyboNet,2,32,0.001,6,95,0.4015748031496063,1.0,0.2692307692307692
7696,HyboNet,2,32,0.001,6,96,0.3937007874015748,1.0,0.2692307692307692
7697,HyboNet,2,32,0.001,6,97,0.4094488188976378,1.0,0.23076923076923078
7698,HyboNet,2,32,0.001,6,98,0.4094488188976378,1.0,0.23076923076923078
7699,HyboNet,2,32,0.001,6,99,0.4094488188976378,1.0,0.23076923076923078
7700,HyboNet,2,32,0.001,7,1,0.2755905511811024,0.3333333333333333,0.34615384615384615
7701,HyboNet,2,32,0.001,7,10,0.5354330708661418,0.6666666666666666,0.5
7702,HyboNet,2,32,0.001,7,100,0.4566929133858268,1.0,0.34615384615384615
7703,HyboNet,2,32,0.001,7,11,0.5433070866141733,0.6666666666666666,0.46153846153846156
7704,HyboNet,2,32,0.001,7,12,0.5354330708661418,0.6666666666666666,0.46153846153846156
7705,HyboNet,2,32,0.001,7,13,0.5275590551181102,0.6666666666666666,0.4230769230769231
7706,HyboNet,2,32,0.001,7,14,0.5275590551181102,0.7333333333333333,0.4230769230769231
7707,HyboNet,2,32,0.001,7,15,0.5275590551181102,0.7333333333333333,0.4230769230769231
7708,HyboNet,2,32,0.001,7,16,0.5275590551181102,0.7666666666666667,0.4230769230769231
7709,HyboNet,2,32,0.001,7,17,0.5275590551181102,0.7666666666666667,0.4230769230769231
7710,HyboNet,2,32,0.001,7,18,0.5275590551181102,0.7666666666666667,0.4230769230769231
7711,HyboNet,2,32,0.001,7,19,0.5275590551181102,0.7666666666666667,0.4230769230769231
7712,HyboNet,2,32,0.001,7,2,0.44881889763779526,0.5666666666666667,0.46153846153846156
7713,HyboNet,2,32,0.001,7,20,0.5275590551181102,0.7666666666666667,0.4230769230769231
7714,HyboNet,2,32,0.001,7,21,0.5433070866141733,0.7666666666666667,0.4230769230769231
7715,HyboNet,2,32,0.001,7,22,0.5433070866141733,0.7666666666666667,0.46153846153846156
7716,HyboNet,2,32,0.001,7,23,0.5433070866141733,0.7666666666666667,0.46153846153846156
7717,HyboNet,2,32,0.001,7,24,0.5511811023622047,0.8,0.46153846153846156
7718,HyboNet,2,32,0.001,7,25,0.5511811023622047,0.8,0.46153846153846156
7719,HyboNet,2,32,0.001,7,26,0.5511811023622047,0.8,0.4230769230769231
7720,HyboNet,2,32,0.001,7,27,0.5590551181102362,0.8,0.4230769230769231
7721,HyboNet,2,32,0.001,7,28,0.5590551181102362,0.8,0.4230769230769231
7722,HyboNet,2,32,0.001,7,29,0.5669291338582677,0.8,0.46153846153846156
7723,HyboNet,2,32,0.001,7,3,0.5275590551181102,0.6,0.5
7724,HyboNet,2,32,0.001,7,30,0.5669291338582677,0.8333333333333334,0.46153846153846156
7725,HyboNet,2,32,0.001,7,31,0.5748031496062992,0.8333333333333334,0.4230769230769231
7726,HyboNet,2,32,0.001,7,32,0.5984251968503937,0.8333333333333334,0.4230769230769231
7727,HyboNet,2,32,0.001,7,33,0.5984251968503937,0.8333333333333334,0.46153846153846156
7728,HyboNet,2,32,0.001,7,34,0.5905511811023622,0.8333333333333334,0.46153846153846156
7729,HyboNet,2,32,0.001,7,35,0.5826771653543307,0.8333333333333334,0.46153846153846156
7730,HyboNet,2,32,0.001,7,36,0.5669291338582677,0.8333333333333334,0.46153846153846156
7731,HyboNet,2,32,0.001,7,37,0.5354330708661418,0.8666666666666667,0.46153846153846156
7732,HyboNet,2,32,0.001,7,38,0.5275590551181102,0.8666666666666667,0.4230769230769231
7733,HyboNet,2,32,0.001,7,39,0.5275590551181102,0.9,0.4230769230769231
7734,HyboNet,2,32,0.001,7,4,0.5354330708661418,0.6,0.5
7735,HyboNet,2,32,0.001,7,40,0.5196850393700787,0.9,0.4230769230769231
7736,HyboNet,2,32,0.001,7,41,0.5196850393700787,0.9,0.4230769230769231
7737,HyboNet,2,32,0.001,7,42,0.5039370078740157,0.9,0.4230769230769231
7738,HyboNet,2,32,0.001,7,43,0.49606299212598426,0.9,0.4230769230769231
7739,HyboNet,2,32,0.001,7,44,0.49606299212598426,0.9333333333333333,0.4230769230769231
7740,HyboNet,2,32,0.001,7,45,0.5039370078740157,0.9333333333333333,0.4230769230769231
7741,HyboNet,2,32,0.001,7,46,0.48031496062992124,0.9666666666666667,0.4230769230769231
7742,HyboNet,2,32,0.001,7,47,0.47244094488188976,0.9666666666666667,0.46153846153846156
7743,HyboNet,2,32,0.001,7,48,0.4645669291338583,0.9666666666666667,0.46153846153846156
7744,HyboNet,2,32,0.001,7,49,0.4566929133858268,0.9666666666666667,0.46153846153846156
7745,HyboNet,2,32,0.001,7,5,0.5354330708661418,0.6,0.5
7746,HyboNet,2,32,0.001,7,50,0.4409448818897638,0.9666666666666667,0.4230769230769231
7747,HyboNet,2,32,0.001,7,51,0.4409448818897638,0.9666666666666667,0.4230769230769231
7748,HyboNet,2,32,0.001,7,52,0.4409448818897638,0.9666666666666667,0.4230769230769231
7749,HyboNet,2,32,0.001,7,53,0.4251968503937008,0.9666666666666667,0.4230769230769231
7750,HyboNet,2,32,0.001,7,54,0.4094488188976378,0.9666666666666667,0.4230769230769231
7751,HyboNet,2,32,0.001,7,55,0.4094488188976378,0.9666666666666667,0.38461538461538464
7752,HyboNet,2,32,0.001,7,56,0.41732283464566927,0.9666666666666667,0.38461538461538464
7753,HyboNet,2,32,0.001,7,57,0.4094488188976378,0.9666666666666667,0.38461538461538464
7754,HyboNet,2,32,0.001,7,58,0.3937007874015748,0.9666666666666667,0.38461538461538464
7755,HyboNet,2,32,0.001,7,59,0.4015748031496063,0.9666666666666667,0.38461538461538464
7756,HyboNet,2,32,0.001,7,6,0.5433070866141733,0.6,0.5384615384615384
7757,HyboNet,2,32,0.001,7,60,0.4094488188976378,0.9666666666666667,0.38461538461538464
7758,HyboNet,2,32,0.001,7,61,0.4094488188976378,1.0,0.38461538461538464
7759,HyboNet,2,32,0.001,7,62,0.4094488188976378,1.0,0.38461538461538464
7760,HyboNet,2,32,0.001,7,63,0.4094488188976378,1.0,0.38461538461538464
7761,HyboNet,2,32,0.001,7,64,0.4094488188976378,1.0,0.38461538461538464
7762,HyboNet,2,32,0.001,7,65,0.4094488188976378,1.0,0.38461538461538464
7763,HyboNet,2,32,0.001,7,66,0.4015748031496063,1.0,0.38461538461538464
7764,HyboNet,2,32,0.001,7,67,0.4015748031496063,1.0,0.38461538461538464
7765,HyboNet,2,32,0.001,7,68,0.4015748031496063,1.0,0.38461538461538464
7766,HyboNet,2,32,0.001,7,69,0.4015748031496063,1.0,0.38461538461538464
7767,HyboNet,2,32,0.001,7,7,0.5433070866141733,0.6333333333333333,0.5
7768,HyboNet,2,32,0.001,7,70,0.4015748031496063,1.0,0.38461538461538464
7769,HyboNet,2,32,0.001,7,71,0.4015748031496063,1.0,0.38461538461538464
7770,HyboNet,2,32,0.001,7,72,0.4015748031496063,1.0,0.38461538461538464
7771,HyboNet,2,32,0.001,7,73,0.4094488188976378,1.0,0.38461538461538464
7772,HyboNet,2,32,0.001,7,74,0.4251968503937008,1.0,0.38461538461538464
7773,HyboNet,2,32,0.001,7,75,0.41732283464566927,1.0,0.38461538461538464
7774,HyboNet,2,32,0.001,7,76,0.4251968503937008,1.0,0.38461538461538464
7775,HyboNet,2,32,0.001,7,77,0.4251968503937008,1.0,0.38461538461538464
7776,HyboNet,2,32,0.001,7,78,0.4251968503937008,1.0,0.38461538461538464
7777,HyboNet,2,32,0.001,7,79,0.4330708661417323,1.0,0.38461538461538464
7778,HyboNet,2,32,0.001,7,8,0.5433070866141733,0.6333333333333333,0.5
7779,HyboNet,2,32,0.001,7,80,0.4330708661417323,1.0,0.3076923076923077
7780,HyboNet,2,32,0.001,7,81,0.4409448818897638,1.0,0.3076923076923077
7781,HyboNet,2,32,0.001,7,82,0.44881889763779526,1.0,0.3076923076923077
7782,HyboNet,2,32,0.001,7,83,0.4645669291338583,1.0,0.3076923076923077
7783,HyboNet,2,32,0.001,7,84,0.4645669291338583,1.0,0.3076923076923077
7784,HyboNet,2,32,0.001,7,85,0.4645669291338583,1.0,0.3076923076923077
7785,HyboNet,2,32,0.001,7,86,0.4645669291338583,1.0,0.3076923076923077
7786,HyboNet,2,32,0.001,7,87,0.4566929133858268,1.0,0.3076923076923077
7787,HyboNet,2,32,0.001,7,88,0.4566929133858268,1.0,0.3076923076923077
7788,HyboNet,2,32,0.001,7,89,0.4566929133858268,1.0,0.3076923076923077
7789,HyboNet,2,32,0.001,7,9,0.5511811023622047,0.6666666666666666,0.5
7790,HyboNet,2,32,0.001,7,90,0.4566929133858268,1.0,0.3076923076923077
7791,HyboNet,2,32,0.001,7,91,0.4566929133858268,1.0,0.3076923076923077
7792,HyboNet,2,32,0.001,7,92,0.4645669291338583,1.0,0.3076923076923077
7793,HyboNet,2,32,0.001,7,93,0.4645669291338583,1.0,0.3076923076923077
7794,HyboNet,2,32,0.001,7,94,0.4645669291338583,1.0,0.3076923076923077
7795,HyboNet,2,32,0.001,7,95,0.4645669291338583,1.0,0.3076923076923077
7796,HyboNet,2,32,0.001,7,96,0.4645669291338583,1.0,0.3076923076923077
7797,HyboNet,2,32,0.001,7,97,0.4566929133858268,1.0,0.34615384615384615
7798,HyboNet,2,32,0.001,7,98,0.44881889763779526,1.0,0.34615384615384615
7799,HyboNet,2,32,0.001,7,99,0.44881889763779526,1.0,0.34615384615384615
7800,HyboNet,2,32,0.001,8,1,0.2125984251968504,0.3333333333333333,0.15384615384615385
7801,HyboNet,2,32,0.001,8,10,0.5354330708661418,0.6,0.5769230769230769
7802,HyboNet,2,32,0.001,8,100,0.3937007874015748,1.0,0.5
7803,HyboNet,2,32,0.001,8,11,0.5354330708661418,0.6,0.5769230769230769
7804,HyboNet,2,32,0.001,8,12,0.5354330708661418,0.6,0.5769230769230769
7805,HyboNet,2,32,0.001,8,13,0.5354330708661418,0.6,0.5769230769230769
7806,HyboNet,2,32,0.001,8,14,0.5354330708661418,0.6,0.5769230769230769
7807,HyboNet,2,32,0.001,8,15,0.5354330708661418,0.6,0.5769230769230769
7808,HyboNet,2,32,0.001,8,16,0.5354330708661418,0.6333333333333333,0.5769230769230769
7809,HyboNet,2,32,0.001,8,17,0.5511811023622047,0.6333333333333333,0.5384615384615384
7810,HyboNet,2,32,0.001,8,18,0.5511811023622047,0.6666666666666666,0.5384615384615384
7811,HyboNet,2,32,0.001,8,19,0.5511811023622047,0.7,0.5384615384615384
7812,HyboNet,2,32,0.001,8,2,0.2755905511811024,0.5666666666666667,0.2692307692307692
7813,HyboNet,2,32,0.001,8,20,0.5511811023622047,0.7,0.5384615384615384
7814,HyboNet,2,32,0.001,8,21,0.5511811023622047,0.7666666666666667,0.5
7815,HyboNet,2,32,0.001,8,22,0.5354330708661418,0.7666666666666667,0.5
7816,HyboNet,2,32,0.001,8,23,0.5039370078740157,0.7666666666666667,0.46153846153846156
7817,HyboNet,2,32,0.001,8,24,0.5039370078740157,0.7666666666666667,0.5
7818,HyboNet,2,32,0.001,8,25,0.5118110236220472,0.7666666666666667,0.5
7819,HyboNet,2,32,0.001,8,26,0.5118110236220472,0.8,0.5
7820,HyboNet,2,32,0.001,8,27,0.5118110236220472,0.8,0.5
7821,HyboNet,2,32,0.001,8,28,0.49606299212598426,0.8,0.5
7822,HyboNet,2,32,0.001,8,29,0.4881889763779528,0.8,0.5
7823,HyboNet,2,32,0.001,8,3,0.3700787401574803,0.5666666666666667,0.34615384615384615
7824,HyboNet,2,32,0.001,8,30,0.5039370078740157,0.8,0.5
7825,HyboNet,2,32,0.001,8,31,0.5039370078740157,0.8,0.5
7826,HyboNet,2,32,0.001,8,32,0.5039370078740157,0.8,0.5
7827,HyboNet,2,32,0.001,8,33,0.5039370078740157,0.8,0.5
7828,HyboNet,2,32,0.001,8,34,0.5039370078740157,0.8333333333333334,0.5
7829,HyboNet,2,32,0.001,8,35,0.5039370078740157,0.8333333333333334,0.5384615384615384
7830,HyboNet,2,32,0.001,8,36,0.5039370078740157,0.8333333333333334,0.5384615384615384
7831,HyboNet,2,32,0.001,8,37,0.5039370078740157,0.8333333333333334,0.5384615384615384
7832,HyboNet,2,32,0.001,8,38,0.4881889763779528,0.8333333333333334,0.5769230769230769
7833,HyboNet,2,32,0.001,8,39,0.49606299212598426,0.8333333333333334,0.5769230769230769
7834,HyboNet,2,32,0.001,8,4,0.44881889763779526,0.6333333333333333,0.46153846153846156
7835,HyboNet,2,32,0.001,8,40,0.49606299212598426,0.8666666666666667,0.5769230769230769
7836,HyboNet,2,32,0.001,8,41,0.5039370078740157,0.8666666666666667,0.5769230769230769
7837,HyboNet,2,32,0.001,8,42,0.49606299212598426,0.9,0.5769230769230769
7838,HyboNet,2,32,0.001,8,43,0.5039370078740157,0.9,0.5769230769230769
7839,HyboNet,2,32,0.001,8,44,0.5039370078740157,0.9,0.5384615384615384
7840,HyboNet,2,32,0.001,8,45,0.5196850393700787,0.9,0.5384615384615384
7841,HyboNet,2,32,0.001,8,46,0.5118110236220472,0.9,0.5384615384615384
7842,HyboNet,2,32,0.001,8,47,0.49606299212598426,0.9333333333333333,0.5384615384615384
7843,HyboNet,2,32,0.001,8,48,0.49606299212598426,0.9333333333333333,0.5384615384615384
7844,HyboNet,2,32,0.001,8,49,0.5039370078740157,0.9333333333333333,0.5384615384615384
7845,HyboNet,2,32,0.001,8,5,0.5118110236220472,0.5666666666666667,0.5384615384615384
7846,HyboNet,2,32,0.001,8,50,0.5039370078740157,0.9333333333333333,0.5769230769230769
7847,HyboNet,2,32,0.001,8,51,0.5118110236220472,0.9333333333333333,0.5769230769230769
7848,HyboNet,2,32,0.001,8,52,0.5039370078740157,0.9666666666666667,0.5769230769230769
7849,HyboNet,2,32,0.001,8,53,0.5118110236220472,0.9666666666666667,0.5769230769230769
7850,HyboNet,2,32,0.001,8,54,0.4881889763779528,0.9666666666666667,0.5769230769230769
7851,HyboNet,2,32,0.001,8,55,0.4881889763779528,1.0,0.5769230769230769
7852,HyboNet,2,32,0.001,8,56,0.4881889763779528,1.0,0.5384615384615384
7853,HyboNet,2,32,0.001,8,57,0.4881889763779528,1.0,0.5384615384615384
7854,HyboNet,2,32,0.001,8,58,0.4881889763779528,1.0,0.5384615384615384
7855,HyboNet,2,32,0.001,8,59,0.4881889763779528,1.0,0.5384615384615384
7856,HyboNet,2,32,0.001,8,6,0.5354330708661418,0.6,0.5384615384615384
7857,HyboNet,2,32,0.001,8,60,0.4881889763779528,1.0,0.5384615384615384
7858,HyboNet,2,32,0.001,8,61,0.4881889763779528,1.0,0.5384615384615384
7859,HyboNet,2,32,0.001,8,62,0.4881889763779528,1.0,0.5
7860,HyboNet,2,32,0.001,8,63,0.4881889763779528,1.0,0.5
7861,HyboNet,2,32,0.001,8,64,0.4881889763779528,1.0,0.5
7862,HyboNet,2,32,0.001,8,65,0.48031496062992124,1.0,0.5
7863,HyboNet,2,32,0.001,8,66,0.47244094488188976,1.0,0.5
7864,HyboNet,2,32,0.001,8,67,0.4645669291338583,1.0,0.5
7865,HyboNet,2,32,0.001,8,68,0.47244094488188976,1.0,0.5
7866,HyboNet,2,32,0.001,8,69,0.47244094488188976,1.0,0.5
7867,HyboNet,2,32,0.001,8,7,0.5354330708661418,0.6,0.5384615384615384
7868,HyboNet,2,32,0.001,8,70,0.47244094488188976,1.0,0.5
7869,HyboNet,2,32,0.001,8,71,0.47244094488188976,1.0,0.5
7870,HyboNet,2,32,0.001,8,72,0.4566929133858268,1.0,0.5
7871,HyboNet,2,32,0.001,8,73,0.4566929133858268,1.0,0.5
7872,HyboNet,2,32,0.001,8,74,0.4566929133858268,1.0,0.5
7873,HyboNet,2,32,0.001,8,75,0.4645669291338583,1.0,0.5
7874,HyboNet,2,32,0.001,8,76,0.4566929133858268,1.0,0.46153846153846156
7875,HyboNet,2,32,0.001,8,77,0.4566929133858268,1.0,0.46153846153846156
7876,HyboNet,2,32,0.001,8,78,0.4566929133858268,0.9666666666666667,0.46153846153846156
7877,HyboNet,2,32,0.001,8,79,0.4566929133858268,0.9666666666666667,0.5
7878,HyboNet,2,32,0.001,8,8,0.5354330708661418,0.6,0.5384615384615384
7879,HyboNet,2,32,0.001,8,80,0.44881889763779526,0.9666666666666667,0.5
7880,HyboNet,2,32,0.001,8,81,0.44881889763779526,0.9666666666666667,0.5
7881,HyboNet,2,32,0.001,8,82,0.44881889763779526,0.9666666666666667,0.5
7882,HyboNet,2,32,0.001,8,83,0.44881889763779526,1.0,0.5
7883,HyboNet,2,32,0.001,8,84,0.44881889763779526,1.0,0.5
7884,HyboNet,2,32,0.001,8,85,0.44881889763779526,1.0,0.5
7885,HyboNet,2,32,0.001,8,86,0.44881889763779526,1.0,0.5
7886,HyboNet,2,32,0.001,8,87,0.4409448818897638,1.0,0.5
7887,HyboNet,2,32,0.001,8,88,0.4251968503937008,1.0,0.5
7888,HyboNet,2,32,0.001,8,89,0.41732283464566927,1.0,0.5
7889,HyboNet,2,32,0.001,8,9,0.5354330708661418,0.6,0.5769230769230769
7890,HyboNet,2,32,0.001,8,90,0.4251968503937008,1.0,0.46153846153846156
7891,HyboNet,2,32,0.001,8,91,0.4015748031496063,1.0,0.46153846153846156
7892,HyboNet,2,32,0.001,8,92,0.4015748031496063,1.0,0.46153846153846156
7893,HyboNet,2,32,0.001,8,93,0.4015748031496063,1.0,0.46153846153846156
7894,HyboNet,2,32,0.001,8,94,0.4015748031496063,1.0,0.5
7895,HyboNet,2,32,0.001,8,95,0.4015748031496063,1.0,0.5
7896,HyboNet,2,32,0.001,8,96,0.4015748031496063,1.0,0.5
7897,HyboNet,2,32,0.001,8,97,0.3937007874015748,1.0,0.5
7898,HyboNet,2,32,0.001,8,98,0.3937007874015748,1.0,0.5
7899,HyboNet,2,32,0.001,8,99,0.3937007874015748,1.0,0.5
7900,HyboNet,2,32,0.001,9,1,0.29133858267716534,0.4,0.11538461538461539
7901,HyboNet,2,32,0.001,9,10,0.5433070866141733,0.6333333333333333,0.5384615384615384
7902,HyboNet,2,32,0.001,9,100,0.4881889763779528,1.0,0.34615384615384615
7903,HyboNet,2,32,0.001,9,11,0.5433070866141733,0.6666666666666666,0.5384615384615384
7904,HyboNet,2,32,0.001,9,12,0.5354330708661418,0.6666666666666666,0.5384615384615384
7905,HyboNet,2,32,0.001,9,13,0.5354330708661418,0.7333333333333333,0.5
7906,HyboNet,2,32,0.001,9,14,0.5433070866141733,0.7666666666666667,0.5
7907,HyboNet,2,32,0.001,9,15,0.5433070866141733,0.7666666666666667,0.5
7908,HyboNet,2,32,0.001,9,16,0.5433070866141733,0.7666666666666667,0.5
7909,HyboNet,2,32,0.001,9,17,0.5433070866141733,0.7666666666666667,0.46153846153846156
7910,HyboNet,2,32,0.001,9,18,0.5275590551181102,0.8,0.46153846153846156
7911,HyboNet,2,32,0.001,9,19,0.5275590551181102,0.8,0.46153846153846156
7912,HyboNet,2,32,0.001,9,2,0.49606299212598426,0.5666666666666667,0.5
7913,HyboNet,2,32,0.001,9,20,0.5275590551181102,0.8,0.4230769230769231
7914,HyboNet,2,32,0.001,9,21,0.5275590551181102,0.8,0.4230769230769231
7915,HyboNet,2,32,0.001,9,22,0.5275590551181102,0.8,0.4230769230769231
7916,HyboNet,2,32,0.001,9,23,0.5275590551181102,0.8,0.4230769230769231
7917,HyboNet,2,32,0.001,9,24,0.5196850393700787,0.8,0.4230769230769231
7918,HyboNet,2,32,0.001,9,25,0.5118110236220472,0.8,0.4230769230769231
7919,HyboNet,2,32,0.001,9,26,0.5118110236220472,0.8,0.4230769230769231
7920,HyboNet,2,32,0.001,9,27,0.5118110236220472,0.8333333333333334,0.38461538461538464
7921,HyboNet,2,32,0.001,9,28,0.5118110236220472,0.8333333333333334,0.38461538461538464
7922,HyboNet,2,32,0.001,9,29,0.5118110236220472,0.8333333333333334,0.38461538461538464
7923,HyboNet,2,32,0.001,9,3,0.5275590551181102,0.5666666666666667,0.5384615384615384
7924,HyboNet,2,32,0.001,9,30,0.5196850393700787,0.8333333333333334,0.38461538461538464
7925,HyboNet,2,32,0.001,9,31,0.5196850393700787,0.8333333333333334,0.38461538461538464
7926,HyboNet,2,32,0.001,9,32,0.5275590551181102,0.8333333333333334,0.4230769230769231
7927,HyboNet,2,32,0.001,9,33,0.5275590551181102,0.8333333333333334,0.4230769230769231
7928,HyboNet,2,32,0.001,9,34,0.5196850393700787,0.8333333333333334,0.34615384615384615
7929,HyboNet,2,32,0.001,9,35,0.5118110236220472,0.8333333333333334,0.34615384615384615
7930,HyboNet,2,32,0.001,9,36,0.5118110236220472,0.8333333333333334,0.34615384615384615
7931,HyboNet,2,32,0.001,9,37,0.5118110236220472,0.8333333333333334,0.34615384615384615
7932,HyboNet,2,32,0.001,9,38,0.49606299212598426,0.8666666666666667,0.34615384615384615
7933,HyboNet,2,32,0.001,9,39,0.4645669291338583,0.8666666666666667,0.4230769230769231
7934,HyboNet,2,32,0.001,9,4,0.5275590551181102,0.6,0.5769230769230769
7935,HyboNet,2,32,0.001,9,40,0.4645669291338583,0.9,0.4230769230769231
7936,HyboNet,2,32,0.001,9,41,0.4566929133858268,0.9,0.4230769230769231
7937,HyboNet,2,32,0.001,9,42,0.44881889763779526,0.9,0.34615384615384615
7938,HyboNet,2,32,0.001,9,43,0.44881889763779526,0.9333333333333333,0.4230769230769231
7939,HyboNet,2,32,0.001,9,44,0.4409448818897638,0.9666666666666667,0.4230769230769231
7940,HyboNet,2,32,0.001,9,45,0.44881889763779526,0.9666666666666667,0.4230769230769231
7941,HyboNet,2,32,0.001,9,46,0.44881889763779526,0.9666666666666667,0.4230769230769231
7942,HyboNet,2,32,0.001,9,47,0.44881889763779526,0.9666666666666667,0.4230769230769231
7943,HyboNet,2,32,0.001,9,48,0.44881889763779526,0.9666666666666667,0.4230769230769231
7944,HyboNet,2,32,0.001,9,49,0.44881889763779526,0.9666666666666667,0.4230769230769231
7945,HyboNet,2,32,0.001,9,5,0.5354330708661418,0.6,0.5769230769230769
7946,HyboNet,2,32,0.001,9,50,0.44881889763779526,0.9666666666666667,0.4230769230769231
7947,HyboNet,2,32,0.001,9,51,0.4566929133858268,0.9666666666666667,0.4230769230769231
7948,HyboNet,2,32,0.001,9,52,0.4409448818897638,0.9666666666666667,0.34615384615384615
7949,HyboNet,2,32,0.001,9,53,0.4409448818897638,0.9666666666666667,0.34615384615384615
7950,HyboNet,2,32,0.001,9,54,0.4330708661417323,0.9666666666666667,0.34615384615384615
7951,HyboNet,2,32,0.001,9,55,0.4409448818897638,0.9666666666666667,0.34615384615384615
7952,HyboNet,2,32,0.001,9,56,0.4409448818897638,0.9666666666666667,0.34615384615384615
7953,HyboNet,2,32,0.001,9,57,0.44881889763779526,0.9666666666666667,0.34615384615384615
7954,HyboNet,2,32,0.001,9,58,0.44881889763779526,0.9666666666666667,0.34615384615384615
7955,HyboNet,2,32,0.001,9,59,0.4409448818897638,1.0,0.34615384615384615
7956,HyboNet,2,32,0.001,9,6,0.5354330708661418,0.6,0.5769230769230769
7957,HyboNet,2,32,0.001,9,60,0.4409448818897638,1.0,0.38461538461538464
7958,HyboNet,2,32,0.001,9,61,0.4409448818897638,1.0,0.38461538461538464
7959,HyboNet,2,32,0.001,9,62,0.4409448818897638,1.0,0.4230769230769231
7960,HyboNet,2,32,0.001,9,63,0.44881889763779526,1.0,0.4230769230769231
7961,HyboNet,2,32,0.001,9,64,0.4566929133858268,1.0,0.4230769230769231
7962,HyboNet,2,32,0.001,9,65,0.4566929133858268,1.0,0.4230769230769231
7963,HyboNet,2,32,0.001,9,66,0.4645669291338583,1.0,0.4230769230769231
7964,HyboNet,2,32,0.001,9,67,0.4645669291338583,1.0,0.4230769230769231
7965,HyboNet,2,32,0.001,9,68,0.47244094488188976,1.0,0.4230769230769231
7966,HyboNet,2,32,0.001,9,69,0.47244094488188976,1.0,0.4230769230769231
7967,HyboNet,2,32,0.001,9,7,0.5354330708661418,0.6,0.5769230769230769
7968,HyboNet,2,32,0.001,9,70,0.48031496062992124,1.0,0.4230769230769231
7969,HyboNet,2,32,0.001,9,71,0.48031496062992124,1.0,0.4230769230769231
7970,HyboNet,2,32,0.001,9,72,0.48031496062992124,1.0,0.4230769230769231
7971,HyboNet,2,32,0.001,9,73,0.48031496062992124,1.0,0.4230769230769231
7972,HyboNet,2,32,0.001,9,74,0.48031496062992124,1.0,0.4230769230769231
7973,HyboNet,2,32,0.001,9,75,0.4881889763779528,1.0,0.4230769230769231
7974,HyboNet,2,32,0.001,9,76,0.5039370078740157,1.0,0.4230769230769231
7975,HyboNet,2,32,0.001,9,77,0.5039370078740157,1.0,0.4230769230769231
7976,HyboNet,2,32,0.001,9,78,0.49606299212598426,1.0,0.4230769230769231
7977,HyboNet,2,32,0.001,9,79,0.5118110236220472,1.0,0.4230769230769231
7978,HyboNet,2,32,0.001,9,8,0.5275590551181102,0.6,0.5769230769230769
7979,HyboNet,2,32,0.001,9,80,0.5118110236220472,1.0,0.4230769230769231
7980,HyboNet,2,32,0.001,9,81,0.49606299212598426,1.0,0.4230769230769231
7981,HyboNet,2,32,0.001,9,82,0.49606299212598426,1.0,0.4230769230769231
7982,HyboNet,2,32,0.001,9,83,0.4881889763779528,1.0,0.4230769230769231
7983,HyboNet,2,32,0.001,9,84,0.4881889763779528,1.0,0.4230769230769231
7984,HyboNet,2,32,0.001,9,85,0.4881889763779528,1.0,0.4230769230769231
7985,HyboNet,2,32,0.001,9,86,0.4881889763779528,1.0,0.4230769230769231
7986,HyboNet,2,32,0.001,9,87,0.48031496062992124,1.0,0.4230769230769231
7987,HyboNet,2,32,0.001,9,88,0.4645669291338583,1.0,0.38461538461538464
7988,HyboNet,2,32,0.001,9,89,0.47244094488188976,1.0,0.38461538461538464
7989,HyboNet,2,32,0.001,9,9,0.5275590551181102,0.6,0.5769230769230769
7990,HyboNet,2,32,0.001,9,90,0.4645669291338583,1.0,0.38461538461538464
7991,HyboNet,2,32,0.001,9,91,0.4645669291338583,1.0,0.38461538461538464
7992,HyboNet,2,32,0.001,9,92,0.4645669291338583,1.0,0.34615384615384615
7993,HyboNet,2,32,0.001,9,93,0.47244094488188976,1.0,0.34615384615384615
7994,HyboNet,2,32,0.001,9,94,0.47244094488188976,1.0,0.34615384615384615
7995,HyboNet,2,32,0.001,9,95,0.47244094488188976,1.0,0.34615384615384615
7996,HyboNet,2,32,0.001,9,96,0.48031496062992124,1.0,0.34615384615384615
7997,HyboNet,2,32,0.001,9,97,0.48031496062992124,1.0,0.34615384615384615
7998,HyboNet,2,32,0.001,9,98,0.48031496062992124,1.0,0.34615384615384615
7999,HyboNet,2,32,0.001,9,99,0.48031496062992124,1.0,0.34615384615384615
8000,HyboNet,2,32,0.005,1,1,0.5433070866141733,0.6,0.5769230769230769
8001,HyboNet,2,32,0.005,1,10,0.5590551181102362,0.7666666666666667,0.5384615384615384
8002,HyboNet,2,32,0.005,1,100,0.4409448818897638,1.0,0.3076923076923077
8003,HyboNet,2,32,0.005,1,11,0.5590551181102362,0.7666666666666667,0.5384615384615384
8004,HyboNet,2,32,0.005,1,12,0.5669291338582677,0.8,0.5384615384615384
8005,HyboNet,2,32,0.005,1,13,0.5669291338582677,0.8,0.5384615384615384
8006,HyboNet,2,32,0.005,1,14,0.5590551181102362,0.8,0.5384615384615384
8007,HyboNet,2,32,0.005,1,15,0.5669291338582677,0.8,0.5384615384615384
8008,HyboNet,2,32,0.005,1,16,0.5590551181102362,0.8,0.5384615384615384
8009,HyboNet,2,32,0.005,1,17,0.5590551181102362,0.8,0.5384615384615384
8010,HyboNet,2,32,0.005,1,18,0.5590551181102362,0.8333333333333334,0.5384615384615384
8011,HyboNet,2,32,0.005,1,19,0.5590551181102362,0.8333333333333334,0.5384615384615384
8012,HyboNet,2,32,0.005,1,2,0.5433070866141733,0.6,0.5769230769230769
8013,HyboNet,2,32,0.005,1,20,0.5590551181102362,0.8333333333333334,0.5384615384615384
8014,HyboNet,2,32,0.005,1,21,0.5511811023622047,0.8666666666666667,0.5384615384615384
8015,HyboNet,2,32,0.005,1,22,0.5511811023622047,0.8666666666666667,0.5384615384615384
8016,HyboNet,2,32,0.005,1,23,0.5511811023622047,0.8666666666666667,0.5769230769230769
8017,HyboNet,2,32,0.005,1,24,0.5433070866141733,0.8666666666666667,0.6153846153846154
8018,HyboNet,2,32,0.005,1,25,0.5354330708661418,0.8666666666666667,0.6153846153846154
8019,HyboNet,2,32,0.005,1,26,0.5433070866141733,0.9666666666666667,0.6153846153846154
8020,HyboNet,2,32,0.005,1,27,0.5354330708661418,0.9666666666666667,0.6153846153846154
8021,HyboNet,2,32,0.005,1,28,0.5354330708661418,0.9666666666666667,0.6153846153846154
8022,HyboNet,2,32,0.005,1,29,0.5511811023622047,0.9666666666666667,0.6153846153846154
8023,HyboNet,2,32,0.005,1,3,0.5354330708661418,0.6,0.5769230769230769
8024,HyboNet,2,32,0.005,1,30,0.5511811023622047,0.9666666666666667,0.5769230769230769
8025,HyboNet,2,32,0.005,1,31,0.5354330708661418,1.0,0.5769230769230769
8026,HyboNet,2,32,0.005,1,32,0.5511811023622047,1.0,0.5769230769230769
8027,HyboNet,2,32,0.005,1,33,0.5433070866141733,1.0,0.5769230769230769
8028,HyboNet,2,32,0.005,1,34,0.5354330708661418,1.0,0.5384615384615384
8029,HyboNet,2,32,0.005,1,35,0.5275590551181102,1.0,0.5384615384615384
8030,HyboNet,2,32,0.005,1,36,0.5433070866141733,1.0,0.5384615384615384
8031,HyboNet,2,32,0.005,1,37,0.5354330708661418,1.0,0.5384615384615384
8032,HyboNet,2,32,0.005,1,38,0.5433070866141733,1.0,0.5769230769230769
8033,HyboNet,2,32,0.005,1,39,0.5433070866141733,1.0,0.5769230769230769
8034,HyboNet,2,32,0.005,1,4,0.5354330708661418,0.6,0.5769230769230769
8035,HyboNet,2,32,0.005,1,40,0.5275590551181102,1.0,0.5384615384615384
8036,HyboNet,2,32,0.005,1,41,0.5433070866141733,1.0,0.5
8037,HyboNet,2,32,0.005,1,42,0.5354330708661418,1.0,0.5
8038,HyboNet,2,32,0.005,1,43,0.5275590551181102,1.0,0.5
8039,HyboNet,2,32,0.005,1,44,0.5118110236220472,1.0,0.5
8040,HyboNet,2,32,0.005,1,45,0.49606299212598426,1.0,0.46153846153846156
8041,HyboNet,2,32,0.005,1,46,0.5039370078740157,1.0,0.46153846153846156
8042,HyboNet,2,32,0.005,1,47,0.5039370078740157,1.0,0.4230769230769231
8043,HyboNet,2,32,0.005,1,48,0.4881889763779528,1.0,0.4230769230769231
8044,HyboNet,2,32,0.005,1,49,0.48031496062992124,1.0,0.4230769230769231
8045,HyboNet,2,32,0.005,1,5,0.5354330708661418,0.6,0.5769230769230769
8046,HyboNet,2,32,0.005,1,50,0.47244094488188976,1.0,0.4230769230769231
8047,HyboNet,2,32,0.005,1,51,0.4645669291338583,1.0,0.4230769230769231
8048,HyboNet,2,32,0.005,1,52,0.4409448818897638,1.0,0.38461538461538464
8049,HyboNet,2,32,0.005,1,53,0.4251968503937008,1.0,0.38461538461538464
8050,HyboNet,2,32,0.005,1,54,0.4251968503937008,1.0,0.38461538461538464
8051,HyboNet,2,32,0.005,1,55,0.4409448818897638,1.0,0.34615384615384615
8052,HyboNet,2,32,0.005,1,56,0.4251968503937008,1.0,0.34615384615384615
8053,HyboNet,2,32,0.005,1,57,0.4251968503937008,1.0,0.34615384615384615
8054,HyboNet,2,32,0.005,1,58,0.4330708661417323,1.0,0.3076923076923077
8055,HyboNet,2,32,0.005,1,59,0.4330708661417323,1.0,0.34615384615384615
8056,HyboNet,2,32,0.005,1,6,0.5354330708661418,0.6,0.5769230769230769
8057,HyboNet,2,32,0.005,1,60,0.41732283464566927,1.0,0.34615384615384615
8058,HyboNet,2,32,0.005,1,61,0.4409448818897638,1.0,0.34615384615384615
8059,HyboNet,2,32,0.005,1,62,0.4330708661417323,1.0,0.34615384615384615
8060,HyboNet,2,32,0.005,1,63,0.4409448818897638,1.0,0.34615384615384615
8061,HyboNet,2,32,0.005,1,64,0.4330708661417323,1.0,0.34615384615384615
8062,HyboNet,2,32,0.005,1,65,0.44881889763779526,1.0,0.34615384615384615
8063,HyboNet,2,32,0.005,1,66,0.44881889763779526,1.0,0.34615384615384615
8064,HyboNet,2,32,0.005,1,67,0.4409448818897638,1.0,0.34615384615384615
8065,HyboNet,2,32,0.005,1,68,0.44881889763779526,1.0,0.38461538461538464
8066,HyboNet,2,32,0.005,1,69,0.44881889763779526,1.0,0.38461538461538464
8067,HyboNet,2,32,0.005,1,7,0.5433070866141733,0.6333333333333333,0.5769230769230769
8068,HyboNet,2,32,0.005,1,70,0.44881889763779526,1.0,0.34615384615384615
8069,HyboNet,2,32,0.005,1,71,0.44881889763779526,1.0,0.34615384615384615
8070,HyboNet,2,32,0.005,1,72,0.44881889763779526,1.0,0.34615384615384615
8071,HyboNet,2,32,0.005,1,73,0.4330708661417323,1.0,0.3076923076923077
8072,HyboNet,2,32,0.005,1,74,0.4330708661417323,1.0,0.3076923076923077
8073,HyboNet,2,32,0.005,1,75,0.44881889763779526,1.0,0.3076923076923077
8074,HyboNet,2,32,0.005,1,76,0.4409448818897638,1.0,0.3076923076923077
8075,HyboNet,2,32,0.005,1,77,0.44881889763779526,1.0,0.3076923076923077
8076,HyboNet,2,32,0.005,1,78,0.4251968503937008,1.0,0.3076923076923077
8077,HyboNet,2,32,0.005,1,79,0.3937007874015748,1.0,0.3076923076923077
8078,HyboNet,2,32,0.005,1,8,0.5511811023622047,0.7,0.5769230769230769
8079,HyboNet,2,32,0.005,1,80,0.3937007874015748,1.0,0.3076923076923077
8080,HyboNet,2,32,0.005,1,81,0.4015748031496063,1.0,0.3076923076923077
8081,HyboNet,2,32,0.005,1,82,0.4015748031496063,1.0,0.3076923076923077
8082,HyboNet,2,32,0.005,1,83,0.3937007874015748,1.0,0.3076923076923077
8083,HyboNet,2,32,0.005,1,84,0.4015748031496063,1.0,0.3076923076923077
8084,HyboNet,2,32,0.005,1,85,0.41732283464566927,1.0,0.3076923076923077
8085,HyboNet,2,32,0.005,1,86,0.4330708661417323,1.0,0.3076923076923077
8086,HyboNet,2,32,0.005,1,87,0.41732283464566927,1.0,0.3076923076923077
8087,HyboNet,2,32,0.005,1,88,0.41732283464566927,1.0,0.3076923076923077
8088,HyboNet,2,32,0.005,1,89,0.41732283464566927,1.0,0.3076923076923077
8089,HyboNet,2,32,0.005,1,9,0.5590551181102362,0.7333333333333333,0.5769230769230769
8090,HyboNet,2,32,0.005,1,90,0.41732283464566927,1.0,0.3076923076923077
8091,HyboNet,2,32,0.005,1,91,0.4094488188976378,1.0,0.3076923076923077
8092,HyboNet,2,32,0.005,1,92,0.4094488188976378,1.0,0.3076923076923077
8093,HyboNet,2,32,0.005,1,93,0.4094488188976378,1.0,0.3076923076923077
8094,HyboNet,2,32,0.005,1,94,0.4015748031496063,1.0,0.3076923076923077
8095,HyboNet,2,32,0.005,1,95,0.4251968503937008,1.0,0.3076923076923077
8096,HyboNet,2,32,0.005,1,96,0.4409448818897638,1.0,0.3076923076923077
8097,HyboNet,2,32,0.005,1,97,0.4409448818897638,1.0,0.3076923076923077
8098,HyboNet,2,32,0.005,1,98,0.4409448818897638,1.0,0.3076923076923077
8099,HyboNet,2,32,0.005,1,99,0.4409448818897638,1.0,0.3076923076923077
8100,HyboNet,2,32,0.005,10,1,0.5354330708661418,0.6,0.5769230769230769
8101,HyboNet,2,32,0.005,10,10,0.5590551181102362,0.7333333333333333,0.5384615384615384
8102,HyboNet,2,32,0.005,10,100,0.49606299212598426,1.0,0.46153846153846156
8103,HyboNet,2,32,0.005,10,11,0.5669291338582677,0.8,0.5384615384615384
8104,HyboNet,2,32,0.005,10,12,0.5590551181102362,0.8,0.5769230769230769
8105,HyboNet,2,32,0.005,10,13,0.5669291338582677,0.8,0.5769230769230769
8106,HyboNet,2,32,0.005,10,14,0.5433070866141733,0.8333333333333334,0.5
8107,HyboNet,2,32,0.005,10,15,0.5118110236220472,0.8333333333333334,0.5
8108,HyboNet,2,32,0.005,10,16,0.49606299212598426,0.8333333333333334,0.46153846153846156
8109,HyboNet,2,32,0.005,10,17,0.5118110236220472,0.8333333333333334,0.46153846153846156
8110,HyboNet,2,32,0.005,10,18,0.5275590551181102,0.8333333333333334,0.5
8111,HyboNet,2,32,0.005,10,19,0.5433070866141733,0.8333333333333334,0.5
8112,HyboNet,2,32,0.005,10,2,0.5354330708661418,0.6,0.5769230769230769
8113,HyboNet,2,32,0.005,10,20,0.5511811023622047,0.8333333333333334,0.5769230769230769
8114,HyboNet,2,32,0.005,10,21,0.5669291338582677,0.8333333333333334,0.5769230769230769
8115,HyboNet,2,32,0.005,10,22,0.5826771653543307,0.8333333333333334,0.5769230769230769
8116,HyboNet,2,32,0.005,10,23,0.5748031496062992,0.8333333333333334,0.5769230769230769
8117,HyboNet,2,32,0.005,10,24,0.5748031496062992,0.8333333333333334,0.5769230769230769
8118,HyboNet,2,32,0.005,10,25,0.5748031496062992,0.8333333333333334,0.5769230769230769
8119,HyboNet,2,32,0.005,10,26,0.5748031496062992,0.8333333333333334,0.5769230769230769
8120,HyboNet,2,32,0.005,10,27,0.5748031496062992,0.8333333333333334,0.5769230769230769
8121,HyboNet,2,32,0.005,10,28,0.5669291338582677,0.8333333333333334,0.5769230769230769
8122,HyboNet,2,32,0.005,10,29,0.5669291338582677,0.8333333333333334,0.5769230769230769
8123,HyboNet,2,32,0.005,10,3,0.5354330708661418,0.6,0.5769230769230769
8124,HyboNet,2,32,0.005,10,30,0.5590551181102362,0.8333333333333334,0.5769230769230769
8125,HyboNet,2,32,0.005,10,31,0.5590551181102362,0.8333333333333334,0.5769230769230769
8126,HyboNet,2,32,0.005,10,32,0.5669291338582677,0.8333333333333334,0.5769230769230769
8127,HyboNet,2,32,0.005,10,33,0.5590551181102362,0.8333333333333334,0.5769230769230769
8128,HyboNet,2,32,0.005,10,34,0.5433070866141733,0.8333333333333334,0.5769230769230769
8129,HyboNet,2,32,0.005,10,35,0.5433070866141733,0.8333333333333334,0.5769230769230769
8130,HyboNet,2,32,0.005,10,36,0.5511811023622047,0.8666666666666667,0.5769230769230769
8131,HyboNet,2,32,0.005,10,37,0.5511811023622047,0.9,0.5769230769230769
8132,HyboNet,2,32,0.005,10,38,0.5590551181102362,0.9,0.5384615384615384
8133,HyboNet,2,32,0.005,10,39,0.5590551181102362,0.9333333333333333,0.5384615384615384
8134,HyboNet,2,32,0.005,10,4,0.5354330708661418,0.6,0.5769230769230769
8135,HyboNet,2,32,0.005,10,40,0.5433070866141733,0.9333333333333333,0.5384615384615384
8136,HyboNet,2,32,0.005,10,41,0.5354330708661418,0.9666666666666667,0.5384615384615384
8137,HyboNet,2,32,0.005,10,42,0.5275590551181102,0.9666666666666667,0.5384615384615384
8138,HyboNet,2,32,0.005,10,43,0.5275590551181102,1.0,0.5384615384615384
8139,HyboNet,2,32,0.005,10,44,0.5275590551181102,1.0,0.5769230769230769
8140,HyboNet,2,32,0.005,10,45,0.5118110236220472,1.0,0.5769230769230769
8141,HyboNet,2,32,0.005,10,46,0.5118110236220472,1.0,0.5384615384615384
8142,HyboNet,2,32,0.005,10,47,0.5039370078740157,1.0,0.5384615384615384
8143,HyboNet,2,32,0.005,10,48,0.5118110236220472,1.0,0.5384615384615384
8144,HyboNet,2,32,0.005,10,49,0.5118110236220472,1.0,0.5384615384615384
8145,HyboNet,2,32,0.005,10,5,0.5354330708661418,0.6,0.5769230769230769
8146,HyboNet,2,32,0.005,10,50,0.5118110236220472,1.0,0.5769230769230769
8147,HyboNet,2,32,0.005,10,51,0.5275590551181102,1.0,0.5769230769230769
8148,HyboNet,2,32,0.005,10,52,0.5354330708661418,1.0,0.5769230769230769
8149,HyboNet,2,32,0.005,10,53,0.5275590551181102,1.0,0.5769230769230769
8150,HyboNet,2,32,0.005,10,54,0.5275590551181102,1.0,0.5769230769230769
8151,HyboNet,2,32,0.005,10,55,0.5275590551181102,1.0,0.5769230769230769
8152,HyboNet,2,32,0.005,10,56,0.5275590551181102,1.0,0.5769230769230769
8153,HyboNet,2,32,0.005,10,57,0.5196850393700787,1.0,0.5769230769230769
8154,HyboNet,2,32,0.005,10,58,0.5196850393700787,1.0,0.5769230769230769
8155,HyboNet,2,32,0.005,10,59,0.5196850393700787,1.0,0.5769230769230769
8156,HyboNet,2,32,0.005,10,6,0.5354330708661418,0.6,0.5769230769230769
8157,HyboNet,2,32,0.005,10,60,0.5196850393700787,1.0,0.5384615384615384
8158,HyboNet,2,32,0.005,10,61,0.5196850393700787,1.0,0.5384615384615384
8159,HyboNet,2,32,0.005,10,62,0.5196850393700787,1.0,0.5384615384615384
8160,HyboNet,2,32,0.005,10,63,0.5196850393700787,1.0,0.5384615384615384
8161,HyboNet,2,32,0.005,10,64,0.5196850393700787,1.0,0.46153846153846156
8162,HyboNet,2,32,0.005,10,65,0.49606299212598426,1.0,0.46153846153846156
8163,HyboNet,2,32,0.005,10,66,0.49606299212598426,1.0,0.4230769230769231
8164,HyboNet,2,32,0.005,10,67,0.49606299212598426,1.0,0.4230769230769231
8165,HyboNet,2,32,0.005,10,68,0.48031496062992124,1.0,0.4230769230769231
8166,HyboNet,2,32,0.005,10,69,0.48031496062992124,1.0,0.46153846153846156
8167,HyboNet,2,32,0.005,10,7,0.5354330708661418,0.6333333333333333,0.5769230769230769
8168,HyboNet,2,32,0.005,10,70,0.48031496062992124,1.0,0.4230769230769231
8169,HyboNet,2,32,0.005,10,71,0.4881889763779528,1.0,0.4230769230769231
8170,HyboNet,2,32,0.005,10,72,0.5039370078740157,1.0,0.46153846153846156
8171,HyboNet,2,32,0.005,10,73,0.49606299212598426,1.0,0.46153846153846156
8172,HyboNet,2,32,0.005,10,74,0.49606299212598426,1.0,0.5
8173,HyboNet,2,32,0.005,10,75,0.5118110236220472,1.0,0.46153846153846156
8174,HyboNet,2,32,0.005,10,76,0.5196850393700787,1.0,0.46153846153846156
8175,HyboNet,2,32,0.005,10,77,0.5118110236220472,1.0,0.46153846153846156
8176,HyboNet,2,32,0.005,10,78,0.5039370078740157,1.0,0.5
8177,HyboNet,2,32,0.005,10,79,0.5039370078740157,1.0,0.5
8178,HyboNet,2,32,0.005,10,8,0.5354330708661418,0.6666666666666666,0.5769230769230769
8179,HyboNet,2,32,0.005,10,80,0.5039370078740157,1.0,0.5
8180,HyboNet,2,32,0.005,10,81,0.49606299212598426,1.0,0.5
8181,HyboNet,2,32,0.005,10,82,0.5118110236220472,1.0,0.5
8182,HyboNet,2,32,0.005,10,83,0.5118110236220472,1.0,0.5
8183,HyboNet,2,32,0.005,10,84,0.5118110236220472,1.0,0.46153846153846156
8184,HyboNet,2,32,0.005,10,85,0.5118110236220472,1.0,0.5
8185,HyboNet,2,32,0.005,10,86,0.5039370078740157,1.0,0.5
8186,HyboNet,2,32,0.005,10,87,0.5039370078740157,1.0,0.46153846153846156
8187,HyboNet,2,32,0.005,10,88,0.5039370078740157,1.0,0.46153846153846156
8188,HyboNet,2,32,0.005,10,89,0.5039370078740157,1.0,0.46153846153846156
8189,HyboNet,2,32,0.005,10,9,0.5354330708661418,0.7333333333333333,0.5384615384615384
8190,HyboNet,2,32,0.005,10,90,0.49606299212598426,1.0,0.46153846153846156
8191,HyboNet,2,32,0.005,10,91,0.49606299212598426,1.0,0.46153846153846156
8192,HyboNet,2,32,0.005,10,92,0.49606299212598426,1.0,0.46153846153846156
8193,HyboNet,2,32,0.005,10,93,0.49606299212598426,1.0,0.5
8194,HyboNet,2,32,0.005,10,94,0.49606299212598426,1.0,0.5
8195,HyboNet,2,32,0.005,10,95,0.5039370078740157,1.0,0.5
8196,HyboNet,2,32,0.005,10,96,0.5039370078740157,1.0,0.5
8197,HyboNet,2,32,0.005,10,97,0.5039370078740157,1.0,0.5
8198,HyboNet,2,32,0.005,10,98,0.5039370078740157,1.0,0.5
8199,HyboNet,2,32,0.005,10,99,0.49606299212598426,1.0,0.5
8200,HyboNet,2,32,0.005,2,1,0.5354330708661418,0.6,0.5769230769230769
8201,HyboNet,2,32,0.005,2,10,0.5511811023622047,0.7666666666666667,0.5384615384615384
8202,HyboNet,2,32,0.005,2,100,0.49606299212598426,1.0,0.5
8203,HyboNet,2,32,0.005,2,11,0.5748031496062992,0.8,0.5384615384615384
8204,HyboNet,2,32,0.005,2,12,0.5748031496062992,0.8,0.5384615384615384
8205,HyboNet,2,32,0.005,2,13,0.5511811023622047,0.8333333333333334,0.5384615384615384
8206,HyboNet,2,32,0.005,2,14,0.5511811023622047,0.8333333333333334,0.5769230769230769
8207,HyboNet,2,32,0.005,2,15,0.5590551181102362,0.8333333333333334,0.5769230769230769
8208,HyboNet,2,32,0.005,2,16,0.5354330708661418,0.8333333333333334,0.5769230769230769
8209,HyboNet,2,32,0.005,2,17,0.5433070866141733,0.8333333333333334,0.5769230769230769
8210,HyboNet,2,32,0.005,2,18,0.5433070866141733,0.8333333333333334,0.5769230769230769
8211,HyboNet,2,32,0.005,2,19,0.5590551181102362,0.8333333333333334,0.5769230769230769
8212,HyboNet,2,32,0.005,2,2,0.5354330708661418,0.6,0.5769230769230769
8213,HyboNet,2,32,0.005,2,20,0.5669291338582677,0.8333333333333334,0.5769230769230769
8214,HyboNet,2,32,0.005,2,21,0.5590551181102362,0.8333333333333334,0.5769230769230769
8215,HyboNet,2,32,0.005,2,22,0.5590551181102362,0.8333333333333334,0.5769230769230769
8216,HyboNet,2,32,0.005,2,23,0.5669291338582677,0.8333333333333334,0.5384615384615384
8217,HyboNet,2,32,0.005,2,24,0.5590551181102362,0.8333333333333334,0.5384615384615384
8218,HyboNet,2,32,0.005,2,25,0.5511811023622047,0.8333333333333334,0.5384615384615384
8219,HyboNet,2,32,0.005,2,26,0.5511811023622047,0.8333333333333334,0.5769230769230769
8220,HyboNet,2,32,0.005,2,27,0.5511811023622047,0.8333333333333334,0.5769230769230769
8221,HyboNet,2,32,0.005,2,28,0.5511811023622047,0.8333333333333334,0.5769230769230769
8222,HyboNet,2,32,0.005,2,29,0.5511811023622047,0.8333333333333334,0.5769230769230769
8223,HyboNet,2,32,0.005,2,3,0.5354330708661418,0.6,0.5769230769230769
8224,HyboNet,2,32,0.005,2,30,0.5511811023622047,0.8333333333333334,0.5384615384615384
8225,HyboNet,2,32,0.005,2,31,0.5590551181102362,0.8333333333333334,0.5769230769230769
8226,HyboNet,2,32,0.005,2,32,0.5590551181102362,0.8333333333333334,0.5769230769230769
8227,HyboNet,2,32,0.005,2,33,0.5511811023622047,0.8333333333333334,0.5769230769230769
8228,HyboNet,2,32,0.005,2,34,0.5511811023622047,0.8666666666666667,0.5769230769230769
8229,HyboNet,2,32,0.005,2,35,0.5511811023622047,0.9,0.5769230769230769
8230,HyboNet,2,32,0.005,2,36,0.5511811023622047,0.9,0.5769230769230769
8231,HyboNet,2,32,0.005,2,37,0.5590551181102362,0.9333333333333333,0.5769230769230769
8232,HyboNet,2,32,0.005,2,38,0.5669291338582677,0.9333333333333333,0.5769230769230769
8233,HyboNet,2,32,0.005,2,39,0.5354330708661418,0.9333333333333333,0.5769230769230769
8234,HyboNet,2,32,0.005,2,4,0.5354330708661418,0.6,0.5769230769230769
8235,HyboNet,2,32,0.005,2,40,0.5275590551181102,0.9333333333333333,0.5769230769230769
8236,HyboNet,2,32,0.005,2,41,0.5354330708661418,0.9666666666666667,0.5769230769230769
8237,HyboNet,2,32,0.005,2,42,0.5196850393700787,0.9666666666666667,0.5769230769230769
8238,HyboNet,2,32,0.005,2,43,0.5196850393700787,1.0,0.5769230769230769
8239,HyboNet,2,32,0.005,2,44,0.5196850393700787,1.0,0.5769230769230769
8240,HyboNet,2,32,0.005,2,45,0.5196850393700787,1.0,0.5769230769230769
8241,HyboNet,2,32,0.005,2,46,0.5275590551181102,1.0,0.5769230769230769
8242,HyboNet,2,32,0.005,2,47,0.5354330708661418,1.0,0.5769230769230769
8243,HyboNet,2,32,0.005,2,48,0.5354330708661418,1.0,0.5769230769230769
8244,HyboNet,2,32,0.005,2,49,0.5354330708661418,1.0,0.5769230769230769
8245,HyboNet,2,32,0.005,2,5,0.5354330708661418,0.6,0.5769230769230769
8246,HyboNet,2,32,0.005,2,50,0.5354330708661418,1.0,0.5769230769230769
8247,HyboNet,2,32,0.005,2,51,0.5354330708661418,1.0,0.5769230769230769
8248,HyboNet,2,32,0.005,2,52,0.5275590551181102,1.0,0.5769230769230769
8249,HyboNet,2,32,0.005,2,53,0.5275590551181102,1.0,0.5769230769230769
8250,HyboNet,2,32,0.005,2,54,0.5354330708661418,1.0,0.5769230769230769
8251,HyboNet,2,32,0.005,2,55,0.5275590551181102,1.0,0.5769230769230769
8252,HyboNet,2,32,0.005,2,56,0.5275590551181102,1.0,0.5769230769230769
8253,HyboNet,2,32,0.005,2,57,0.5275590551181102,1.0,0.5769230769230769
8254,HyboNet,2,32,0.005,2,58,0.5196850393700787,1.0,0.5384615384615384
8255,HyboNet,2,32,0.005,2,59,0.5196850393700787,1.0,0.5384615384615384
8256,HyboNet,2,32,0.005,2,6,0.5354330708661418,0.6,0.5769230769230769
8257,HyboNet,2,32,0.005,2,60,0.5196850393700787,1.0,0.5384615384615384
8258,HyboNet,2,32,0.005,2,61,0.5196850393700787,1.0,0.5384615384615384
8259,HyboNet,2,32,0.005,2,62,0.5196850393700787,1.0,0.5769230769230769
8260,HyboNet,2,32,0.005,2,63,0.5275590551181102,1.0,0.5769230769230769
8261,HyboNet,2,32,0.005,2,64,0.5275590551181102,1.0,0.5384615384615384
8262,HyboNet,2,32,0.005,2,65,0.5275590551181102,1.0,0.5384615384615384
8263,HyboNet,2,32,0.005,2,66,0.5275590551181102,1.0,0.5384615384615384
8264,HyboNet,2,32,0.005,2,67,0.5275590551181102,1.0,0.5384615384615384
8265,HyboNet,2,32,0.005,2,68,0.5196850393700787,1.0,0.5384615384615384
8266,HyboNet,2,32,0.005,2,69,0.5118110236220472,1.0,0.5384615384615384
8267,HyboNet,2,32,0.005,2,7,0.5354330708661418,0.6333333333333333,0.5769230769230769
8268,HyboNet,2,32,0.005,2,70,0.5118110236220472,1.0,0.5384615384615384
8269,HyboNet,2,32,0.005,2,71,0.5118110236220472,1.0,0.5384615384615384
8270,HyboNet,2,32,0.005,2,72,0.5118110236220472,1.0,0.5384615384615384
8271,HyboNet,2,32,0.005,2,73,0.5118110236220472,1.0,0.5769230769230769
8272,HyboNet,2,32,0.005,2,74,0.5118110236220472,1.0,0.5769230769230769
8273,HyboNet,2,32,0.005,2,75,0.5118110236220472,1.0,0.5769230769230769
8274,HyboNet,2,32,0.005,2,76,0.5196850393700787,1.0,0.5769230769230769
8275,HyboNet,2,32,0.005,2,77,0.5196850393700787,1.0,0.5769230769230769
8276,HyboNet,2,32,0.005,2,78,0.5118110236220472,1.0,0.5769230769230769
8277,HyboNet,2,32,0.005,2,79,0.5118110236220472,1.0,0.5769230769230769
8278,HyboNet,2,32,0.005,2,8,0.5433070866141733,0.6333333333333333,0.5769230769230769
8279,HyboNet,2,32,0.005,2,80,0.5118110236220472,1.0,0.5769230769230769
8280,HyboNet,2,32,0.005,2,81,0.5118110236220472,1.0,0.5384615384615384
8281,HyboNet,2,32,0.005,2,82,0.5118110236220472,1.0,0.5384615384615384
8282,HyboNet,2,32,0.005,2,83,0.5118110236220472,1.0,0.5384615384615384
8283,HyboNet,2,32,0.005,2,84,0.5118110236220472,1.0,0.5384615384615384
8284,HyboNet,2,32,0.005,2,85,0.5039370078740157,1.0,0.5384615384615384
8285,HyboNet,2,32,0.005,2,86,0.5039370078740157,1.0,0.5384615384615384
8286,HyboNet,2,32,0.005,2,87,0.5039370078740157,1.0,0.5384615384615384
8287,HyboNet,2,32,0.005,2,88,0.5039370078740157,1.0,0.5384615384615384
8288,HyboNet,2,32,0.005,2,89,0.5118110236220472,1.0,0.5384615384615384
8289,HyboNet,2,32,0.005,2,9,0.5511811023622047,0.7,0.5769230769230769
8290,HyboNet,2,32,0.005,2,90,0.5118110236220472,1.0,0.5384615384615384
8291,HyboNet,2,32,0.005,2,91,0.5118110236220472,1.0,0.5384615384615384
8292,HyboNet,2,32,0.005,2,92,0.5118110236220472,1.0,0.5384615384615384
8293,HyboNet,2,32,0.005,2,93,0.5039370078740157,1.0,0.5
8294,HyboNet,2,32,0.005,2,94,0.5039370078740157,1.0,0.5
8295,HyboNet,2,32,0.005,2,95,0.5039370078740157,1.0,0.5
8296,HyboNet,2,32,0.005,2,96,0.5039370078740157,1.0,0.5
8297,HyboNet,2,32,0.005,2,97,0.49606299212598426,1.0,0.5
8298,HyboNet,2,32,0.005,2,98,0.49606299212598426,1.0,0.5
8299,HyboNet,2,32,0.005,2,99,0.49606299212598426,1.0,0.5
8300,HyboNet,2,32,0.005,3,1,0.5354330708661418,0.6,0.5769230769230769
8301,HyboNet,2,32,0.005,3,10,0.5669291338582677,0.8,0.5769230769230769
8302,HyboNet,2,32,0.005,3,100,0.4881889763779528,1.0,0.5769230769230769
8303,HyboNet,2,32,0.005,3,11,0.5669291338582677,0.8,0.5769230769230769
8304,HyboNet,2,32,0.005,3,12,0.5669291338582677,0.8,0.5769230769230769
8305,HyboNet,2,32,0.005,3,13,0.5669291338582677,0.8,0.5769230769230769
8306,HyboNet,2,32,0.005,3,14,0.5590551181102362,0.8,0.5384615384615384
8307,HyboNet,2,32,0.005,3,15,0.5511811023622047,0.8,0.5384615384615384
8308,HyboNet,2,32,0.005,3,16,0.5669291338582677,0.8,0.5769230769230769
8309,HyboNet,2,32,0.005,3,17,0.5669291338582677,0.8333333333333334,0.6153846153846154
8310,HyboNet,2,32,0.005,3,18,0.5590551181102362,0.8333333333333334,0.6153846153846154
8311,HyboNet,2,32,0.005,3,19,0.5590551181102362,0.8333333333333334,0.6538461538461539
8312,HyboNet,2,32,0.005,3,2,0.5354330708661418,0.6,0.5769230769230769
8313,HyboNet,2,32,0.005,3,20,0.5590551181102362,0.9,0.6538461538461539
8314,HyboNet,2,32,0.005,3,21,0.5433070866141733,0.9,0.6538461538461539
8315,HyboNet,2,32,0.005,3,22,0.5511811023622047,0.9,0.6153846153846154
8316,HyboNet,2,32,0.005,3,23,0.5433070866141733,0.9333333333333333,0.6153846153846154
8317,HyboNet,2,32,0.005,3,24,0.5433070866141733,0.9333333333333333,0.6538461538461539
8318,HyboNet,2,32,0.005,3,25,0.5511811023622047,0.9666666666666667,0.6538461538461539
8319,HyboNet,2,32,0.005,3,26,0.5826771653543307,0.9666666666666667,0.6923076923076923
8320,HyboNet,2,32,0.005,3,27,0.5590551181102362,0.9666666666666667,0.6538461538461539
8321,HyboNet,2,32,0.005,3,28,0.5669291338582677,0.9666666666666667,0.6538461538461539
8322,HyboNet,2,32,0.005,3,29,0.5669291338582677,1.0,0.6153846153846154
8323,HyboNet,2,32,0.005,3,3,0.5354330708661418,0.6333333333333333,0.5769230769230769
8324,HyboNet,2,32,0.005,3,30,0.5590551181102362,0.9666666666666667,0.6153846153846154
8325,HyboNet,2,32,0.005,3,31,0.5511811023622047,0.9666666666666667,0.6153846153846154
8326,HyboNet,2,32,0.005,3,32,0.5590551181102362,0.9333333333333333,0.6538461538461539
8327,HyboNet,2,32,0.005,3,33,0.5669291338582677,0.9666666666666667,0.6538461538461539
8328,HyboNet,2,32,0.005,3,34,0.5590551181102362,0.9666666666666667,0.6538461538461539
8329,HyboNet,2,32,0.005,3,35,0.5590551181102362,0.9666666666666667,0.6538461538461539
8330,HyboNet,2,32,0.005,3,36,0.5590551181102362,1.0,0.6538461538461539
8331,HyboNet,2,32,0.005,3,37,0.5669291338582677,1.0,0.6538461538461539
8332,HyboNet,2,32,0.005,3,38,0.5748031496062992,1.0,0.6153846153846154
8333,HyboNet,2,32,0.005,3,39,0.5669291338582677,1.0,0.6153846153846154
8334,HyboNet,2,32,0.005,3,4,0.5354330708661418,0.6333333333333333,0.5769230769230769
8335,HyboNet,2,32,0.005,3,40,0.5669291338582677,0.9666666666666667,0.6153846153846154
8336,HyboNet,2,32,0.005,3,41,0.5669291338582677,0.9666666666666667,0.6153846153846154
8337,HyboNet,2,32,0.005,3,42,0.5748031496062992,0.9666666666666667,0.6153846153846154
8338,HyboNet,2,32,0.005,3,43,0.5826771653543307,0.9666666666666667,0.6153846153846154
8339,HyboNet,2,32,0.005,3,44,0.5826771653543307,0.9666666666666667,0.6153846153846154
8340,HyboNet,2,32,0.005,3,45,0.5826771653543307,0.9666666666666667,0.6153846153846154
8341,HyboNet,2,32,0.005,3,46,0.5748031496062992,0.9666666666666667,0.6153846153846154
8342,HyboNet,2,32,0.005,3,47,0.5748031496062992,0.9666666666666667,0.6153846153846154
8343,HyboNet,2,32,0.005,3,48,0.5748031496062992,0.9666666666666667,0.6153846153846154
8344,HyboNet,2,32,0.005,3,49,0.5748031496062992,0.9666666666666667,0.6153846153846154
8345,HyboNet,2,32,0.005,3,5,0.5433070866141733,0.6333333333333333,0.5769230769230769
8346,HyboNet,2,32,0.005,3,50,0.5748031496062992,0.9666666666666667,0.6153846153846154
8347,HyboNet,2,32,0.005,3,51,0.5826771653543307,0.9666666666666667,0.6153846153846154
8348,HyboNet,2,32,0.005,3,52,0.5905511811023622,0.9666666666666667,0.6153846153846154
8349,HyboNet,2,32,0.005,3,53,0.5984251968503937,1.0,0.6153846153846154
8350,HyboNet,2,32,0.005,3,54,0.5984251968503937,1.0,0.6153846153846154
8351,HyboNet,2,32,0.005,3,55,0.5984251968503937,1.0,0.6153846153846154
8352,HyboNet,2,32,0.005,3,56,0.5984251968503937,1.0,0.6153846153846154
8353,HyboNet,2,32,0.005,3,57,0.5984251968503937,1.0,0.6153846153846154
8354,HyboNet,2,32,0.005,3,58,0.5984251968503937,1.0,0.6153846153846154
8355,HyboNet,2,32,0.005,3,59,0.5905511811023622,1.0,0.6153846153846154
8356,HyboNet,2,32,0.005,3,6,0.5669291338582677,0.7333333333333333,0.5769230769230769
8357,HyboNet,2,32,0.005,3,60,0.5905511811023622,1.0,0.6153846153846154
8358,HyboNet,2,32,0.005,3,61,0.5905511811023622,1.0,0.6153846153846154
8359,HyboNet,2,32,0.005,3,62,0.5748031496062992,1.0,0.6153846153846154
8360,HyboNet,2,32,0.005,3,63,0.5826771653543307,1.0,0.6153846153846154
8361,HyboNet,2,32,0.005,3,64,0.5748031496062992,1.0,0.6153846153846154
8362,HyboNet,2,32,0.005,3,65,0.5590551181102362,1.0,0.6153846153846154
8363,HyboNet,2,32,0.005,3,66,0.5748031496062992,1.0,0.6153846153846154
8364,HyboNet,2,32,0.005,3,67,0.5669291338582677,1.0,0.6153846153846154
8365,HyboNet,2,32,0.005,3,68,0.5669291338582677,1.0,0.6153846153846154
8366,HyboNet,2,32,0.005,3,69,0.5590551181102362,1.0,0.6153846153846154
8367,HyboNet,2,32,0.005,3,7,0.5669291338582677,0.8,0.5769230769230769
8368,HyboNet,2,32,0.005,3,70,0.5590551181102362,1.0,0.6153846153846154
8369,HyboNet,2,32,0.005,3,71,0.5433070866141733,1.0,0.6153846153846154
8370,HyboNet,2,32,0.005,3,72,0.5196850393700787,1.0,0.6153846153846154
8371,HyboNet,2,32,0.005,3,73,0.5354330708661418,1.0,0.6153846153846154
8372,HyboNet,2,32,0.005,3,74,0.5196850393700787,1.0,0.6153846153846154
8373,HyboNet,2,32,0.005,3,75,0.5196850393700787,1.0,0.6153846153846154
8374,HyboNet,2,32,0.005,3,76,0.49606299212598426,1.0,0.5769230769230769
8375,HyboNet,2,32,0.005,3,77,0.4881889763779528,1.0,0.5769230769230769
8376,HyboNet,2,32,0.005,3,78,0.4881889763779528,1.0,0.5769230769230769
8377,HyboNet,2,32,0.005,3,79,0.48031496062992124,1.0,0.5769230769230769
8378,HyboNet,2,32,0.005,3,8,0.5669291338582677,0.8,0.5769230769230769
8379,HyboNet,2,32,0.005,3,80,0.5039370078740157,1.0,0.5769230769230769
8380,HyboNet,2,32,0.005,3,81,0.4881889763779528,1.0,0.5769230769230769
8381,HyboNet,2,32,0.005,3,82,0.4645669291338583,1.0,0.5769230769230769
8382,HyboNet,2,32,0.005,3,83,0.49606299212598426,1.0,0.5769230769230769
8383,HyboNet,2,32,0.005,3,84,0.4881889763779528,1.0,0.5769230769230769
8384,HyboNet,2,32,0.005,3,85,0.48031496062992124,1.0,0.5769230769230769
8385,HyboNet,2,32,0.005,3,86,0.47244094488188976,1.0,0.5769230769230769
8386,HyboNet,2,32,0.005,3,87,0.47244094488188976,1.0,0.6153846153846154
8387,HyboNet,2,32,0.005,3,88,0.4566929133858268,1.0,0.6153846153846154
8388,HyboNet,2,32,0.005,3,89,0.4409448818897638,1.0,0.6153846153846154
8389,HyboNet,2,32,0.005,3,9,0.5590551181102362,0.8,0.5769230769230769
8390,HyboNet,2,32,0.005,3,90,0.48031496062992124,1.0,0.5769230769230769
8391,HyboNet,2,32,0.005,3,91,0.4881889763779528,1.0,0.6153846153846154
8392,HyboNet,2,32,0.005,3,92,0.49606299212598426,1.0,0.6153846153846154
8393,HyboNet,2,32,0.005,3,93,0.5196850393700787,1.0,0.6153846153846154
8394,HyboNet,2,32,0.005,3,94,0.5196850393700787,1.0,0.6153846153846154
8395,HyboNet,2,32,0.005,3,95,0.5196850393700787,1.0,0.6153846153846154
8396,HyboNet,2,32,0.005,3,96,0.5039370078740157,1.0,0.6153846153846154
8397,HyboNet,2,32,0.005,3,97,0.49606299212598426,1.0,0.6153846153846154
8398,HyboNet,2,32,0.005,3,98,0.49606299212598426,1.0,0.5769230769230769
8399,HyboNet,2,32,0.005,3,99,0.48031496062992124,1.0,0.5769230769230769
8400,HyboNet,2,32,0.005,4,1,0.5354330708661418,0.6,0.5
8401,HyboNet,2,32,0.005,4,10,0.4881889763779528,0.8333333333333334,0.5
8402,HyboNet,2,32,0.005,4,100,0.4251968503937008,1.0,0.4230769230769231
8403,HyboNet,2,32,0.005,4,11,0.47244094488188976,0.9,0.5384615384615384
8404,HyboNet,2,32,0.005,4,12,0.4881889763779528,0.9333333333333333,0.5
8405,HyboNet,2,32,0.005,4,13,0.5039370078740157,0.9333333333333333,0.5384615384615384
8406,HyboNet,2,32,0.005,4,14,0.5118110236220472,0.9,0.5384615384615384
8407,HyboNet,2,32,0.005,4,15,0.5196850393700787,0.9,0.46153846153846156
8408,HyboNet,2,32,0.005,4,16,0.5196850393700787,0.9,0.46153846153846156
8409,HyboNet,2,32,0.005,4,17,0.5196850393700787,0.9,0.5384615384615384
8410,HyboNet,2,32,0.005,4,18,0.49606299212598426,0.9333333333333333,0.5384615384615384
8411,HyboNet,2,32,0.005,4,19,0.5118110236220472,0.9333333333333333,0.5384615384615384
8412,HyboNet,2,32,0.005,4,2,0.3779527559055118,0.8,0.38461538461538464
8413,HyboNet,2,32,0.005,4,20,0.5039370078740157,0.9333333333333333,0.5
8414,HyboNet,2,32,0.005,4,21,0.48031496062992124,0.9333333333333333,0.5384615384615384
8415,HyboNet,2,32,0.005,4,22,0.47244094488188976,0.9666666666666667,0.46153846153846156
8416,HyboNet,2,32,0.005,4,23,0.4645669291338583,0.9666666666666667,0.38461538461538464
8417,HyboNet,2,32,0.005,4,24,0.4330708661417323,0.9666666666666667,0.38461538461538464
8418,HyboNet,2,32,0.005,4,25,0.41732283464566927,0.9666666666666667,0.38461538461538464
8419,HyboNet,2,32,0.005,4,26,0.4251968503937008,0.9666666666666667,0.38461538461538464
8420,HyboNet,2,32,0.005,4,27,0.44881889763779526,1.0,0.38461538461538464
8421,HyboNet,2,32,0.005,4,28,0.4566929133858268,1.0,0.38461538461538464
8422,HyboNet,2,32,0.005,4,29,0.4645669291338583,1.0,0.38461538461538464
8423,HyboNet,2,32,0.005,4,3,0.5511811023622047,0.7333333333333333,0.5384615384615384
8424,HyboNet,2,32,0.005,4,30,0.47244094488188976,1.0,0.38461538461538464
8425,HyboNet,2,32,0.005,4,31,0.4566929133858268,1.0,0.38461538461538464
8426,HyboNet,2,32,0.005,4,32,0.44881889763779526,1.0,0.38461538461538464
8427,HyboNet,2,32,0.005,4,33,0.4566929133858268,1.0,0.38461538461538464
8428,HyboNet,2,32,0.005,4,34,0.44881889763779526,1.0,0.38461538461538464
8429,HyboNet,2,32,0.005,4,35,0.4409448818897638,1.0,0.38461538461538464
8430,HyboNet,2,32,0.005,4,36,0.4409448818897638,1.0,0.38461538461538464
8431,HyboNet,2,32,0.005,4,37,0.4409448818897638,1.0,0.38461538461538464
8432,HyboNet,2,32,0.005,4,38,0.4409448818897638,1.0,0.38461538461538464
8433,HyboNet,2,32,0.005,4,39,0.4330708661417323,1.0,0.38461538461538464
8434,HyboNet,2,32,0.005,4,4,0.5354330708661418,0.7,0.5769230769230769
8435,HyboNet,2,32,0.005,4,40,0.4330708661417323,1.0,0.38461538461538464
8436,HyboNet,2,32,0.005,4,41,0.4409448818897638,1.0,0.38461538461538464
8437,HyboNet,2,32,0.005,4,42,0.4409448818897638,1.0,0.38461538461538464
8438,HyboNet,2,32,0.005,4,43,0.4409448818897638,1.0,0.38461538461538464
8439,HyboNet,2,32,0.005,4,44,0.4330708661417323,1.0,0.38461538461538464
8440,HyboNet,2,32,0.005,4,45,0.44881889763779526,1.0,0.38461538461538464
8441,HyboNet,2,32,0.005,4,46,0.44881889763779526,1.0,0.38461538461538464
8442,HyboNet,2,32,0.005,4,47,0.4330708661417323,1.0,0.38461538461538464
8443,HyboNet,2,32,0.005,4,48,0.4330708661417323,1.0,0.38461538461538464
8444,HyboNet,2,32,0.005,4,49,0.4251968503937008,1.0,0.38461538461538464
8445,HyboNet,2,32,0.005,4,5,0.5354330708661418,0.7333333333333333,0.5769230769230769
8446,HyboNet,2,32,0.005,4,50,0.4330708661417323,1.0,0.38461538461538464
8447,HyboNet,2,32,0.005,4,51,0.4330708661417323,1.0,0.38461538461538464
8448,HyboNet,2,32,0.005,4,52,0.4330708661417323,1.0,0.38461538461538464
8449,HyboNet,2,32,0.005,4,53,0.4409448818897638,1.0,0.38461538461538464
8450,HyboNet,2,32,0.005,4,54,0.4409448818897638,1.0,0.38461538461538464
8451,HyboNet,2,32,0.005,4,55,0.4409448818897638,1.0,0.38461538461538464
8452,HyboNet,2,32,0.005,4,56,0.4251968503937008,1.0,0.38461538461538464
8453,HyboNet,2,32,0.005,4,57,0.4251968503937008,1.0,0.38461538461538464
8454,HyboNet,2,32,0.005,4,58,0.4251968503937008,1.0,0.38461538461538464
8455,HyboNet,2,32,0.005,4,59,0.4251968503937008,1.0,0.38461538461538464
8456,HyboNet,2,32,0.005,4,6,0.5354330708661418,0.7666666666666667,0.5769230769230769
8457,HyboNet,2,32,0.005,4,60,0.4251968503937008,1.0,0.38461538461538464
8458,HyboNet,2,32,0.005,4,61,0.4330708661417323,1.0,0.38461538461538464
8459,HyboNet,2,32,0.005,4,62,0.41732283464566927,1.0,0.38461538461538464
8460,HyboNet,2,32,0.005,4,63,0.41732283464566927,1.0,0.38461538461538464
8461,HyboNet,2,32,0.005,4,64,0.41732283464566927,1.0,0.38461538461538464
8462,HyboNet,2,32,0.005,4,65,0.4330708661417323,1.0,0.38461538461538464
8463,HyboNet,2,32,0.005,4,66,0.4330708661417323,1.0,0.38461538461538464
8464,HyboNet,2,32,0.005,4,67,0.4330708661417323,1.0,0.38461538461538464
8465,HyboNet,2,32,0.005,4,68,0.4330708661417323,1.0,0.38461538461538464
8466,HyboNet,2,32,0.005,4,69,0.4330708661417323,1.0,0.38461538461538464
8467,HyboNet,2,32,0.005,4,7,0.5511811023622047,0.8,0.5
8468,HyboNet,2,32,0.005,4,70,0.4330708661417323,1.0,0.38461538461538464
8469,HyboNet,2,32,0.005,4,71,0.4330708661417323,1.0,0.38461538461538464
8470,HyboNet,2,32,0.005,4,72,0.4330708661417323,1.0,0.38461538461538464
8471,HyboNet,2,32,0.005,4,73,0.4330708661417323,1.0,0.38461538461538464
8472,HyboNet,2,32,0.005,4,74,0.4251968503937008,1.0,0.38461538461538464
8473,HyboNet,2,32,0.005,4,75,0.4330708661417323,1.0,0.38461538461538464
8474,HyboNet,2,32,0.005,4,76,0.4330708661417323,1.0,0.38461538461538464
8475,HyboNet,2,32,0.005,4,77,0.4330708661417323,1.0,0.38461538461538464
8476,HyboNet,2,32,0.005,4,78,0.4330708661417323,1.0,0.38461538461538464
8477,HyboNet,2,32,0.005,4,79,0.4251968503937008,1.0,0.38461538461538464
8478,HyboNet,2,32,0.005,4,8,0.5590551181102362,0.8,0.46153846153846156
8479,HyboNet,2,32,0.005,4,80,0.41732283464566927,1.0,0.38461538461538464
8480,HyboNet,2,32,0.005,4,81,0.4094488188976378,1.0,0.38461538461538464
8481,HyboNet,2,32,0.005,4,82,0.4094488188976378,1.0,0.38461538461538464
8482,HyboNet,2,32,0.005,4,83,0.41732283464566927,1.0,0.4230769230769231
8483,HyboNet,2,32,0.005,4,84,0.41732283464566927,1.0,0.4230769230769231
8484,HyboNet,2,32,0.005,4,85,0.41732283464566927,1.0,0.4230769230769231
8485,HyboNet,2,32,0.005,4,86,0.41732283464566927,1.0,0.4230769230769231
8486,HyboNet,2,32,0.005,4,87,0.41732283464566927,1.0,0.4230769230769231
8487,HyboNet,2,32,0.005,4,88,0.4094488188976378,1.0,0.38461538461538464
8488,HyboNet,2,32,0.005,4,89,0.4330708661417323,1.0,0.38461538461538464
8489,HyboNet,2,32,0.005,4,9,0.5118110236220472,0.8333333333333334,0.5
8490,HyboNet,2,32,0.005,4,90,0.4330708661417323,1.0,0.38461538461538464
8491,HyboNet,2,32,0.005,4,91,0.4251968503937008,1.0,0.38461538461538464
8492,HyboNet,2,32,0.005,4,92,0.4330708661417323,1.0,0.38461538461538464
8493,HyboNet,2,32,0.005,4,93,0.4330708661417323,1.0,0.38461538461538464
8494,HyboNet,2,32,0.005,4,94,0.4251968503937008,1.0,0.4230769230769231
8495,HyboNet,2,32,0.005,4,95,0.4251968503937008,1.0,0.4230769230769231
8496,HyboNet,2,32,0.005,4,96,0.4330708661417323,1.0,0.4230769230769231
8497,HyboNet,2,32,0.005,4,97,0.4409448818897638,1.0,0.4230769230769231
8498,HyboNet,2,32,0.005,4,98,0.4409448818897638,1.0,0.4230769230769231
8499,HyboNet,2,32,0.005,4,99,0.4409448818897638,1.0,0.4230769230769231
8500,HyboNet,2,32,0.005,5,1,0.5354330708661418,0.6,0.5769230769230769
8501,HyboNet,2,32,0.005,5,10,0.5354330708661418,0.6333333333333333,0.5769230769230769
8502,HyboNet,2,32,0.005,5,100,0.5511811023622047,1.0,0.5384615384615384
8503,HyboNet,2,32,0.005,5,11,0.5354330708661418,0.6333333333333333,0.5769230769230769
8504,HyboNet,2,32,0.005,5,12,0.5433070866141733,0.6333333333333333,0.5769230769230769
8505,HyboNet,2,32,0.005,5,13,0.5433070866141733,0.6333333333333333,0.5769230769230769
8506,HyboNet,2,32,0.005,5,14,0.5511811023622047,0.6333333333333333,0.5769230769230769
8507,HyboNet,2,32,0.005,5,15,0.5511811023622047,0.6333333333333333,0.5769230769230769
8508,HyboNet,2,32,0.005,5,16,0.5748031496062992,0.7,0.5769230769230769
8509,HyboNet,2,32,0.005,5,17,0.5669291338582677,0.7333333333333333,0.5769230769230769
8510,HyboNet,2,32,0.005,5,18,0.5748031496062992,0.8,0.5769230769230769
8511,HyboNet,2,32,0.005,5,19,0.5826771653543307,0.8,0.5769230769230769
8512,HyboNet,2,32,0.005,5,2,0.5354330708661418,0.6,0.5769230769230769
8513,HyboNet,2,32,0.005,5,20,0.5669291338582677,0.8333333333333334,0.5769230769230769
8514,HyboNet,2,32,0.005,5,21,0.5669291338582677,0.8333333333333334,0.5769230769230769
8515,HyboNet,2,32,0.005,5,22,0.5748031496062992,0.8333333333333334,0.6153846153846154
8516,HyboNet,2,32,0.005,5,23,0.5669291338582677,0.8333333333333334,0.5769230769230769
8517,HyboNet,2,32,0.005,5,24,0.5590551181102362,0.8333333333333334,0.5769230769230769
8518,HyboNet,2,32,0.005,5,25,0.5669291338582677,0.8333333333333334,0.5769230769230769
8519,HyboNet,2,32,0.005,5,26,0.5669291338582677,0.8333333333333334,0.5769230769230769
8520,HyboNet,2,32,0.005,5,27,0.5748031496062992,0.8333333333333334,0.5769230769230769
8521,HyboNet,2,32,0.005,5,28,0.5748031496062992,0.8333333333333334,0.6153846153846154
8522,HyboNet,2,32,0.005,5,29,0.5511811023622047,0.8333333333333334,0.6153846153846154
8523,HyboNet,2,32,0.005,5,3,0.5354330708661418,0.6,0.5769230769230769
8524,HyboNet,2,32,0.005,5,30,0.5669291338582677,0.8333333333333334,0.6153846153846154
8525,HyboNet,2,32,0.005,5,31,0.5669291338582677,0.8333333333333334,0.6153846153846154
8526,HyboNet,2,32,0.005,5,32,0.5590551181102362,0.8333333333333334,0.6153846153846154
8527,HyboNet,2,32,0.005,5,33,0.5590551181102362,0.8333333333333334,0.6153846153846154
8528,HyboNet,2,32,0.005,5,34,0.5590551181102362,0.8333333333333334,0.6153846153846154
8529,HyboNet,2,32,0.005,5,35,0.5590551181102362,0.8666666666666667,0.6153846153846154
8530,HyboNet,2,32,0.005,5,36,0.5590551181102362,0.8666666666666667,0.6153846153846154
8531,HyboNet,2,32,0.005,5,37,0.5590551181102362,0.8666666666666667,0.6153846153846154
8532,HyboNet,2,32,0.005,5,38,0.5590551181102362,0.9,0.6153846153846154
8533,HyboNet,2,32,0.005,5,39,0.5511811023622047,0.9,0.6153846153846154
8534,HyboNet,2,32,0.005,5,4,0.5354330708661418,0.6,0.5769230769230769
8535,HyboNet,2,32,0.005,5,40,0.5433070866141733,0.9,0.6153846153846154
8536,HyboNet,2,32,0.005,5,41,0.5511811023622047,0.9,0.6153846153846154
8537,HyboNet,2,32,0.005,5,42,0.5511811023622047,0.9,0.6153846153846154
8538,HyboNet,2,32,0.005,5,43,0.5433070866141733,0.9,0.6153846153846154
8539,HyboNet,2,32,0.005,5,44,0.5511811023622047,0.9,0.6153846153846154
8540,HyboNet,2,32,0.005,5,45,0.5590551181102362,0.9333333333333333,0.6153846153846154
8541,HyboNet,2,32,0.005,5,46,0.5511811023622047,0.9333333333333333,0.5769230769230769
8542,HyboNet,2,32,0.005,5,47,0.5511811023622047,0.9666666666666667,0.5769230769230769
8543,HyboNet,2,32,0.005,5,48,0.5275590551181102,1.0,0.6153846153846154
8544,HyboNet,2,32,0.005,5,49,0.5275590551181102,1.0,0.6153846153846154
8545,HyboNet,2,32,0.005,5,5,0.5354330708661418,0.6,0.5769230769230769
8546,HyboNet,2,32,0.005,5,50,0.5275590551181102,1.0,0.6153846153846154
8547,HyboNet,2,32,0.005,5,51,0.5275590551181102,1.0,0.6538461538461539
8548,HyboNet,2,32,0.005,5,52,0.5433070866141733,1.0,0.6538461538461539
8549,HyboNet,2,32,0.005,5,53,0.5511811023622047,1.0,0.6538461538461539
8550,HyboNet,2,32,0.005,5,54,0.5433070866141733,1.0,0.6538461538461539
8551,HyboNet,2,32,0.005,5,55,0.5354330708661418,1.0,0.6538461538461539
8552,HyboNet,2,32,0.005,5,56,0.5354330708661418,1.0,0.6153846153846154
8553,HyboNet,2,32,0.005,5,57,0.5354330708661418,1.0,0.6153846153846154
8554,HyboNet,2,32,0.005,5,58,0.5354330708661418,1.0,0.6153846153846154
8555,HyboNet,2,32,0.005,5,59,0.5354330708661418,1.0,0.6153846153846154
8556,HyboNet,2,32,0.005,5,6,0.5354330708661418,0.6,0.5769230769230769
8557,HyboNet,2,32,0.005,5,60,0.5354330708661418,1.0,0.6153846153846154
8558,HyboNet,2,32,0.005,5,61,0.5354330708661418,1.0,0.5769230769230769
8559,HyboNet,2,32,0.005,5,62,0.5275590551181102,0.9666666666666667,0.5769230769230769
8560,HyboNet,2,32,0.005,5,63,0.5275590551181102,0.9666666666666667,0.6153846153846154
8561,HyboNet,2,32,0.005,5,64,0.5196850393700787,0.9666666666666667,0.6153846153846154
8562,HyboNet,2,32,0.005,5,65,0.5275590551181102,0.9666666666666667,0.6153846153846154
8563,HyboNet,2,32,0.005,5,66,0.5354330708661418,0.9666666666666667,0.6153846153846154
8564,HyboNet,2,32,0.005,5,67,0.5354330708661418,0.9666666666666667,0.6153846153846154
8565,HyboNet,2,32,0.005,5,68,0.5354330708661418,0.9666666666666667,0.6153846153846154
8566,HyboNet,2,32,0.005,5,69,0.5354330708661418,0.9666666666666667,0.6153846153846154
8567,HyboNet,2,32,0.005,5,7,0.5354330708661418,0.6,0.5769230769230769
8568,HyboNet,2,32,0.005,5,70,0.5354330708661418,0.9666666666666667,0.5769230769230769
8569,HyboNet,2,32,0.005,5,71,0.5354330708661418,1.0,0.5769230769230769
8570,HyboNet,2,32,0.005,5,72,0.5354330708661418,1.0,0.5769230769230769
8571,HyboNet,2,32,0.005,5,73,0.5433070866141733,1.0,0.5769230769230769
8572,HyboNet,2,32,0.005,5,74,0.5433070866141733,1.0,0.5769230769230769
8573,HyboNet,2,32,0.005,5,75,0.5433070866141733,1.0,0.5769230769230769
8574,HyboNet,2,32,0.005,5,76,0.5354330708661418,1.0,0.5769230769230769
8575,HyboNet,2,32,0.005,5,77,0.5354330708661418,1.0,0.5769230769230769
8576,HyboNet,2,32,0.005,5,78,0.5275590551181102,1.0,0.5769230769230769
8577,HyboNet,2,32,0.005,5,79,0.5196850393700787,1.0,0.5769230769230769
8578,HyboNet,2,32,0.005,5,8,0.5354330708661418,0.6,0.5769230769230769
8579,HyboNet,2,32,0.005,5,80,0.5196850393700787,1.0,0.5769230769230769
8580,HyboNet,2,32,0.005,5,81,0.5275590551181102,1.0,0.5769230769230769
8581,HyboNet,2,32,0.005,5,82,0.5196850393700787,1.0,0.5769230769230769
8582,HyboNet,2,32,0.005,5,83,0.5118110236220472,1.0,0.5384615384615384
8583,HyboNet,2,32,0.005,5,84,0.5118110236220472,1.0,0.5384615384615384
8584,HyboNet,2,32,0.005,5,85,0.5196850393700787,1.0,0.5384615384615384
8585,HyboNet,2,32,0.005,5,86,0.5275590551181102,1.0,0.5384615384615384
8586,HyboNet,2,32,0.005,5,87,0.5275590551181102,1.0,0.5384615384615384
8587,HyboNet,2,32,0.005,5,88,0.5196850393700787,1.0,0.5384615384615384
8588,HyboNet,2,32,0.005,5,89,0.5354330708661418,1.0,0.5384615384615384
8589,HyboNet,2,32,0.005,5,9,0.5354330708661418,0.6,0.5769230769230769
8590,HyboNet,2,32,0.005,5,90,0.5433070866141733,1.0,0.5384615384615384
8591,HyboNet,2,32,0.005,5,91,0.5433070866141733,1.0,0.5384615384615384
8592,HyboNet,2,32,0.005,5,92,0.5433070866141733,1.0,0.5384615384615384
8593,HyboNet,2,32,0.005,5,93,0.5433070866141733,1.0,0.5384615384615384
8594,HyboNet,2,32,0.005,5,94,0.5433070866141733,1.0,0.5384615384615384
8595,HyboNet,2,32,0.005,5,95,0.5433070866141733,1.0,0.5384615384615384
8596,HyboNet,2,32,0.005,5,96,0.5511811023622047,1.0,0.5384615384615384
8597,HyboNet,2,32,0.005,5,97,0.5511811023622047,1.0,0.5384615384615384
8598,HyboNet,2,32,0.005,5,98,0.5511811023622047,1.0,0.5384615384615384
8599,HyboNet,2,32,0.005,5,99,0.5511811023622047,1.0,0.5384615384615384
8600,HyboNet,2,32,0.005,6,1,0.5354330708661418,0.6,0.5769230769230769
8601,HyboNet,2,32,0.005,6,10,0.5433070866141733,0.7666666666666667,0.5384615384615384
8602,HyboNet,2,32,0.005,6,100,0.4881889763779528,1.0,0.5384615384615384
8603,HyboNet,2,32,0.005,6,11,0.5669291338582677,0.8,0.5384615384615384
8604,HyboNet,2,32,0.005,6,12,0.5590551181102362,0.8,0.5384615384615384
8605,HyboNet,2,32,0.005,6,13,0.5511811023622047,0.8,0.5384615384615384
8606,HyboNet,2,32,0.005,6,14,0.5511811023622047,0.8,0.5
8607,HyboNet,2,32,0.005,6,15,0.5433070866141733,0.8333333333333334,0.5384615384615384
8608,HyboNet,2,32,0.005,6,16,0.5511811023622047,0.8333333333333334,0.5384615384615384
8609,HyboNet,2,32,0.005,6,17,0.5433070866141733,0.8333333333333334,0.5
8610,HyboNet,2,32,0.005,6,18,0.5511811023622047,0.8,0.5384615384615384
8611,HyboNet,2,32,0.005,6,19,0.5511811023622047,0.8,0.5384615384615384
8612,HyboNet,2,32,0.005,6,2,0.5354330708661418,0.6,0.5769230769230769
8613,HyboNet,2,32,0.005,6,20,0.5511811023622047,0.8,0.5384615384615384
8614,HyboNet,2,32,0.005,6,21,0.5511811023622047,0.8,0.5384615384615384
8615,HyboNet,2,32,0.005,6,22,0.5511811023622047,0.8,0.5384615384615384
8616,HyboNet,2,32,0.005,6,23,0.5511811023622047,0.8,0.5384615384615384
8617,HyboNet,2,32,0.005,6,24,0.5511811023622047,0.8,0.5384615384615384
8618,HyboNet,2,32,0.005,6,25,0.5511811023622047,0.8,0.5384615384615384
8619,HyboNet,2,32,0.005,6,26,0.5511811023622047,0.8,0.5384615384615384
8620,HyboNet,2,32,0.005,6,27,0.5511811023622047,0.8,0.5384615384615384
8621,HyboNet,2,32,0.005,6,28,0.5511811023622047,0.8333333333333334,0.5384615384615384
8622,HyboNet,2,32,0.005,6,29,0.5511811023622047,0.8333333333333334,0.5384615384615384
8623,HyboNet,2,32,0.005,6,3,0.5354330708661418,0.6,0.5769230769230769
8624,HyboNet,2,32,0.005,6,30,0.5511811023622047,0.8666666666666667,0.5384615384615384
8625,HyboNet,2,32,0.005,6,31,0.5433070866141733,0.8666666666666667,0.5384615384615384
8626,HyboNet,2,32,0.005,6,32,0.5354330708661418,0.9,0.5384615384615384
8627,HyboNet,2,32,0.005,6,33,0.5354330708661418,0.9,0.5769230769230769
8628,HyboNet,2,32,0.005,6,34,0.5354330708661418,0.9,0.6153846153846154
8629,HyboNet,2,32,0.005,6,35,0.5354330708661418,0.9,0.6153846153846154
8630,HyboNet,2,32,0.005,6,36,0.5275590551181102,0.9,0.6153846153846154
8631,HyboNet,2,32,0.005,6,37,0.5275590551181102,0.9,0.6153846153846154
8632,HyboNet,2,32,0.005,6,38,0.5275590551181102,0.9,0.6153846153846154
8633,HyboNet,2,32,0.005,6,39,0.5275590551181102,0.9333333333333333,0.6153846153846154
8634,HyboNet,2,32,0.005,6,4,0.5354330708661418,0.6,0.5769230769230769
8635,HyboNet,2,32,0.005,6,40,0.5196850393700787,0.9333333333333333,0.6153846153846154
8636,HyboNet,2,32,0.005,6,41,0.5354330708661418,0.9666666666666667,0.5769230769230769
8637,HyboNet,2,32,0.005,6,42,0.5433070866141733,0.9666666666666667,0.5769230769230769
8638,HyboNet,2,32,0.005,6,43,0.5354330708661418,0.9666666666666667,0.5769230769230769
8639,HyboNet,2,32,0.005,6,44,0.5511811023622047,0.9666666666666667,0.5769230769230769
8640,HyboNet,2,32,0.005,6,45,0.5511811023622047,0.9666666666666667,0.5769230769230769
8641,HyboNet,2,32,0.005,6,46,0.5669291338582677,1.0,0.5769230769230769
8642,HyboNet,2,32,0.005,6,47,0.5748031496062992,1.0,0.5384615384615384
8643,HyboNet,2,32,0.005,6,48,0.5748031496062992,1.0,0.5384615384615384
8644,HyboNet,2,32,0.005,6,49,0.5669291338582677,1.0,0.5384615384615384
8645,HyboNet,2,32,0.005,6,5,0.5354330708661418,0.6,0.5769230769230769
8646,HyboNet,2,32,0.005,6,50,0.5669291338582677,1.0,0.5384615384615384
8647,HyboNet,2,32,0.005,6,51,0.5669291338582677,1.0,0.5384615384615384
8648,HyboNet,2,32,0.005,6,52,0.5590551181102362,1.0,0.5384615384615384
8649,HyboNet,2,32,0.005,6,53,0.5669291338582677,1.0,0.5384615384615384
8650,HyboNet,2,32,0.005,6,54,0.5669291338582677,1.0,0.5384615384615384
8651,HyboNet,2,32,0.005,6,55,0.5590551181102362,1.0,0.5384615384615384
8652,HyboNet,2,32,0.005,6,56,0.5590551181102362,0.9666666666666667,0.5384615384615384
8653,HyboNet,2,32,0.005,6,57,0.5433070866141733,0.9666666666666667,0.5384615384615384
8654,HyboNet,2,32,0.005,6,58,0.5354330708661418,0.9666666666666667,0.5384615384615384
8655,HyboNet,2,32,0.005,6,59,0.5354330708661418,0.9666666666666667,0.5384615384615384
8656,HyboNet,2,32,0.005,6,6,0.5354330708661418,0.6,0.5769230769230769
8657,HyboNet,2,32,0.005,6,60,0.5354330708661418,0.9666666666666667,0.5384615384615384
8658,HyboNet,2,32,0.005,6,61,0.5433070866141733,0.9666666666666667,0.5384615384615384
8659,HyboNet,2,32,0.005,6,62,0.5354330708661418,0.9666666666666667,0.5384615384615384
8660,HyboNet,2,32,0.005,6,63,0.5354330708661418,0.9666666666666667,0.5384615384615384
8661,HyboNet,2,32,0.005,6,64,0.5354330708661418,1.0,0.5384615384615384
8662,HyboNet,2,32,0.005,6,65,0.5275590551181102,1.0,0.5384615384615384
8663,HyboNet,2,32,0.005,6,66,0.5196850393700787,1.0,0.5384615384615384
8664,HyboNet,2,32,0.005,6,67,0.5118110236220472,1.0,0.5384615384615384
8665,HyboNet,2,32,0.005,6,68,0.5118110236220472,1.0,0.5384615384615384
8666,HyboNet,2,32,0.005,6,69,0.5118110236220472,1.0,0.5384615384615384
8667,HyboNet,2,32,0.005,6,7,0.5433070866141733,0.6333333333333333,0.5769230769230769
8668,HyboNet,2,32,0.005,6,70,0.5118110236220472,1.0,0.5384615384615384
8669,HyboNet,2,32,0.005,6,71,0.5118110236220472,1.0,0.5384615384615384
8670,HyboNet,2,32,0.005,6,72,0.5196850393700787,1.0,0.5384615384615384
8671,HyboNet,2,32,0.005,6,73,0.5196850393700787,1.0,0.5384615384615384
8672,HyboNet,2,32,0.005,6,74,0.5039370078740157,1.0,0.5384615384615384
8673,HyboNet,2,32,0.005,6,75,0.5039370078740157,1.0,0.5384615384615384
8674,HyboNet,2,32,0.005,6,76,0.49606299212598426,1.0,0.5384615384615384
8675,HyboNet,2,32,0.005,6,77,0.49606299212598426,1.0,0.5384615384615384
8676,HyboNet,2,32,0.005,6,78,0.49606299212598426,1.0,0.5384615384615384
8677,HyboNet,2,32,0.005,6,79,0.49606299212598426,1.0,0.5384615384615384
8678,HyboNet,2,32,0.005,6,8,0.5433070866141733,0.6333333333333333,0.5769230769230769
8679,HyboNet,2,32,0.005,6,80,0.49606299212598426,1.0,0.5769230769230769
8680,HyboNet,2,32,0.005,6,81,0.49606299212598426,1.0,0.5384615384615384
8681,HyboNet,2,32,0.005,6,82,0.49606299212598426,1.0,0.5384615384615384
8682,HyboNet,2,32,0.005,6,83,0.49606299212598426,1.0,0.5384615384615384
8683,HyboNet,2,32,0.005,6,84,0.49606299212598426,1.0,0.5384615384615384
8684,HyboNet,2,32,0.005,6,85,0.49606299212598426,1.0,0.5384615384615384
8685,HyboNet,2,32,0.005,6,86,0.49606299212598426,1.0,0.5384615384615384
8686,HyboNet,2,32,0.005,6,87,0.49606299212598426,1.0,0.5384615384615384
8687,HyboNet,2,32,0.005,6,88,0.4881889763779528,1.0,0.5384615384615384
8688,HyboNet,2,32,0.005,6,89,0.4881889763779528,1.0,0.5384615384615384
8689,HyboNet,2,32,0.005,6,9,0.5511811023622047,0.7333333333333333,0.5769230769230769
8690,HyboNet,2,32,0.005,6,90,0.4881889763779528,1.0,0.5384615384615384
8691,HyboNet,2,32,0.005,6,91,0.4881889763779528,1.0,0.5384615384615384
8692,HyboNet,2,32,0.005,6,92,0.4881889763779528,1.0,0.5384615384615384
8693,HyboNet,2,32,0.005,6,93,0.4881889763779528,1.0,0.5384615384615384
8694,HyboNet,2,32,0.005,6,94,0.4881889763779528,1.0,0.5384615384615384
8695,HyboNet,2,32,0.005,6,95,0.4881889763779528,1.0,0.5384615384615384
8696,HyboNet,2,32,0.005,6,96,0.4881889763779528,1.0,0.5384615384615384
8697,HyboNet,2,32,0.005,6,97,0.4881889763779528,1.0,0.5384615384615384
8698,HyboNet,2,32,0.005,6,98,0.4881889763779528,1.0,0.5384615384615384
8699,HyboNet,2,32,0.005,6,99,0.4881889763779528,1.0,0.5384615384615384
8700,HyboNet,2,32,0.005,7,1,0.5354330708661418,0.6,0.5769230769230769
8701,HyboNet,2,32,0.005,7,10,0.5354330708661418,0.6,0.5769230769230769
8702,HyboNet,2,32,0.005,7,100,0.5433070866141733,1.0,0.5384615384615384
8703,HyboNet,2,32,0.005,7,11,0.5354330708661418,0.6,0.5769230769230769
8704,HyboNet,2,32,0.005,7,12,0.5354330708661418,0.6,0.5769230769230769
8705,HyboNet,2,32,0.005,7,13,0.5354330708661418,0.6,0.5769230769230769
8706,HyboNet,2,32,0.005,7,14,0.5433070866141733,0.6333333333333333,0.5769230769230769
8707,HyboNet,2,32,0.005,7,15,0.5433070866141733,0.6333333333333333,0.5769230769230769
8708,HyboNet,2,32,0.005,7,16,0.5433070866141733,0.6333333333333333,0.5769230769230769
8709,HyboNet,2,32,0.005,7,17,0.5433070866141733,0.6666666666666666,0.5769230769230769
8710,HyboNet,2,32,0.005,7,18,0.5433070866141733,0.7,0.5769230769230769
8711,HyboNet,2,32,0.005,7,19,0.5433070866141733,0.7333333333333333,0.5769230769230769
8712,HyboNet,2,32,0.005,7,2,0.5354330708661418,0.6,0.5769230769230769
8713,HyboNet,2,32,0.005,7,20,0.5433070866141733,0.7333333333333333,0.5769230769230769
8714,HyboNet,2,32,0.005,7,21,0.5511811023622047,0.7333333333333333,0.5384615384615384
8715,HyboNet,2,32,0.005,7,22,0.5433070866141733,0.7333333333333333,0.5384615384615384
8716,HyboNet,2,32,0.005,7,23,0.5511811023622047,0.7666666666666667,0.5384615384615384
8717,HyboNet,2,32,0.005,7,24,0.5511811023622047,0.7666666666666667,0.5384615384615384
8718,HyboNet,2,32,0.005,7,25,0.5511811023622047,0.8,0.5384615384615384
8719,HyboNet,2,32,0.005,7,26,0.5590551181102362,0.8,0.5384615384615384
8720,HyboNet,2,32,0.005,7,27,0.5511811023622047,0.8,0.5384615384615384
8721,HyboNet,2,32,0.005,7,28,0.5748031496062992,0.8,0.5769230769230769
8722,HyboNet,2,32,0.005,7,29,0.5826771653543307,0.8333333333333334,0.5384615384615384
8723,HyboNet,2,32,0.005,7,3,0.5354330708661418,0.6,0.5769230769230769
8724,HyboNet,2,32,0.005,7,30,0.5826771653543307,0.8333333333333334,0.5384615384615384
8725,HyboNet,2,32,0.005,7,31,0.5748031496062992,0.8666666666666667,0.5384615384615384
8726,HyboNet,2,32,0.005,7,32,0.5748031496062992,0.8666666666666667,0.5384615384615384
8727,HyboNet,2,32,0.005,7,33,0.5669291338582677,0.8666666666666667,0.5769230769230769
8728,HyboNet,2,32,0.005,7,34,0.5669291338582677,0.9,0.5769230769230769
8729,HyboNet,2,32,0.005,7,35,0.5669291338582677,0.9,0.5769230769230769
8730,HyboNet,2,32,0.005,7,36,0.5590551181102362,0.9,0.5769230769230769
8731,HyboNet,2,32,0.005,7,37,0.5590551181102362,0.9,0.5769230769230769
8732,HyboNet,2,32,0.005,7,38,0.5511811023622047,0.9333333333333333,0.5769230769230769
8733,HyboNet,2,32,0.005,7,39,0.5511811023622047,0.9333333333333333,0.6153846153846154
8734,HyboNet,2,32,0.005,7,4,0.5354330708661418,0.6,0.5769230769230769
8735,HyboNet,2,32,0.005,7,40,0.5433070866141733,0.9666666666666667,0.6153846153846154
8736,HyboNet,2,32,0.005,7,41,0.5590551181102362,1.0,0.6153846153846154
8737,HyboNet,2,32,0.005,7,42,0.5590551181102362,1.0,0.6153846153846154
8738,HyboNet,2,32,0.005,7,43,0.5669291338582677,1.0,0.5769230769230769
8739,HyboNet,2,32,0.005,7,44,0.5748031496062992,1.0,0.5769230769230769
8740,HyboNet,2,32,0.005,7,45,0.5905511811023622,1.0,0.5769230769230769
8741,HyboNet,2,32,0.005,7,46,0.5748031496062992,1.0,0.6153846153846154
8742,HyboNet,2,32,0.005,7,47,0.5748031496062992,1.0,0.6538461538461539
8743,HyboNet,2,32,0.005,7,48,0.5748031496062992,1.0,0.6153846153846154
8744,HyboNet,2,32,0.005,7,49,0.5748031496062992,1.0,0.6538461538461539
8745,HyboNet,2,32,0.005,7,5,0.5354330708661418,0.6,0.5769230769230769
8746,HyboNet,2,32,0.005,7,50,0.5826771653543307,1.0,0.6538461538461539
8747,HyboNet,2,32,0.005,7,51,0.5905511811023622,1.0,0.6538461538461539
8748,HyboNet,2,32,0.005,7,52,0.5905511811023622,1.0,0.6153846153846154
8749,HyboNet,2,32,0.005,7,53,0.5826771653543307,1.0,0.6153846153846154
8750,HyboNet,2,32,0.005,7,54,0.5905511811023622,1.0,0.6153846153846154
8751,HyboNet,2,32,0.005,7,55,0.5748031496062992,1.0,0.6153846153846154
8752,HyboNet,2,32,0.005,7,56,0.5748031496062992,1.0,0.6153846153846154
8753,HyboNet,2,32,0.005,7,57,0.5748031496062992,1.0,0.6153846153846154
8754,HyboNet,2,32,0.005,7,58,0.5669291338582677,1.0,0.6153846153846154
8755,HyboNet,2,32,0.005,7,59,0.5669291338582677,1.0,0.6153846153846154
8756,HyboNet,2,32,0.005,7,6,0.5354330708661418,0.6,0.5769230769230769
8757,HyboNet,2,32,0.005,7,60,0.5590551181102362,1.0,0.6153846153846154
8758,HyboNet,2,32,0.005,7,61,0.5590551181102362,1.0,0.6153846153846154
8759,HyboNet,2,32,0.005,7,62,0.5590551181102362,1.0,0.6153846153846154
8760,HyboNet,2,32,0.005,7,63,0.5590551181102362,1.0,0.6153846153846154
8761,HyboNet,2,32,0.005,7,64,0.5590551181102362,1.0,0.6153846153846154
8762,HyboNet,2,32,0.005,7,65,0.5511811023622047,1.0,0.6153846153846154
8763,HyboNet,2,32,0.005,7,66,0.5433070866141733,1.0,0.6153846153846154
8764,HyboNet,2,32,0.005,7,67,0.5590551181102362,1.0,0.6153846153846154
8765,HyboNet,2,32,0.005,7,68,0.5590551181102362,1.0,0.6153846153846154
8766,HyboNet,2,32,0.005,7,69,0.5511811023622047,1.0,0.6153846153846154
8767,HyboNet,2,32,0.005,7,7,0.5354330708661418,0.6,0.5769230769230769
8768,HyboNet,2,32,0.005,7,70,0.5511811023622047,1.0,0.5769230769230769
8769,HyboNet,2,32,0.005,7,71,0.5354330708661418,1.0,0.5769230769230769
8770,HyboNet,2,32,0.005,7,72,0.5354330708661418,1.0,0.5769230769230769
8771,HyboNet,2,32,0.005,7,73,0.5354330708661418,1.0,0.5769230769230769
8772,HyboNet,2,32,0.005,7,74,0.5433070866141733,1.0,0.5769230769230769
8773,HyboNet,2,32,0.005,7,75,0.5354330708661418,1.0,0.5769230769230769
8774,HyboNet,2,32,0.005,7,76,0.5275590551181102,1.0,0.5769230769230769
8775,HyboNet,2,32,0.005,7,77,0.5354330708661418,1.0,0.5769230769230769
8776,HyboNet,2,32,0.005,7,78,0.5275590551181102,1.0,0.5769230769230769
8777,HyboNet,2,32,0.005,7,79,0.5354330708661418,1.0,0.5769230769230769
8778,HyboNet,2,32,0.005,7,8,0.5354330708661418,0.6,0.5769230769230769
8779,HyboNet,2,32,0.005,7,80,0.5433070866141733,1.0,0.5769230769230769
8780,HyboNet,2,32,0.005,7,81,0.5354330708661418,1.0,0.5769230769230769
8781,HyboNet,2,32,0.005,7,82,0.5511811023622047,1.0,0.5769230769230769
8782,HyboNet,2,32,0.005,7,83,0.5590551181102362,1.0,0.5769230769230769
8783,HyboNet,2,32,0.005,7,84,0.5590551181102362,1.0,0.5769230769230769
8784,HyboNet,2,32,0.005,7,85,0.5590551181102362,1.0,0.5769230769230769
8785,HyboNet,2,32,0.005,7,86,0.5511811023622047,1.0,0.5769230769230769
8786,HyboNet,2,32,0.005,7,87,0.5433070866141733,1.0,0.5769230769230769
8787,HyboNet,2,32,0.005,7,88,0.5354330708661418,1.0,0.5769230769230769
8788,HyboNet,2,32,0.005,7,89,0.5433070866141733,1.0,0.5769230769230769
8789,HyboNet,2,32,0.005,7,9,0.5354330708661418,0.6,0.5769230769230769
8790,HyboNet,2,32,0.005,7,90,0.5433070866141733,1.0,0.5769230769230769
8791,HyboNet,2,32,0.005,7,91,0.5433070866141733,1.0,0.5769230769230769
8792,HyboNet,2,32,0.005,7,92,0.5354330708661418,1.0,0.5769230769230769
8793,HyboNet,2,32,0.005,7,93,0.5354330708661418,1.0,0.5384615384615384
8794,HyboNet,2,32,0.005,7,94,0.5354330708661418,1.0,0.5384615384615384
8795,HyboNet,2,32,0.005,7,95,0.5354330708661418,1.0,0.5384615384615384
8796,HyboNet,2,32,0.005,7,96,0.5354330708661418,1.0,0.5384615384615384
8797,HyboNet,2,32,0.005,7,97,0.5433070866141733,1.0,0.5384615384615384
8798,HyboNet,2,32,0.005,7,98,0.5433070866141733,1.0,0.5384615384615384
8799,HyboNet,2,32,0.005,7,99,0.5433070866141733,1.0,0.5384615384615384
8800,HyboNet,2,32,0.005,8,1,0.5354330708661418,0.6,0.5769230769230769
8801,HyboNet,2,32,0.005,8,10,0.5590551181102362,0.8,0.5384615384615384
8802,HyboNet,2,32,0.005,8,100,0.4881889763779528,1.0,0.5
8803,HyboNet,2,32,0.005,8,11,0.5669291338582677,0.8,0.5384615384615384
8804,HyboNet,2,32,0.005,8,12,0.5905511811023622,0.8,0.5384615384615384
8805,HyboNet,2,32,0.005,8,13,0.5826771653543307,0.8,0.5384615384615384
8806,HyboNet,2,32,0.005,8,14,0.5826771653543307,0.8,0.5384615384615384
8807,HyboNet,2,32,0.005,8,15,0.5669291338582677,0.8,0.5384615384615384
8808,HyboNet,2,32,0.005,8,16,0.5669291338582677,0.8,0.5384615384615384
8809,HyboNet,2,32,0.005,8,17,0.5669291338582677,0.8,0.5769230769230769
8810,HyboNet,2,32,0.005,8,18,0.5590551181102362,0.8333333333333334,0.5769230769230769
8811,HyboNet,2,32,0.005,8,19,0.5669291338582677,0.8333333333333334,0.6153846153846154
8812,HyboNet,2,32,0.005,8,2,0.5354330708661418,0.6,0.5769230769230769
8813,HyboNet,2,32,0.005,8,20,0.5826771653543307,0.9,0.6153846153846154
8814,HyboNet,2,32,0.005,8,21,0.5748031496062992,0.9,0.6153846153846154
8815,HyboNet,2,32,0.005,8,22,0.5590551181102362,0.9666666666666667,0.5769230769230769
8816,HyboNet,2,32,0.005,8,23,0.5118110236220472,0.9666666666666667,0.5769230769230769
8817,HyboNet,2,32,0.005,8,24,0.5118110236220472,0.9666666666666667,0.5769230769230769
8818,HyboNet,2,32,0.005,8,25,0.5118110236220472,0.9666666666666667,0.5769230769230769
8819,HyboNet,2,32,0.005,8,26,0.5196850393700787,1.0,0.5769230769230769
8820,HyboNet,2,32,0.005,8,27,0.5118110236220472,1.0,0.5769230769230769
8821,HyboNet,2,32,0.005,8,28,0.5039370078740157,1.0,0.5769230769230769
8822,HyboNet,2,32,0.005,8,29,0.5039370078740157,1.0,0.5769230769230769
8823,HyboNet,2,32,0.005,8,3,0.5354330708661418,0.6,0.5769230769230769
8824,HyboNet,2,32,0.005,8,30,0.5118110236220472,1.0,0.5769230769230769
8825,HyboNet,2,32,0.005,8,31,0.5196850393700787,1.0,0.5769230769230769
8826,HyboNet,2,32,0.005,8,32,0.5118110236220472,1.0,0.5769230769230769
8827,HyboNet,2,32,0.005,8,33,0.5039370078740157,1.0,0.5769230769230769
8828,HyboNet,2,32,0.005,8,34,0.5118110236220472,1.0,0.5769230769230769
8829,HyboNet,2,32,0.005,8,35,0.5196850393700787,1.0,0.5769230769230769
8830,HyboNet,2,32,0.005,8,36,0.4881889763779528,1.0,0.5769230769230769
8831,HyboNet,2,32,0.005,8,37,0.4881889763779528,1.0,0.5769230769230769
8832,HyboNet,2,32,0.005,8,38,0.4881889763779528,1.0,0.5769230769230769
8833,HyboNet,2,32,0.005,8,39,0.4881889763779528,1.0,0.5769230769230769
8834,HyboNet,2,32,0.005,8,4,0.5354330708661418,0.6333333333333333,0.5769230769230769
8835,HyboNet,2,32,0.005,8,40,0.48031496062992124,1.0,0.5384615384615384
8836,HyboNet,2,32,0.005,8,41,0.49606299212598426,1.0,0.5384615384615384
8837,HyboNet,2,32,0.005,8,42,0.5039370078740157,1.0,0.5
8838,HyboNet,2,32,0.005,8,43,0.49606299212598426,1.0,0.46153846153846156
8839,HyboNet,2,32,0.005,8,44,0.49606299212598426,1.0,0.46153846153846156
8840,HyboNet,2,32,0.005,8,45,0.49606299212598426,1.0,0.46153846153846156
8841,HyboNet,2,32,0.005,8,46,0.5039370078740157,1.0,0.46153846153846156
8842,HyboNet,2,32,0.005,8,47,0.5039370078740157,1.0,0.5
8843,HyboNet,2,32,0.005,8,48,0.49606299212598426,1.0,0.5
8844,HyboNet,2,32,0.005,8,49,0.49606299212598426,1.0,0.5
8845,HyboNet,2,32,0.005,8,5,0.5669291338582677,0.7,0.5769230769230769
8846,HyboNet,2,32,0.005,8,50,0.5039370078740157,1.0,0.5
8847,HyboNet,2,32,0.005,8,51,0.49606299212598426,1.0,0.5384615384615384
8848,HyboNet,2,32,0.005,8,52,0.4645669291338583,1.0,0.5384615384615384
8849,HyboNet,2,32,0.005,8,53,0.47244094488188976,1.0,0.5384615384615384
8850,HyboNet,2,32,0.005,8,54,0.48031496062992124,1.0,0.5384615384615384
8851,HyboNet,2,32,0.005,8,55,0.49606299212598426,1.0,0.5384615384615384
8852,HyboNet,2,32,0.005,8,56,0.49606299212598426,1.0,0.5
8853,HyboNet,2,32,0.005,8,57,0.5039370078740157,1.0,0.5
8854,HyboNet,2,32,0.005,8,58,0.5118110236220472,1.0,0.5
8855,HyboNet,2,32,0.005,8,59,0.5118110236220472,1.0,0.5
8856,HyboNet,2,32,0.005,8,6,0.5669291338582677,0.8,0.5384615384615384
8857,HyboNet,2,32,0.005,8,60,0.5118110236220472,1.0,0.5
8858,HyboNet,2,32,0.005,8,61,0.5118110236220472,1.0,0.5
8859,HyboNet,2,32,0.005,8,62,0.49606299212598426,1.0,0.5
8860,HyboNet,2,32,0.005,8,63,0.5039370078740157,1.0,0.46153846153846156
8861,HyboNet,2,32,0.005,8,64,0.48031496062992124,1.0,0.5
8862,HyboNet,2,32,0.005,8,65,0.48031496062992124,1.0,0.5
8863,HyboNet,2,32,0.005,8,66,0.48031496062992124,1.0,0.5
8864,HyboNet,2,32,0.005,8,67,0.47244094488188976,1.0,0.5
8865,HyboNet,2,32,0.005,8,68,0.48031496062992124,1.0,0.5
8866,HyboNet,2,32,0.005,8,69,0.49606299212598426,1.0,0.46153846153846156
8867,HyboNet,2,32,0.005,8,7,0.5905511811023622,0.8,0.5769230769230769
8868,HyboNet,2,32,0.005,8,70,0.5039370078740157,1.0,0.5
8869,HyboNet,2,32,0.005,8,71,0.48031496062992124,1.0,0.5
8870,HyboNet,2,32,0.005,8,72,0.4881889763779528,1.0,0.5
8871,HyboNet,2,32,0.005,8,73,0.49606299212598426,1.0,0.46153846153846156
8872,HyboNet,2,32,0.005,8,74,0.4881889763779528,1.0,0.46153846153846156
8873,HyboNet,2,32,0.005,8,75,0.48031496062992124,1.0,0.46153846153846156
8874,HyboNet,2,32,0.005,8,76,0.47244094488188976,1.0,0.46153846153846156
8875,HyboNet,2,32,0.005,8,77,0.47244094488188976,1.0,0.46153846153846156
8876,HyboNet,2,32,0.005,8,78,0.48031496062992124,1.0,0.46153846153846156
8877,HyboNet,2,32,0.005,8,79,0.4881889763779528,1.0,0.5
8878,HyboNet,2,32,0.005,8,8,0.5905511811023622,0.8,0.5769230769230769
8879,HyboNet,2,32,0.005,8,80,0.4881889763779528,1.0,0.5
8880,HyboNet,2,32,0.005,8,81,0.4881889763779528,1.0,0.5
8881,HyboNet,2,32,0.005,8,82,0.4881889763779528,1.0,0.5
8882,HyboNet,2,32,0.005,8,83,0.4881889763779528,1.0,0.46153846153846156
8883,HyboNet,2,32,0.005,8,84,0.48031496062992124,1.0,0.46153846153846156
8884,HyboNet,2,32,0.005,8,85,0.48031496062992124,1.0,0.46153846153846156
8885,HyboNet,2,32,0.005,8,86,0.4881889763779528,1.0,0.46153846153846156
8886,HyboNet,2,32,0.005,8,87,0.48031496062992124,1.0,0.46153846153846156
8887,HyboNet,2,32,0.005,8,88,0.4881889763779528,1.0,0.46153846153846156
8888,HyboNet,2,32,0.005,8,89,0.48031496062992124,1.0,0.5
8889,HyboNet,2,32,0.005,8,9,0.5905511811023622,0.8,0.5769230769230769
8890,HyboNet,2,32,0.005,8,90,0.47244094488188976,1.0,0.5
8891,HyboNet,2,32,0.005,8,91,0.48031496062992124,1.0,0.5
8892,HyboNet,2,32,0.005,8,92,0.48031496062992124,1.0,0.5
8893,HyboNet,2,32,0.005,8,93,0.4881889763779528,1.0,0.5
8894,HyboNet,2,32,0.005,8,94,0.4881889763779528,1.0,0.5384615384615384
8895,HyboNet,2,32,0.005,8,95,0.4881889763779528,1.0,0.5
8896,HyboNet,2,32,0.005,8,96,0.4881889763779528,1.0,0.5
8897,HyboNet,2,32,0.005,8,97,0.4881889763779528,1.0,0.5
8898,HyboNet,2,32,0.005,8,98,0.4881889763779528,1.0,0.5
8899,HyboNet,2,32,0.005,8,99,0.4881889763779528,1.0,0.5
8900,HyboNet,2,32,0.005,9,1,0.5354330708661418,0.6,0.5769230769230769
8901,HyboNet,2,32,0.005,9,10,0.5748031496062992,0.8,0.5769230769230769
8902,HyboNet,2,32,0.005,9,100,0.5196850393700787,1.0,0.5
8903,HyboNet,2,32,0.005,9,11,0.5748031496062992,0.8,0.5384615384615384
8904,HyboNet,2,32,0.005,9,12,0.5748031496062992,0.8,0.5384615384615384
8905,HyboNet,2,32,0.005,9,13,0.5748031496062992,0.8,0.5384615384615384
8906,HyboNet,2,32,0.005,9,14,0.5748031496062992,0.8,0.5384615384615384
8907,HyboNet,2,32,0.005,9,15,0.5748031496062992,0.8,0.5384615384615384
8908,HyboNet,2,32,0.005,9,16,0.5748031496062992,0.8,0.5384615384615384
8909,HyboNet,2,32,0.005,9,17,0.5826771653543307,0.8,0.5384615384615384
8910,HyboNet,2,32,0.005,9,18,0.5669291338582677,0.8,0.5384615384615384
8911,HyboNet,2,32,0.005,9,19,0.5590551181102362,0.8,0.5384615384615384
8912,HyboNet,2,32,0.005,9,2,0.5354330708661418,0.6,0.5769230769230769
8913,HyboNet,2,32,0.005,9,20,0.5511811023622047,0.7666666666666667,0.5769230769230769
8914,HyboNet,2,32,0.005,9,21,0.5590551181102362,0.7666666666666667,0.6153846153846154
8915,HyboNet,2,32,0.005,9,22,0.5590551181102362,0.8333333333333334,0.6153846153846154
8916,HyboNet,2,32,0.005,9,23,0.5590551181102362,0.8666666666666667,0.5769230769230769
8917,HyboNet,2,32,0.005,9,24,0.5669291338582677,0.9,0.5384615384615384
8918,HyboNet,2,32,0.005,9,25,0.5433070866141733,0.9,0.5384615384615384
8919,HyboNet,2,32,0.005,9,26,0.5196850393700787,0.9333333333333333,0.5384615384615384
8920,HyboNet,2,32,0.005,9,27,0.5275590551181102,0.9333333333333333,0.4230769230769231
8921,HyboNet,2,32,0.005,9,28,0.5196850393700787,0.9333333333333333,0.4230769230769231
8922,HyboNet,2,32,0.005,9,29,0.5196850393700787,0.9333333333333333,0.4230769230769231
8923,HyboNet,2,32,0.005,9,3,0.5354330708661418,0.6,0.5769230769230769
8924,HyboNet,2,32,0.005,9,30,0.5275590551181102,0.9333333333333333,0.4230769230769231
8925,HyboNet,2,32,0.005,9,31,0.5354330708661418,0.9333333333333333,0.4230769230769231
8926,HyboNet,2,32,0.005,9,32,0.5275590551181102,0.9333333333333333,0.4230769230769231
8927,HyboNet,2,32,0.005,9,33,0.5196850393700787,0.9666666666666667,0.46153846153846156
8928,HyboNet,2,32,0.005,9,34,0.5275590551181102,1.0,0.46153846153846156
8929,HyboNet,2,32,0.005,9,35,0.5433070866141733,1.0,0.46153846153846156
8930,HyboNet,2,32,0.005,9,36,0.5433070866141733,1.0,0.46153846153846156
8931,HyboNet,2,32,0.005,9,37,0.5433070866141733,1.0,0.4230769230769231
8932,HyboNet,2,32,0.005,9,38,0.5354330708661418,1.0,0.4230769230769231
8933,HyboNet,2,32,0.005,9,39,0.5275590551181102,0.9666666666666667,0.4230769230769231
8934,HyboNet,2,32,0.005,9,4,0.5354330708661418,0.6333333333333333,0.5769230769230769
8935,HyboNet,2,32,0.005,9,40,0.5275590551181102,0.9666666666666667,0.4230769230769231
8936,HyboNet,2,32,0.005,9,41,0.5354330708661418,0.9666666666666667,0.4230769230769231
8937,HyboNet,2,32,0.005,9,42,0.5354330708661418,0.9666666666666667,0.46153846153846156
8938,HyboNet,2,32,0.005,9,43,0.5433070866141733,0.9666666666666667,0.46153846153846156
8939,HyboNet,2,32,0.005,9,44,0.5433070866141733,0.9666666666666667,0.5
8940,HyboNet,2,32,0.005,9,45,0.5354330708661418,0.9666666666666667,0.5
8941,HyboNet,2,32,0.005,9,46,0.5354330708661418,0.9666666666666667,0.46153846153846156
8942,HyboNet,2,32,0.005,9,47,0.5433070866141733,0.9666666666666667,0.46153846153846156
8943,HyboNet,2,32,0.005,9,48,0.5433070866141733,1.0,0.46153846153846156
8944,HyboNet,2,32,0.005,9,49,0.5433070866141733,1.0,0.46153846153846156
8945,HyboNet,2,32,0.005,9,5,0.5433070866141733,0.7,0.5769230769230769
8946,HyboNet,2,32,0.005,9,50,0.5196850393700787,1.0,0.46153846153846156
8947,HyboNet,2,32,0.005,9,51,0.5196850393700787,1.0,0.46153846153846156
8948,HyboNet,2,32,0.005,9,52,0.5354330708661418,1.0,0.46153846153846156
8949,HyboNet,2,32,0.005,9,53,0.5433070866141733,1.0,0.46153846153846156
8950,HyboNet,2,32,0.005,9,54,0.5275590551181102,1.0,0.46153846153846156
8951,HyboNet,2,32,0.005,9,55,0.5354330708661418,1.0,0.4230769230769231
8952,HyboNet,2,32,0.005,9,56,0.5433070866141733,1.0,0.4230769230769231
8953,HyboNet,2,32,0.005,9,57,0.5275590551181102,1.0,0.4230769230769231
8954,HyboNet,2,32,0.005,9,58,0.5275590551181102,1.0,0.4230769230769231
8955,HyboNet,2,32,0.005,9,59,0.5275590551181102,1.0,0.4230769230769231
8956,HyboNet,2,32,0.005,9,6,0.5511811023622047,0.7666666666666667,0.5769230769230769
8957,HyboNet,2,32,0.005,9,60,0.5511811023622047,1.0,0.4230769230769231
8958,HyboNet,2,32,0.005,9,61,0.5511811023622047,1.0,0.4230769230769231
8959,HyboNet,2,32,0.005,9,62,0.5354330708661418,1.0,0.4230769230769231
8960,HyboNet,2,32,0.005,9,63,0.5354330708661418,1.0,0.4230769230769231
8961,HyboNet,2,32,0.005,9,64,0.5275590551181102,1.0,0.4230769230769231
8962,HyboNet,2,32,0.005,9,65,0.5354330708661418,1.0,0.4230769230769231
8963,HyboNet,2,32,0.005,9,66,0.5354330708661418,1.0,0.4230769230769231
8964,HyboNet,2,32,0.005,9,67,0.5354330708661418,1.0,0.4230769230769231
8965,HyboNet,2,32,0.005,9,68,0.5354330708661418,1.0,0.4230769230769231
8966,HyboNet,2,32,0.005,9,69,0.5433070866141733,1.0,0.4230769230769231
8967,HyboNet,2,32,0.005,9,7,0.5590551181102362,0.8,0.5384615384615384
8968,HyboNet,2,32,0.005,9,70,0.5354330708661418,1.0,0.4230769230769231
8969,HyboNet,2,32,0.005,9,71,0.5433070866141733,1.0,0.4230769230769231
8970,HyboNet,2,32,0.005,9,72,0.5433070866141733,1.0,0.4230769230769231
8971,HyboNet,2,32,0.005,9,73,0.5433070866141733,1.0,0.4230769230769231
8972,HyboNet,2,32,0.005,9,74,0.5354330708661418,1.0,0.4230769230769231
8973,HyboNet,2,32,0.005,9,75,0.5354330708661418,1.0,0.4230769230769231
8974,HyboNet,2,32,0.005,9,76,0.5275590551181102,1.0,0.4230769230769231
8975,HyboNet,2,32,0.005,9,77,0.5196850393700787,1.0,0.4230769230769231
8976,HyboNet,2,32,0.005,9,78,0.5275590551181102,1.0,0.4230769230769231
8977,HyboNet,2,32,0.005,9,79,0.5275590551181102,1.0,0.4230769230769231
8978,HyboNet,2,32,0.005,9,8,0.5511811023622047,0.8,0.46153846153846156
8979,HyboNet,2,32,0.005,9,80,0.5196850393700787,1.0,0.4230769230769231
8980,HyboNet,2,32,0.005,9,81,0.49606299212598426,1.0,0.4230769230769231
8981,HyboNet,2,32,0.005,9,82,0.5118110236220472,1.0,0.4230769230769231
8982,HyboNet,2,32,0.005,9,83,0.5118110236220472,1.0,0.4230769230769231
8983,HyboNet,2,32,0.005,9,84,0.5118110236220472,1.0,0.4230769230769231
8984,HyboNet,2,32,0.005,9,85,0.5196850393700787,1.0,0.4230769230769231
8985,HyboNet,2,32,0.005,9,86,0.5039370078740157,1.0,0.4230769230769231
8986,HyboNet,2,32,0.005,9,87,0.49606299212598426,1.0,0.4230769230769231
8987,HyboNet,2,32,0.005,9,88,0.4881889763779528,1.0,0.4230769230769231
8988,HyboNet,2,32,0.005,9,89,0.49606299212598426,1.0,0.4230769230769231
8989,HyboNet,2,32,0.005,9,9,0.5590551181102362,0.8,0.46153846153846156
8990,HyboNet,2,32,0.005,9,90,0.5039370078740157,1.0,0.4230769230769231
8991,HyboNet,2,32,0.005,9,91,0.5118110236220472,1.0,0.4230769230769231
8992,HyboNet,2,32,0.005,9,92,0.5118110236220472,1.0,0.4230769230769231
8993,HyboNet,2,32,0.005,9,93,0.5196850393700787,1.0,0.4230769230769231
8994,HyboNet,2,32,0.005,9,94,0.5118110236220472,1.0,0.4230769230769231
8995,HyboNet,2,32,0.005,9,95,0.5118110236220472,1.0,0.4230769230769231
8996,HyboNet,2,32,0.005,9,96,0.5039370078740157,1.0,0.4230769230769231
8997,HyboNet,2,32,0.005,9,97,0.5039370078740157,1.0,0.4230769230769231
8998,HyboNet,2,32,0.005,9,98,0.5118110236220472,1.0,0.4230769230769231
8999,HyboNet,2,32,0.005,9,99,0.5196850393700787,1.0,0.46153846153846156
9000,HyboNet,2,64,0.0002,1,1,0.14173228346456693,0.26666666666666666,0.07692307692307693
9001,HyboNet,2,64,0.0002,1,10,0.5196850393700787,0.6333333333333333,0.5
9002,HyboNet,2,64,0.0002,1,100,0.4645669291338583,0.9333333333333333,0.4230769230769231
9003,HyboNet,2,64,0.0002,1,11,0.5196850393700787,0.6333333333333333,0.5384615384615384
9004,HyboNet,2,64,0.0002,1,12,0.5275590551181102,0.6333333333333333,0.5769230769230769
9005,HyboNet,2,64,0.0002,1,13,0.5275590551181102,0.6333333333333333,0.5769230769230769
9006,HyboNet,2,64,0.0002,1,14,0.5275590551181102,0.6333333333333333,0.5769230769230769
9007,HyboNet,2,64,0.0002,1,15,0.5275590551181102,0.6333333333333333,0.5769230769230769
9008,HyboNet,2,64,0.0002,1,16,0.5275590551181102,0.6333333333333333,0.5769230769230769
9009,HyboNet,2,64,0.0002,1,17,0.5275590551181102,0.6333333333333333,0.5769230769230769
9010,HyboNet,2,64,0.0002,1,18,0.5275590551181102,0.6333333333333333,0.5769230769230769
9011,HyboNet,2,64,0.0002,1,19,0.5275590551181102,0.6333333333333333,0.5769230769230769
9012,HyboNet,2,64,0.0002,1,2,0.16535433070866143,0.26666666666666666,0.11538461538461539
9013,HyboNet,2,64,0.0002,1,20,0.5275590551181102,0.6333333333333333,0.5769230769230769
9014,HyboNet,2,64,0.0002,1,21,0.5275590551181102,0.6333333333333333,0.5384615384615384
9015,HyboNet,2,64,0.0002,1,22,0.5354330708661418,0.6333333333333333,0.5384615384615384
9016,HyboNet,2,64,0.0002,1,23,0.5354330708661418,0.6333333333333333,0.5
9017,HyboNet,2,64,0.0002,1,24,0.5354330708661418,0.6333333333333333,0.5
9018,HyboNet,2,64,0.0002,1,25,0.5354330708661418,0.6666666666666666,0.46153846153846156
9019,HyboNet,2,64,0.0002,1,26,0.5354330708661418,0.6666666666666666,0.46153846153846156
9020,HyboNet,2,64,0.0002,1,27,0.5275590551181102,0.6666666666666666,0.46153846153846156
9021,HyboNet,2,64,0.0002,1,28,0.5118110236220472,0.6666666666666666,0.46153846153846156
9022,HyboNet,2,64,0.0002,1,29,0.5118110236220472,0.7,0.46153846153846156
9023,HyboNet,2,64,0.0002,1,3,0.2047244094488189,0.36666666666666664,0.19230769230769232
9024,HyboNet,2,64,0.0002,1,30,0.5039370078740157,0.7,0.46153846153846156
9025,HyboNet,2,64,0.0002,1,31,0.5039370078740157,0.7333333333333333,0.46153846153846156
9026,HyboNet,2,64,0.0002,1,32,0.49606299212598426,0.7333333333333333,0.46153846153846156
9027,HyboNet,2,64,0.0002,1,33,0.4881889763779528,0.7333333333333333,0.46153846153846156
9028,HyboNet,2,64,0.0002,1,34,0.4881889763779528,0.7333333333333333,0.46153846153846156
9029,HyboNet,2,64,0.0002,1,35,0.5039370078740157,0.7333333333333333,0.46153846153846156
9030,HyboNet,2,64,0.0002,1,36,0.4881889763779528,0.7333333333333333,0.46153846153846156
9031,HyboNet,2,64,0.0002,1,37,0.4881889763779528,0.7333333333333333,0.46153846153846156
9032,HyboNet,2,64,0.0002,1,38,0.5039370078740157,0.7333333333333333,0.46153846153846156
9033,HyboNet,2,64,0.0002,1,39,0.5039370078740157,0.7666666666666667,0.46153846153846156
9034,HyboNet,2,64,0.0002,1,4,0.25984251968503935,0.5,0.2692307692307692
9035,HyboNet,2,64,0.0002,1,40,0.5039370078740157,0.7666666666666667,0.46153846153846156
9036,HyboNet,2,64,0.0002,1,41,0.5039370078740157,0.7666666666666667,0.46153846153846156
9037,HyboNet,2,64,0.0002,1,42,0.5039370078740157,0.7666666666666667,0.46153846153846156
9038,HyboNet,2,64,0.0002,1,43,0.5118110236220472,0.7666666666666667,0.46153846153846156
9039,HyboNet,2,64,0.0002,1,44,0.5039370078740157,0.7666666666666667,0.46153846153846156
9040,HyboNet,2,64,0.0002,1,45,0.5039370078740157,0.7666666666666667,0.46153846153846156
9041,HyboNet,2,64,0.0002,1,46,0.5039370078740157,0.7666666666666667,0.46153846153846156
9042,HyboNet,2,64,0.0002,1,47,0.5039370078740157,0.7666666666666667,0.46153846153846156
9043,HyboNet,2,64,0.0002,1,48,0.4881889763779528,0.7666666666666667,0.46153846153846156
9044,HyboNet,2,64,0.0002,1,49,0.4881889763779528,0.7666666666666667,0.46153846153846156
9045,HyboNet,2,64,0.0002,1,5,0.30708661417322836,0.6,0.4230769230769231
9046,HyboNet,2,64,0.0002,1,50,0.49606299212598426,0.7666666666666667,0.46153846153846156
9047,HyboNet,2,64,0.0002,1,51,0.49606299212598426,0.7666666666666667,0.46153846153846156
9048,HyboNet,2,64,0.0002,1,52,0.49606299212598426,0.7666666666666667,0.46153846153846156
9049,HyboNet,2,64,0.0002,1,53,0.49606299212598426,0.7666666666666667,0.46153846153846156
9050,HyboNet,2,64,0.0002,1,54,0.49606299212598426,0.7666666666666667,0.46153846153846156
9051,HyboNet,2,64,0.0002,1,55,0.49606299212598426,0.7666666666666667,0.46153846153846156
9052,HyboNet,2,64,0.0002,1,56,0.5039370078740157,0.7666666666666667,0.46153846153846156
9053,HyboNet,2,64,0.0002,1,57,0.5118110236220472,0.8,0.4230769230769231
9054,HyboNet,2,64,0.0002,1,58,0.5196850393700787,0.8,0.4230769230769231
9055,HyboNet,2,64,0.0002,1,59,0.5118110236220472,0.8,0.4230769230769231
9056,HyboNet,2,64,0.0002,1,6,0.4566929133858268,0.6666666666666666,0.46153846153846156
9057,HyboNet,2,64,0.0002,1,60,0.5118110236220472,0.8,0.4230769230769231
9058,HyboNet,2,64,0.0002,1,61,0.5196850393700787,0.8,0.4230769230769231
9059,HyboNet,2,64,0.0002,1,62,0.5196850393700787,0.8333333333333334,0.4230769230769231
9060,HyboNet,2,64,0.0002,1,63,0.5196850393700787,0.8333333333333334,0.4230769230769231
9061,HyboNet,2,64,0.0002,1,64,0.5196850393700787,0.8333333333333334,0.4230769230769231
9062,HyboNet,2,64,0.0002,1,65,0.5196850393700787,0.8333333333333334,0.4230769230769231
9063,HyboNet,2,64,0.0002,1,66,0.5196850393700787,0.8333333333333334,0.4230769230769231
9064,HyboNet,2,64,0.0002,1,67,0.5196850393700787,0.8333333333333334,0.4230769230769231
9065,HyboNet,2,64,0.0002,1,68,0.5118110236220472,0.8333333333333334,0.38461538461538464
9066,HyboNet,2,64,0.0002,1,69,0.5118110236220472,0.8333333333333334,0.38461538461538464
9067,HyboNet,2,64,0.0002,1,7,0.49606299212598426,0.6333333333333333,0.46153846153846156
9068,HyboNet,2,64,0.0002,1,70,0.5118110236220472,0.8333333333333334,0.38461538461538464
9069,HyboNet,2,64,0.0002,1,71,0.5039370078740157,0.8333333333333334,0.38461538461538464
9070,HyboNet,2,64,0.0002,1,72,0.49606299212598426,0.8333333333333334,0.38461538461538464
9071,HyboNet,2,64,0.0002,1,73,0.4881889763779528,0.8333333333333334,0.38461538461538464
9072,HyboNet,2,64,0.0002,1,74,0.48031496062992124,0.8333333333333334,0.38461538461538464
9073,HyboNet,2,64,0.0002,1,75,0.48031496062992124,0.8333333333333334,0.4230769230769231
9074,HyboNet,2,64,0.0002,1,76,0.47244094488188976,0.8333333333333334,0.4230769230769231
9075,HyboNet,2,64,0.0002,1,77,0.47244094488188976,0.8333333333333334,0.4230769230769231
9076,HyboNet,2,64,0.0002,1,78,0.47244094488188976,0.8333333333333334,0.4230769230769231
9077,HyboNet,2,64,0.0002,1,79,0.47244094488188976,0.8666666666666667,0.4230769230769231
9078,HyboNet,2,64,0.0002,1,8,0.5118110236220472,0.6333333333333333,0.46153846153846156
9079,HyboNet,2,64,0.0002,1,80,0.47244094488188976,0.8666666666666667,0.4230769230769231
9080,HyboNet,2,64,0.0002,1,81,0.4645669291338583,0.8666666666666667,0.4230769230769231
9081,HyboNet,2,64,0.0002,1,82,0.4566929133858268,0.8666666666666667,0.4230769230769231
9082,HyboNet,2,64,0.0002,1,83,0.4566929133858268,0.8666666666666667,0.4230769230769231
9083,HyboNet,2,64,0.0002,1,84,0.4566929133858268,0.8666666666666667,0.4230769230769231
9084,HyboNet,2,64,0.0002,1,85,0.4645669291338583,0.8666666666666667,0.4230769230769231
9085,HyboNet,2,64,0.0002,1,86,0.4645669291338583,0.8666666666666667,0.4230769230769231
9086,HyboNet,2,64,0.0002,1,87,0.4645669291338583,0.8666666666666667,0.4230769230769231
9087,HyboNet,2,64,0.0002,1,88,0.4645669291338583,0.8666666666666667,0.4230769230769231
9088,HyboNet,2,64,0.0002,1,89,0.4645669291338583,0.9,0.4230769230769231
9089,HyboNet,2,64,0.0002,1,9,0.5118110236220472,0.6333333333333333,0.5
9090,HyboNet,2,64,0.0002,1,90,0.47244094488188976,0.9,0.4230769230769231
9091,HyboNet,2,64,0.0002,1,91,0.47244094488188976,0.9,0.4230769230769231
9092,HyboNet,2,64,0.0002,1,92,0.47244094488188976,0.9,0.4230769230769231
9093,HyboNet,2,64,0.0002,1,93,0.47244094488188976,0.9,0.4230769230769231
9094,HyboNet,2,64,0.0002,1,94,0.47244094488188976,0.9,0.4230769230769231
9095,HyboNet,2,64,0.0002,1,95,0.47244094488188976,0.9,0.4230769230769231
9096,HyboNet,2,64,0.0002,1,96,0.47244094488188976,0.9,0.4230769230769231
9097,HyboNet,2,64,0.0002,1,97,0.47244094488188976,0.9,0.4230769230769231
9098,HyboNet,2,64,0.0002,1,98,0.47244094488188976,0.9,0.4230769230769231
9099,HyboNet,2,64,0.0002,1,99,0.47244094488188976,0.9,0.4230769230769231
9100,HyboNet,2,64,0.0002,10,1,0.25984251968503935,0.2,0.2692307692307692
9101,HyboNet,2,64,0.0002,10,10,0.5118110236220472,0.6333333333333333,0.5769230769230769
9102,HyboNet,2,64,0.0002,10,100,0.49606299212598426,0.8666666666666667,0.46153846153846156
9103,HyboNet,2,64,0.0002,10,11,0.5118110236220472,0.6333333333333333,0.5769230769230769
9104,HyboNet,2,64,0.0002,10,12,0.5118110236220472,0.6333333333333333,0.5769230769230769
9105,HyboNet,2,64,0.0002,10,13,0.5196850393700787,0.6333333333333333,0.5769230769230769
9106,HyboNet,2,64,0.0002,10,14,0.5196850393700787,0.6333333333333333,0.5769230769230769
9107,HyboNet,2,64,0.0002,10,15,0.5196850393700787,0.6333333333333333,0.5769230769230769
9108,HyboNet,2,64,0.0002,10,16,0.5196850393700787,0.6333333333333333,0.5384615384615384
9109,HyboNet,2,64,0.0002,10,17,0.5196850393700787,0.6333333333333333,0.5384615384615384
9110,HyboNet,2,64,0.0002,10,18,0.5118110236220472,0.6333333333333333,0.5384615384615384
9111,HyboNet,2,64,0.0002,10,19,0.5118110236220472,0.6333333333333333,0.5
9112,HyboNet,2,64,0.0002,10,2,0.31496062992125984,0.4,0.34615384615384615
9113,HyboNet,2,64,0.0002,10,20,0.5118110236220472,0.7,0.5
9114,HyboNet,2,64,0.0002,10,21,0.5196850393700787,0.7333333333333333,0.5
9115,HyboNet,2,64,0.0002,10,22,0.5196850393700787,0.7333333333333333,0.5
9116,HyboNet,2,64,0.0002,10,23,0.5118110236220472,0.7333333333333333,0.5
9117,HyboNet,2,64,0.0002,10,24,0.5039370078740157,0.7333333333333333,0.5
9118,HyboNet,2,64,0.0002,10,25,0.49606299212598426,0.7666666666666667,0.5
9119,HyboNet,2,64,0.0002,10,26,0.49606299212598426,0.7666666666666667,0.5
9120,HyboNet,2,64,0.0002,10,27,0.49606299212598426,0.7666666666666667,0.5
9121,HyboNet,2,64,0.0002,10,28,0.49606299212598426,0.8,0.5
9122,HyboNet,2,64,0.0002,10,29,0.5039370078740157,0.8,0.5
9123,HyboNet,2,64,0.0002,10,3,0.4330708661417323,0.43333333333333335,0.5
9124,HyboNet,2,64,0.0002,10,30,0.5039370078740157,0.8,0.5
9125,HyboNet,2,64,0.0002,10,31,0.5039370078740157,0.8,0.5
9126,HyboNet,2,64,0.0002,10,32,0.5118110236220472,0.8,0.5
9127,HyboNet,2,64,0.0002,10,33,0.5118110236220472,0.8,0.5
9128,HyboNet,2,64,0.0002,10,34,0.5196850393700787,0.8,0.5
9129,HyboNet,2,64,0.0002,10,35,0.5196850393700787,0.8,0.5
9130,HyboNet,2,64,0.0002,10,36,0.5196850393700787,0.8,0.5
9131,HyboNet,2,64,0.0002,10,37,0.5118110236220472,0.8,0.5
9132,HyboNet,2,64,0.0002,10,38,0.5118110236220472,0.8,0.5
9133,HyboNet,2,64,0.0002,10,39,0.5118110236220472,0.8,0.5
9134,HyboNet,2,64,0.0002,10,4,0.4881889763779528,0.5333333333333333,0.5384615384615384
9135,HyboNet,2,64,0.0002,10,40,0.5118110236220472,0.8,0.5
9136,HyboNet,2,64,0.0002,10,41,0.5039370078740157,0.8,0.5
9137,HyboNet,2,64,0.0002,10,42,0.5039370078740157,0.8,0.5
9138,HyboNet,2,64,0.0002,10,43,0.5039370078740157,0.8,0.5
9139,HyboNet,2,64,0.0002,10,44,0.5039370078740157,0.8,0.5
9140,HyboNet,2,64,0.0002,10,45,0.5039370078740157,0.8,0.5
9141,HyboNet,2,64,0.0002,10,46,0.5039370078740157,0.8,0.5
9142,HyboNet,2,64,0.0002,10,47,0.5039370078740157,0.8,0.5
9143,HyboNet,2,64,0.0002,10,48,0.5118110236220472,0.8,0.5
9144,HyboNet,2,64,0.0002,10,49,0.5118110236220472,0.8,0.5
9145,HyboNet,2,64,0.0002,10,5,0.49606299212598426,0.6333333333333333,0.5384615384615384
9146,HyboNet,2,64,0.0002,10,50,0.5118110236220472,0.8,0.5
9147,HyboNet,2,64,0.0002,10,51,0.5118110236220472,0.8,0.5
9148,HyboNet,2,64,0.0002,10,52,0.5039370078740157,0.8,0.5
9149,HyboNet,2,64,0.0002,10,53,0.5039370078740157,0.8,0.5
9150,HyboNet,2,64,0.0002,10,54,0.5039370078740157,0.8,0.5
9151,HyboNet,2,64,0.0002,10,55,0.49606299212598426,0.8,0.5
9152,HyboNet,2,64,0.0002,10,56,0.48031496062992124,0.8,0.5
9153,HyboNet,2,64,0.0002,10,57,0.48031496062992124,0.8,0.5
9154,HyboNet,2,64,0.0002,10,58,0.48031496062992124,0.8,0.46153846153846156
9155,HyboNet,2,64,0.0002,10,59,0.48031496062992124,0.8,0.46153846153846156
9156,HyboNet,2,64,0.0002,10,6,0.49606299212598426,0.6333333333333333,0.5769230769230769
9157,HyboNet,2,64,0.0002,10,60,0.48031496062992124,0.8,0.46153846153846156
9158,HyboNet,2,64,0.0002,10,61,0.48031496062992124,0.8,0.5
9159,HyboNet,2,64,0.0002,10,62,0.4881889763779528,0.8,0.5
9160,HyboNet,2,64,0.0002,10,63,0.49606299212598426,0.8,0.5
9161,HyboNet,2,64,0.0002,10,64,0.49606299212598426,0.8,0.46153846153846156
9162,HyboNet,2,64,0.0002,10,65,0.49606299212598426,0.8,0.46153846153846156
9163,HyboNet,2,64,0.0002,10,66,0.5039370078740157,0.8,0.46153846153846156
9164,HyboNet,2,64,0.0002,10,67,0.5039370078740157,0.8,0.46153846153846156
9165,HyboNet,2,64,0.0002,10,68,0.5039370078740157,0.8,0.46153846153846156
9166,HyboNet,2,64,0.0002,10,69,0.5039370078740157,0.8,0.46153846153846156
9167,HyboNet,2,64,0.0002,10,7,0.5118110236220472,0.6,0.5769230769230769
9168,HyboNet,2,64,0.0002,10,70,0.5039370078740157,0.8,0.46153846153846156
9169,HyboNet,2,64,0.0002,10,71,0.5039370078740157,0.8333333333333334,0.46153846153846156
9170,HyboNet,2,64,0.0002,10,72,0.5039370078740157,0.8666666666666667,0.5
9171,HyboNet,2,64,0.0002,10,73,0.5039370078740157,0.8666666666666667,0.5
9172,HyboNet,2,64,0.0002,10,74,0.5039370078740157,0.8666666666666667,0.5
9173,HyboNet,2,64,0.0002,10,75,0.5039370078740157,0.8666666666666667,0.5
9174,HyboNet,2,64,0.0002,10,76,0.5039370078740157,0.8666666666666667,0.5
9175,HyboNet,2,64,0.0002,10,77,0.5039370078740157,0.8666666666666667,0.5
9176,HyboNet,2,64,0.0002,10,78,0.5039370078740157,0.8666666666666667,0.5
9177,HyboNet,2,64,0.0002,10,79,0.5039370078740157,0.8666666666666667,0.5
9178,HyboNet,2,64,0.0002,10,8,0.5118110236220472,0.6,0.5769230769230769
9179,HyboNet,2,64,0.0002,10,80,0.49606299212598426,0.8666666666666667,0.5
9180,HyboNet,2,64,0.0002,10,81,0.49606299212598426,0.8666666666666667,0.5
9181,HyboNet,2,64,0.0002,10,82,0.49606299212598426,0.8666666666666667,0.5
9182,HyboNet,2,64,0.0002,10,83,0.49606299212598426,0.8666666666666667,0.5
9183,HyboNet,2,64,0.0002,10,84,0.49606299212598426,0.8666666666666667,0.5
9184,HyboNet,2,64,0.0002,10,85,0.5118110236220472,0.8666666666666667,0.5
9185,HyboNet,2,64,0.0002,10,86,0.5118110236220472,0.8666666666666667,0.5
9186,HyboNet,2,64,0.0002,10,87,0.5118110236220472,0.8666666666666667,0.5
9187,HyboNet,2,64,0.0002,10,88,0.5118110236220472,0.8666666666666667,0.5
9188,HyboNet,2,64,0.0002,10,89,0.5118110236220472,0.8666666666666667,0.5
9189,HyboNet,2,64,0.0002,10,9,0.5118110236220472,0.6,0.5769230769230769
9190,HyboNet,2,64,0.0002,10,90,0.5118110236220472,0.8666666666666667,0.5
9191,HyboNet,2,64,0.0002,10,91,0.5039370078740157,0.8666666666666667,0.5
9192,HyboNet,2,64,0.0002,10,92,0.5039370078740157,0.8666666666666667,0.5
9193,HyboNet,2,64,0.0002,10,93,0.5039370078740157,0.8666666666666667,0.5
9194,HyboNet,2,64,0.0002,10,94,0.5039370078740157,0.8666666666666667,0.46153846153846156
9195,HyboNet,2,64,0.0002,10,95,0.5039370078740157,0.8666666666666667,0.46153846153846156
9196,HyboNet,2,64,0.0002,10,96,0.49606299212598426,0.8666666666666667,0.46153846153846156
9197,HyboNet,2,64,0.0002,10,97,0.49606299212598426,0.8666666666666667,0.46153846153846156
9198,HyboNet,2,64,0.0002,10,98,0.49606299212598426,0.8666666666666667,0.46153846153846156
9199,HyboNet,2,64,0.0002,10,99,0.49606299212598426,0.8666666666666667,0.46153846153846156
9200,HyboNet,2,64,0.0002,2,1,0.23622047244094488,0.13333333333333333,0.34615384615384615
9201,HyboNet,2,64,0.0002,2,10,0.5354330708661418,0.6,0.5769230769230769
9202,HyboNet,2,64,0.0002,2,100,0.5748031496062992,0.9333333333333333,0.6153846153846154
9203,HyboNet,2,64,0.0002,2,11,0.5354330708661418,0.6333333333333333,0.5769230769230769
9204,HyboNet,2,64,0.0002,2,12,0.5354330708661418,0.6333333333333333,0.5769230769230769
9205,HyboNet,2,64,0.0002,2,13,0.5275590551181102,0.6333333333333333,0.5769230769230769
9206,HyboNet,2,64,0.0002,2,14,0.5275590551181102,0.6333333333333333,0.5769230769230769
9207,HyboNet,2,64,0.0002,2,15,0.5275590551181102,0.6333333333333333,0.5769230769230769
9208,HyboNet,2,64,0.0002,2,16,0.5275590551181102,0.6333333333333333,0.5769230769230769
9209,HyboNet,2,64,0.0002,2,17,0.5275590551181102,0.6333333333333333,0.5769230769230769
9210,HyboNet,2,64,0.0002,2,18,0.5275590551181102,0.6666666666666666,0.5769230769230769
9211,HyboNet,2,64,0.0002,2,19,0.5275590551181102,0.7,0.5769230769230769
9212,HyboNet,2,64,0.0002,2,2,0.2992125984251969,0.3,0.38461538461538464
9213,HyboNet,2,64,0.0002,2,20,0.5433070866141733,0.7,0.5769230769230769
9214,HyboNet,2,64,0.0002,2,21,0.5433070866141733,0.7,0.5769230769230769
9215,HyboNet,2,64,0.0002,2,22,0.5433070866141733,0.7,0.5769230769230769
9216,HyboNet,2,64,0.0002,2,23,0.5354330708661418,0.7,0.6153846153846154
9217,HyboNet,2,64,0.0002,2,24,0.5354330708661418,0.7,0.6153846153846154
9218,HyboNet,2,64,0.0002,2,25,0.5354330708661418,0.7,0.6153846153846154
9219,HyboNet,2,64,0.0002,2,26,0.5354330708661418,0.7,0.6153846153846154
9220,HyboNet,2,64,0.0002,2,27,0.5354330708661418,0.7,0.5769230769230769
9221,HyboNet,2,64,0.0002,2,28,0.5354330708661418,0.7333333333333333,0.5769230769230769
9222,HyboNet,2,64,0.0002,2,29,0.5354330708661418,0.7333333333333333,0.5769230769230769
9223,HyboNet,2,64,0.0002,2,3,0.3858267716535433,0.43333333333333335,0.46153846153846156
9224,HyboNet,2,64,0.0002,2,30,0.5354330708661418,0.7333333333333333,0.5769230769230769
9225,HyboNet,2,64,0.0002,2,31,0.5354330708661418,0.7333333333333333,0.5769230769230769
9226,HyboNet,2,64,0.0002,2,32,0.5354330708661418,0.7333333333333333,0.5384615384615384
9227,HyboNet,2,64,0.0002,2,33,0.5275590551181102,0.7,0.5384615384615384
9228,HyboNet,2,64,0.0002,2,34,0.5275590551181102,0.7,0.5384615384615384
9229,HyboNet,2,64,0.0002,2,35,0.5275590551181102,0.7,0.5769230769230769
9230,HyboNet,2,64,0.0002,2,36,0.5275590551181102,0.7,0.5769230769230769
9231,HyboNet,2,64,0.0002,2,37,0.5275590551181102,0.7,0.5769230769230769
9232,HyboNet,2,64,0.0002,2,38,0.5275590551181102,0.7,0.5769230769230769
9233,HyboNet,2,64,0.0002,2,39,0.5275590551181102,0.7,0.5769230769230769
9234,HyboNet,2,64,0.0002,2,4,0.48031496062992124,0.5333333333333333,0.46153846153846156
9235,HyboNet,2,64,0.0002,2,40,0.5275590551181102,0.7,0.5384615384615384
9236,HyboNet,2,64,0.0002,2,41,0.5275590551181102,0.7333333333333333,0.5384615384615384
9237,HyboNet,2,64,0.0002,2,42,0.5275590551181102,0.7333333333333333,0.5384615384615384
9238,HyboNet,2,64,0.0002,2,43,0.5196850393700787,0.7333333333333333,0.5384615384615384
9239,HyboNet,2,64,0.0002,2,44,0.5196850393700787,0.7333333333333333,0.5384615384615384
9240,HyboNet,2,64,0.0002,2,45,0.5196850393700787,0.7333333333333333,0.5384615384615384
9241,HyboNet,2,64,0.0002,2,46,0.5275590551181102,0.7333333333333333,0.5384615384615384
9242,HyboNet,2,64,0.0002,2,47,0.5354330708661418,0.7333333333333333,0.5769230769230769
9243,HyboNet,2,64,0.0002,2,48,0.5275590551181102,0.7333333333333333,0.5769230769230769
9244,HyboNet,2,64,0.0002,2,49,0.5275590551181102,0.7333333333333333,0.5769230769230769
9245,HyboNet,2,64,0.0002,2,5,0.5118110236220472,0.5666666666666667,0.5384615384615384
9246,HyboNet,2,64,0.0002,2,50,0.5354330708661418,0.7333333333333333,0.5769230769230769
9247,HyboNet,2,64,0.0002,2,51,0.5511811023622047,0.7333333333333333,0.6153846153846154
9248,HyboNet,2,64,0.0002,2,52,0.5511811023622047,0.7333333333333333,0.6153846153846154
9249,HyboNet,2,64,0.0002,2,53,0.5511811023622047,0.7333333333333333,0.6153846153846154
9250,HyboNet,2,64,0.0002,2,54,0.5511811023622047,0.7666666666666667,0.6153846153846154
9251,HyboNet,2,64,0.0002,2,55,0.5511811023622047,0.7666666666666667,0.6153846153846154
9252,HyboNet,2,64,0.0002,2,56,0.5511811023622047,0.7666666666666667,0.6153846153846154
9253,HyboNet,2,64,0.0002,2,57,0.5511811023622047,0.7666666666666667,0.6153846153846154
9254,HyboNet,2,64,0.0002,2,58,0.5511811023622047,0.7666666666666667,0.6153846153846154
9255,HyboNet,2,64,0.0002,2,59,0.5511811023622047,0.7666666666666667,0.6153846153846154
9256,HyboNet,2,64,0.0002,2,6,0.5118110236220472,0.5666666666666667,0.5384615384615384
9257,HyboNet,2,64,0.0002,2,60,0.5590551181102362,0.7666666666666667,0.6153846153846154
9258,HyboNet,2,64,0.0002,2,61,0.5590551181102362,0.8,0.6153846153846154
9259,HyboNet,2,64,0.0002,2,62,0.5511811023622047,0.8,0.6153846153846154
9260,HyboNet,2,64,0.0002,2,63,0.5590551181102362,0.8,0.6153846153846154
9261,HyboNet,2,64,0.0002,2,64,0.5590551181102362,0.8333333333333334,0.6538461538461539
9262,HyboNet,2,64,0.0002,2,65,0.5511811023622047,0.8333333333333334,0.6538461538461539
9263,HyboNet,2,64,0.0002,2,66,0.5590551181102362,0.8333333333333334,0.6538461538461539
9264,HyboNet,2,64,0.0002,2,67,0.5511811023622047,0.8333333333333334,0.6538461538461539
9265,HyboNet,2,64,0.0002,2,68,0.5511811023622047,0.8333333333333334,0.6538461538461539
9266,HyboNet,2,64,0.0002,2,69,0.5511811023622047,0.8333333333333334,0.6538461538461539
9267,HyboNet,2,64,0.0002,2,7,0.5039370078740157,0.6,0.5384615384615384
9268,HyboNet,2,64,0.0002,2,70,0.5511811023622047,0.8333333333333334,0.6538461538461539
9269,HyboNet,2,64,0.0002,2,71,0.5511811023622047,0.8333333333333334,0.6538461538461539
9270,HyboNet,2,64,0.0002,2,72,0.5590551181102362,0.8333333333333334,0.6538461538461539
9271,HyboNet,2,64,0.0002,2,73,0.5590551181102362,0.8333333333333334,0.6538461538461539
9272,HyboNet,2,64,0.0002,2,74,0.5590551181102362,0.8333333333333334,0.6538461538461539
9273,HyboNet,2,64,0.0002,2,75,0.5590551181102362,0.8333333333333334,0.6538461538461539
9274,HyboNet,2,64,0.0002,2,76,0.5590551181102362,0.8333333333333334,0.6538461538461539
9275,HyboNet,2,64,0.0002,2,77,0.5669291338582677,0.8333333333333334,0.6538461538461539
9276,HyboNet,2,64,0.0002,2,78,0.5748031496062992,0.8666666666666667,0.6538461538461539
9277,HyboNet,2,64,0.0002,2,79,0.5748031496062992,0.8666666666666667,0.6538461538461539
9278,HyboNet,2,64,0.0002,2,8,0.5196850393700787,0.6,0.5769230769230769
9279,HyboNet,2,64,0.0002,2,80,0.5748031496062992,0.8666666666666667,0.6538461538461539
9280,HyboNet,2,64,0.0002,2,81,0.5748031496062992,0.8666666666666667,0.6538461538461539
9281,HyboNet,2,64,0.0002,2,82,0.5748031496062992,0.8666666666666667,0.6538461538461539
9282,HyboNet,2,64,0.0002,2,83,0.5748031496062992,0.8666666666666667,0.6538461538461539
9283,HyboNet,2,64,0.0002,2,84,0.5748031496062992,0.8666666666666667,0.6538461538461539
9284,HyboNet,2,64,0.0002,2,85,0.5748031496062992,0.8666666666666667,0.6538461538461539
9285,HyboNet,2,64,0.0002,2,86,0.5748031496062992,0.8666666666666667,0.6538461538461539
9286,HyboNet,2,64,0.0002,2,87,0.5669291338582677,0.8666666666666667,0.6538461538461539
9287,HyboNet,2,64,0.0002,2,88,0.5669291338582677,0.8666666666666667,0.6538461538461539
9288,HyboNet,2,64,0.0002,2,89,0.5669291338582677,0.8666666666666667,0.6538461538461539
9289,HyboNet,2,64,0.0002,2,9,0.5354330708661418,0.6,0.5769230769230769
9290,HyboNet,2,64,0.0002,2,90,0.5590551181102362,0.8666666666666667,0.6538461538461539
9291,HyboNet,2,64,0.0002,2,91,0.5590551181102362,0.8666666666666667,0.6538461538461539
9292,HyboNet,2,64,0.0002,2,92,0.5748031496062992,0.8666666666666667,0.6538461538461539
9293,HyboNet,2,64,0.0002,2,93,0.5748031496062992,0.8666666666666667,0.6538461538461539
9294,HyboNet,2,64,0.0002,2,94,0.5826771653543307,0.8666666666666667,0.6538461538461539
9295,HyboNet,2,64,0.0002,2,95,0.5826771653543307,0.8666666666666667,0.6538461538461539
9296,HyboNet,2,64,0.0002,2,96,0.5826771653543307,0.8666666666666667,0.6538461538461539
9297,HyboNet,2,64,0.0002,2,97,0.5826771653543307,0.9,0.6153846153846154
9298,HyboNet,2,64,0.0002,2,98,0.5826771653543307,0.9,0.6153846153846154
9299,HyboNet,2,64,0.0002,2,99,0.5748031496062992,0.9333333333333333,0.6153846153846154
9300,HyboNet,2,64,0.0002,3,1,0.3858267716535433,0.43333333333333335,0.4230769230769231
9301,HyboNet,2,64,0.0002,3,10,0.5511811023622047,0.6666666666666666,0.5769230769230769
9302,HyboNet,2,64,0.0002,3,100,0.5196850393700787,0.9666666666666667,0.6153846153846154
9303,HyboNet,2,64,0.0002,3,11,0.5511811023622047,0.6666666666666666,0.5769230769230769
9304,HyboNet,2,64,0.0002,3,12,0.5511811023622047,0.7,0.5769230769230769
9305,HyboNet,2,64,0.0002,3,13,0.5511811023622047,0.7,0.5769230769230769
9306,HyboNet,2,64,0.0002,3,14,0.5511811023622047,0.7333333333333333,0.5769230769230769
9307,HyboNet,2,64,0.0002,3,15,0.5590551181102362,0.7333333333333333,0.5384615384615384
9308,HyboNet,2,64,0.0002,3,16,0.5511811023622047,0.7333333333333333,0.5384615384615384
9309,HyboNet,2,64,0.0002,3,17,0.5433070866141733,0.7666666666666667,0.5384615384615384
9310,HyboNet,2,64,0.0002,3,18,0.5511811023622047,0.7666666666666667,0.5384615384615384
9311,HyboNet,2,64,0.0002,3,19,0.5590551181102362,0.7666666666666667,0.5384615384615384
9312,HyboNet,2,64,0.0002,3,2,0.4645669291338583,0.5333333333333333,0.5
9313,HyboNet,2,64,0.0002,3,20,0.5669291338582677,0.7666666666666667,0.5384615384615384
9314,HyboNet,2,64,0.0002,3,21,0.5669291338582677,0.8,0.5384615384615384
9315,HyboNet,2,64,0.0002,3,22,0.5669291338582677,0.8,0.5384615384615384
9316,HyboNet,2,64,0.0002,3,23,0.5669291338582677,0.8,0.5384615384615384
9317,HyboNet,2,64,0.0002,3,24,0.5748031496062992,0.8,0.5384615384615384
9318,HyboNet,2,64,0.0002,3,25,0.5748031496062992,0.8,0.5384615384615384
9319,HyboNet,2,64,0.0002,3,26,0.5748031496062992,0.8,0.5384615384615384
9320,HyboNet,2,64,0.0002,3,27,0.5748031496062992,0.8,0.5384615384615384
9321,HyboNet,2,64,0.0002,3,28,0.5748031496062992,0.8,0.5384615384615384
9322,HyboNet,2,64,0.0002,3,29,0.5669291338582677,0.8,0.5384615384615384
9323,HyboNet,2,64,0.0002,3,3,0.49606299212598426,0.6666666666666666,0.5384615384615384
9324,HyboNet,2,64,0.0002,3,30,0.5669291338582677,0.8,0.5384615384615384
9325,HyboNet,2,64,0.0002,3,31,0.5669291338582677,0.8,0.5384615384615384
9326,HyboNet,2,64,0.0002,3,32,0.5669291338582677,0.8,0.5384615384615384
9327,HyboNet,2,64,0.0002,3,33,0.5669291338582677,0.8,0.5384615384615384
9328,HyboNet,2,64,0.0002,3,34,0.5669291338582677,0.8,0.5384615384615384
9329,HyboNet,2,64,0.0002,3,35,0.5669291338582677,0.8,0.5384615384615384
9330,HyboNet,2,64,0.0002,3,36,0.5669291338582677,0.8,0.5384615384615384
9331,HyboNet,2,64,0.0002,3,37,0.5748031496062992,0.8,0.5384615384615384
9332,HyboNet,2,64,0.0002,3,38,0.5748031496062992,0.8,0.5384615384615384
9333,HyboNet,2,64,0.0002,3,39,0.5748031496062992,0.8,0.5384615384615384
9334,HyboNet,2,64,0.0002,3,4,0.5196850393700787,0.6666666666666666,0.5384615384615384
9335,HyboNet,2,64,0.0002,3,40,0.5748031496062992,0.8,0.5384615384615384
9336,HyboNet,2,64,0.0002,3,41,0.5748031496062992,0.8,0.5384615384615384
9337,HyboNet,2,64,0.0002,3,42,0.5748031496062992,0.8,0.5769230769230769
9338,HyboNet,2,64,0.0002,3,43,0.5748031496062992,0.8,0.5769230769230769
9339,HyboNet,2,64,0.0002,3,44,0.5748031496062992,0.8,0.5769230769230769
9340,HyboNet,2,64,0.0002,3,45,0.5748031496062992,0.8,0.5769230769230769
9341,HyboNet,2,64,0.0002,3,46,0.5748031496062992,0.8,0.5769230769230769
9342,HyboNet,2,64,0.0002,3,47,0.5748031496062992,0.8,0.5769230769230769
9343,HyboNet,2,64,0.0002,3,48,0.5669291338582677,0.8,0.5769230769230769
9344,HyboNet,2,64,0.0002,3,49,0.5669291338582677,0.8,0.5769230769230769
9345,HyboNet,2,64,0.0002,3,5,0.5354330708661418,0.6333333333333333,0.5769230769230769
9346,HyboNet,2,64,0.0002,3,50,0.5669291338582677,0.8,0.6153846153846154
9347,HyboNet,2,64,0.0002,3,51,0.5669291338582677,0.8,0.6153846153846154
9348,HyboNet,2,64,0.0002,3,52,0.5748031496062992,0.8333333333333334,0.6153846153846154
9349,HyboNet,2,64,0.0002,3,53,0.5748031496062992,0.8666666666666667,0.6153846153846154
9350,HyboNet,2,64,0.0002,3,54,0.5748031496062992,0.8666666666666667,0.6153846153846154
9351,HyboNet,2,64,0.0002,3,55,0.5826771653543307,0.8666666666666667,0.6153846153846154
9352,HyboNet,2,64,0.0002,3,56,0.5748031496062992,0.8666666666666667,0.6153846153846154
9353,HyboNet,2,64,0.0002,3,57,0.5669291338582677,0.8666666666666667,0.6153846153846154
9354,HyboNet,2,64,0.0002,3,58,0.5669291338582677,0.8666666666666667,0.6153846153846154
9355,HyboNet,2,64,0.0002,3,59,0.5669291338582677,0.8666666666666667,0.6153846153846154
9356,HyboNet,2,64,0.0002,3,6,0.5511811023622047,0.6,0.5769230769230769
9357,HyboNet,2,64,0.0002,3,60,0.5669291338582677,0.8666666666666667,0.6153846153846154
9358,HyboNet,2,64,0.0002,3,61,0.5669291338582677,0.8666666666666667,0.6153846153846154
9359,HyboNet,2,64,0.0002,3,62,0.5669291338582677,0.8666666666666667,0.6153846153846154
9360,HyboNet,2,64,0.0002,3,63,0.5669291338582677,0.8666666666666667,0.5769230769230769
9361,HyboNet,2,64,0.0002,3,64,0.5669291338582677,0.8666666666666667,0.5769230769230769
9362,HyboNet,2,64,0.0002,3,65,0.5669291338582677,0.8666666666666667,0.5384615384615384
9363,HyboNet,2,64,0.0002,3,66,0.5669291338582677,0.8666666666666667,0.5
9364,HyboNet,2,64,0.0002,3,67,0.5590551181102362,0.9,0.5384615384615384
9365,HyboNet,2,64,0.0002,3,68,0.5590551181102362,0.9,0.5384615384615384
9366,HyboNet,2,64,0.0002,3,69,0.5590551181102362,0.9,0.5384615384615384
9367,HyboNet,2,64,0.0002,3,7,0.5511811023622047,0.6,0.5769230769230769
9368,HyboNet,2,64,0.0002,3,70,0.5433070866141733,0.9,0.5384615384615384
9369,HyboNet,2,64,0.0002,3,71,0.5354330708661418,0.9,0.5384615384615384
9370,HyboNet,2,64,0.0002,3,72,0.5354330708661418,0.9,0.5384615384615384
9371,HyboNet,2,64,0.0002,3,73,0.5354330708661418,0.9333333333333333,0.5384615384615384
9372,HyboNet,2,64,0.0002,3,74,0.5196850393700787,0.9333333333333333,0.5384615384615384
9373,HyboNet,2,64,0.0002,3,75,0.5196850393700787,0.9333333333333333,0.5384615384615384
9374,HyboNet,2,64,0.0002,3,76,0.5354330708661418,0.9333333333333333,0.5384615384615384
9375,HyboNet,2,64,0.0002,3,77,0.5354330708661418,0.9333333333333333,0.5384615384615384
9376,HyboNet,2,64,0.0002,3,78,0.5275590551181102,0.9333333333333333,0.5384615384615384
9377,HyboNet,2,64,0.0002,3,79,0.5275590551181102,0.9333333333333333,0.5384615384615384
9378,HyboNet,2,64,0.0002,3,8,0.5511811023622047,0.6,0.5769230769230769
9379,HyboNet,2,64,0.0002,3,80,0.5275590551181102,0.9333333333333333,0.5384615384615384
9380,HyboNet,2,64,0.0002,3,81,0.5275590551181102,0.9333333333333333,0.5384615384615384
9381,HyboNet,2,64,0.0002,3,82,0.5275590551181102,0.9333333333333333,0.5769230769230769
9382,HyboNet,2,64,0.0002,3,83,0.5275590551181102,0.9333333333333333,0.5769230769230769
9383,HyboNet,2,64,0.0002,3,84,0.5354330708661418,0.9333333333333333,0.5769230769230769
9384,HyboNet,2,64,0.0002,3,85,0.5354330708661418,0.9333333333333333,0.5769230769230769
9385,HyboNet,2,64,0.0002,3,86,0.5354330708661418,0.9333333333333333,0.5769230769230769
9386,HyboNet,2,64,0.0002,3,87,0.5275590551181102,0.9333333333333333,0.5769230769230769
9387,HyboNet,2,64,0.0002,3,88,0.5275590551181102,0.9333333333333333,0.5769230769230769
9388,HyboNet,2,64,0.0002,3,89,0.5275590551181102,0.9666666666666667,0.5769230769230769
9389,HyboNet,2,64,0.0002,3,9,0.5511811023622047,0.6666666666666666,0.5769230769230769
9390,HyboNet,2,64,0.0002,3,90,0.5275590551181102,0.9666666666666667,0.5769230769230769
9391,HyboNet,2,64,0.0002,3,91,0.5275590551181102,0.9666666666666667,0.5769230769230769
9392,HyboNet,2,64,0.0002,3,92,0.5354330708661418,0.9666666666666667,0.5769230769230769
9393,HyboNet,2,64,0.0002,3,93,0.5433070866141733,0.9666666666666667,0.5769230769230769
9394,HyboNet,2,64,0.0002,3,94,0.5433070866141733,0.9666666666666667,0.5769230769230769
9395,HyboNet,2,64,0.0002,3,95,0.5433070866141733,0.9666666666666667,0.5769230769230769
9396,HyboNet,2,64,0.0002,3,96,0.5354330708661418,0.9666666666666667,0.5769230769230769
9397,HyboNet,2,64,0.0002,3,97,0.5433070866141733,0.9666666666666667,0.5769230769230769
9398,HyboNet,2,64,0.0002,3,98,0.5275590551181102,0.9666666666666667,0.5769230769230769
9399,HyboNet,2,64,0.0002,3,99,0.5275590551181102,0.9666666666666667,0.6153846153846154
9400,HyboNet,2,64,0.0002,4,1,0.3700787401574803,0.5,0.46153846153846156
9401,HyboNet,2,64,0.0002,4,10,0.5354330708661418,0.6333333333333333,0.5384615384615384
9402,HyboNet,2,64,0.0002,4,100,0.5748031496062992,0.9333333333333333,0.6538461538461539
9403,HyboNet,2,64,0.0002,4,11,0.5354330708661418,0.6333333333333333,0.5384615384615384
9404,HyboNet,2,64,0.0002,4,12,0.5354330708661418,0.6333333333333333,0.5384615384615384
9405,HyboNet,2,64,0.0002,4,13,0.5354330708661418,0.6333333333333333,0.5384615384615384
9406,HyboNet,2,64,0.0002,4,14,0.5354330708661418,0.6333333333333333,0.5384615384615384
9407,HyboNet,2,64,0.0002,4,15,0.5354330708661418,0.6333333333333333,0.5384615384615384
9408,HyboNet,2,64,0.0002,4,16,0.5354330708661418,0.6333333333333333,0.5384615384615384
9409,HyboNet,2,64,0.0002,4,17,0.5354330708661418,0.6333333333333333,0.5384615384615384
9410,HyboNet,2,64,0.0002,4,18,0.5433070866141733,0.6333333333333333,0.5384615384615384
9411,HyboNet,2,64,0.0002,4,19,0.5433070866141733,0.6333333333333333,0.5384615384615384
9412,HyboNet,2,64,0.0002,4,2,0.4566929133858268,0.6,0.46153846153846156
9413,HyboNet,2,64,0.0002,4,20,0.5433070866141733,0.6333333333333333,0.5384615384615384
9414,HyboNet,2,64,0.0002,4,21,0.5433070866141733,0.6333333333333333,0.5
9415,HyboNet,2,64,0.0002,4,22,0.5511811023622047,0.6333333333333333,0.5
9416,HyboNet,2,64,0.0002,4,23,0.5433070866141733,0.6666666666666666,0.5384615384615384
9417,HyboNet,2,64,0.0002,4,24,0.5433070866141733,0.6666666666666666,0.5384615384615384
9418,HyboNet,2,64,0.0002,4,25,0.5433070866141733,0.6666666666666666,0.5384615384615384
9419,HyboNet,2,64,0.0002,4,26,0.5433070866141733,0.7,0.5384615384615384
9420,HyboNet,2,64,0.0002,4,27,0.5433070866141733,0.7,0.5384615384615384
9421,HyboNet,2,64,0.0002,4,28,0.5511811023622047,0.7,0.5384615384615384
9422,HyboNet,2,64,0.0002,4,29,0.5590551181102362,0.7,0.5384615384615384
9423,HyboNet,2,64,0.0002,4,3,0.5039370078740157,0.6333333333333333,0.5
9424,HyboNet,2,64,0.0002,4,30,0.5590551181102362,0.7,0.5384615384615384
9425,HyboNet,2,64,0.0002,4,31,0.5590551181102362,0.7,0.5384615384615384
9426,HyboNet,2,64,0.0002,4,32,0.5590551181102362,0.7,0.5384615384615384
9427,HyboNet,2,64,0.0002,4,33,0.5748031496062992,0.7333333333333333,0.5384615384615384
9428,HyboNet,2,64,0.0002,4,34,0.5748031496062992,0.7333333333333333,0.5384615384615384
9429,HyboNet,2,64,0.0002,4,35,0.5748031496062992,0.7333333333333333,0.5384615384615384
9430,HyboNet,2,64,0.0002,4,36,0.5669291338582677,0.7333333333333333,0.5384615384615384
9431,HyboNet,2,64,0.0002,4,37,0.5590551181102362,0.7333333333333333,0.5384615384615384
9432,HyboNet,2,64,0.0002,4,38,0.5590551181102362,0.7333333333333333,0.5384615384615384
9433,HyboNet,2,64,0.0002,4,39,0.5511811023622047,0.7666666666666667,0.5384615384615384
9434,HyboNet,2,64,0.0002,4,4,0.5118110236220472,0.6333333333333333,0.5384615384615384
9435,HyboNet,2,64,0.0002,4,40,0.5433070866141733,0.7666666666666667,0.5384615384615384
9436,HyboNet,2,64,0.0002,4,41,0.5433070866141733,0.7666666666666667,0.5384615384615384
9437,HyboNet,2,64,0.0002,4,42,0.5433070866141733,0.7666666666666667,0.5384615384615384
9438,HyboNet,2,64,0.0002,4,43,0.5511811023622047,0.8,0.5384615384615384
9439,HyboNet,2,64,0.0002,4,44,0.5590551181102362,0.8,0.5384615384615384
9440,HyboNet,2,64,0.0002,4,45,0.5590551181102362,0.8,0.5384615384615384
9441,HyboNet,2,64,0.0002,4,46,0.5511811023622047,0.8,0.5384615384615384
9442,HyboNet,2,64,0.0002,4,47,0.5511811023622047,0.8,0.5384615384615384
9443,HyboNet,2,64,0.0002,4,48,0.5511811023622047,0.8,0.5384615384615384
9444,HyboNet,2,64,0.0002,4,49,0.5511811023622047,0.8,0.5384615384615384
9445,HyboNet,2,64,0.0002,4,5,0.5433070866141733,0.6333333333333333,0.5384615384615384
9446,HyboNet,2,64,0.0002,4,50,0.5511811023622047,0.8,0.5384615384615384
9447,HyboNet,2,64,0.0002,4,51,0.5511811023622047,0.8,0.5384615384615384
9448,HyboNet,2,64,0.0002,4,52,0.5433070866141733,0.8333333333333334,0.5384615384615384
9449,HyboNet,2,64,0.0002,4,53,0.5433070866141733,0.8333333333333334,0.5384615384615384
9450,HyboNet,2,64,0.0002,4,54,0.5511811023622047,0.8333333333333334,0.5384615384615384
9451,HyboNet,2,64,0.0002,4,55,0.5511811023622047,0.8333333333333334,0.5384615384615384
9452,HyboNet,2,64,0.0002,4,56,0.5433070866141733,0.8333333333333334,0.5384615384615384
9453,HyboNet,2,64,0.0002,4,57,0.5511811023622047,0.8666666666666667,0.5384615384615384
9454,HyboNet,2,64,0.0002,4,58,0.5433070866141733,0.8666666666666667,0.5384615384615384
9455,HyboNet,2,64,0.0002,4,59,0.5354330708661418,0.8666666666666667,0.5384615384615384
9456,HyboNet,2,64,0.0002,4,6,0.5433070866141733,0.6333333333333333,0.5384615384615384
9457,HyboNet,2,64,0.0002,4,60,0.5354330708661418,0.8666666666666667,0.5384615384615384
9458,HyboNet,2,64,0.0002,4,61,0.5433070866141733,0.8666666666666667,0.5384615384615384
9459,HyboNet,2,64,0.0002,4,62,0.5433070866141733,0.8666666666666667,0.5384615384615384
9460,HyboNet,2,64,0.0002,4,63,0.5433070866141733,0.8666666666666667,0.5384615384615384
9461,HyboNet,2,64,0.0002,4,64,0.5354330708661418,0.8666666666666667,0.5384615384615384
9462,HyboNet,2,64,0.0002,4,65,0.5354330708661418,0.8666666666666667,0.5384615384615384
9463,HyboNet,2,64,0.0002,4,66,0.5275590551181102,0.8666666666666667,0.5384615384615384
9464,HyboNet,2,64,0.0002,4,67,0.5196850393700787,0.8666666666666667,0.5384615384615384
9465,HyboNet,2,64,0.0002,4,68,0.5039370078740157,0.8666666666666667,0.5384615384615384
9466,HyboNet,2,64,0.0002,4,69,0.5118110236220472,0.8666666666666667,0.5384615384615384
9467,HyboNet,2,64,0.0002,4,7,0.5433070866141733,0.6333333333333333,0.5384615384615384
9468,HyboNet,2,64,0.0002,4,70,0.5196850393700787,0.8666666666666667,0.5769230769230769
9469,HyboNet,2,64,0.0002,4,71,0.5275590551181102,0.8666666666666667,0.5769230769230769
9470,HyboNet,2,64,0.0002,4,72,0.5196850393700787,0.8666666666666667,0.5769230769230769
9471,HyboNet,2,64,0.0002,4,73,0.5196850393700787,0.8666666666666667,0.5769230769230769
9472,HyboNet,2,64,0.0002,4,74,0.5275590551181102,0.8666666666666667,0.5769230769230769
9473,HyboNet,2,64,0.0002,4,75,0.5354330708661418,0.8666666666666667,0.6153846153846154
9474,HyboNet,2,64,0.0002,4,76,0.5354330708661418,0.8666666666666667,0.6153846153846154
9475,HyboNet,2,64,0.0002,4,77,0.5433070866141733,0.8666666666666667,0.6153846153846154
9476,HyboNet,2,64,0.0002,4,78,0.5433070866141733,0.9,0.6153846153846154
9477,HyboNet,2,64,0.0002,4,79,0.5433070866141733,0.9,0.6153846153846154
9478,HyboNet,2,64,0.0002,4,8,0.5354330708661418,0.6333333333333333,0.5384615384615384
9479,HyboNet,2,64,0.0002,4,80,0.5354330708661418,0.9,0.6153846153846154
9480,HyboNet,2,64,0.0002,4,81,0.5433070866141733,0.9,0.6153846153846154
9481,HyboNet,2,64,0.0002,4,82,0.5511811023622047,0.9,0.6153846153846154
9482,HyboNet,2,64,0.0002,4,83,0.5511811023622047,0.9,0.6153846153846154
9483,HyboNet,2,64,0.0002,4,84,0.5669291338582677,0.9,0.6153846153846154
9484,HyboNet,2,64,0.0002,4,85,0.5669291338582677,0.9,0.6153846153846154
9485,HyboNet,2,64,0.0002,4,86,0.5669291338582677,0.9,0.6153846153846154
9486,HyboNet,2,64,0.0002,4,87,0.5590551181102362,0.9,0.6153846153846154
9487,HyboNet,2,64,0.0002,4,88,0.5590551181102362,0.9,0.6153846153846154
9488,HyboNet,2,64,0.0002,4,89,0.5511811023622047,0.9,0.6538461538461539
9489,HyboNet,2,64,0.0002,4,9,0.5354330708661418,0.6333333333333333,0.5384615384615384
9490,HyboNet,2,64,0.0002,4,90,0.5590551181102362,0.9,0.6538461538461539
9491,HyboNet,2,64,0.0002,4,91,0.5669291338582677,0.9,0.6538461538461539
9492,HyboNet,2,64,0.0002,4,92,0.5669291338582677,0.9,0.6538461538461539
9493,HyboNet,2,64,0.0002,4,93,0.5748031496062992,0.9333333333333333,0.6538461538461539
9494,HyboNet,2,64,0.0002,4,94,0.5669291338582677,0.9333333333333333,0.6538461538461539
9495,HyboNet,2,64,0.0002,4,95,0.5669291338582677,0.9333333333333333,0.6538461538461539
9496,HyboNet,2,64,0.0002,4,96,0.5669291338582677,0.9333333333333333,0.6538461538461539
9497,HyboNet,2,64,0.0002,4,97,0.5669291338582677,0.9333333333333333,0.6538461538461539
9498,HyboNet,2,64,0.0002,4,98,0.5669291338582677,0.9333333333333333,0.6538461538461539
9499,HyboNet,2,64,0.0002,4,99,0.5748031496062992,0.9333333333333333,0.6538461538461539
9500,HyboNet,2,64,0.0002,5,1,0.4330708661417323,0.43333333333333335,0.19230769230769232
9501,HyboNet,2,64,0.0002,5,10,0.5196850393700787,0.6,0.5
9502,HyboNet,2,64,0.0002,5,100,0.4881889763779528,0.9,0.34615384615384615
9503,HyboNet,2,64,0.0002,5,11,0.5196850393700787,0.6,0.5
9504,HyboNet,2,64,0.0002,5,12,0.5196850393700787,0.6,0.5
9505,HyboNet,2,64,0.0002,5,13,0.5275590551181102,0.6,0.5
9506,HyboNet,2,64,0.0002,5,14,0.5196850393700787,0.6,0.5
9507,HyboNet,2,64,0.0002,5,15,0.5275590551181102,0.6,0.5
9508,HyboNet,2,64,0.0002,5,16,0.5275590551181102,0.6,0.5
9509,HyboNet,2,64,0.0002,5,17,0.5275590551181102,0.6333333333333333,0.5
9510,HyboNet,2,64,0.0002,5,18,0.5196850393700787,0.6333333333333333,0.5
9511,HyboNet,2,64,0.0002,5,19,0.5118110236220472,0.6333333333333333,0.5
9512,HyboNet,2,64,0.0002,5,2,0.4881889763779528,0.5,0.38461538461538464
9513,HyboNet,2,64,0.0002,5,20,0.5118110236220472,0.6333333333333333,0.5
9514,HyboNet,2,64,0.0002,5,21,0.5039370078740157,0.6333333333333333,0.5
9515,HyboNet,2,64,0.0002,5,22,0.5039370078740157,0.6333333333333333,0.5
9516,HyboNet,2,64,0.0002,5,23,0.5196850393700787,0.6333333333333333,0.46153846153846156
9517,HyboNet,2,64,0.0002,5,24,0.5118110236220472,0.6333333333333333,0.46153846153846156
9518,HyboNet,2,64,0.0002,5,25,0.5196850393700787,0.6333333333333333,0.46153846153846156
9519,HyboNet,2,64,0.0002,5,26,0.5196850393700787,0.6666666666666666,0.4230769230769231
9520,HyboNet,2,64,0.0002,5,27,0.5118110236220472,0.6666666666666666,0.4230769230769231
9521,HyboNet,2,64,0.0002,5,28,0.5118110236220472,0.7,0.4230769230769231
9522,HyboNet,2,64,0.0002,5,29,0.5118110236220472,0.7,0.46153846153846156
9523,HyboNet,2,64,0.0002,5,3,0.49606299212598426,0.5666666666666667,0.46153846153846156
9524,HyboNet,2,64,0.0002,5,30,0.5196850393700787,0.7,0.46153846153846156
9525,HyboNet,2,64,0.0002,5,31,0.5196850393700787,0.7,0.5
9526,HyboNet,2,64,0.0002,5,32,0.5196850393700787,0.7,0.5
9527,HyboNet,2,64,0.0002,5,33,0.5196850393700787,0.7,0.5
9528,HyboNet,2,64,0.0002,5,34,0.5196850393700787,0.7,0.5
9529,HyboNet,2,64,0.0002,5,35,0.5196850393700787,0.7333333333333333,0.5
9530,HyboNet,2,64,0.0002,5,36,0.5196850393700787,0.7333333333333333,0.5
9531,HyboNet,2,64,0.0002,5,37,0.5118110236220472,0.7333333333333333,0.5
9532,HyboNet,2,64,0.0002,5,38,0.5118110236220472,0.7333333333333333,0.46153846153846156
9533,HyboNet,2,64,0.0002,5,39,0.5118110236220472,0.7333333333333333,0.4230769230769231
9534,HyboNet,2,64,0.0002,5,4,0.5118110236220472,0.5666666666666667,0.5
9535,HyboNet,2,64,0.0002,5,40,0.5118110236220472,0.7333333333333333,0.4230769230769231
9536,HyboNet,2,64,0.0002,5,41,0.5196850393700787,0.7333333333333333,0.38461538461538464
9537,HyboNet,2,64,0.0002,5,42,0.5196850393700787,0.7333333333333333,0.38461538461538464
9538,HyboNet,2,64,0.0002,5,43,0.5118110236220472,0.7333333333333333,0.38461538461538464
9539,HyboNet,2,64,0.0002,5,44,0.5039370078740157,0.7666666666666667,0.34615384615384615
9540,HyboNet,2,64,0.0002,5,45,0.5039370078740157,0.7666666666666667,0.34615384615384615
9541,HyboNet,2,64,0.0002,5,46,0.5039370078740157,0.7666666666666667,0.34615384615384615
9542,HyboNet,2,64,0.0002,5,47,0.5118110236220472,0.7666666666666667,0.3076923076923077
9543,HyboNet,2,64,0.0002,5,48,0.5039370078740157,0.7666666666666667,0.3076923076923077
9544,HyboNet,2,64,0.0002,5,49,0.5039370078740157,0.7666666666666667,0.3076923076923077
9545,HyboNet,2,64,0.0002,5,5,0.5275590551181102,0.6,0.5
9546,HyboNet,2,64,0.0002,5,50,0.5118110236220472,0.7666666666666667,0.3076923076923077
9547,HyboNet,2,64,0.0002,5,51,0.5118110236220472,0.7666666666666667,0.3076923076923077
9548,HyboNet,2,64,0.0002,5,52,0.5039370078740157,0.8,0.3076923076923077
9549,HyboNet,2,64,0.0002,5,53,0.49606299212598426,0.8,0.3076923076923077
9550,HyboNet,2,64,0.0002,5,54,0.49606299212598426,0.8,0.3076923076923077
9551,HyboNet,2,64,0.0002,5,55,0.5039370078740157,0.8333333333333334,0.3076923076923077
9552,HyboNet,2,64,0.0002,5,56,0.5039370078740157,0.8333333333333334,0.3076923076923077
9553,HyboNet,2,64,0.0002,5,57,0.5039370078740157,0.8333333333333334,0.3076923076923077
9554,HyboNet,2,64,0.0002,5,58,0.5039370078740157,0.8333333333333334,0.3076923076923077
9555,HyboNet,2,64,0.0002,5,59,0.5039370078740157,0.8333333333333334,0.3076923076923077
9556,HyboNet,2,64,0.0002,5,6,0.5118110236220472,0.6,0.5
9557,HyboNet,2,64,0.0002,5,60,0.5039370078740157,0.8333333333333334,0.3076923076923077
9558,HyboNet,2,64,0.0002,5,61,0.5039370078740157,0.8333333333333334,0.3076923076923077
9559,HyboNet,2,64,0.0002,5,62,0.5039370078740157,0.8333333333333334,0.3076923076923077
9560,HyboNet,2,64,0.0002,5,63,0.5039370078740157,0.8333333333333334,0.3076923076923077
9561,HyboNet,2,64,0.0002,5,64,0.5118110236220472,0.8333333333333334,0.3076923076923077
9562,HyboNet,2,64,0.0002,5,65,0.5118110236220472,0.8666666666666667,0.3076923076923077
9563,HyboNet,2,64,0.0002,5,66,0.5118110236220472,0.8666666666666667,0.3076923076923077
9564,HyboNet,2,64,0.0002,5,67,0.5118110236220472,0.8666666666666667,0.3076923076923077
9565,HyboNet,2,64,0.0002,5,68,0.5118110236220472,0.8666666666666667,0.3076923076923077
9566,HyboNet,2,64,0.0002,5,69,0.5118110236220472,0.8666666666666667,0.3076923076923077
9567,HyboNet,2,64,0.0002,5,7,0.5118110236220472,0.6,0.5
9568,HyboNet,2,64,0.0002,5,70,0.5118110236220472,0.8666666666666667,0.3076923076923077
9569,HyboNet,2,64,0.0002,5,71,0.5039370078740157,0.8666666666666667,0.3076923076923077
9570,HyboNet,2,64,0.0002,5,72,0.49606299212598426,0.8666666666666667,0.3076923076923077
9571,HyboNet,2,64,0.0002,5,73,0.5039370078740157,0.8666666666666667,0.3076923076923077
9572,HyboNet,2,64,0.0002,5,74,0.5039370078740157,0.8666666666666667,0.3076923076923077
9573,HyboNet,2,64,0.0002,5,75,0.5039370078740157,0.8666666666666667,0.3076923076923077
9574,HyboNet,2,64,0.0002,5,76,0.49606299212598426,0.8666666666666667,0.34615384615384615
9575,HyboNet,2,64,0.0002,5,77,0.49606299212598426,0.8666666666666667,0.34615384615384615
9576,HyboNet,2,64,0.0002,5,78,0.5039370078740157,0.9,0.34615384615384615
9577,HyboNet,2,64,0.0002,5,79,0.5039370078740157,0.9,0.34615384615384615
9578,HyboNet,2,64,0.0002,5,8,0.5196850393700787,0.6,0.5
9579,HyboNet,2,64,0.0002,5,80,0.5118110236220472,0.9,0.34615384615384615
9580,HyboNet,2,64,0.0002,5,81,0.5118110236220472,0.9,0.34615384615384615
9581,HyboNet,2,64,0.0002,5,82,0.5196850393700787,0.9,0.34615384615384615
9582,HyboNet,2,64,0.0002,5,83,0.5196850393700787,0.9,0.3076923076923077
9583,HyboNet,2,64,0.0002,5,84,0.5196850393700787,0.9,0.3076923076923077
9584,HyboNet,2,64,0.0002,5,85,0.5118110236220472,0.9,0.34615384615384615
9585,HyboNet,2,64,0.0002,5,86,0.5118110236220472,0.9,0.34615384615384615
9586,HyboNet,2,64,0.0002,5,87,0.5118110236220472,0.9,0.34615384615384615
9587,HyboNet,2,64,0.0002,5,88,0.49606299212598426,0.9,0.34615384615384615
9588,HyboNet,2,64,0.0002,5,89,0.5039370078740157,0.9,0.34615384615384615
9589,HyboNet,2,64,0.0002,5,9,0.5196850393700787,0.6,0.5
9590,HyboNet,2,64,0.0002,5,90,0.5039370078740157,0.9,0.34615384615384615
9591,HyboNet,2,64,0.0002,5,91,0.5039370078740157,0.9,0.34615384615384615
9592,HyboNet,2,64,0.0002,5,92,0.5039370078740157,0.9,0.34615384615384615
9593,HyboNet,2,64,0.0002,5,93,0.5039370078740157,0.9,0.34615384615384615
9594,HyboNet,2,64,0.0002,5,94,0.49606299212598426,0.9,0.34615384615384615
9595,HyboNet,2,64,0.0002,5,95,0.5039370078740157,0.9,0.34615384615384615
9596,HyboNet,2,64,0.0002,5,96,0.5039370078740157,0.9,0.34615384615384615
9597,HyboNet,2,64,0.0002,5,97,0.5039370078740157,0.9,0.34615384615384615
9598,HyboNet,2,64,0.0002,5,98,0.4881889763779528,0.9,0.34615384615384615
9599,HyboNet,2,64,0.0002,5,99,0.48031496062992124,0.9,0.34615384615384615
9600,HyboNet,2,64,0.0002,6,1,0.3464566929133858,0.26666666666666666,0.3076923076923077
9601,HyboNet,2,64,0.0002,6,10,0.5275590551181102,0.6,0.5769230769230769
9602,HyboNet,2,64,0.0002,6,100,0.5118110236220472,0.9333333333333333,0.5384615384615384
9603,HyboNet,2,64,0.0002,6,11,0.5275590551181102,0.6,0.5769230769230769
9604,HyboNet,2,64,0.0002,6,12,0.5275590551181102,0.6,0.5769230769230769
9605,HyboNet,2,64,0.0002,6,13,0.5196850393700787,0.6,0.5769230769230769
9606,HyboNet,2,64,0.0002,6,14,0.5196850393700787,0.6,0.5769230769230769
9607,HyboNet,2,64,0.0002,6,15,0.5275590551181102,0.6,0.5769230769230769
9608,HyboNet,2,64,0.0002,6,16,0.5196850393700787,0.6333333333333333,0.5769230769230769
9609,HyboNet,2,64,0.0002,6,17,0.5196850393700787,0.6333333333333333,0.5769230769230769
9610,HyboNet,2,64,0.0002,6,18,0.5118110236220472,0.6333333333333333,0.5384615384615384
9611,HyboNet,2,64,0.0002,6,19,0.5039370078740157,0.6666666666666666,0.5384615384615384
9612,HyboNet,2,64,0.0002,6,2,0.3858267716535433,0.5666666666666667,0.5
9613,HyboNet,2,64,0.0002,6,20,0.5039370078740157,0.6666666666666666,0.5384615384615384
9614,HyboNet,2,64,0.0002,6,21,0.49606299212598426,0.7,0.5384615384615384
9615,HyboNet,2,64,0.0002,6,22,0.49606299212598426,0.7,0.5384615384615384
9616,HyboNet,2,64,0.0002,6,23,0.49606299212598426,0.7,0.5384615384615384
9617,HyboNet,2,64,0.0002,6,24,0.49606299212598426,0.7,0.5384615384615384
9618,HyboNet,2,64,0.0002,6,25,0.5039370078740157,0.7,0.5384615384615384
9619,HyboNet,2,64,0.0002,6,26,0.5118110236220472,0.7,0.5384615384615384
9620,HyboNet,2,64,0.0002,6,27,0.5196850393700787,0.7,0.5769230769230769
9621,HyboNet,2,64,0.0002,6,28,0.5196850393700787,0.7,0.5769230769230769
9622,HyboNet,2,64,0.0002,6,29,0.5196850393700787,0.7,0.5769230769230769
9623,HyboNet,2,64,0.0002,6,3,0.44881889763779526,0.5666666666666667,0.5384615384615384
9624,HyboNet,2,64,0.0002,6,30,0.5196850393700787,0.7,0.5769230769230769
9625,HyboNet,2,64,0.0002,6,31,0.5275590551181102,0.7,0.5769230769230769
9626,HyboNet,2,64,0.0002,6,32,0.5275590551181102,0.7,0.5769230769230769
9627,HyboNet,2,64,0.0002,6,33,0.5196850393700787,0.7,0.5769230769230769
9628,HyboNet,2,64,0.0002,6,34,0.5196850393700787,0.7333333333333333,0.5769230769230769
9629,HyboNet,2,64,0.0002,6,35,0.5196850393700787,0.7333333333333333,0.5769230769230769
9630,HyboNet,2,64,0.0002,6,36,0.5118110236220472,0.7333333333333333,0.5384615384615384
9631,HyboNet,2,64,0.0002,6,37,0.5039370078740157,0.7333333333333333,0.5769230769230769
9632,HyboNet,2,64,0.0002,6,38,0.49606299212598426,0.7333333333333333,0.5384615384615384
9633,HyboNet,2,64,0.0002,6,39,0.48031496062992124,0.7333333333333333,0.5769230769230769
9634,HyboNet,2,64,0.0002,6,4,0.5039370078740157,0.5666666666666667,0.5384615384615384
9635,HyboNet,2,64,0.0002,6,40,0.49606299212598426,0.7333333333333333,0.5769230769230769
9636,HyboNet,2,64,0.0002,6,41,0.49606299212598426,0.7333333333333333,0.5769230769230769
9637,HyboNet,2,64,0.0002,6,42,0.49606299212598426,0.7333333333333333,0.5769230769230769
9638,HyboNet,2,64,0.0002,6,43,0.49606299212598426,0.7333333333333333,0.5769230769230769
9639,HyboNet,2,64,0.0002,6,44,0.49606299212598426,0.7333333333333333,0.5769230769230769
9640,HyboNet,2,64,0.0002,6,45,0.49606299212598426,0.7666666666666667,0.5769230769230769
9641,HyboNet,2,64,0.0002,6,46,0.49606299212598426,0.7666666666666667,0.5769230769230769
9642,HyboNet,2,64,0.0002,6,47,0.49606299212598426,0.7666666666666667,0.5769230769230769
9643,HyboNet,2,64,0.0002,6,48,0.49606299212598426,0.7666666666666667,0.5769230769230769
9644,HyboNet,2,64,0.0002,6,49,0.49606299212598426,0.7666666666666667,0.5769230769230769
9645,HyboNet,2,64,0.0002,6,5,0.5118110236220472,0.6,0.5769230769230769
9646,HyboNet,2,64,0.0002,6,50,0.5039370078740157,0.8,0.5769230769230769
9647,HyboNet,2,64,0.0002,6,51,0.5039370078740157,0.8,0.5769230769230769
9648,HyboNet,2,64,0.0002,6,52,0.49606299212598426,0.8,0.5769230769230769
9649,HyboNet,2,64,0.0002,6,53,0.5118110236220472,0.8,0.5769230769230769
9650,HyboNet,2,64,0.0002,6,54,0.5118110236220472,0.8,0.5769230769230769
9651,HyboNet,2,64,0.0002,6,55,0.5118110236220472,0.8,0.5769230769230769
9652,HyboNet,2,64,0.0002,6,56,0.5118110236220472,0.8,0.5769230769230769
9653,HyboNet,2,64,0.0002,6,57,0.5118110236220472,0.8,0.5769230769230769
9654,HyboNet,2,64,0.0002,6,58,0.5039370078740157,0.8,0.5769230769230769
9655,HyboNet,2,64,0.0002,6,59,0.5039370078740157,0.8,0.5769230769230769
9656,HyboNet,2,64,0.0002,6,6,0.5275590551181102,0.6,0.5769230769230769
9657,HyboNet,2,64,0.0002,6,60,0.5118110236220472,0.8,0.5769230769230769
9658,HyboNet,2,64,0.0002,6,61,0.5039370078740157,0.8,0.5769230769230769
9659,HyboNet,2,64,0.0002,6,62,0.5039370078740157,0.8,0.5769230769230769
9660,HyboNet,2,64,0.0002,6,63,0.5039370078740157,0.8333333333333334,0.5769230769230769
9661,HyboNet,2,64,0.0002,6,64,0.5039370078740157,0.8333333333333334,0.5769230769230769
9662,HyboNet,2,64,0.0002,6,65,0.5039370078740157,0.8333333333333334,0.5769230769230769
9663,HyboNet,2,64,0.0002,6,66,0.5039370078740157,0.8333333333333334,0.5769230769230769
9664,HyboNet,2,64,0.0002,6,67,0.5118110236220472,0.8333333333333334,0.5769230769230769
9665,HyboNet,2,64,0.0002,6,68,0.5118110236220472,0.8333333333333334,0.5769230769230769
9666,HyboNet,2,64,0.0002,6,69,0.5118110236220472,0.8333333333333334,0.5769230769230769
9667,HyboNet,2,64,0.0002,6,7,0.5275590551181102,0.6,0.5769230769230769
9668,HyboNet,2,64,0.0002,6,70,0.5118110236220472,0.8333333333333334,0.5769230769230769
9669,HyboNet,2,64,0.0002,6,71,0.5118110236220472,0.8333333333333334,0.5769230769230769
9670,HyboNet,2,64,0.0002,6,72,0.5196850393700787,0.8333333333333334,0.5769230769230769
9671,HyboNet,2,64,0.0002,6,73,0.5196850393700787,0.8333333333333334,0.5769230769230769
9672,HyboNet,2,64,0.0002,6,74,0.5196850393700787,0.8666666666666667,0.5769230769230769
9673,HyboNet,2,64,0.0002,6,75,0.5196850393700787,0.8666666666666667,0.5769230769230769
9674,HyboNet,2,64,0.0002,6,76,0.5196850393700787,0.8666666666666667,0.5769230769230769
9675,HyboNet,2,64,0.0002,6,77,0.5196850393700787,0.9,0.5769230769230769
9676,HyboNet,2,64,0.0002,6,78,0.5196850393700787,0.9,0.5769230769230769
9677,HyboNet,2,64,0.0002,6,79,0.5196850393700787,0.9,0.5769230769230769
9678,HyboNet,2,64,0.0002,6,8,0.5275590551181102,0.6,0.5769230769230769
9679,HyboNet,2,64,0.0002,6,80,0.5196850393700787,0.9,0.5769230769230769
9680,HyboNet,2,64,0.0002,6,81,0.5196850393700787,0.9,0.5769230769230769
9681,HyboNet,2,64,0.0002,6,82,0.5118110236220472,0.9,0.5769230769230769
9682,HyboNet,2,64,0.0002,6,83,0.5118110236220472,0.9,0.5769230769230769
9683,HyboNet,2,64,0.0002,6,84,0.5118110236220472,0.9,0.5769230769230769
9684,HyboNet,2,64,0.0002,6,85,0.5118110236220472,0.9,0.5769230769230769
9685,HyboNet,2,64,0.0002,6,86,0.5039370078740157,0.9,0.5769230769230769
9686,HyboNet,2,64,0.0002,6,87,0.5196850393700787,0.9,0.5769230769230769
9687,HyboNet,2,64,0.0002,6,88,0.5196850393700787,0.9,0.5769230769230769
9688,HyboNet,2,64,0.0002,6,89,0.5275590551181102,0.9,0.5769230769230769
9689,HyboNet,2,64,0.0002,6,9,0.5275590551181102,0.6,0.5769230769230769
9690,HyboNet,2,64,0.0002,6,90,0.5275590551181102,0.9,0.5769230769230769
9691,HyboNet,2,64,0.0002,6,91,0.5118110236220472,0.9,0.5769230769230769
9692,HyboNet,2,64,0.0002,6,92,0.5039370078740157,0.9,0.5384615384615384
9693,HyboNet,2,64,0.0002,6,93,0.49606299212598426,0.9,0.5384615384615384
9694,HyboNet,2,64,0.0002,6,94,0.49606299212598426,0.9,0.5384615384615384
9695,HyboNet,2,64,0.0002,6,95,0.4881889763779528,0.9,0.5384615384615384
9696,HyboNet,2,64,0.0002,6,96,0.49606299212598426,0.9,0.5384615384615384
9697,HyboNet,2,64,0.0002,6,97,0.49606299212598426,0.9,0.5384615384615384
9698,HyboNet,2,64,0.0002,6,98,0.5039370078740157,0.9333333333333333,0.5384615384615384
9699,HyboNet,2,64,0.0002,6,99,0.5196850393700787,0.9333333333333333,0.5384615384615384
9700,HyboNet,2,64,0.0002,7,1,0.2440944881889764,0.2,0.2692307692307692
9701,HyboNet,2,64,0.0002,7,10,0.5354330708661418,0.6,0.5769230769230769
9702,HyboNet,2,64,0.0002,7,100,0.5354330708661418,0.9333333333333333,0.5384615384615384
9703,HyboNet,2,64,0.0002,7,11,0.5354330708661418,0.6,0.5769230769230769
9704,HyboNet,2,64,0.0002,7,12,0.5354330708661418,0.6,0.5769230769230769
9705,HyboNet,2,64,0.0002,7,13,0.5354330708661418,0.6,0.5769230769230769
9706,HyboNet,2,64,0.0002,7,14,0.5354330708661418,0.6,0.5769230769230769
9707,HyboNet,2,64,0.0002,7,15,0.5354330708661418,0.6,0.5769230769230769
9708,HyboNet,2,64,0.0002,7,16,0.5354330708661418,0.6,0.5769230769230769
9709,HyboNet,2,64,0.0002,7,17,0.5354330708661418,0.6,0.5769230769230769
9710,HyboNet,2,64,0.0002,7,18,0.5354330708661418,0.6,0.5769230769230769
9711,HyboNet,2,64,0.0002,7,19,0.5275590551181102,0.6333333333333333,0.5769230769230769
9712,HyboNet,2,64,0.0002,7,2,0.29133858267716534,0.23333333333333334,0.3076923076923077
9713,HyboNet,2,64,0.0002,7,20,0.5275590551181102,0.6333333333333333,0.5769230769230769
9714,HyboNet,2,64,0.0002,7,21,0.5275590551181102,0.6333333333333333,0.5769230769230769
9715,HyboNet,2,64,0.0002,7,22,0.5275590551181102,0.6333333333333333,0.5769230769230769
9716,HyboNet,2,64,0.0002,7,23,0.5275590551181102,0.6666666666666666,0.5769230769230769
9717,HyboNet,2,64,0.0002,7,24,0.5275590551181102,0.6666666666666666,0.5769230769230769
9718,HyboNet,2,64,0.0002,7,25,0.5275590551181102,0.6666666666666666,0.5769230769230769
9719,HyboNet,2,64,0.0002,7,26,0.5039370078740157,0.6666666666666666,0.5769230769230769
9720,HyboNet,2,64,0.0002,7,27,0.5039370078740157,0.6666666666666666,0.5769230769230769
9721,HyboNet,2,64,0.0002,7,28,0.5039370078740157,0.6666666666666666,0.5384615384615384
9722,HyboNet,2,64,0.0002,7,29,0.5039370078740157,0.6666666666666666,0.5384615384615384
9723,HyboNet,2,64,0.0002,7,3,0.30708661417322836,0.3333333333333333,0.46153846153846156
9724,HyboNet,2,64,0.0002,7,30,0.5118110236220472,0.6666666666666666,0.5384615384615384
9725,HyboNet,2,64,0.0002,7,31,0.5118110236220472,0.6666666666666666,0.5384615384615384
9726,HyboNet,2,64,0.0002,7,32,0.5196850393700787,0.6666666666666666,0.5384615384615384
9727,HyboNet,2,64,0.0002,7,33,0.5196850393700787,0.6666666666666666,0.5384615384615384
9728,HyboNet,2,64,0.0002,7,34,0.5275590551181102,0.7,0.5384615384615384
9729,HyboNet,2,64,0.0002,7,35,0.5275590551181102,0.7,0.5384615384615384
9730,HyboNet,2,64,0.0002,7,36,0.5275590551181102,0.7,0.5384615384615384
9731,HyboNet,2,64,0.0002,7,37,0.5196850393700787,0.7,0.5384615384615384
9732,HyboNet,2,64,0.0002,7,38,0.5196850393700787,0.7,0.5384615384615384
9733,HyboNet,2,64,0.0002,7,39,0.5196850393700787,0.7,0.5384615384615384
9734,HyboNet,2,64,0.0002,7,4,0.4015748031496063,0.36666666666666664,0.46153846153846156
9735,HyboNet,2,64,0.0002,7,40,0.5196850393700787,0.7,0.5384615384615384
9736,HyboNet,2,64,0.0002,7,41,0.5118110236220472,0.7,0.5384615384615384
9737,HyboNet,2,64,0.0002,7,42,0.5118110236220472,0.7,0.5769230769230769
9738,HyboNet,2,64,0.0002,7,43,0.5118110236220472,0.7,0.5769230769230769
9739,HyboNet,2,64,0.0002,7,44,0.5118110236220472,0.7,0.5769230769230769
9740,HyboNet,2,64,0.0002,7,45,0.5118110236220472,0.7,0.5769230769230769
9741,HyboNet,2,64,0.0002,7,46,0.5118110236220472,0.7,0.5769230769230769
9742,HyboNet,2,64,0.0002,7,47,0.5118110236220472,0.7,0.5769230769230769
9743,HyboNet,2,64,0.0002,7,48,0.5196850393700787,0.7,0.5769230769230769
9744,HyboNet,2,64,0.0002,7,49,0.5275590551181102,0.7,0.5769230769230769
9745,HyboNet,2,64,0.0002,7,5,0.4409448818897638,0.4666666666666667,0.5769230769230769
9746,HyboNet,2,64,0.0002,7,50,0.5275590551181102,0.7,0.5769230769230769
9747,HyboNet,2,64,0.0002,7,51,0.5196850393700787,0.7,0.5384615384615384
9748,HyboNet,2,64,0.0002,7,52,0.5196850393700787,0.7,0.5384615384615384
9749,HyboNet,2,64,0.0002,7,53,0.5196850393700787,0.7,0.5384615384615384
9750,HyboNet,2,64,0.0002,7,54,0.5196850393700787,0.7,0.5384615384615384
9751,HyboNet,2,64,0.0002,7,55,0.5196850393700787,0.7333333333333333,0.5384615384615384
9752,HyboNet,2,64,0.0002,7,56,0.5196850393700787,0.7666666666666667,0.5384615384615384
9753,HyboNet,2,64,0.0002,7,57,0.5196850393700787,0.7666666666666667,0.5384615384615384
9754,HyboNet,2,64,0.0002,7,58,0.5196850393700787,0.7666666666666667,0.5384615384615384
9755,HyboNet,2,64,0.0002,7,59,0.5118110236220472,0.7666666666666667,0.5384615384615384
9756,HyboNet,2,64,0.0002,7,6,0.4881889763779528,0.5333333333333333,0.5769230769230769
9757,HyboNet,2,64,0.0002,7,60,0.5118110236220472,0.7666666666666667,0.5384615384615384
9758,HyboNet,2,64,0.0002,7,61,0.5118110236220472,0.7666666666666667,0.5384615384615384
9759,HyboNet,2,64,0.0002,7,62,0.5118110236220472,0.8,0.5384615384615384
9760,HyboNet,2,64,0.0002,7,63,0.5118110236220472,0.8,0.5384615384615384
9761,HyboNet,2,64,0.0002,7,64,0.5118110236220472,0.8,0.5
9762,HyboNet,2,64,0.0002,7,65,0.5118110236220472,0.8,0.5
9763,HyboNet,2,64,0.0002,7,66,0.5118110236220472,0.8,0.5
9764,HyboNet,2,64,0.0002,7,67,0.5118110236220472,0.8,0.5
9765,HyboNet,2,64,0.0002,7,68,0.5118110236220472,0.8,0.5
9766,HyboNet,2,64,0.0002,7,69,0.5118110236220472,0.8,0.5
9767,HyboNet,2,64,0.0002,7,7,0.5039370078740157,0.5666666666666667,0.5769230769230769
9768,HyboNet,2,64,0.0002,7,70,0.5118110236220472,0.8,0.5
9769,HyboNet,2,64,0.0002,7,71,0.5118110236220472,0.8,0.5
9770,HyboNet,2,64,0.0002,7,72,0.5118110236220472,0.8,0.5
9771,HyboNet,2,64,0.0002,7,73,0.5118110236220472,0.8,0.5
9772,HyboNet,2,64,0.0002,7,74,0.5118110236220472,0.8,0.5
9773,HyboNet,2,64,0.0002,7,75,0.5196850393700787,0.8,0.5
9774,HyboNet,2,64,0.0002,7,76,0.5196850393700787,0.8,0.5
9775,HyboNet,2,64,0.0002,7,77,0.5196850393700787,0.8,0.5
9776,HyboNet,2,64,0.0002,7,78,0.5196850393700787,0.8,0.5
9777,HyboNet,2,64,0.0002,7,79,0.5196850393700787,0.8,0.5
9778,HyboNet,2,64,0.0002,7,8,0.5118110236220472,0.5666666666666667,0.5384615384615384
9779,HyboNet,2,64,0.0002,7,80,0.5196850393700787,0.8333333333333334,0.5
9780,HyboNet,2,64,0.0002,7,81,0.5196850393700787,0.8333333333333334,0.5
9781,HyboNet,2,64,0.0002,7,82,0.5196850393700787,0.8333333333333334,0.5
9782,HyboNet,2,64,0.0002,7,83,0.5196850393700787,0.8333333333333334,0.5384615384615384
9783,HyboNet,2,64,0.0002,7,84,0.5196850393700787,0.8333333333333334,0.5384615384615384
9784,HyboNet,2,64,0.0002,7,85,0.5196850393700787,0.8333333333333334,0.5384615384615384
9785,HyboNet,2,64,0.0002,7,86,0.5196850393700787,0.8333333333333334,0.5384615384615384
9786,HyboNet,2,64,0.0002,7,87,0.5196850393700787,0.8333333333333334,0.5384615384615384
9787,HyboNet,2,64,0.0002,7,88,0.5196850393700787,0.8333333333333334,0.5384615384615384
9788,HyboNet,2,64,0.0002,7,89,0.5118110236220472,0.8333333333333334,0.5384615384615384
9789,HyboNet,2,64,0.0002,7,9,0.5275590551181102,0.6,0.5769230769230769
9790,HyboNet,2,64,0.0002,7,90,0.5196850393700787,0.8333333333333334,0.5384615384615384
9791,HyboNet,2,64,0.0002,7,91,0.5275590551181102,0.8333333333333334,0.5384615384615384
9792,HyboNet,2,64,0.0002,7,92,0.5275590551181102,0.8333333333333334,0.5384615384615384
9793,HyboNet,2,64,0.0002,7,93,0.5275590551181102,0.8333333333333334,0.5384615384615384
9794,HyboNet,2,64,0.0002,7,94,0.5354330708661418,0.8333333333333334,0.5384615384615384
9795,HyboNet,2,64,0.0002,7,95,0.5354330708661418,0.9,0.5384615384615384
9796,HyboNet,2,64,0.0002,7,96,0.5354330708661418,0.9,0.5384615384615384
9797,HyboNet,2,64,0.0002,7,97,0.5354330708661418,0.9333333333333333,0.5384615384615384
9798,HyboNet,2,64,0.0002,7,98,0.5354330708661418,0.9333333333333333,0.5384615384615384
9799,HyboNet,2,64,0.0002,7,99,0.5354330708661418,0.9333333333333333,0.5384615384615384
9800,HyboNet,2,64,0.0002,8,1,0.2204724409448819,0.26666666666666666,0.4230769230769231
9801,HyboNet,2,64,0.0002,8,10,0.5275590551181102,0.6,0.5769230769230769
9802,HyboNet,2,64,0.0002,8,100,0.5275590551181102,0.9333333333333333,0.6153846153846154
9803,HyboNet,2,64,0.0002,8,11,0.5275590551181102,0.6,0.5769230769230769
9804,HyboNet,2,64,0.0002,8,12,0.5275590551181102,0.6,0.5769230769230769
9805,HyboNet,2,64,0.0002,8,13,0.5275590551181102,0.6,0.5769230769230769
9806,HyboNet,2,64,0.0002,8,14,0.5275590551181102,0.6,0.5769230769230769
9807,HyboNet,2,64,0.0002,8,15,0.5275590551181102,0.6,0.5769230769230769
9808,HyboNet,2,64,0.0002,8,16,0.5275590551181102,0.6,0.5769230769230769
9809,HyboNet,2,64,0.0002,8,17,0.5275590551181102,0.6,0.5769230769230769
9810,HyboNet,2,64,0.0002,8,18,0.5275590551181102,0.6,0.5769230769230769
9811,HyboNet,2,64,0.0002,8,19,0.5275590551181102,0.6,0.5769230769230769
9812,HyboNet,2,64,0.0002,8,2,0.3464566929133858,0.5,0.46153846153846156
9813,HyboNet,2,64,0.0002,8,20,0.5354330708661418,0.6,0.5769230769230769
9814,HyboNet,2,64,0.0002,8,21,0.5196850393700787,0.6333333333333333,0.5769230769230769
9815,HyboNet,2,64,0.0002,8,22,0.5196850393700787,0.6333333333333333,0.5769230769230769
9816,HyboNet,2,64,0.0002,8,23,0.5275590551181102,0.7,0.5769230769230769
9817,HyboNet,2,64,0.0002,8,24,0.5275590551181102,0.7,0.5384615384615384
9818,HyboNet,2,64,0.0002,8,25,0.5275590551181102,0.7,0.5384615384615384
9819,HyboNet,2,64,0.0002,8,26,0.5275590551181102,0.7333333333333333,0.5384615384615384
9820,HyboNet,2,64,0.0002,8,27,0.5275590551181102,0.7333333333333333,0.5384615384615384
9821,HyboNet,2,64,0.0002,8,28,0.5275590551181102,0.7666666666666667,0.5384615384615384
9822,HyboNet,2,64,0.0002,8,29,0.5275590551181102,0.7666666666666667,0.5384615384615384
9823,HyboNet,2,64,0.0002,8,3,0.4015748031496063,0.5666666666666667,0.5384615384615384
9824,HyboNet,2,64,0.0002,8,30,0.5275590551181102,0.7666666666666667,0.5384615384615384
9825,HyboNet,2,64,0.0002,8,31,0.5275590551181102,0.7666666666666667,0.5384615384615384
9826,HyboNet,2,64,0.0002,8,32,0.5275590551181102,0.7666666666666667,0.5384615384615384
9827,HyboNet,2,64,0.0002,8,33,0.5275590551181102,0.7666666666666667,0.5384615384615384
9828,HyboNet,2,64,0.0002,8,34,0.5275590551181102,0.7666666666666667,0.5384615384615384
9829,HyboNet,2,64,0.0002,8,35,0.5275590551181102,0.7666666666666667,0.5384615384615384
9830,HyboNet,2,64,0.0002,8,36,0.5196850393700787,0.7666666666666667,0.5384615384615384
9831,HyboNet,2,64,0.0002,8,37,0.5275590551181102,0.7666666666666667,0.5384615384615384
9832,HyboNet,2,64,0.0002,8,38,0.5354330708661418,0.7666666666666667,0.5384615384615384
9833,HyboNet,2,64,0.0002,8,39,0.5354330708661418,0.7666666666666667,0.5384615384615384
9834,HyboNet,2,64,0.0002,8,4,0.5118110236220472,0.5666666666666667,0.5769230769230769
9835,HyboNet,2,64,0.0002,8,40,0.5354330708661418,0.7666666666666667,0.5384615384615384
9836,HyboNet,2,64,0.0002,8,41,0.5354330708661418,0.7666666666666667,0.5384615384615384
9837,HyboNet,2,64,0.0002,8,42,0.5354330708661418,0.8,0.5384615384615384
9838,HyboNet,2,64,0.0002,8,43,0.5354330708661418,0.8,0.5769230769230769
9839,HyboNet,2,64,0.0002,8,44,0.5354330708661418,0.8,0.5769230769230769
9840,HyboNet,2,64,0.0002,8,45,0.5354330708661418,0.8,0.5769230769230769
9841,HyboNet,2,64,0.0002,8,46,0.5354330708661418,0.8,0.6153846153846154
9842,HyboNet,2,64,0.0002,8,47,0.5354330708661418,0.8,0.6153846153846154
9843,HyboNet,2,64,0.0002,8,48,0.5275590551181102,0.8,0.6153846153846154
9844,HyboNet,2,64,0.0002,8,49,0.5275590551181102,0.8,0.6153846153846154
9845,HyboNet,2,64,0.0002,8,5,0.5196850393700787,0.6,0.5769230769230769
9846,HyboNet,2,64,0.0002,8,50,0.5275590551181102,0.8,0.6153846153846154
9847,HyboNet,2,64,0.0002,8,51,0.5275590551181102,0.8,0.6153846153846154
9848,HyboNet,2,64,0.0002,8,52,0.5275590551181102,0.8,0.6153846153846154
9849,HyboNet,2,64,0.0002,8,53,0.5275590551181102,0.8,0.6153846153846154
9850,HyboNet,2,64,0.0002,8,54,0.5275590551181102,0.8,0.6153846153846154
9851,HyboNet,2,64,0.0002,8,55,0.5275590551181102,0.8,0.6153846153846154
9852,HyboNet,2,64,0.0002,8,56,0.5354330708661418,0.8,0.6153846153846154
9853,HyboNet,2,64,0.0002,8,57,0.5354330708661418,0.8,0.6153846153846154
9854,HyboNet,2,64,0.0002,8,58,0.5354330708661418,0.8,0.6153846153846154
9855,HyboNet,2,64,0.0002,8,59,0.5433070866141733,0.8,0.6153846153846154
9856,HyboNet,2,64,0.0002,8,6,0.5196850393700787,0.6,0.5769230769230769
9857,HyboNet,2,64,0.0002,8,60,0.5354330708661418,0.8,0.6153846153846154
9858,HyboNet,2,64,0.0002,8,61,0.5354330708661418,0.8333333333333334,0.6153846153846154
9859,HyboNet,2,64,0.0002,8,62,0.5354330708661418,0.8333333333333334,0.6153846153846154
9860,HyboNet,2,64,0.0002,8,63,0.5354330708661418,0.8333333333333334,0.6153846153846154
9861,HyboNet,2,64,0.0002,8,64,0.5354330708661418,0.8333333333333334,0.6153846153846154
9862,HyboNet,2,64,0.0002,8,65,0.5354330708661418,0.8333333333333334,0.6153846153846154
9863,HyboNet,2,64,0.0002,8,66,0.5275590551181102,0.8666666666666667,0.6153846153846154
9864,HyboNet,2,64,0.0002,8,67,0.5275590551181102,0.8666666666666667,0.6153846153846154
9865,HyboNet,2,64,0.0002,8,68,0.5275590551181102,0.8666666666666667,0.6153846153846154
9866,HyboNet,2,64,0.0002,8,69,0.5275590551181102,0.8666666666666667,0.6153846153846154
9867,HyboNet,2,64,0.0002,8,7,0.5196850393700787,0.6,0.5769230769230769
9868,HyboNet,2,64,0.0002,8,70,0.5354330708661418,0.8666666666666667,0.6153846153846154
9869,HyboNet,2,64,0.0002,8,71,0.5354330708661418,0.8666666666666667,0.6153846153846154
9870,HyboNet,2,64,0.0002,8,72,0.5354330708661418,0.8666666666666667,0.6153846153846154
9871,HyboNet,2,64,0.0002,8,73,0.5354330708661418,0.8666666666666667,0.6153846153846154
9872,HyboNet,2,64,0.0002,8,74,0.5354330708661418,0.8666666666666667,0.6153846153846154
9873,HyboNet,2,64,0.0002,8,75,0.5433070866141733,0.8666666666666667,0.6153846153846154
9874,HyboNet,2,64,0.0002,8,76,0.5433070866141733,0.8666666666666667,0.6153846153846154
9875,HyboNet,2,64,0.0002,8,77,0.5433070866141733,0.8666666666666667,0.6153846153846154
9876,HyboNet,2,64,0.0002,8,78,0.5354330708661418,0.8666666666666667,0.6153846153846154
9877,HyboNet,2,64,0.0002,8,79,0.5354330708661418,0.8666666666666667,0.6153846153846154
9878,HyboNet,2,64,0.0002,8,8,0.5275590551181102,0.6,0.5769230769230769
9879,HyboNet,2,64,0.0002,8,80,0.5354330708661418,0.8666666666666667,0.6153846153846154
9880,HyboNet,2,64,0.0002,8,81,0.5354330708661418,0.9,0.6153846153846154
9881,HyboNet,2,64,0.0002,8,82,0.5275590551181102,0.9,0.6153846153846154
9882,HyboNet,2,64,0.0002,8,83,0.5275590551181102,0.9,0.6153846153846154
9883,HyboNet,2,64,0.0002,8,84,0.5275590551181102,0.9,0.6153846153846154
9884,HyboNet,2,64,0.0002,8,85,0.5196850393700787,0.9,0.6153846153846154
9885,HyboNet,2,64,0.0002,8,86,0.5196850393700787,0.9,0.6153846153846154
9886,HyboNet,2,64,0.0002,8,87,0.5196850393700787,0.9,0.6153846153846154
9887,HyboNet,2,64,0.0002,8,88,0.5196850393700787,0.9,0.6153846153846154
9888,HyboNet,2,64,0.0002,8,89,0.5275590551181102,0.9,0.6153846153846154
9889,HyboNet,2,64,0.0002,8,9,0.5275590551181102,0.6,0.5769230769230769
9890,HyboNet,2,64,0.0002,8,90,0.5275590551181102,0.9333333333333333,0.6153846153846154
9891,HyboNet,2,64,0.0002,8,91,0.5275590551181102,0.9333333333333333,0.6153846153846154
9892,HyboNet,2,64,0.0002,8,92,0.5275590551181102,0.9333333333333333,0.6153846153846154
9893,HyboNet,2,64,0.0002,8,93,0.5433070866141733,0.9333333333333333,0.6153846153846154
9894,HyboNet,2,64,0.0002,8,94,0.5433070866141733,0.9333333333333333,0.6153846153846154
9895,HyboNet,2,64,0.0002,8,95,0.5354330708661418,0.9333333333333333,0.6153846153846154
9896,HyboNet,2,64,0.0002,8,96,0.5433070866141733,0.9333333333333333,0.6153846153846154
9897,HyboNet,2,64,0.0002,8,97,0.5433070866141733,0.9333333333333333,0.6153846153846154
9898,HyboNet,2,64,0.0002,8,98,0.5354330708661418,0.9333333333333333,0.6153846153846154
9899,HyboNet,2,64,0.0002,8,99,0.5354330708661418,0.9333333333333333,0.6153846153846154
9900,HyboNet,2,64,0.0002,9,1,0.1732283464566929,0.3333333333333333,0.19230769230769232
9901,HyboNet,2,64,0.0002,9,10,0.5118110236220472,0.6,0.6153846153846154
9902,HyboNet,2,64,0.0002,9,100,0.4251968503937008,0.9333333333333333,0.5
9903,HyboNet,2,64,0.0002,9,11,0.5196850393700787,0.6,0.6153846153846154
9904,HyboNet,2,64,0.0002,9,12,0.5196850393700787,0.6,0.6153846153846154
9905,HyboNet,2,64,0.0002,9,13,0.5196850393700787,0.6,0.6153846153846154
9906,HyboNet,2,64,0.0002,9,14,0.5196850393700787,0.6,0.6153846153846154
9907,HyboNet,2,64,0.0002,9,15,0.5118110236220472,0.6,0.6153846153846154
9908,HyboNet,2,64,0.0002,9,16,0.5196850393700787,0.6,0.6153846153846154
9909,HyboNet,2,64,0.0002,9,17,0.5196850393700787,0.6333333333333333,0.5769230769230769
9910,HyboNet,2,64,0.0002,9,18,0.5118110236220472,0.6333333333333333,0.5384615384615384
9911,HyboNet,2,64,0.0002,9,19,0.5118110236220472,0.6666666666666666,0.5384615384615384
9912,HyboNet,2,64,0.0002,9,2,0.25196850393700787,0.36666666666666664,0.2692307692307692
9913,HyboNet,2,64,0.0002,9,20,0.5039370078740157,0.6666666666666666,0.5384615384615384
9914,HyboNet,2,64,0.0002,9,21,0.5196850393700787,0.7,0.5384615384615384
9915,HyboNet,2,64,0.0002,9,22,0.5118110236220472,0.7333333333333333,0.5384615384615384
9916,HyboNet,2,64,0.0002,9,23,0.48031496062992124,0.7666666666666667,0.5384615384615384
9917,HyboNet,2,64,0.0002,9,24,0.47244094488188976,0.7666666666666667,0.5
9918,HyboNet,2,64,0.0002,9,25,0.47244094488188976,0.7666666666666667,0.5
9919,HyboNet,2,64,0.0002,9,26,0.48031496062992124,0.7666666666666667,0.5
9920,HyboNet,2,64,0.0002,9,27,0.4881889763779528,0.7666666666666667,0.5
9921,HyboNet,2,64,0.0002,9,28,0.48031496062992124,0.7666666666666667,0.46153846153846156
9922,HyboNet,2,64,0.0002,9,29,0.48031496062992124,0.7666666666666667,0.4230769230769231
9923,HyboNet,2,64,0.0002,9,3,0.3464566929133858,0.5333333333333333,0.46153846153846156
9924,HyboNet,2,64,0.0002,9,30,0.48031496062992124,0.7666666666666667,0.46153846153846156
9925,HyboNet,2,64,0.0002,9,31,0.48031496062992124,0.7666666666666667,0.46153846153846156
9926,HyboNet,2,64,0.0002,9,32,0.48031496062992124,0.7666666666666667,0.46153846153846156
9927,HyboNet,2,64,0.0002,9,33,0.47244094488188976,0.7666666666666667,0.46153846153846156
9928,HyboNet,2,64,0.0002,9,34,0.47244094488188976,0.7666666666666667,0.46153846153846156
9929,HyboNet,2,64,0.0002,9,35,0.4881889763779528,0.7666666666666667,0.5
9930,HyboNet,2,64,0.0002,9,36,0.49606299212598426,0.7666666666666667,0.5384615384615384
9931,HyboNet,2,64,0.0002,9,37,0.49606299212598426,0.7666666666666667,0.5384615384615384
9932,HyboNet,2,64,0.0002,9,38,0.5039370078740157,0.7666666666666667,0.5384615384615384
9933,HyboNet,2,64,0.0002,9,39,0.5039370078740157,0.7666666666666667,0.5384615384615384
9934,HyboNet,2,64,0.0002,9,4,0.4330708661417323,0.6,0.46153846153846156
9935,HyboNet,2,64,0.0002,9,40,0.5039370078740157,0.7666666666666667,0.5384615384615384
9936,HyboNet,2,64,0.0002,9,41,0.5039370078740157,0.7666666666666667,0.5
9937,HyboNet,2,64,0.0002,9,42,0.5118110236220472,0.7666666666666667,0.5
9938,HyboNet,2,64,0.0002,9,43,0.5118110236220472,0.7666666666666667,0.5
9939,HyboNet,2,64,0.0002,9,44,0.5039370078740157,0.8,0.5
9940,HyboNet,2,64,0.0002,9,45,0.5118110236220472,0.8,0.5
9941,HyboNet,2,64,0.0002,9,46,0.5118110236220472,0.8,0.46153846153846156
9942,HyboNet,2,64,0.0002,9,47,0.5118110236220472,0.8,0.46153846153846156
9943,HyboNet,2,64,0.0002,9,48,0.5118110236220472,0.8,0.46153846153846156
9944,HyboNet,2,64,0.0002,9,49,0.5118110236220472,0.8,0.46153846153846156
9945,HyboNet,2,64,0.0002,9,5,0.5118110236220472,0.6,0.5384615384615384
9946,HyboNet,2,64,0.0002,9,50,0.5118110236220472,0.8,0.46153846153846156
9947,HyboNet,2,64,0.0002,9,51,0.5118110236220472,0.8,0.46153846153846156
9948,HyboNet,2,64,0.0002,9,52,0.5118110236220472,0.8,0.46153846153846156
9949,HyboNet,2,64,0.0002,9,53,0.5275590551181102,0.8,0.46153846153846156
9950,HyboNet,2,64,0.0002,9,54,0.5196850393700787,0.8,0.46153846153846156
9951,HyboNet,2,64,0.0002,9,55,0.5118110236220472,0.8333333333333334,0.46153846153846156
9952,HyboNet,2,64,0.0002,9,56,0.5039370078740157,0.8333333333333334,0.46153846153846156
9953,HyboNet,2,64,0.0002,9,57,0.5039370078740157,0.8333333333333334,0.4230769230769231
9954,HyboNet,2,64,0.0002,9,58,0.49606299212598426,0.8333333333333334,0.4230769230769231
9955,HyboNet,2,64,0.0002,9,59,0.48031496062992124,0.8333333333333334,0.46153846153846156
9956,HyboNet,2,64,0.0002,9,6,0.5118110236220472,0.6,0.5769230769230769
9957,HyboNet,2,64,0.0002,9,60,0.48031496062992124,0.8333333333333334,0.46153846153846156
9958,HyboNet,2,64,0.0002,9,61,0.48031496062992124,0.8333333333333334,0.46153846153846156
9959,HyboNet,2,64,0.0002,9,62,0.48031496062992124,0.8333333333333334,0.46153846153846156
9960,HyboNet,2,64,0.0002,9,63,0.4881889763779528,0.8666666666666667,0.46153846153846156
9961,HyboNet,2,64,0.0002,9,64,0.4881889763779528,0.8666666666666667,0.46153846153846156
9962,HyboNet,2,64,0.0002,9,65,0.48031496062992124,0.8666666666666667,0.46153846153846156
9963,HyboNet,2,64,0.0002,9,66,0.47244094488188976,0.8666666666666667,0.46153846153846156
9964,HyboNet,2,64,0.0002,9,67,0.4645669291338583,0.8666666666666667,0.5
9965,HyboNet,2,64,0.0002,9,68,0.4645669291338583,0.8666666666666667,0.5
9966,HyboNet,2,64,0.0002,9,69,0.4566929133858268,0.8666666666666667,0.5
9967,HyboNet,2,64,0.0002,9,7,0.5118110236220472,0.6,0.6153846153846154
9968,HyboNet,2,64,0.0002,9,70,0.4566929133858268,0.8666666666666667,0.5
9969,HyboNet,2,64,0.0002,9,71,0.4566929133858268,0.8666666666666667,0.5
9970,HyboNet,2,64,0.0002,9,72,0.44881889763779526,0.8666666666666667,0.5
9971,HyboNet,2,64,0.0002,9,73,0.44881889763779526,0.8666666666666667,0.5
9972,HyboNet,2,64,0.0002,9,74,0.4409448818897638,0.8666666666666667,0.5
9973,HyboNet,2,64,0.0002,9,75,0.4330708661417323,0.8666666666666667,0.5
9974,HyboNet,2,64,0.0002,9,76,0.4330708661417323,0.8666666666666667,0.5
9975,HyboNet,2,64,0.0002,9,77,0.4330708661417323,0.8666666666666667,0.5384615384615384
9976,HyboNet,2,64,0.0002,9,78,0.4330708661417323,0.8666666666666667,0.5384615384615384
9977,HyboNet,2,64,0.0002,9,79,0.4330708661417323,0.8666666666666667,0.5384615384615384
9978,HyboNet,2,64,0.0002,9,8,0.5118110236220472,0.6,0.6153846153846154
9979,HyboNet,2,64,0.0002,9,80,0.4330708661417323,0.8666666666666667,0.5
9980,HyboNet,2,64,0.0002,9,81,0.4330708661417323,0.9,0.5
9981,HyboNet,2,64,0.0002,9,82,0.4330708661417323,0.9,0.5
9982,HyboNet,2,64,0.0002,9,83,0.4330708661417323,0.9,0.5
9983,HyboNet,2,64,0.0002,9,84,0.4330708661417323,0.9,0.5
9984,HyboNet,2,64,0.0002,9,85,0.4330708661417323,0.9,0.5
9985,HyboNet,2,64,0.0002,9,86,0.4330708661417323,0.9,0.5
9986,HyboNet,2,64,0.0002,9,87,0.4330708661417323,0.9,0.5
9987,HyboNet,2,64,0.0002,9,88,0.4251968503937008,0.9,0.5
9988,HyboNet,2,64,0.0002,9,89,0.4251968503937008,0.9333333333333333,0.5
9989,HyboNet,2,64,0.0002,9,9,0.5118110236220472,0.6,0.6153846153846154
9990,HyboNet,2,64,0.0002,9,90,0.4251968503937008,0.9333333333333333,0.5
9991,HyboNet,2,64,0.0002,9,91,0.4251968503937008,0.9333333333333333,0.5
9992,HyboNet,2,64,0.0002,9,92,0.4251968503937008,0.9333333333333333,0.5
9993,HyboNet,2,64,0.0002,9,93,0.4251968503937008,0.9333333333333333,0.5
9994,HyboNet,2,64,0.0002,9,94,0.41732283464566927,0.9333333333333333,0.5
9995,HyboNet,2,64,0.0002,9,95,0.4251968503937008,0.9333333333333333,0.5
9996,HyboNet,2,64,0.0002,9,96,0.4251968503937008,0.9333333333333333,0.5
9997,HyboNet,2,64,0.0002,9,97,0.4251968503937008,0.9333333333333333,0.5
9998,HyboNet,2,64,0.0002,9,98,0.4251968503937008,0.9333333333333333,0.5
9999,HyboNet,2,64,0.0002,9,99,0.4251968503937008,0.9333333333333333,0.5
10000,HyboNet,2,64,0.001,1,1,0.41732283464566927,0.5333333333333333,0.5384615384615384
10001,HyboNet,2,64,0.001,1,10,0.5590551181102362,0.7,0.5384615384615384
10002,HyboNet,2,64,0.001,1,100,0.4566929133858268,1.0,0.4230769230769231
10003,HyboNet,2,64,0.001,1,11,0.5511811023622047,0.7333333333333333,0.5384615384615384
10004,HyboNet,2,64,0.001,1,12,0.5354330708661418,0.7666666666666667,0.5384615384615384
10005,HyboNet,2,64,0.001,1,13,0.5275590551181102,0.7666666666666667,0.5769230769230769
10006,HyboNet,2,64,0.001,1,14,0.5275590551181102,0.7666666666666667,0.5769230769230769
10007,HyboNet,2,64,0.001,1,15,0.5275590551181102,0.7666666666666667,0.5769230769230769
10008,HyboNet,2,64,0.001,1,16,0.5275590551181102,0.7666666666666667,0.5769230769230769
10009,HyboNet,2,64,0.001,1,17,0.5354330708661418,0.7666666666666667,0.5769230769230769
10010,HyboNet,2,64,0.001,1,18,0.5354330708661418,0.7666666666666667,0.5769230769230769
10011,HyboNet,2,64,0.001,1,19,0.5354330708661418,0.7666666666666667,0.5384615384615384
10012,HyboNet,2,64,0.001,1,2,0.5275590551181102,0.6,0.5769230769230769
10013,HyboNet,2,64,0.001,1,20,0.5354330708661418,0.7666666666666667,0.5384615384615384
10014,HyboNet,2,64,0.001,1,21,0.5433070866141733,0.7666666666666667,0.5384615384615384
10015,HyboNet,2,64,0.001,1,22,0.5433070866141733,0.7666666666666667,0.5384615384615384
10016,HyboNet,2,64,0.001,1,23,0.5354330708661418,0.7666666666666667,0.5384615384615384
10017,HyboNet,2,64,0.001,1,24,0.5354330708661418,0.7666666666666667,0.5384615384615384
10018,HyboNet,2,64,0.001,1,25,0.5354330708661418,0.8,0.5384615384615384
10019,HyboNet,2,64,0.001,1,26,0.5354330708661418,0.8,0.5769230769230769
10020,HyboNet,2,64,0.001,1,27,0.5433070866141733,0.8,0.5769230769230769
10021,HyboNet,2,64,0.001,1,28,0.5511811023622047,0.8,0.5769230769230769
10022,HyboNet,2,64,0.001,1,29,0.5511811023622047,0.8,0.6153846153846154
10023,HyboNet,2,64,0.001,1,3,0.5433070866141733,0.6,0.5769230769230769
10024,HyboNet,2,64,0.001,1,30,0.5511811023622047,0.8333333333333334,0.6153846153846154
10025,HyboNet,2,64,0.001,1,31,0.5511811023622047,0.8333333333333334,0.5769230769230769
10026,HyboNet,2,64,0.001,1,32,0.5433070866141733,0.8666666666666667,0.5384615384615384
10027,HyboNet,2,64,0.001,1,33,0.5511811023622047,0.8666666666666667,0.5384615384615384
10028,HyboNet,2,64,0.001,1,34,0.5275590551181102,0.9,0.5384615384615384
10029,HyboNet,2,64,0.001,1,35,0.5196850393700787,0.9,0.5769230769230769
10030,HyboNet,2,64,0.001,1,36,0.5118110236220472,0.9333333333333333,0.5769230769230769
10031,HyboNet,2,64,0.001,1,37,0.5118110236220472,0.9333333333333333,0.5769230769230769
10032,HyboNet,2,64,0.001,1,38,0.5196850393700787,0.9666666666666667,0.5769230769230769
10033,HyboNet,2,64,0.001,1,39,0.5196850393700787,0.9666666666666667,0.5769230769230769
10034,HyboNet,2,64,0.001,1,4,0.5433070866141733,0.6,0.5769230769230769
10035,HyboNet,2,64,0.001,1,40,0.5196850393700787,0.9666666666666667,0.5769230769230769
10036,HyboNet,2,64,0.001,1,41,0.5118110236220472,0.9666666666666667,0.5384615384615384
10037,HyboNet,2,64,0.001,1,42,0.5118110236220472,0.9666666666666667,0.5384615384615384
10038,HyboNet,2,64,0.001,1,43,0.5039370078740157,1.0,0.5384615384615384
10039,HyboNet,2,64,0.001,1,44,0.5039370078740157,1.0,0.5384615384615384
10040,HyboNet,2,64,0.001,1,45,0.5039370078740157,1.0,0.5384615384615384
10041,HyboNet,2,64,0.001,1,46,0.5118110236220472,1.0,0.5384615384615384
10042,HyboNet,2,64,0.001,1,47,0.5118110236220472,1.0,0.5384615384615384
10043,HyboNet,2,64,0.001,1,48,0.5118110236220472,1.0,0.5384615384615384
10044,HyboNet,2,64,0.001,1,49,0.5039370078740157,1.0,0.5384615384615384
10045,HyboNet,2,64,0.001,1,5,0.5433070866141733,0.6,0.5769230769230769
10046,HyboNet,2,64,0.001,1,50,0.5039370078740157,1.0,0.5384615384615384
10047,HyboNet,2,64,0.001,1,51,0.5118110236220472,1.0,0.5769230769230769
10048,HyboNet,2,64,0.001,1,52,0.5118110236220472,1.0,0.5769230769230769
10049,HyboNet,2,64,0.001,1,53,0.5196850393700787,1.0,0.5384615384615384
10050,HyboNet,2,64,0.001,1,54,0.5196850393700787,1.0,0.5384615384615384
10051,HyboNet,2,64,0.001,1,55,0.5118110236220472,1.0,0.5384615384615384
10052,HyboNet,2,64,0.001,1,56,0.5196850393700787,1.0,0.5384615384615384
10053,HyboNet,2,64,0.001,1,57,0.5196850393700787,1.0,0.5384615384615384
10054,HyboNet,2,64,0.001,1,58,0.5196850393700787,1.0,0.5384615384615384
10055,HyboNet,2,64,0.001,1,59,0.5275590551181102,1.0,0.5384615384615384
10056,HyboNet,2,64,0.001,1,6,0.5511811023622047,0.6,0.5769230769230769
10057,HyboNet,2,64,0.001,1,60,0.5275590551181102,1.0,0.5384615384615384
10058,HyboNet,2,64,0.001,1,61,0.5196850393700787,1.0,0.5384615384615384
10059,HyboNet,2,64,0.001,1,62,0.5039370078740157,1.0,0.5384615384615384
10060,HyboNet,2,64,0.001,1,63,0.5039370078740157,1.0,0.5
10061,HyboNet,2,64,0.001,1,64,0.5039370078740157,1.0,0.5
10062,HyboNet,2,64,0.001,1,65,0.5039370078740157,1.0,0.5384615384615384
10063,HyboNet,2,64,0.001,1,66,0.5039370078740157,1.0,0.5384615384615384
10064,HyboNet,2,64,0.001,1,67,0.5039370078740157,1.0,0.5384615384615384
10065,HyboNet,2,64,0.001,1,68,0.5039370078740157,1.0,0.5384615384615384
10066,HyboNet,2,64,0.001,1,69,0.5039370078740157,1.0,0.5384615384615384
10067,HyboNet,2,64,0.001,1,7,0.5511811023622047,0.6,0.5769230769230769
10068,HyboNet,2,64,0.001,1,70,0.5118110236220472,1.0,0.5
10069,HyboNet,2,64,0.001,1,71,0.5118110236220472,1.0,0.5
10070,HyboNet,2,64,0.001,1,72,0.5039370078740157,1.0,0.5
10071,HyboNet,2,64,0.001,1,73,0.5039370078740157,1.0,0.5
10072,HyboNet,2,64,0.001,1,74,0.49606299212598426,1.0,0.5
10073,HyboNet,2,64,0.001,1,75,0.48031496062992124,1.0,0.5
10074,HyboNet,2,64,0.001,1,76,0.47244094488188976,1.0,0.5
10075,HyboNet,2,64,0.001,1,77,0.48031496062992124,1.0,0.5
10076,HyboNet,2,64,0.001,1,78,0.48031496062992124,1.0,0.5
10077,HyboNet,2,64,0.001,1,79,0.48031496062992124,1.0,0.5
10078,HyboNet,2,64,0.001,1,8,0.5511811023622047,0.6333333333333333,0.5769230769230769
10079,HyboNet,2,64,0.001,1,80,0.4881889763779528,1.0,0.46153846153846156
10080,HyboNet,2,64,0.001,1,81,0.48031496062992124,1.0,0.4230769230769231
10081,HyboNet,2,64,0.001,1,82,0.4881889763779528,1.0,0.4230769230769231
10082,HyboNet,2,64,0.001,1,83,0.49606299212598426,1.0,0.4230769230769231
10083,HyboNet,2,64,0.001,1,84,0.49606299212598426,1.0,0.4230769230769231
10084,HyboNet,2,64,0.001,1,85,0.4881889763779528,1.0,0.4230769230769231
10085,HyboNet,2,64,0.001,1,86,0.4881889763779528,1.0,0.4230769230769231
10086,HyboNet,2,64,0.001,1,87,0.48031496062992124,1.0,0.4230769230769231
10087,HyboNet,2,64,0.001,1,88,0.48031496062992124,1.0,0.4230769230769231
10088,HyboNet,2,64,0.001,1,89,0.4645669291338583,1.0,0.4230769230769231
10089,HyboNet,2,64,0.001,1,9,0.5511811023622047,0.6666666666666666,0.5769230769230769
10090,HyboNet,2,64,0.001,1,90,0.47244094488188976,1.0,0.4230769230769231
10091,HyboNet,2,64,0.001,1,91,0.4645669291338583,1.0,0.4230769230769231
10092,HyboNet,2,64,0.001,1,92,0.4566929133858268,1.0,0.4230769230769231
10093,HyboNet,2,64,0.001,1,93,0.4566929133858268,1.0,0.4230769230769231
10094,HyboNet,2,64,0.001,1,94,0.44881889763779526,1.0,0.4230769230769231
10095,HyboNet,2,64,0.001,1,95,0.44881889763779526,1.0,0.4230769230769231
10096,HyboNet,2,64,0.001,1,96,0.4566929133858268,1.0,0.4230769230769231
10097,HyboNet,2,64,0.001,1,97,0.4566929133858268,1.0,0.4230769230769231
10098,HyboNet,2,64,0.001,1,98,0.4566929133858268,1.0,0.4230769230769231
10099,HyboNet,2,64,0.001,1,99,0.4566929133858268,1.0,0.4230769230769231
10100,HyboNet,2,64,0.001,10,1,0.3858267716535433,0.4666666666666667,0.4230769230769231
10101,HyboNet,2,64,0.001,10,10,0.5354330708661418,0.6,0.5769230769230769
10102,HyboNet,2,64,0.001,10,100,0.4251968503937008,1.0,0.38461538461538464
10103,HyboNet,2,64,0.001,10,11,0.5354330708661418,0.6,0.5769230769230769
10104,HyboNet,2,64,0.001,10,12,0.5433070866141733,0.6333333333333333,0.5769230769230769
10105,HyboNet,2,64,0.001,10,13,0.5433070866141733,0.6666666666666666,0.5769230769230769
10106,HyboNet,2,64,0.001,10,14,0.5433070866141733,0.6666666666666666,0.5769230769230769
10107,HyboNet,2,64,0.001,10,15,0.5590551181102362,0.7333333333333333,0.5769230769230769
10108,HyboNet,2,64,0.001,10,16,0.5669291338582677,0.7666666666666667,0.5769230769230769
10109,HyboNet,2,64,0.001,10,17,0.5511811023622047,0.7666666666666667,0.5384615384615384
10110,HyboNet,2,64,0.001,10,18,0.5275590551181102,0.7666666666666667,0.5384615384615384
10111,HyboNet,2,64,0.001,10,19,0.5196850393700787,0.7666666666666667,0.46153846153846156
10112,HyboNet,2,64,0.001,10,2,0.5196850393700787,0.5666666666666667,0.5769230769230769
10113,HyboNet,2,64,0.001,10,20,0.5118110236220472,0.7666666666666667,0.46153846153846156
10114,HyboNet,2,64,0.001,10,21,0.49606299212598426,0.7666666666666667,0.4230769230769231
10115,HyboNet,2,64,0.001,10,22,0.4881889763779528,0.7666666666666667,0.4230769230769231
10116,HyboNet,2,64,0.001,10,23,0.5118110236220472,0.7666666666666667,0.4230769230769231
10117,HyboNet,2,64,0.001,10,24,0.5118110236220472,0.8,0.4230769230769231
10118,HyboNet,2,64,0.001,10,25,0.5118110236220472,0.8,0.4230769230769231
10119,HyboNet,2,64,0.001,10,26,0.5275590551181102,0.8,0.4230769230769231
10120,HyboNet,2,64,0.001,10,27,0.5196850393700787,0.8,0.46153846153846156
10121,HyboNet,2,64,0.001,10,28,0.5275590551181102,0.8,0.46153846153846156
10122,HyboNet,2,64,0.001,10,29,0.5354330708661418,0.8,0.5
10123,HyboNet,2,64,0.001,10,3,0.5354330708661418,0.6,0.5769230769230769
10124,HyboNet,2,64,0.001,10,30,0.5433070866141733,0.8,0.5
10125,HyboNet,2,64,0.001,10,31,0.5433070866141733,0.8,0.5
10126,HyboNet,2,64,0.001,10,32,0.5433070866141733,0.8,0.5
10127,HyboNet,2,64,0.001,10,33,0.5433070866141733,0.8,0.5
10128,HyboNet,2,64,0.001,10,34,0.5433070866141733,0.8,0.5
10129,HyboNet,2,64,0.001,10,35,0.5433070866141733,0.8,0.5
10130,HyboNet,2,64,0.001,10,36,0.5590551181102362,0.8,0.5
10131,HyboNet,2,64,0.001,10,37,0.5590551181102362,0.8,0.5
10132,HyboNet,2,64,0.001,10,38,0.5590551181102362,0.8666666666666667,0.5
10133,HyboNet,2,64,0.001,10,39,0.5511811023622047,0.9,0.46153846153846156
10134,HyboNet,2,64,0.001,10,4,0.5354330708661418,0.6,0.5769230769230769
10135,HyboNet,2,64,0.001,10,40,0.5511811023622047,0.9333333333333333,0.46153846153846156
10136,HyboNet,2,64,0.001,10,41,0.5433070866141733,0.9333333333333333,0.4230769230769231
10137,HyboNet,2,64,0.001,10,42,0.5354330708661418,0.9333333333333333,0.4230769230769231
10138,HyboNet,2,64,0.001,10,43,0.5118110236220472,0.9333333333333333,0.46153846153846156
10139,HyboNet,2,64,0.001,10,44,0.48031496062992124,0.9666666666666667,0.46153846153846156
10140,HyboNet,2,64,0.001,10,45,0.47244094488188976,1.0,0.46153846153846156
10141,HyboNet,2,64,0.001,10,46,0.48031496062992124,1.0,0.46153846153846156
10142,HyboNet,2,64,0.001,10,47,0.48031496062992124,1.0,0.5
10143,HyboNet,2,64,0.001,10,48,0.4881889763779528,1.0,0.5
10144,HyboNet,2,64,0.001,10,49,0.4881889763779528,1.0,0.5
10145,HyboNet,2,64,0.001,10,5,0.5354330708661418,0.6,0.5769230769230769
10146,HyboNet,2,64,0.001,10,50,0.5039370078740157,1.0,0.5384615384615384
10147,HyboNet,2,64,0.001,10,51,0.5039370078740157,1.0,0.5384615384615384
10148,HyboNet,2,64,0.001,10,52,0.49606299212598426,1.0,0.5384615384615384
10149,HyboNet,2,64,0.001,10,53,0.49606299212598426,1.0,0.5384615384615384
10150,HyboNet,2,64,0.001,10,54,0.48031496062992124,1.0,0.5384615384615384
10151,HyboNet,2,64,0.001,10,55,0.48031496062992124,1.0,0.5384615384615384
10152,HyboNet,2,64,0.001,10,56,0.47244094488188976,1.0,0.5384615384615384
10153,HyboNet,2,64,0.001,10,57,0.47244094488188976,1.0,0.5384615384615384
10154,HyboNet,2,64,0.001,10,58,0.4645669291338583,1.0,0.5384615384615384
10155,HyboNet,2,64,0.001,10,59,0.4409448818897638,1.0,0.5
10156,HyboNet,2,64,0.001,10,6,0.5354330708661418,0.6,0.5769230769230769
10157,HyboNet,2,64,0.001,10,60,0.4409448818897638,1.0,0.5
10158,HyboNet,2,64,0.001,10,61,0.4409448818897638,1.0,0.5
10159,HyboNet,2,64,0.001,10,62,0.4409448818897638,1.0,0.5
10160,HyboNet,2,64,0.001,10,63,0.4409448818897638,1.0,0.5
10161,HyboNet,2,64,0.001,10,64,0.4409448818897638,1.0,0.5
10162,HyboNet,2,64,0.001,10,65,0.4409448818897638,1.0,0.5
10163,HyboNet,2,64,0.001,10,66,0.4409448818897638,1.0,0.5
10164,HyboNet,2,64,0.001,10,67,0.4566929133858268,1.0,0.5
10165,HyboNet,2,64,0.001,10,68,0.4566929133858268,1.0,0.5
10166,HyboNet,2,64,0.001,10,69,0.44881889763779526,1.0,0.46153846153846156
10167,HyboNet,2,64,0.001,10,7,0.5354330708661418,0.6,0.5769230769230769
10168,HyboNet,2,64,0.001,10,70,0.44881889763779526,1.0,0.46153846153846156
10169,HyboNet,2,64,0.001,10,71,0.4330708661417323,1.0,0.46153846153846156
10170,HyboNet,2,64,0.001,10,72,0.4409448818897638,1.0,0.46153846153846156
10171,HyboNet,2,64,0.001,10,73,0.44881889763779526,1.0,0.46153846153846156
10172,HyboNet,2,64,0.001,10,74,0.4409448818897638,1.0,0.46153846153846156
10173,HyboNet,2,64,0.001,10,75,0.4409448818897638,1.0,0.46153846153846156
10174,HyboNet,2,64,0.001,10,76,0.4330708661417323,1.0,0.4230769230769231
10175,HyboNet,2,64,0.001,10,77,0.4251968503937008,1.0,0.4230769230769231
10176,HyboNet,2,64,0.001,10,78,0.41732283464566927,1.0,0.38461538461538464
10177,HyboNet,2,64,0.001,10,79,0.41732283464566927,1.0,0.38461538461538464
10178,HyboNet,2,64,0.001,10,8,0.5354330708661418,0.6,0.5769230769230769
10179,HyboNet,2,64,0.001,10,80,0.4251968503937008,1.0,0.38461538461538464
10180,HyboNet,2,64,0.001,10,81,0.41732283464566927,1.0,0.38461538461538464
10181,HyboNet,2,64,0.001,10,82,0.41732283464566927,1.0,0.38461538461538464
10182,HyboNet,2,64,0.001,10,83,0.4251968503937008,1.0,0.38461538461538464
10183,HyboNet,2,64,0.001,10,84,0.4251968503937008,1.0,0.38461538461538464
10184,HyboNet,2,64,0.001,10,85,0.4251968503937008,1.0,0.38461538461538464
10185,HyboNet,2,64,0.001,10,86,0.4330708661417323,1.0,0.38461538461538464
10186,HyboNet,2,64,0.001,10,87,0.4330708661417323,1.0,0.38461538461538464
10187,HyboNet,2,64,0.001,10,88,0.4330708661417323,1.0,0.38461538461538464
10188,HyboNet,2,64,0.001,10,89,0.4330708661417323,1.0,0.38461538461538464
10189,HyboNet,2,64,0.001,10,9,0.5354330708661418,0.6,0.5769230769230769
10190,HyboNet,2,64,0.001,10,90,0.4251968503937008,1.0,0.38461538461538464
10191,HyboNet,2,64,0.001,10,91,0.4251968503937008,1.0,0.38461538461538464
10192,HyboNet,2,64,0.001,10,92,0.4251968503937008,1.0,0.4230769230769231
10193,HyboNet,2,64,0.001,10,93,0.41732283464566927,1.0,0.4230769230769231
10194,HyboNet,2,64,0.001,10,94,0.4251968503937008,1.0,0.38461538461538464
10195,HyboNet,2,64,0.001,10,95,0.4251968503937008,1.0,0.38461538461538464
10196,HyboNet,2,64,0.001,10,96,0.4251968503937008,1.0,0.38461538461538464
10197,HyboNet,2,64,0.001,10,97,0.4330708661417323,1.0,0.38461538461538464
10198,HyboNet,2,64,0.001,10,98,0.4409448818897638,1.0,0.38461538461538464
10199,HyboNet,2,64,0.001,10,99,0.4330708661417323,1.0,0.38461538461538464
10200,HyboNet,2,64,0.001,2,1,0.41732283464566927,0.4666666666666667,0.5384615384615384
10201,HyboNet,2,64,0.001,2,10,0.5354330708661418,0.6333333333333333,0.5769230769230769
10202,HyboNet,2,64,0.001,2,100,0.47244094488188976,1.0,0.46153846153846156
10203,HyboNet,2,64,0.001,2,11,0.5433070866141733,0.6333333333333333,0.5769230769230769
10204,HyboNet,2,64,0.001,2,12,0.5511811023622047,0.6666666666666666,0.5769230769230769
10205,HyboNet,2,64,0.001,2,13,0.5511811023622047,0.7,0.5384615384615384
10206,HyboNet,2,64,0.001,2,14,0.5590551181102362,0.7666666666666667,0.5384615384615384
10207,HyboNet,2,64,0.001,2,15,0.5590551181102362,0.7666666666666667,0.5384615384615384
10208,HyboNet,2,64,0.001,2,16,0.5590551181102362,0.7666666666666667,0.5384615384615384
10209,HyboNet,2,64,0.001,2,17,0.5748031496062992,0.8,0.5769230769230769
10210,HyboNet,2,64,0.001,2,18,0.5826771653543307,0.8,0.5769230769230769
10211,HyboNet,2,64,0.001,2,19,0.5669291338582677,0.8,0.5384615384615384
10212,HyboNet,2,64,0.001,2,2,0.5433070866141733,0.6,0.5769230769230769
10213,HyboNet,2,64,0.001,2,20,0.5590551181102362,0.8,0.5384615384615384
10214,HyboNet,2,64,0.001,2,21,0.5669291338582677,0.8,0.5384615384615384
10215,HyboNet,2,64,0.001,2,22,0.5669291338582677,0.8,0.5384615384615384
10216,HyboNet,2,64,0.001,2,23,0.5669291338582677,0.8333333333333334,0.5384615384615384
10217,HyboNet,2,64,0.001,2,24,0.5590551181102362,0.8333333333333334,0.5384615384615384
10218,HyboNet,2,64,0.001,2,25,0.5669291338582677,0.8333333333333334,0.5384615384615384
10219,HyboNet,2,64,0.001,2,26,0.5748031496062992,0.8333333333333334,0.5384615384615384
10220,HyboNet,2,64,0.001,2,27,0.5748031496062992,0.8333333333333334,0.5384615384615384
10221,HyboNet,2,64,0.001,2,28,0.5748031496062992,0.8333333333333334,0.5384615384615384
10222,HyboNet,2,64,0.001,2,29,0.5748031496062992,0.8333333333333334,0.5769230769230769
10223,HyboNet,2,64,0.001,2,3,0.5354330708661418,0.6,0.5769230769230769
10224,HyboNet,2,64,0.001,2,30,0.5748031496062992,0.8333333333333334,0.5769230769230769
10225,HyboNet,2,64,0.001,2,31,0.5669291338582677,0.8333333333333334,0.5769230769230769
10226,HyboNet,2,64,0.001,2,32,0.5590551181102362,0.8333333333333334,0.5769230769230769
10227,HyboNet,2,64,0.001,2,33,0.5590551181102362,0.8333333333333334,0.5769230769230769
10228,HyboNet,2,64,0.001,2,34,0.5590551181102362,0.8666666666666667,0.5384615384615384
10229,HyboNet,2,64,0.001,2,35,0.5669291338582677,0.9,0.5384615384615384
10230,HyboNet,2,64,0.001,2,36,0.5748031496062992,0.9,0.5769230769230769
10231,HyboNet,2,64,0.001,2,37,0.5669291338582677,0.9,0.5769230769230769
10232,HyboNet,2,64,0.001,2,38,0.5669291338582677,0.9,0.6153846153846154
10233,HyboNet,2,64,0.001,2,39,0.5669291338582677,0.9333333333333333,0.6153846153846154
10234,HyboNet,2,64,0.001,2,4,0.5354330708661418,0.6,0.5769230769230769
10235,HyboNet,2,64,0.001,2,40,0.5511811023622047,0.9666666666666667,0.5769230769230769
10236,HyboNet,2,64,0.001,2,41,0.5354330708661418,0.9666666666666667,0.5769230769230769
10237,HyboNet,2,64,0.001,2,42,0.5118110236220472,1.0,0.5769230769230769
10238,HyboNet,2,64,0.001,2,43,0.5196850393700787,1.0,0.5769230769230769
10239,HyboNet,2,64,0.001,2,44,0.5354330708661418,1.0,0.5384615384615384
10240,HyboNet,2,64,0.001,2,45,0.5590551181102362,1.0,0.5769230769230769
10241,HyboNet,2,64,0.001,2,46,0.5590551181102362,1.0,0.5384615384615384
10242,HyboNet,2,64,0.001,2,47,0.5433070866141733,0.9666666666666667,0.5384615384615384
10243,HyboNet,2,64,0.001,2,48,0.5433070866141733,0.9666666666666667,0.5384615384615384
10244,HyboNet,2,64,0.001,2,49,0.5511811023622047,0.9666666666666667,0.5384615384615384
10245,HyboNet,2,64,0.001,2,5,0.5354330708661418,0.6,0.5769230769230769
10246,HyboNet,2,64,0.001,2,50,0.5511811023622047,0.9666666666666667,0.5384615384615384
10247,HyboNet,2,64,0.001,2,51,0.5433070866141733,0.9666666666666667,0.5384615384615384
10248,HyboNet,2,64,0.001,2,52,0.5511811023622047,1.0,0.5384615384615384
10249,HyboNet,2,64,0.001,2,53,0.5433070866141733,1.0,0.5769230769230769
10250,HyboNet,2,64,0.001,2,54,0.5354330708661418,1.0,0.5769230769230769
10251,HyboNet,2,64,0.001,2,55,0.5354330708661418,1.0,0.5769230769230769
10252,HyboNet,2,64,0.001,2,56,0.5433070866141733,1.0,0.5769230769230769
10253,HyboNet,2,64,0.001,2,57,0.5511811023622047,1.0,0.5769230769230769
10254,HyboNet,2,64,0.001,2,58,0.5511811023622047,1.0,0.5769230769230769
10255,HyboNet,2,64,0.001,2,59,0.5511811023622047,1.0,0.5769230769230769
10256,HyboNet,2,64,0.001,2,6,0.5354330708661418,0.6,0.5769230769230769
10257,HyboNet,2,64,0.001,2,60,0.5511811023622047,1.0,0.5769230769230769
10258,HyboNet,2,64,0.001,2,61,0.5511811023622047,1.0,0.5769230769230769
10259,HyboNet,2,64,0.001,2,62,0.5511811023622047,1.0,0.5769230769230769
10260,HyboNet,2,64,0.001,2,63,0.5511811023622047,1.0,0.5769230769230769
10261,HyboNet,2,64,0.001,2,64,0.5511811023622047,1.0,0.5769230769230769
10262,HyboNet,2,64,0.001,2,65,0.5511811023622047,1.0,0.5769230769230769
10263,HyboNet,2,64,0.001,2,66,0.5511811023622047,1.0,0.5769230769230769
10264,HyboNet,2,64,0.001,2,67,0.5511811023622047,1.0,0.5769230769230769
10265,HyboNet,2,64,0.001,2,68,0.5433070866141733,1.0,0.5769230769230769
10266,HyboNet,2,64,0.001,2,69,0.5433070866141733,1.0,0.5769230769230769
10267,HyboNet,2,64,0.001,2,7,0.5354330708661418,0.6,0.5769230769230769
10268,HyboNet,2,64,0.001,2,70,0.5511811023622047,1.0,0.5769230769230769
10269,HyboNet,2,64,0.001,2,71,0.5511811023622047,1.0,0.5384615384615384
10270,HyboNet,2,64,0.001,2,72,0.5511811023622047,1.0,0.5384615384615384
10271,HyboNet,2,64,0.001,2,73,0.5511811023622047,1.0,0.5384615384615384
10272,HyboNet,2,64,0.001,2,74,0.5511811023622047,1.0,0.5384615384615384
10273,HyboNet,2,64,0.001,2,75,0.5275590551181102,1.0,0.5384615384615384
10274,HyboNet,2,64,0.001,2,76,0.5196850393700787,1.0,0.5
10275,HyboNet,2,64,0.001,2,77,0.5275590551181102,1.0,0.5
10276,HyboNet,2,64,0.001,2,78,0.5196850393700787,1.0,0.5
10277,HyboNet,2,64,0.001,2,79,0.5275590551181102,1.0,0.5
10278,HyboNet,2,64,0.001,2,8,0.5354330708661418,0.6,0.5769230769230769
10279,HyboNet,2,64,0.001,2,80,0.5196850393700787,1.0,0.5
10280,HyboNet,2,64,0.001,2,81,0.5118110236220472,1.0,0.5
10281,HyboNet,2,64,0.001,2,82,0.5118110236220472,1.0,0.5
10282,HyboNet,2,64,0.001,2,83,0.5118110236220472,1.0,0.5
10283,HyboNet,2,64,0.001,2,84,0.5118110236220472,1.0,0.5
10284,HyboNet,2,64,0.001,2,85,0.49606299212598426,1.0,0.5384615384615384
10285,HyboNet,2,64,0.001,2,86,0.49606299212598426,1.0,0.5384615384615384
10286,HyboNet,2,64,0.001,2,87,0.49606299212598426,1.0,0.5384615384615384
10287,HyboNet,2,64,0.001,2,88,0.5118110236220472,1.0,0.5
10288,HyboNet,2,64,0.001,2,89,0.5118110236220472,1.0,0.5
10289,HyboNet,2,64,0.001,2,9,0.5354330708661418,0.6333333333333333,0.5769230769230769
10290,HyboNet,2,64,0.001,2,90,0.5039370078740157,1.0,0.5
10291,HyboNet,2,64,0.001,2,91,0.4881889763779528,1.0,0.5
10292,HyboNet,2,64,0.001,2,92,0.48031496062992124,1.0,0.5
10293,HyboNet,2,64,0.001,2,93,0.47244094488188976,1.0,0.46153846153846156
10294,HyboNet,2,64,0.001,2,94,0.47244094488188976,1.0,0.46153846153846156
10295,HyboNet,2,64,0.001,2,95,0.48031496062992124,1.0,0.46153846153846156
10296,HyboNet,2,64,0.001,2,96,0.48031496062992124,1.0,0.46153846153846156
10297,HyboNet,2,64,0.001,2,97,0.48031496062992124,1.0,0.46153846153846156
10298,HyboNet,2,64,0.001,2,98,0.48031496062992124,1.0,0.46153846153846156
10299,HyboNet,2,64,0.001,2,99,0.47244094488188976,1.0,0.46153846153846156
10300,HyboNet,2,64,0.001,3,1,0.4251968503937008,0.6,0.5
10301,HyboNet,2,64,0.001,3,10,0.4881889763779528,0.7666666666666667,0.5384615384615384
10302,HyboNet,2,64,0.001,3,100,0.4015748031496063,1.0,0.6153846153846154
10303,HyboNet,2,64,0.001,3,11,0.47244094488188976,0.8,0.5
10304,HyboNet,2,64,0.001,3,12,0.4881889763779528,0.8,0.5
10305,HyboNet,2,64,0.001,3,13,0.49606299212598426,0.8,0.5384615384615384
10306,HyboNet,2,64,0.001,3,14,0.5118110236220472,0.8,0.5
10307,HyboNet,2,64,0.001,3,15,0.4881889763779528,0.8,0.5384615384615384
10308,HyboNet,2,64,0.001,3,16,0.5039370078740157,0.8,0.5384615384615384
10309,HyboNet,2,64,0.001,3,17,0.5196850393700787,0.8,0.5384615384615384
10310,HyboNet,2,64,0.001,3,18,0.5118110236220472,0.8,0.5384615384615384
10311,HyboNet,2,64,0.001,3,19,0.5275590551181102,0.8,0.5769230769230769
10312,HyboNet,2,64,0.001,3,2,0.5118110236220472,0.6,0.5769230769230769
10313,HyboNet,2,64,0.001,3,20,0.5354330708661418,0.8,0.5384615384615384
10314,HyboNet,2,64,0.001,3,21,0.5354330708661418,0.8,0.5384615384615384
10315,HyboNet,2,64,0.001,3,22,0.5275590551181102,0.8,0.5384615384615384
10316,HyboNet,2,64,0.001,3,23,0.5275590551181102,0.8,0.5769230769230769
10317,HyboNet,2,64,0.001,3,24,0.5354330708661418,0.8,0.5769230769230769
10318,HyboNet,2,64,0.001,3,25,0.5354330708661418,0.8333333333333334,0.5384615384615384
10319,HyboNet,2,64,0.001,3,26,0.5433070866141733,0.8333333333333334,0.5384615384615384
10320,HyboNet,2,64,0.001,3,27,0.5275590551181102,0.8333333333333334,0.5769230769230769
10321,HyboNet,2,64,0.001,3,28,0.5354330708661418,0.8666666666666667,0.6153846153846154
10322,HyboNet,2,64,0.001,3,29,0.5275590551181102,0.9,0.6153846153846154
10323,HyboNet,2,64,0.001,3,3,0.5275590551181102,0.6,0.5769230769230769
10324,HyboNet,2,64,0.001,3,30,0.5275590551181102,0.9,0.6153846153846154
10325,HyboNet,2,64,0.001,3,31,0.5275590551181102,0.9,0.6153846153846154
10326,HyboNet,2,64,0.001,3,32,0.5118110236220472,0.9333333333333333,0.6153846153846154
10327,HyboNet,2,64,0.001,3,33,0.5039370078740157,0.9666666666666667,0.6153846153846154
10328,HyboNet,2,64,0.001,3,34,0.5118110236220472,0.9666666666666667,0.6153846153846154
10329,HyboNet,2,64,0.001,3,35,0.5196850393700787,0.9666666666666667,0.6153846153846154
10330,HyboNet,2,64,0.001,3,36,0.5118110236220472,1.0,0.6153846153846154
10331,HyboNet,2,64,0.001,3,37,0.5196850393700787,1.0,0.5769230769230769
10332,HyboNet,2,64,0.001,3,38,0.5118110236220472,1.0,0.5769230769230769
10333,HyboNet,2,64,0.001,3,39,0.49606299212598426,1.0,0.5769230769230769
10334,HyboNet,2,64,0.001,3,4,0.5354330708661418,0.6,0.5769230769230769
10335,HyboNet,2,64,0.001,3,40,0.49606299212598426,1.0,0.5769230769230769
10336,HyboNet,2,64,0.001,3,41,0.47244094488188976,1.0,0.5769230769230769
10337,HyboNet,2,64,0.001,3,42,0.4566929133858268,1.0,0.6153846153846154
10338,HyboNet,2,64,0.001,3,43,0.47244094488188976,1.0,0.6153846153846154
10339,HyboNet,2,64,0.001,3,44,0.47244094488188976,1.0,0.6153846153846154
10340,HyboNet,2,64,0.001,3,45,0.4645669291338583,1.0,0.6153846153846154
10341,HyboNet,2,64,0.001,3,46,0.4645669291338583,1.0,0.6153846153846154
10342,HyboNet,2,64,0.001,3,47,0.47244094488188976,1.0,0.6153846153846154
10343,HyboNet,2,64,0.001,3,48,0.4645669291338583,1.0,0.6153846153846154
10344,HyboNet,2,64,0.001,3,49,0.4645669291338583,1.0,0.6153846153846154
10345,HyboNet,2,64,0.001,3,5,0.5354330708661418,0.6333333333333333,0.5769230769230769
10346,HyboNet,2,64,0.001,3,50,0.4645669291338583,1.0,0.6153846153846154
10347,HyboNet,2,64,0.001,3,51,0.4645669291338583,1.0,0.6153846153846154
10348,HyboNet,2,64,0.001,3,52,0.4645669291338583,1.0,0.6153846153846154
10349,HyboNet,2,64,0.001,3,53,0.4645669291338583,1.0,0.6153846153846154
10350,HyboNet,2,64,0.001,3,54,0.4566929133858268,1.0,0.6153846153846154
10351,HyboNet,2,64,0.001,3,55,0.4566929133858268,1.0,0.6153846153846154
10352,HyboNet,2,64,0.001,3,56,0.4566929133858268,1.0,0.5769230769230769
10353,HyboNet,2,64,0.001,3,57,0.44881889763779526,1.0,0.5769230769230769
10354,HyboNet,2,64,0.001,3,58,0.4330708661417323,1.0,0.5769230769230769
10355,HyboNet,2,64,0.001,3,59,0.4251968503937008,1.0,0.5384615384615384
10356,HyboNet,2,64,0.001,3,6,0.5354330708661418,0.7,0.5769230769230769
10357,HyboNet,2,64,0.001,3,60,0.41732283464566927,1.0,0.5384615384615384
10358,HyboNet,2,64,0.001,3,61,0.4251968503937008,1.0,0.5384615384615384
10359,HyboNet,2,64,0.001,3,62,0.41732283464566927,1.0,0.5384615384615384
10360,HyboNet,2,64,0.001,3,63,0.41732283464566927,1.0,0.5384615384615384
10361,HyboNet,2,64,0.001,3,64,0.4094488188976378,1.0,0.5384615384615384
10362,HyboNet,2,64,0.001,3,65,0.4094488188976378,1.0,0.5
10363,HyboNet,2,64,0.001,3,66,0.4094488188976378,1.0,0.5384615384615384
10364,HyboNet,2,64,0.001,3,67,0.4094488188976378,1.0,0.5384615384615384
10365,HyboNet,2,64,0.001,3,68,0.4094488188976378,1.0,0.5
10366,HyboNet,2,64,0.001,3,69,0.4094488188976378,1.0,0.5
10367,HyboNet,2,64,0.001,3,7,0.5354330708661418,0.7,0.5769230769230769
10368,HyboNet,2,64,0.001,3,70,0.4094488188976378,1.0,0.5
10369,HyboNet,2,64,0.001,3,71,0.4015748031496063,1.0,0.5
10370,HyboNet,2,64,0.001,3,72,0.4015748031496063,1.0,0.5
10371,HyboNet,2,64,0.001,3,73,0.4094488188976378,1.0,0.5384615384615384
10372,HyboNet,2,64,0.001,3,74,0.4094488188976378,1.0,0.5384615384615384
10373,HyboNet,2,64,0.001,3,75,0.4015748031496063,1.0,0.5769230769230769
10374,HyboNet,2,64,0.001,3,76,0.4094488188976378,1.0,0.5769230769230769
10375,HyboNet,2,64,0.001,3,77,0.41732283464566927,1.0,0.5769230769230769
10376,HyboNet,2,64,0.001,3,78,0.41732283464566927,1.0,0.5769230769230769
10377,HyboNet,2,64,0.001,3,79,0.41732283464566927,1.0,0.6153846153846154
10378,HyboNet,2,64,0.001,3,8,0.5354330708661418,0.7333333333333333,0.5769230769230769
10379,HyboNet,2,64,0.001,3,80,0.4094488188976378,1.0,0.6153846153846154
10380,HyboNet,2,64,0.001,3,81,0.41732283464566927,1.0,0.6153846153846154
10381,HyboNet,2,64,0.001,3,82,0.4094488188976378,1.0,0.6153846153846154
10382,HyboNet,2,64,0.001,3,83,0.4094488188976378,1.0,0.6153846153846154
10383,HyboNet,2,64,0.001,3,84,0.4094488188976378,1.0,0.6153846153846154
10384,HyboNet,2,64,0.001,3,85,0.4015748031496063,1.0,0.6153846153846154
10385,HyboNet,2,64,0.001,3,86,0.4015748031496063,1.0,0.6153846153846154
10386,HyboNet,2,64,0.001,3,87,0.4015748031496063,1.0,0.6153846153846154
10387,HyboNet,2,64,0.001,3,88,0.4015748031496063,1.0,0.6153846153846154
10388,HyboNet,2,64,0.001,3,89,0.4015748031496063,1.0,0.6153846153846154
10389,HyboNet,2,64,0.001,3,9,0.5196850393700787,0.7666666666666667,0.5384615384615384
10390,HyboNet,2,64,0.001,3,90,0.3937007874015748,1.0,0.6153846153846154
10391,HyboNet,2,64,0.001,3,91,0.4015748031496063,1.0,0.6153846153846154
10392,HyboNet,2,64,0.001,3,92,0.4015748031496063,1.0,0.6153846153846154
10393,HyboNet,2,64,0.001,3,93,0.4015748031496063,1.0,0.6153846153846154
10394,HyboNet,2,64,0.001,3,94,0.3937007874015748,1.0,0.6153846153846154
10395,HyboNet,2,64,0.001,3,95,0.4015748031496063,1.0,0.6153846153846154
10396,HyboNet,2,64,0.001,3,96,0.4094488188976378,1.0,0.6153846153846154
10397,HyboNet,2,64,0.001,3,97,0.3779527559055118,1.0,0.6153846153846154
10398,HyboNet,2,64,0.001,3,98,0.3858267716535433,1.0,0.6153846153846154
10399,HyboNet,2,64,0.001,3,99,0.4015748031496063,1.0,0.6153846153846154
10400,HyboNet,2,64,0.001,4,1,0.3858267716535433,0.6,0.2692307692307692
10401,HyboNet,2,64,0.001,4,10,0.5354330708661418,0.7,0.5769230769230769
10402,HyboNet,2,64,0.001,4,100,0.5275590551181102,1.0,0.5
10403,HyboNet,2,64,0.001,4,11,0.5511811023622047,0.7333333333333333,0.5769230769230769
10404,HyboNet,2,64,0.001,4,12,0.5511811023622047,0.7666666666666667,0.5769230769230769
10405,HyboNet,2,64,0.001,4,13,0.5590551181102362,0.7666666666666667,0.5769230769230769
10406,HyboNet,2,64,0.001,4,14,0.5511811023622047,0.8,0.5384615384615384
10407,HyboNet,2,64,0.001,4,15,0.5511811023622047,0.8,0.5769230769230769
10408,HyboNet,2,64,0.001,4,16,0.5433070866141733,0.8333333333333334,0.5769230769230769
10409,HyboNet,2,64,0.001,4,17,0.5433070866141733,0.8333333333333334,0.5769230769230769
10410,HyboNet,2,64,0.001,4,18,0.5590551181102362,0.8333333333333334,0.5769230769230769
10411,HyboNet,2,64,0.001,4,19,0.5590551181102362,0.8333333333333334,0.5769230769230769
10412,HyboNet,2,64,0.001,4,2,0.5275590551181102,0.6,0.5769230769230769
10413,HyboNet,2,64,0.001,4,20,0.5590551181102362,0.8333333333333334,0.5769230769230769
10414,HyboNet,2,64,0.001,4,21,0.5590551181102362,0.8333333333333334,0.5769230769230769
10415,HyboNet,2,64,0.001,4,22,0.5590551181102362,0.8333333333333334,0.5769230769230769
10416,HyboNet,2,64,0.001,4,23,0.5433070866141733,0.8333333333333334,0.5769230769230769
10417,HyboNet,2,64,0.001,4,24,0.5433070866141733,0.8333333333333334,0.6153846153846154
10418,HyboNet,2,64,0.001,4,25,0.5433070866141733,0.8333333333333334,0.6153846153846154
10419,HyboNet,2,64,0.001,4,26,0.5433070866141733,0.8333333333333334,0.6153846153846154
10420,HyboNet,2,64,0.001,4,27,0.5511811023622047,0.8333333333333334,0.6153846153846154
10421,HyboNet,2,64,0.001,4,28,0.5511811023622047,0.8333333333333334,0.6153846153846154
10422,HyboNet,2,64,0.001,4,29,0.5511811023622047,0.8333333333333334,0.5769230769230769
10423,HyboNet,2,64,0.001,4,3,0.5275590551181102,0.6,0.5769230769230769
10424,HyboNet,2,64,0.001,4,30,0.5511811023622047,0.8333333333333334,0.5769230769230769
10425,HyboNet,2,64,0.001,4,31,0.5590551181102362,0.8333333333333334,0.5769230769230769
10426,HyboNet,2,64,0.001,4,32,0.5590551181102362,0.8333333333333334,0.5769230769230769
10427,HyboNet,2,64,0.001,4,33,0.5748031496062992,0.8333333333333334,0.5769230769230769
10428,HyboNet,2,64,0.001,4,34,0.5669291338582677,0.8333333333333334,0.5769230769230769
10429,HyboNet,2,64,0.001,4,35,0.5669291338582677,0.8333333333333334,0.5769230769230769
10430,HyboNet,2,64,0.001,4,36,0.5748031496062992,0.8666666666666667,0.5769230769230769
10431,HyboNet,2,64,0.001,4,37,0.5748031496062992,0.9,0.5769230769230769
10432,HyboNet,2,64,0.001,4,38,0.5748031496062992,0.9333333333333333,0.5769230769230769
10433,HyboNet,2,64,0.001,4,39,0.5669291338582677,0.9666666666666667,0.5769230769230769
10434,HyboNet,2,64,0.001,4,4,0.5275590551181102,0.6,0.5769230769230769
10435,HyboNet,2,64,0.001,4,40,0.5669291338582677,0.9666666666666667,0.5769230769230769
10436,HyboNet,2,64,0.001,4,41,0.5669291338582677,0.9666666666666667,0.5769230769230769
10437,HyboNet,2,64,0.001,4,42,0.5669291338582677,0.9666666666666667,0.5769230769230769
10438,HyboNet,2,64,0.001,4,43,0.5590551181102362,1.0,0.5769230769230769
10439,HyboNet,2,64,0.001,4,44,0.5590551181102362,1.0,0.5769230769230769
10440,HyboNet,2,64,0.001,4,45,0.5590551181102362,1.0,0.5769230769230769
10441,HyboNet,2,64,0.001,4,46,0.5590551181102362,1.0,0.5769230769230769
10442,HyboNet,2,64,0.001,4,47,0.5748031496062992,1.0,0.5769230769230769
10443,HyboNet,2,64,0.001,4,48,0.5826771653543307,1.0,0.5769230769230769
10444,HyboNet,2,64,0.001,4,49,0.5826771653543307,1.0,0.6153846153846154
10445,HyboNet,2,64,0.001,4,5,0.5275590551181102,0.6,0.5769230769230769
10446,HyboNet,2,64,0.001,4,50,0.5905511811023622,1.0,0.6153846153846154
10447,HyboNet,2,64,0.001,4,51,0.5905511811023622,1.0,0.6153846153846154
10448,HyboNet,2,64,0.001,4,52,0.5669291338582677,1.0,0.5769230769230769
10449,HyboNet,2,64,0.001,4,53,0.5826771653543307,1.0,0.6153846153846154
10450,HyboNet,2,64,0.001,4,54,0.5826771653543307,1.0,0.6153846153846154
10451,HyboNet,2,64,0.001,4,55,0.5905511811023622,1.0,0.6153846153846154
10452,HyboNet,2,64,0.001,4,56,0.5905511811023622,1.0,0.5769230769230769
10453,HyboNet,2,64,0.001,4,57,0.5826771653543307,1.0,0.5769230769230769
10454,HyboNet,2,64,0.001,4,58,0.5826771653543307,1.0,0.5769230769230769
10455,HyboNet,2,64,0.001,4,59,0.5905511811023622,1.0,0.6153846153846154
10456,HyboNet,2,64,0.001,4,6,0.5275590551181102,0.6,0.5769230769230769
10457,HyboNet,2,64,0.001,4,60,0.5905511811023622,1.0,0.6153846153846154
10458,HyboNet,2,64,0.001,4,61,0.5905511811023622,1.0,0.6153846153846154
10459,HyboNet,2,64,0.001,4,62,0.5984251968503937,1.0,0.6153846153846154
10460,HyboNet,2,64,0.001,4,63,0.5984251968503937,1.0,0.6153846153846154
10461,HyboNet,2,64,0.001,4,64,0.5984251968503937,1.0,0.6153846153846154
10462,HyboNet,2,64,0.001,4,65,0.5905511811023622,1.0,0.6153846153846154
10463,HyboNet,2,64,0.001,4,66,0.5905511811023622,1.0,0.6153846153846154
10464,HyboNet,2,64,0.001,4,67,0.5905511811023622,1.0,0.6153846153846154
10465,HyboNet,2,64,0.001,4,68,0.5905511811023622,1.0,0.6153846153846154
10466,HyboNet,2,64,0.001,4,69,0.5905511811023622,1.0,0.6153846153846154
10467,HyboNet,2,64,0.001,4,7,0.5275590551181102,0.6,0.5769230769230769
10468,HyboNet,2,64,0.001,4,70,0.5905511811023622,1.0,0.6153846153846154
10469,HyboNet,2,64,0.001,4,71,0.5905511811023622,1.0,0.6153846153846154
10470,HyboNet,2,64,0.001,4,72,0.5905511811023622,1.0,0.6153846153846154
10471,HyboNet,2,64,0.001,4,73,0.5984251968503937,1.0,0.6153846153846154
10472,HyboNet,2,64,0.001,4,74,0.5826771653543307,1.0,0.5769230769230769
10473,HyboNet,2,64,0.001,4,75,0.5905511811023622,1.0,0.5769230769230769
10474,HyboNet,2,64,0.001,4,76,0.5905511811023622,1.0,0.5769230769230769
10475,HyboNet,2,64,0.001,4,77,0.5826771653543307,1.0,0.5769230769230769
10476,HyboNet,2,64,0.001,4,78,0.5748031496062992,1.0,0.5769230769230769
10477,HyboNet,2,64,0.001,4,79,0.5748031496062992,1.0,0.6153846153846154
10478,HyboNet,2,64,0.001,4,8,0.5275590551181102,0.6333333333333333,0.5769230769230769
10479,HyboNet,2,64,0.001,4,80,0.5748031496062992,1.0,0.5769230769230769
10480,HyboNet,2,64,0.001,4,81,0.5748031496062992,1.0,0.5769230769230769
10481,HyboNet,2,64,0.001,4,82,0.5826771653543307,1.0,0.6153846153846154
10482,HyboNet,2,64,0.001,4,83,0.5669291338582677,1.0,0.6153846153846154
10483,HyboNet,2,64,0.001,4,84,0.5511811023622047,1.0,0.6153846153846154
10484,HyboNet,2,64,0.001,4,85,0.5511811023622047,1.0,0.6153846153846154
10485,HyboNet,2,64,0.001,4,86,0.5433070866141733,1.0,0.6153846153846154
10486,HyboNet,2,64,0.001,4,87,0.5354330708661418,1.0,0.6153846153846154
10487,HyboNet,2,64,0.001,4,88,0.5354330708661418,1.0,0.6153846153846154
10488,HyboNet,2,64,0.001,4,89,0.5354330708661418,1.0,0.6153846153846154
10489,HyboNet,2,64,0.001,4,9,0.5354330708661418,0.6666666666666666,0.5769230769230769
10490,HyboNet,2,64,0.001,4,90,0.5354330708661418,1.0,0.6153846153846154
10491,HyboNet,2,64,0.001,4,91,0.5354330708661418,1.0,0.6153846153846154
10492,HyboNet,2,64,0.001,4,92,0.5433070866141733,1.0,0.5769230769230769
10493,HyboNet,2,64,0.001,4,93,0.5433070866141733,1.0,0.5769230769230769
10494,HyboNet,2,64,0.001,4,94,0.5354330708661418,1.0,0.5769230769230769
10495,HyboNet,2,64,0.001,4,95,0.5354330708661418,1.0,0.5384615384615384
10496,HyboNet,2,64,0.001,4,96,0.5275590551181102,1.0,0.5384615384615384
10497,HyboNet,2,64,0.001,4,97,0.5275590551181102,1.0,0.5384615384615384
10498,HyboNet,2,64,0.001,4,98,0.5275590551181102,1.0,0.5384615384615384
10499,HyboNet,2,64,0.001,4,99,0.5275590551181102,1.0,0.5
10500,HyboNet,2,64,0.001,5,1,0.5275590551181102,0.6,0.5
10501,HyboNet,2,64,0.001,5,10,0.5590551181102362,0.6333333333333333,0.6153846153846154
10502,HyboNet,2,64,0.001,5,100,0.4881889763779528,1.0,0.5384615384615384
10503,HyboNet,2,64,0.001,5,11,0.5511811023622047,0.6666666666666666,0.5769230769230769
10504,HyboNet,2,64,0.001,5,12,0.5433070866141733,0.7333333333333333,0.5769230769230769
10505,HyboNet,2,64,0.001,5,13,0.5433070866141733,0.7333333333333333,0.5769230769230769
10506,HyboNet,2,64,0.001,5,14,0.5433070866141733,0.7666666666666667,0.5769230769230769
10507,HyboNet,2,64,0.001,5,15,0.5433070866141733,0.7666666666666667,0.5769230769230769
10508,HyboNet,2,64,0.001,5,16,0.5433070866141733,0.7666666666666667,0.5769230769230769
10509,HyboNet,2,64,0.001,5,17,0.5590551181102362,0.8,0.5769230769230769
10510,HyboNet,2,64,0.001,5,18,0.5590551181102362,0.8,0.6153846153846154
10511,HyboNet,2,64,0.001,5,19,0.5590551181102362,0.8,0.6153846153846154
10512,HyboNet,2,64,0.001,5,2,0.5354330708661418,0.6,0.5769230769230769
10513,HyboNet,2,64,0.001,5,20,0.5669291338582677,0.8,0.6153846153846154
10514,HyboNet,2,64,0.001,5,21,0.5590551181102362,0.8,0.6153846153846154
10515,HyboNet,2,64,0.001,5,22,0.5511811023622047,0.8,0.6153846153846154
10516,HyboNet,2,64,0.001,5,23,0.5511811023622047,0.8666666666666667,0.6153846153846154
10517,HyboNet,2,64,0.001,5,24,0.5433070866141733,0.8666666666666667,0.6538461538461539
10518,HyboNet,2,64,0.001,5,25,0.5433070866141733,0.8666666666666667,0.6538461538461539
10519,HyboNet,2,64,0.001,5,26,0.5511811023622047,0.8666666666666667,0.6538461538461539
10520,HyboNet,2,64,0.001,5,27,0.5354330708661418,0.8666666666666667,0.6538461538461539
10521,HyboNet,2,64,0.001,5,28,0.5433070866141733,0.8666666666666667,0.6538461538461539
10522,HyboNet,2,64,0.001,5,29,0.5433070866141733,0.9,0.6538461538461539
10523,HyboNet,2,64,0.001,5,3,0.5354330708661418,0.6,0.5769230769230769
10524,HyboNet,2,64,0.001,5,30,0.5275590551181102,0.9,0.6538461538461539
10525,HyboNet,2,64,0.001,5,31,0.5196850393700787,0.9,0.6538461538461539
10526,HyboNet,2,64,0.001,5,32,0.5118110236220472,0.9,0.6538461538461539
10527,HyboNet,2,64,0.001,5,33,0.5275590551181102,0.9,0.5769230769230769
10528,HyboNet,2,64,0.001,5,34,0.5275590551181102,0.9666666666666667,0.5
10529,HyboNet,2,64,0.001,5,35,0.5354330708661418,0.9666666666666667,0.5
10530,HyboNet,2,64,0.001,5,36,0.5275590551181102,1.0,0.5
10531,HyboNet,2,64,0.001,5,37,0.5354330708661418,0.9666666666666667,0.5
10532,HyboNet,2,64,0.001,5,38,0.5275590551181102,0.9666666666666667,0.5
10533,HyboNet,2,64,0.001,5,39,0.5433070866141733,0.9666666666666667,0.5
10534,HyboNet,2,64,0.001,5,4,0.5354330708661418,0.6,0.5769230769230769
10535,HyboNet,2,64,0.001,5,40,0.5433070866141733,0.9666666666666667,0.5
10536,HyboNet,2,64,0.001,5,41,0.5354330708661418,0.9666666666666667,0.5
10537,HyboNet,2,64,0.001,5,42,0.5354330708661418,0.9666666666666667,0.5
10538,HyboNet,2,64,0.001,5,43,0.5196850393700787,0.9666666666666667,0.5384615384615384
10539,HyboNet,2,64,0.001,5,44,0.5196850393700787,0.9666666666666667,0.5384615384615384
10540,HyboNet,2,64,0.001,5,45,0.5275590551181102,0.9666666666666667,0.5384615384615384
10541,HyboNet,2,64,0.001,5,46,0.5196850393700787,0.9666666666666667,0.5384615384615384
10542,HyboNet,2,64,0.001,5,47,0.5196850393700787,0.9666666666666667,0.5384615384615384
10543,HyboNet,2,64,0.001,5,48,0.5039370078740157,0.9666666666666667,0.5384615384615384
10544,HyboNet,2,64,0.001,5,49,0.49606299212598426,0.9666666666666667,0.5384615384615384
10545,HyboNet,2,64,0.001,5,5,0.5354330708661418,0.6,0.5769230769230769
10546,HyboNet,2,64,0.001,5,50,0.49606299212598426,0.9666666666666667,0.5384615384615384
10547,HyboNet,2,64,0.001,5,51,0.4881889763779528,0.9666666666666667,0.5384615384615384
10548,HyboNet,2,64,0.001,5,52,0.4881889763779528,0.9666666666666667,0.5384615384615384
10549,HyboNet,2,64,0.001,5,53,0.4881889763779528,0.9666666666666667,0.5384615384615384
10550,HyboNet,2,64,0.001,5,54,0.4881889763779528,1.0,0.5384615384615384
10551,HyboNet,2,64,0.001,5,55,0.48031496062992124,1.0,0.5384615384615384
10552,HyboNet,2,64,0.001,5,56,0.4881889763779528,1.0,0.5384615384615384
10553,HyboNet,2,64,0.001,5,57,0.4881889763779528,1.0,0.5384615384615384
10554,HyboNet,2,64,0.001,5,58,0.48031496062992124,1.0,0.5384615384615384
10555,HyboNet,2,64,0.001,5,59,0.4881889763779528,1.0,0.5384615384615384
10556,HyboNet,2,64,0.001,5,6,0.5354330708661418,0.6,0.5769230769230769
10557,HyboNet,2,64,0.001,5,60,0.48031496062992124,1.0,0.5384615384615384
10558,HyboNet,2,64,0.001,5,61,0.4881889763779528,1.0,0.5384615384615384
10559,HyboNet,2,64,0.001,5,62,0.49606299212598426,1.0,0.5384615384615384
10560,HyboNet,2,64,0.001,5,63,0.49606299212598426,1.0,0.5384615384615384
10561,HyboNet,2,64,0.001,5,64,0.49606299212598426,1.0,0.5384615384615384
10562,HyboNet,2,64,0.001,5,65,0.49606299212598426,1.0,0.5384615384615384
10563,HyboNet,2,64,0.001,5,66,0.49606299212598426,1.0,0.5384615384615384
10564,HyboNet,2,64,0.001,5,67,0.49606299212598426,1.0,0.5769230769230769
10565,HyboNet,2,64,0.001,5,68,0.4881889763779528,1.0,0.5769230769230769
10566,HyboNet,2,64,0.001,5,69,0.49606299212598426,1.0,0.5769230769230769
10567,HyboNet,2,64,0.001,5,7,0.5354330708661418,0.6,0.5769230769230769
10568,HyboNet,2,64,0.001,5,70,0.49606299212598426,1.0,0.5769230769230769
10569,HyboNet,2,64,0.001,5,71,0.49606299212598426,1.0,0.5769230769230769
10570,HyboNet,2,64,0.001,5,72,0.49606299212598426,1.0,0.5769230769230769
10571,HyboNet,2,64,0.001,5,73,0.49606299212598426,1.0,0.5769230769230769
10572,HyboNet,2,64,0.001,5,74,0.49606299212598426,1.0,0.5769230769230769
10573,HyboNet,2,64,0.001,5,75,0.49606299212598426,1.0,0.5384615384615384
10574,HyboNet,2,64,0.001,5,76,0.49606299212598426,1.0,0.5384615384615384
10575,HyboNet,2,64,0.001,5,77,0.49606299212598426,1.0,0.5384615384615384
10576,HyboNet,2,64,0.001,5,78,0.49606299212598426,1.0,0.5384615384615384
10577,HyboNet,2,64,0.001,5,79,0.49606299212598426,1.0,0.5384615384615384
10578,HyboNet,2,64,0.001,5,8,0.5354330708661418,0.6,0.5769230769230769
10579,HyboNet,2,64,0.001,5,80,0.5039370078740157,1.0,0.5384615384615384
10580,HyboNet,2,64,0.001,5,81,0.4881889763779528,1.0,0.5384615384615384
10581,HyboNet,2,64,0.001,5,82,0.4881889763779528,1.0,0.5384615384615384
10582,HyboNet,2,64,0.001,5,83,0.4881889763779528,1.0,0.5384615384615384
10583,HyboNet,2,64,0.001,5,84,0.4881889763779528,1.0,0.5384615384615384
10584,HyboNet,2,64,0.001,5,85,0.4881889763779528,1.0,0.5384615384615384
10585,HyboNet,2,64,0.001,5,86,0.49606299212598426,1.0,0.5384615384615384
10586,HyboNet,2,64,0.001,5,87,0.4881889763779528,1.0,0.5384615384615384
10587,HyboNet,2,64,0.001,5,88,0.4881889763779528,1.0,0.5384615384615384
10588,HyboNet,2,64,0.001,5,89,0.4881889763779528,1.0,0.5384615384615384
10589,HyboNet,2,64,0.001,5,9,0.5433070866141733,0.6,0.5769230769230769
10590,HyboNet,2,64,0.001,5,90,0.4881889763779528,1.0,0.5384615384615384
10591,HyboNet,2,64,0.001,5,91,0.4881889763779528,1.0,0.5384615384615384
10592,HyboNet,2,64,0.001,5,92,0.4881889763779528,1.0,0.5384615384615384
10593,HyboNet,2,64,0.001,5,93,0.4881889763779528,1.0,0.5
10594,HyboNet,2,64,0.001,5,94,0.4881889763779528,1.0,0.5384615384615384
10595,HyboNet,2,64,0.001,5,95,0.49606299212598426,1.0,0.5384615384615384
10596,HyboNet,2,64,0.001,5,96,0.49606299212598426,1.0,0.5384615384615384
10597,HyboNet,2,64,0.001,5,97,0.4881889763779528,1.0,0.5384615384615384
10598,HyboNet,2,64,0.001,5,98,0.4881889763779528,1.0,0.5384615384615384
10599,HyboNet,2,64,0.001,5,99,0.4881889763779528,1.0,0.5
10600,HyboNet,2,64,0.001,6,1,0.4645669291338583,0.6,0.46153846153846156
10601,HyboNet,2,64,0.001,6,10,0.5354330708661418,0.6666666666666666,0.5384615384615384
10602,HyboNet,2,64,0.001,6,100,0.48031496062992124,1.0,0.6153846153846154
10603,HyboNet,2,64,0.001,6,11,0.5511811023622047,0.7333333333333333,0.5384615384615384
10604,HyboNet,2,64,0.001,6,12,0.5590551181102362,0.7666666666666667,0.5384615384615384
10605,HyboNet,2,64,0.001,6,13,0.5669291338582677,0.8,0.5384615384615384
10606,HyboNet,2,64,0.001,6,14,0.5669291338582677,0.8,0.5384615384615384
10607,HyboNet,2,64,0.001,6,15,0.5669291338582677,0.8,0.5384615384615384
10608,HyboNet,2,64,0.001,6,16,0.5748031496062992,0.8,0.5384615384615384
10609,HyboNet,2,64,0.001,6,17,0.5826771653543307,0.8,0.5384615384615384
10610,HyboNet,2,64,0.001,6,18,0.5826771653543307,0.8,0.5384615384615384
10611,HyboNet,2,64,0.001,6,19,0.5905511811023622,0.8,0.5384615384615384
10612,HyboNet,2,64,0.001,6,2,0.5275590551181102,0.6,0.5769230769230769
10613,HyboNet,2,64,0.001,6,20,0.5826771653543307,0.8,0.5769230769230769
10614,HyboNet,2,64,0.001,6,21,0.5826771653543307,0.8333333333333334,0.5769230769230769
10615,HyboNet,2,64,0.001,6,22,0.5748031496062992,0.8333333333333334,0.6153846153846154
10616,HyboNet,2,64,0.001,6,23,0.5748031496062992,0.8333333333333334,0.5769230769230769
10617,HyboNet,2,64,0.001,6,24,0.5590551181102362,0.8333333333333334,0.6153846153846154
10618,HyboNet,2,64,0.001,6,25,0.5590551181102362,0.8333333333333334,0.6153846153846154
10619,HyboNet,2,64,0.001,6,26,0.5590551181102362,0.8333333333333334,0.6153846153846154
10620,HyboNet,2,64,0.001,6,27,0.5590551181102362,0.8666666666666667,0.6153846153846154
10621,HyboNet,2,64,0.001,6,28,0.5748031496062992,0.9,0.6153846153846154
10622,HyboNet,2,64,0.001,6,29,0.5590551181102362,0.9,0.6153846153846154
10623,HyboNet,2,64,0.001,6,3,0.5354330708661418,0.6,0.5769230769230769
10624,HyboNet,2,64,0.001,6,30,0.5826771653543307,0.9,0.6153846153846154
10625,HyboNet,2,64,0.001,6,31,0.5826771653543307,0.9,0.6153846153846154
10626,HyboNet,2,64,0.001,6,32,0.5669291338582677,0.9,0.5769230769230769
10627,HyboNet,2,64,0.001,6,33,0.5590551181102362,0.9333333333333333,0.5769230769230769
10628,HyboNet,2,64,0.001,6,34,0.5354330708661418,0.9666666666666667,0.5769230769230769
10629,HyboNet,2,64,0.001,6,35,0.5511811023622047,1.0,0.5769230769230769
10630,HyboNet,2,64,0.001,6,36,0.5433070866141733,1.0,0.5384615384615384
10631,HyboNet,2,64,0.001,6,37,0.5275590551181102,1.0,0.5384615384615384
10632,HyboNet,2,64,0.001,6,38,0.5196850393700787,1.0,0.5384615384615384
10633,HyboNet,2,64,0.001,6,39,0.5196850393700787,1.0,0.5384615384615384
10634,HyboNet,2,64,0.001,6,4,0.5354330708661418,0.6,0.5769230769230769
10635,HyboNet,2,64,0.001,6,40,0.5118110236220472,1.0,0.5384615384615384
10636,HyboNet,2,64,0.001,6,41,0.5196850393700787,1.0,0.5384615384615384
10637,HyboNet,2,64,0.001,6,42,0.5354330708661418,1.0,0.5384615384615384
10638,HyboNet,2,64,0.001,6,43,0.5354330708661418,1.0,0.5769230769230769
10639,HyboNet,2,64,0.001,6,44,0.5354330708661418,1.0,0.5769230769230769
10640,HyboNet,2,64,0.001,6,45,0.5275590551181102,1.0,0.5769230769230769
10641,HyboNet,2,64,0.001,6,46,0.5196850393700787,1.0,0.5384615384615384
10642,HyboNet,2,64,0.001,6,47,0.5196850393700787,1.0,0.5384615384615384
10643,HyboNet,2,64,0.001,6,48,0.5275590551181102,1.0,0.5384615384615384
10644,HyboNet,2,64,0.001,6,49,0.5354330708661418,1.0,0.5384615384615384
10645,HyboNet,2,64,0.001,6,5,0.5354330708661418,0.6,0.5769230769230769
10646,HyboNet,2,64,0.001,6,50,0.5275590551181102,1.0,0.5769230769230769
10647,HyboNet,2,64,0.001,6,51,0.5354330708661418,1.0,0.6153846153846154
10648,HyboNet,2,64,0.001,6,52,0.5433070866141733,1.0,0.6153846153846154
10649,HyboNet,2,64,0.001,6,53,0.5590551181102362,1.0,0.6153846153846154
10650,HyboNet,2,64,0.001,6,54,0.5669291338582677,1.0,0.5769230769230769
10651,HyboNet,2,64,0.001,6,55,0.5590551181102362,1.0,0.5769230769230769
10652,HyboNet,2,64,0.001,6,56,0.5433070866141733,1.0,0.5769230769230769
10653,HyboNet,2,64,0.001,6,57,0.5354330708661418,1.0,0.5769230769230769
10654,HyboNet,2,64,0.001,6,58,0.5275590551181102,1.0,0.5769230769230769
10655,HyboNet,2,64,0.001,6,59,0.5354330708661418,1.0,0.5769230769230769
10656,HyboNet,2,64,0.001,6,6,0.5354330708661418,0.6333333333333333,0.5769230769230769
10657,HyboNet,2,64,0.001,6,60,0.5511811023622047,1.0,0.5769230769230769
10658,HyboNet,2,64,0.001,6,61,0.5590551181102362,1.0,0.5769230769230769
10659,HyboNet,2,64,0.001,6,62,0.5669291338582677,1.0,0.5769230769230769
10660,HyboNet,2,64,0.001,6,63,0.5669291338582677,1.0,0.6153846153846154
10661,HyboNet,2,64,0.001,6,64,0.5669291338582677,1.0,0.6153846153846154
10662,HyboNet,2,64,0.001,6,65,0.5511811023622047,1.0,0.6153846153846154
10663,HyboNet,2,64,0.001,6,66,0.5433070866141733,1.0,0.6538461538461539
10664,HyboNet,2,64,0.001,6,67,0.5433070866141733,1.0,0.6538461538461539
10665,HyboNet,2,64,0.001,6,68,0.5275590551181102,1.0,0.6538461538461539
10666,HyboNet,2,64,0.001,6,69,0.5275590551181102,1.0,0.6538461538461539
10667,HyboNet,2,64,0.001,6,7,0.5354330708661418,0.6333333333333333,0.5769230769230769
10668,HyboNet,2,64,0.001,6,70,0.5196850393700787,1.0,0.6538461538461539
10669,HyboNet,2,64,0.001,6,71,0.5196850393700787,1.0,0.6538461538461539
10670,HyboNet,2,64,0.001,6,72,0.5196850393700787,1.0,0.6538461538461539
10671,HyboNet,2,64,0.001,6,73,0.5196850393700787,1.0,0.6153846153846154
10672,HyboNet,2,64,0.001,6,74,0.5196850393700787,1.0,0.6153846153846154
10673,HyboNet,2,64,0.001,6,75,0.5196850393700787,1.0,0.6153846153846154
10674,HyboNet,2,64,0.001,6,76,0.5118110236220472,1.0,0.6153846153846154
10675,HyboNet,2,64,0.001,6,77,0.5196850393700787,1.0,0.6153846153846154
10676,HyboNet,2,64,0.001,6,78,0.5196850393700787,1.0,0.6153846153846154
10677,HyboNet,2,64,0.001,6,79,0.5196850393700787,1.0,0.6153846153846154
10678,HyboNet,2,64,0.001,6,8,0.5354330708661418,0.6666666666666666,0.5769230769230769
10679,HyboNet,2,64,0.001,6,80,0.5196850393700787,1.0,0.6153846153846154
10680,HyboNet,2,64,0.001,6,81,0.5196850393700787,1.0,0.6153846153846154
10681,HyboNet,2,64,0.001,6,82,0.5196850393700787,1.0,0.6153846153846154
10682,HyboNet,2,64,0.001,6,83,0.5196850393700787,1.0,0.6153846153846154
10683,HyboNet,2,64,0.001,6,84,0.5196850393700787,1.0,0.6153846153846154
10684,HyboNet,2,64,0.001,6,85,0.5118110236220472,1.0,0.6153846153846154
10685,HyboNet,2,64,0.001,6,86,0.5039370078740157,1.0,0.6153846153846154
10686,HyboNet,2,64,0.001,6,87,0.5039370078740157,1.0,0.6153846153846154
10687,HyboNet,2,64,0.001,6,88,0.5118110236220472,1.0,0.6153846153846154
10688,HyboNet,2,64,0.001,6,89,0.5275590551181102,1.0,0.6153846153846154
10689,HyboNet,2,64,0.001,6,9,0.5354330708661418,0.6666666666666666,0.5769230769230769
10690,HyboNet,2,64,0.001,6,90,0.5039370078740157,1.0,0.6153846153846154
10691,HyboNet,2,64,0.001,6,91,0.5118110236220472,1.0,0.6153846153846154
10692,HyboNet,2,64,0.001,6,92,0.5118110236220472,1.0,0.6153846153846154
10693,HyboNet,2,64,0.001,6,93,0.5196850393700787,1.0,0.6153846153846154
10694,HyboNet,2,64,0.001,6,94,0.5039370078740157,1.0,0.6153846153846154
10695,HyboNet,2,64,0.001,6,95,0.49606299212598426,1.0,0.6153846153846154
10696,HyboNet,2,64,0.001,6,96,0.49606299212598426,1.0,0.6153846153846154
10697,HyboNet,2,64,0.001,6,97,0.49606299212598426,1.0,0.6153846153846154
10698,HyboNet,2,64,0.001,6,98,0.5039370078740157,1.0,0.6153846153846154
10699,HyboNet,2,64,0.001,6,99,0.48031496062992124,1.0,0.6153846153846154
10700,HyboNet,2,64,0.001,7,1,0.3464566929133858,0.5,0.46153846153846156
10701,HyboNet,2,64,0.001,7,10,0.5511811023622047,0.6333333333333333,0.5769230769230769
10702,HyboNet,2,64,0.001,7,100,0.49606299212598426,1.0,0.6153846153846154
10703,HyboNet,2,64,0.001,7,11,0.5590551181102362,0.7,0.5769230769230769
10704,HyboNet,2,64,0.001,7,12,0.5590551181102362,0.7,0.5769230769230769
10705,HyboNet,2,64,0.001,7,13,0.5511811023622047,0.7333333333333333,0.5769230769230769
10706,HyboNet,2,64,0.001,7,14,0.5590551181102362,0.7333333333333333,0.5769230769230769
10707,HyboNet,2,64,0.001,7,15,0.5590551181102362,0.7333333333333333,0.5769230769230769
10708,HyboNet,2,64,0.001,7,16,0.5590551181102362,0.7666666666666667,0.5769230769230769
10709,HyboNet,2,64,0.001,7,17,0.5590551181102362,0.8,0.5769230769230769
10710,HyboNet,2,64,0.001,7,18,0.5590551181102362,0.8,0.5769230769230769
10711,HyboNet,2,64,0.001,7,19,0.5669291338582677,0.8,0.5384615384615384
10712,HyboNet,2,64,0.001,7,2,0.5196850393700787,0.6,0.5769230769230769
10713,HyboNet,2,64,0.001,7,20,0.5748031496062992,0.8,0.5384615384615384
10714,HyboNet,2,64,0.001,7,21,0.5669291338582677,0.8,0.5384615384615384
10715,HyboNet,2,64,0.001,7,22,0.5669291338582677,0.8333333333333334,0.5384615384615384
10716,HyboNet,2,64,0.001,7,23,0.5669291338582677,0.8333333333333334,0.5769230769230769
10717,HyboNet,2,64,0.001,7,24,0.5590551181102362,0.8333333333333334,0.5769230769230769
10718,HyboNet,2,64,0.001,7,25,0.5511811023622047,0.8333333333333334,0.5769230769230769
10719,HyboNet,2,64,0.001,7,26,0.5354330708661418,0.8333333333333334,0.5769230769230769
10720,HyboNet,2,64,0.001,7,27,0.5354330708661418,0.8333333333333334,0.5769230769230769
10721,HyboNet,2,64,0.001,7,28,0.5275590551181102,0.8666666666666667,0.5384615384615384
10722,HyboNet,2,64,0.001,7,29,0.5354330708661418,0.8666666666666667,0.5
10723,HyboNet,2,64,0.001,7,3,0.5275590551181102,0.6,0.5769230769230769
10724,HyboNet,2,64,0.001,7,30,0.5354330708661418,0.8666666666666667,0.5
10725,HyboNet,2,64,0.001,7,31,0.5354330708661418,0.8666666666666667,0.5384615384615384
10726,HyboNet,2,64,0.001,7,32,0.5354330708661418,0.8666666666666667,0.5384615384615384
10727,HyboNet,2,64,0.001,7,33,0.5275590551181102,0.8666666666666667,0.5384615384615384
10728,HyboNet,2,64,0.001,7,34,0.5118110236220472,0.8666666666666667,0.5384615384615384
10729,HyboNet,2,64,0.001,7,35,0.5039370078740157,0.8666666666666667,0.5384615384615384
10730,HyboNet,2,64,0.001,7,36,0.49606299212598426,0.8666666666666667,0.5769230769230769
10731,HyboNet,2,64,0.001,7,37,0.4881889763779528,0.9,0.5769230769230769
10732,HyboNet,2,64,0.001,7,38,0.4881889763779528,0.9333333333333333,0.5769230769230769
10733,HyboNet,2,64,0.001,7,39,0.5196850393700787,0.9333333333333333,0.5769230769230769
10734,HyboNet,2,64,0.001,7,4,0.5354330708661418,0.6,0.5769230769230769
10735,HyboNet,2,64,0.001,7,40,0.5275590551181102,0.9333333333333333,0.5769230769230769
10736,HyboNet,2,64,0.001,7,41,0.5275590551181102,0.9333333333333333,0.5384615384615384
10737,HyboNet,2,64,0.001,7,42,0.5196850393700787,0.9333333333333333,0.5384615384615384
10738,HyboNet,2,64,0.001,7,43,0.5039370078740157,0.9333333333333333,0.5384615384615384
10739,HyboNet,2,64,0.001,7,44,0.5039370078740157,0.9666666666666667,0.5384615384615384
10740,HyboNet,2,64,0.001,7,45,0.5118110236220472,0.9666666666666667,0.5384615384615384
10741,HyboNet,2,64,0.001,7,46,0.5196850393700787,0.9666666666666667,0.5769230769230769
10742,HyboNet,2,64,0.001,7,47,0.5196850393700787,0.9666666666666667,0.5769230769230769
10743,HyboNet,2,64,0.001,7,48,0.5196850393700787,0.9666666666666667,0.6153846153846154
10744,HyboNet,2,64,0.001,7,49,0.5196850393700787,0.9666666666666667,0.5769230769230769
10745,HyboNet,2,64,0.001,7,5,0.5354330708661418,0.6,0.5769230769230769
10746,HyboNet,2,64,0.001,7,50,0.5118110236220472,0.9666666666666667,0.5769230769230769
10747,HyboNet,2,64,0.001,7,51,0.5118110236220472,0.9666666666666667,0.5769230769230769
10748,HyboNet,2,64,0.001,7,52,0.5196850393700787,0.9666666666666667,0.5769230769230769
10749,HyboNet,2,64,0.001,7,53,0.5275590551181102,0.9666666666666667,0.5769230769230769
10750,HyboNet,2,64,0.001,7,54,0.5196850393700787,0.9666666666666667,0.5769230769230769
10751,HyboNet,2,64,0.001,7,55,0.5275590551181102,0.9666666666666667,0.5769230769230769
10752,HyboNet,2,64,0.001,7,56,0.5354330708661418,1.0,0.5769230769230769
10753,HyboNet,2,64,0.001,7,57,0.5275590551181102,1.0,0.5769230769230769
10754,HyboNet,2,64,0.001,7,58,0.5275590551181102,1.0,0.5769230769230769
10755,HyboNet,2,64,0.001,7,59,0.5196850393700787,1.0,0.5769230769230769
10756,HyboNet,2,64,0.001,7,6,0.5354330708661418,0.6,0.5769230769230769
10757,HyboNet,2,64,0.001,7,60,0.5196850393700787,1.0,0.5769230769230769
10758,HyboNet,2,64,0.001,7,61,0.5275590551181102,1.0,0.5769230769230769
10759,HyboNet,2,64,0.001,7,62,0.5275590551181102,1.0,0.5769230769230769
10760,HyboNet,2,64,0.001,7,63,0.5275590551181102,1.0,0.5769230769230769
10761,HyboNet,2,64,0.001,7,64,0.5275590551181102,1.0,0.5769230769230769
10762,HyboNet,2,64,0.001,7,65,0.5196850393700787,1.0,0.5769230769230769
10763,HyboNet,2,64,0.001,7,66,0.5196850393700787,1.0,0.5769230769230769
10764,HyboNet,2,64,0.001,7,67,0.5196850393700787,1.0,0.5769230769230769
10765,HyboNet,2,64,0.001,7,68,0.5196850393700787,1.0,0.5769230769230769
10766,HyboNet,2,64,0.001,7,69,0.5196850393700787,1.0,0.5769230769230769
10767,HyboNet,2,64,0.001,7,7,0.5354330708661418,0.6,0.5769230769230769
10768,HyboNet,2,64,0.001,7,70,0.5118110236220472,1.0,0.5769230769230769
10769,HyboNet,2,64,0.001,7,71,0.5118110236220472,1.0,0.5769230769230769
10770,HyboNet,2,64,0.001,7,72,0.5196850393700787,1.0,0.5769230769230769
10771,HyboNet,2,64,0.001,7,73,0.5196850393700787,1.0,0.5769230769230769
10772,HyboNet,2,64,0.001,7,74,0.5275590551181102,1.0,0.5769230769230769
10773,HyboNet,2,64,0.001,7,75,0.5275590551181102,1.0,0.5769230769230769
10774,HyboNet,2,64,0.001,7,76,0.5196850393700787,1.0,0.5769230769230769
10775,HyboNet,2,64,0.001,7,77,0.5196850393700787,1.0,0.5769230769230769
10776,HyboNet,2,64,0.001,7,78,0.5118110236220472,1.0,0.5769230769230769
10777,HyboNet,2,64,0.001,7,79,0.5118110236220472,1.0,0.5769230769230769
10778,HyboNet,2,64,0.001,7,8,0.5354330708661418,0.6,0.5769230769230769
10779,HyboNet,2,64,0.001,7,80,0.5196850393700787,1.0,0.5769230769230769
10780,HyboNet,2,64,0.001,7,81,0.5039370078740157,1.0,0.5769230769230769
10781,HyboNet,2,64,0.001,7,82,0.5039370078740157,1.0,0.5769230769230769
10782,HyboNet,2,64,0.001,7,83,0.5039370078740157,1.0,0.5769230769230769
10783,HyboNet,2,64,0.001,7,84,0.5039370078740157,1.0,0.5769230769230769
10784,HyboNet,2,64,0.001,7,85,0.5039370078740157,1.0,0.5769230769230769
10785,HyboNet,2,64,0.001,7,86,0.49606299212598426,1.0,0.5769230769230769
10786,HyboNet,2,64,0.001,7,87,0.5039370078740157,1.0,0.5769230769230769
10787,HyboNet,2,64,0.001,7,88,0.5039370078740157,1.0,0.5769230769230769
10788,HyboNet,2,64,0.001,7,89,0.5039370078740157,1.0,0.5769230769230769
10789,HyboNet,2,64,0.001,7,9,0.5433070866141733,0.6,0.5769230769230769
10790,HyboNet,2,64,0.001,7,90,0.5118110236220472,1.0,0.5769230769230769
10791,HyboNet,2,64,0.001,7,91,0.5039370078740157,1.0,0.5769230769230769
10792,HyboNet,2,64,0.001,7,92,0.5039370078740157,1.0,0.5769230769230769
10793,HyboNet,2,64,0.001,7,93,0.5039370078740157,1.0,0.5769230769230769
10794,HyboNet,2,64,0.001,7,94,0.5039370078740157,1.0,0.5769230769230769
10795,HyboNet,2,64,0.001,7,95,0.48031496062992124,1.0,0.5769230769230769
10796,HyboNet,2,64,0.001,7,96,0.49606299212598426,1.0,0.5769230769230769
10797,HyboNet,2,64,0.001,7,97,0.49606299212598426,1.0,0.5769230769230769
10798,HyboNet,2,64,0.001,7,98,0.49606299212598426,1.0,0.5769230769230769
10799,HyboNet,2,64,0.001,7,99,0.49606299212598426,1.0,0.6153846153846154
10800,HyboNet,2,64,0.001,8,1,0.47244094488188976,0.5333333333333333,0.5384615384615384
10801,HyboNet,2,64,0.001,8,10,0.5275590551181102,0.7333333333333333,0.5769230769230769
10802,HyboNet,2,64,0.001,8,100,0.48031496062992124,1.0,0.46153846153846156
10803,HyboNet,2,64,0.001,8,11,0.5275590551181102,0.7666666666666667,0.5769230769230769
10804,HyboNet,2,64,0.001,8,12,0.5433070866141733,0.8,0.5769230769230769
10805,HyboNet,2,64,0.001,8,13,0.5275590551181102,0.8,0.5
10806,HyboNet,2,64,0.001,8,14,0.5354330708661418,0.8,0.5
10807,HyboNet,2,64,0.001,8,15,0.5275590551181102,0.8,0.5
10808,HyboNet,2,64,0.001,8,16,0.5275590551181102,0.8,0.5384615384615384
10809,HyboNet,2,64,0.001,8,17,0.5275590551181102,0.8,0.5384615384615384
10810,HyboNet,2,64,0.001,8,18,0.5275590551181102,0.8,0.5
10811,HyboNet,2,64,0.001,8,19,0.5275590551181102,0.8,0.5384615384615384
10812,HyboNet,2,64,0.001,8,2,0.5354330708661418,0.6,0.5769230769230769
10813,HyboNet,2,64,0.001,8,20,0.5275590551181102,0.8,0.5384615384615384
10814,HyboNet,2,64,0.001,8,21,0.5354330708661418,0.8,0.5384615384615384
10815,HyboNet,2,64,0.001,8,22,0.5433070866141733,0.8,0.5384615384615384
10816,HyboNet,2,64,0.001,8,23,0.5433070866141733,0.8,0.5
10817,HyboNet,2,64,0.001,8,24,0.5511811023622047,0.8,0.5384615384615384
10818,HyboNet,2,64,0.001,8,25,0.5433070866141733,0.8,0.5384615384615384
10819,HyboNet,2,64,0.001,8,26,0.5511811023622047,0.8,0.5
10820,HyboNet,2,64,0.001,8,27,0.5590551181102362,0.8,0.5384615384615384
10821,HyboNet,2,64,0.001,8,28,0.5511811023622047,0.8,0.5384615384615384
10822,HyboNet,2,64,0.001,8,29,0.5590551181102362,0.8,0.5384615384615384
10823,HyboNet,2,64,0.001,8,3,0.5354330708661418,0.6,0.5769230769230769
10824,HyboNet,2,64,0.001,8,30,0.5511811023622047,0.8666666666666667,0.6153846153846154
10825,HyboNet,2,64,0.001,8,31,0.5275590551181102,0.8666666666666667,0.6153846153846154
10826,HyboNet,2,64,0.001,8,32,0.5433070866141733,0.8666666666666667,0.6153846153846154
10827,HyboNet,2,64,0.001,8,33,0.5354330708661418,0.8666666666666667,0.6153846153846154
10828,HyboNet,2,64,0.001,8,34,0.5433070866141733,0.8666666666666667,0.6153846153846154
10829,HyboNet,2,64,0.001,8,35,0.5196850393700787,0.8666666666666667,0.6153846153846154
10830,HyboNet,2,64,0.001,8,36,0.5196850393700787,0.8666666666666667,0.6153846153846154
10831,HyboNet,2,64,0.001,8,37,0.5196850393700787,0.8666666666666667,0.6153846153846154
10832,HyboNet,2,64,0.001,8,38,0.5196850393700787,0.8666666666666667,0.6153846153846154
10833,HyboNet,2,64,0.001,8,39,0.5039370078740157,0.9,0.6153846153846154
10834,HyboNet,2,64,0.001,8,4,0.5354330708661418,0.6,0.5769230769230769
10835,HyboNet,2,64,0.001,8,40,0.4881889763779528,0.9333333333333333,0.6153846153846154
10836,HyboNet,2,64,0.001,8,41,0.48031496062992124,0.9333333333333333,0.5769230769230769
10837,HyboNet,2,64,0.001,8,42,0.48031496062992124,0.9333333333333333,0.5769230769230769
10838,HyboNet,2,64,0.001,8,43,0.4881889763779528,0.9333333333333333,0.5769230769230769
10839,HyboNet,2,64,0.001,8,44,0.48031496062992124,0.9333333333333333,0.5769230769230769
10840,HyboNet,2,64,0.001,8,45,0.48031496062992124,0.9333333333333333,0.5769230769230769
10841,HyboNet,2,64,0.001,8,46,0.48031496062992124,0.9666666666666667,0.5769230769230769
10842,HyboNet,2,64,0.001,8,47,0.48031496062992124,0.9666666666666667,0.5769230769230769
10843,HyboNet,2,64,0.001,8,48,0.48031496062992124,0.9666666666666667,0.5769230769230769
10844,HyboNet,2,64,0.001,8,49,0.48031496062992124,0.9666666666666667,0.5769230769230769
10845,HyboNet,2,64,0.001,8,5,0.5354330708661418,0.6,0.5769230769230769
10846,HyboNet,2,64,0.001,8,50,0.4881889763779528,0.9666666666666667,0.5769230769230769
10847,HyboNet,2,64,0.001,8,51,0.49606299212598426,0.9666666666666667,0.5769230769230769
10848,HyboNet,2,64,0.001,8,52,0.5039370078740157,0.9666666666666667,0.5769230769230769
10849,HyboNet,2,64,0.001,8,53,0.49606299212598426,1.0,0.5769230769230769
10850,HyboNet,2,64,0.001,8,54,0.4881889763779528,1.0,0.5384615384615384
10851,HyboNet,2,64,0.001,8,55,0.4881889763779528,1.0,0.5
10852,HyboNet,2,64,0.001,8,56,0.5039370078740157,1.0,0.5384615384615384
10853,HyboNet,2,64,0.001,8,57,0.49606299212598426,1.0,0.5384615384615384
10854,HyboNet,2,64,0.001,8,58,0.49606299212598426,0.9666666666666667,0.5384615384615384
10855,HyboNet,2,64,0.001,8,59,0.5039370078740157,0.9666666666666667,0.5384615384615384
10856,HyboNet,2,64,0.001,8,6,0.5354330708661418,0.6,0.5769230769230769
10857,HyboNet,2,64,0.001,8,60,0.5039370078740157,0.9666666666666667,0.5384615384615384
10858,HyboNet,2,64,0.001,8,61,0.5039370078740157,0.9666666666666667,0.5
10859,HyboNet,2,64,0.001,8,62,0.5196850393700787,0.9666666666666667,0.5
10860,HyboNet,2,64,0.001,8,63,0.5196850393700787,1.0,0.5
10861,HyboNet,2,64,0.001,8,64,0.5196850393700787,1.0,0.5
10862,HyboNet,2,64,0.001,8,65,0.5196850393700787,1.0,0.5
10863,HyboNet,2,64,0.001,8,66,0.5196850393700787,1.0,0.5
10864,HyboNet,2,64,0.001,8,67,0.5118110236220472,1.0,0.5
10865,HyboNet,2,64,0.001,8,68,0.49606299212598426,1.0,0.5
10866,HyboNet,2,64,0.001,8,69,0.49606299212598426,1.0,0.5
10867,HyboNet,2,64,0.001,8,7,0.5354330708661418,0.6333333333333333,0.5769230769230769
10868,HyboNet,2,64,0.001,8,70,0.5039370078740157,1.0,0.5
10869,HyboNet,2,64,0.001,8,71,0.5118110236220472,1.0,0.5384615384615384
10870,HyboNet,2,64,0.001,8,72,0.5118110236220472,1.0,0.5384615384615384
10871,HyboNet,2,64,0.001,8,73,0.49606299212598426,1.0,0.5384615384615384
10872,HyboNet,2,64,0.001,8,74,0.5039370078740157,1.0,0.46153846153846156
10873,HyboNet,2,64,0.001,8,75,0.49606299212598426,1.0,0.46153846153846156
10874,HyboNet,2,64,0.001,8,76,0.49606299212598426,1.0,0.46153846153846156
10875,HyboNet,2,64,0.001,8,77,0.49606299212598426,1.0,0.46153846153846156
10876,HyboNet,2,64,0.001,8,78,0.49606299212598426,1.0,0.46153846153846156
10877,HyboNet,2,64,0.001,8,79,0.49606299212598426,1.0,0.5
10878,HyboNet,2,64,0.001,8,8,0.5433070866141733,0.6333333333333333,0.5769230769230769
10879,HyboNet,2,64,0.001,8,80,0.5039370078740157,1.0,0.5
10880,HyboNet,2,64,0.001,8,81,0.5039370078740157,1.0,0.5
10881,HyboNet,2,64,0.001,8,82,0.5039370078740157,1.0,0.5
10882,HyboNet,2,64,0.001,8,83,0.5039370078740157,1.0,0.5
10883,HyboNet,2,64,0.001,8,84,0.5039370078740157,1.0,0.5
10884,HyboNet,2,64,0.001,8,85,0.49606299212598426,1.0,0.46153846153846156
10885,HyboNet,2,64,0.001,8,86,0.4881889763779528,1.0,0.46153846153846156
10886,HyboNet,2,64,0.001,8,87,0.48031496062992124,1.0,0.46153846153846156
10887,HyboNet,2,64,0.001,8,88,0.4645669291338583,1.0,0.46153846153846156
10888,HyboNet,2,64,0.001,8,89,0.47244094488188976,1.0,0.46153846153846156
10889,HyboNet,2,64,0.001,8,9,0.5354330708661418,0.6666666666666666,0.5769230769230769
10890,HyboNet,2,64,0.001,8,90,0.4566929133858268,1.0,0.46153846153846156
10891,HyboNet,2,64,0.001,8,91,0.47244094488188976,1.0,0.46153846153846156
10892,HyboNet,2,64,0.001,8,92,0.47244094488188976,1.0,0.4230769230769231
10893,HyboNet,2,64,0.001,8,93,0.47244094488188976,1.0,0.46153846153846156
10894,HyboNet,2,64,0.001,8,94,0.47244094488188976,1.0,0.46153846153846156
10895,HyboNet,2,64,0.001,8,95,0.47244094488188976,1.0,0.46153846153846156
10896,HyboNet,2,64,0.001,8,96,0.4881889763779528,1.0,0.46153846153846156
10897,HyboNet,2,64,0.001,8,97,0.4881889763779528,1.0,0.46153846153846156
10898,HyboNet,2,64,0.001,8,98,0.48031496062992124,1.0,0.46153846153846156
10899,HyboNet,2,64,0.001,8,99,0.4881889763779528,1.0,0.46153846153846156
10900,HyboNet,2,64,0.001,9,1,0.47244094488188976,0.5,0.5
10901,HyboNet,2,64,0.001,9,10,0.5511811023622047,0.7,0.5384615384615384
10902,HyboNet,2,64,0.001,9,100,0.4094488188976378,1.0,0.46153846153846156
10903,HyboNet,2,64,0.001,9,11,0.5590551181102362,0.7,0.5384615384615384
10904,HyboNet,2,64,0.001,9,12,0.5511811023622047,0.7666666666666667,0.5384615384615384
10905,HyboNet,2,64,0.001,9,13,0.5354330708661418,0.8,0.5769230769230769
10906,HyboNet,2,64,0.001,9,14,0.5196850393700787,0.8,0.5769230769230769
10907,HyboNet,2,64,0.001,9,15,0.5433070866141733,0.8,0.5769230769230769
10908,HyboNet,2,64,0.001,9,16,0.5433070866141733,0.8,0.6153846153846154
10909,HyboNet,2,64,0.001,9,17,0.5433070866141733,0.8,0.6153846153846154
10910,HyboNet,2,64,0.001,9,18,0.5433070866141733,0.8,0.6153846153846154
10911,HyboNet,2,64,0.001,9,19,0.5433070866141733,0.8,0.6153846153846154
10912,HyboNet,2,64,0.001,9,2,0.5354330708661418,0.6,0.5769230769230769
10913,HyboNet,2,64,0.001,9,20,0.5511811023622047,0.8,0.6153846153846154
10914,HyboNet,2,64,0.001,9,21,0.5590551181102362,0.8,0.6153846153846154
10915,HyboNet,2,64,0.001,9,22,0.5590551181102362,0.8,0.6153846153846154
10916,HyboNet,2,64,0.001,9,23,0.5590551181102362,0.8,0.6153846153846154
10917,HyboNet,2,64,0.001,9,24,0.5590551181102362,0.8,0.6153846153846154
10918,HyboNet,2,64,0.001,9,25,0.5511811023622047,0.8,0.6153846153846154
10919,HyboNet,2,64,0.001,9,26,0.5590551181102362,0.8333333333333334,0.6153846153846154
10920,HyboNet,2,64,0.001,9,27,0.5511811023622047,0.8333333333333334,0.6153846153846154
10921,HyboNet,2,64,0.001,9,28,0.5511811023622047,0.8333333333333334,0.6538461538461539
10922,HyboNet,2,64,0.001,9,29,0.5511811023622047,0.8333333333333334,0.6538461538461539
10923,HyboNet,2,64,0.001,9,3,0.5354330708661418,0.6,0.5769230769230769
10924,HyboNet,2,64,0.001,9,30,0.5433070866141733,0.8333333333333334,0.6538461538461539
10925,HyboNet,2,64,0.001,9,31,0.5354330708661418,0.8333333333333334,0.6153846153846154
10926,HyboNet,2,64,0.001,9,32,0.5354330708661418,0.8666666666666667,0.6153846153846154
10927,HyboNet,2,64,0.001,9,33,0.5039370078740157,0.9,0.6153846153846154
10928,HyboNet,2,64,0.001,9,34,0.5039370078740157,0.9,0.6153846153846154
10929,HyboNet,2,64,0.001,9,35,0.49606299212598426,0.9333333333333333,0.6153846153846154
10930,HyboNet,2,64,0.001,9,36,0.4881889763779528,0.9333333333333333,0.6153846153846154
10931,HyboNet,2,64,0.001,9,37,0.49606299212598426,0.9333333333333333,0.6153846153846154
10932,HyboNet,2,64,0.001,9,38,0.4881889763779528,0.9333333333333333,0.6153846153846154
10933,HyboNet,2,64,0.001,9,39,0.49606299212598426,0.9666666666666667,0.6153846153846154
10934,HyboNet,2,64,0.001,9,4,0.5354330708661418,0.6,0.5769230769230769
10935,HyboNet,2,64,0.001,9,40,0.48031496062992124,0.9666666666666667,0.6153846153846154
10936,HyboNet,2,64,0.001,9,41,0.4881889763779528,0.9666666666666667,0.6153846153846154
10937,HyboNet,2,64,0.001,9,42,0.4566929133858268,0.9666666666666667,0.5384615384615384
10938,HyboNet,2,64,0.001,9,43,0.44881889763779526,0.9666666666666667,0.4230769230769231
10939,HyboNet,2,64,0.001,9,44,0.44881889763779526,0.9666666666666667,0.4230769230769231
10940,HyboNet,2,64,0.001,9,45,0.4566929133858268,0.9666666666666667,0.4230769230769231
10941,HyboNet,2,64,0.001,9,46,0.4645669291338583,0.9666666666666667,0.4230769230769231
10942,HyboNet,2,64,0.001,9,47,0.4645669291338583,1.0,0.4230769230769231
10943,HyboNet,2,64,0.001,9,48,0.47244094488188976,1.0,0.4230769230769231
10944,HyboNet,2,64,0.001,9,49,0.47244094488188976,1.0,0.4230769230769231
10945,HyboNet,2,64,0.001,9,5,0.5354330708661418,0.6,0.5769230769230769
10946,HyboNet,2,64,0.001,9,50,0.47244094488188976,1.0,0.46153846153846156
10947,HyboNet,2,64,0.001,9,51,0.48031496062992124,1.0,0.46153846153846156
10948,HyboNet,2,64,0.001,9,52,0.48031496062992124,1.0,0.46153846153846156
10949,HyboNet,2,64,0.001,9,53,0.48031496062992124,1.0,0.46153846153846156
10950,HyboNet,2,64,0.001,9,54,0.47244094488188976,1.0,0.46153846153846156
10951,HyboNet,2,64,0.001,9,55,0.47244094488188976,1.0,0.46153846153846156
10952,HyboNet,2,64,0.001,9,56,0.47244094488188976,1.0,0.46153846153846156
10953,HyboNet,2,64,0.001,9,57,0.47244094488188976,1.0,0.46153846153846156
10954,HyboNet,2,64,0.001,9,58,0.48031496062992124,1.0,0.46153846153846156
10955,HyboNet,2,64,0.001,9,59,0.47244094488188976,1.0,0.5
10956,HyboNet,2,64,0.001,9,6,0.5354330708661418,0.6,0.5769230769230769
10957,HyboNet,2,64,0.001,9,60,0.47244094488188976,1.0,0.5
10958,HyboNet,2,64,0.001,9,61,0.48031496062992124,1.0,0.5384615384615384
10959,HyboNet,2,64,0.001,9,62,0.48031496062992124,1.0,0.5769230769230769
10960,HyboNet,2,64,0.001,9,63,0.47244094488188976,1.0,0.5769230769230769
10961,HyboNet,2,64,0.001,9,64,0.47244094488188976,1.0,0.5769230769230769
10962,HyboNet,2,64,0.001,9,65,0.48031496062992124,1.0,0.5769230769230769
10963,HyboNet,2,64,0.001,9,66,0.4645669291338583,1.0,0.5769230769230769
10964,HyboNet,2,64,0.001,9,67,0.47244094488188976,1.0,0.5384615384615384
10965,HyboNet,2,64,0.001,9,68,0.4645669291338583,1.0,0.5384615384615384
10966,HyboNet,2,64,0.001,9,69,0.4566929133858268,1.0,0.5384615384615384
10967,HyboNet,2,64,0.001,9,7,0.5354330708661418,0.6,0.5769230769230769
10968,HyboNet,2,64,0.001,9,70,0.4645669291338583,1.0,0.5384615384615384
10969,HyboNet,2,64,0.001,9,71,0.4409448818897638,1.0,0.5
10970,HyboNet,2,64,0.001,9,72,0.4409448818897638,1.0,0.46153846153846156
10971,HyboNet,2,64,0.001,9,73,0.4409448818897638,1.0,0.46153846153846156
10972,HyboNet,2,64,0.001,9,74,0.44881889763779526,1.0,0.46153846153846156
10973,HyboNet,2,64,0.001,9,75,0.44881889763779526,1.0,0.46153846153846156
10974,HyboNet,2,64,0.001,9,76,0.4330708661417323,1.0,0.46153846153846156
10975,HyboNet,2,64,0.001,9,77,0.4251968503937008,1.0,0.46153846153846156
10976,HyboNet,2,64,0.001,9,78,0.41732283464566927,1.0,0.46153846153846156
10977,HyboNet,2,64,0.001,9,79,0.4251968503937008,1.0,0.46153846153846156
10978,HyboNet,2,64,0.001,9,8,0.5354330708661418,0.6,0.5384615384615384
10979,HyboNet,2,64,0.001,9,80,0.4330708661417323,1.0,0.46153846153846156
10980,HyboNet,2,64,0.001,9,81,0.41732283464566927,1.0,0.46153846153846156
10981,HyboNet,2,64,0.001,9,82,0.4094488188976378,1.0,0.46153846153846156
10982,HyboNet,2,64,0.001,9,83,0.4094488188976378,1.0,0.46153846153846156
10983,HyboNet,2,64,0.001,9,84,0.4094488188976378,1.0,0.46153846153846156
10984,HyboNet,2,64,0.001,9,85,0.41732283464566927,1.0,0.46153846153846156
10985,HyboNet,2,64,0.001,9,86,0.41732283464566927,1.0,0.46153846153846156
10986,HyboNet,2,64,0.001,9,87,0.41732283464566927,1.0,0.46153846153846156
10987,HyboNet,2,64,0.001,9,88,0.41732283464566927,1.0,0.46153846153846156
10988,HyboNet,2,64,0.001,9,89,0.4251968503937008,1.0,0.46153846153846156
10989,HyboNet,2,64,0.001,9,9,0.5354330708661418,0.6666666666666666,0.5384615384615384
10990,HyboNet,2,64,0.001,9,90,0.4251968503937008,1.0,0.46153846153846156
10991,HyboNet,2,64,0.001,9,91,0.41732283464566927,1.0,0.46153846153846156
10992,HyboNet,2,64,0.001,9,92,0.41732283464566927,1.0,0.46153846153846156
10993,HyboNet,2,64,0.001,9,93,0.4015748031496063,1.0,0.46153846153846156
10994,HyboNet,2,64,0.001,9,94,0.4094488188976378,1.0,0.46153846153846156
10995,HyboNet,2,64,0.001,9,95,0.4094488188976378,1.0,0.46153846153846156
10996,HyboNet,2,64,0.001,9,96,0.4094488188976378,1.0,0.46153846153846156
10997,HyboNet,2,64,0.001,9,97,0.4094488188976378,1.0,0.46153846153846156
10998,HyboNet,2,64,0.001,9,98,0.41732283464566927,1.0,0.46153846153846156
10999,HyboNet,2,64,0.001,9,99,0.4094488188976378,1.0,0.46153846153846156
11000,HyboNet,2,64,0.005,1,1,0.5354330708661418,0.6,0.5769230769230769
11001,HyboNet,2,64,0.005,1,10,0.5354330708661418,0.6333333333333333,0.5769230769230769
11002,HyboNet,2,64,0.005,1,100,0.5118110236220472,1.0,0.5384615384615384
11003,HyboNet,2,64,0.005,1,11,0.5354330708661418,0.6333333333333333,0.5769230769230769
11004,HyboNet,2,64,0.005,1,12,0.5433070866141733,0.6666666666666666,0.5769230769230769
11005,HyboNet,2,64,0.005,1,13,0.5511811023622047,0.7,0.5769230769230769
11006,HyboNet,2,64,0.005,1,14,0.5511811023622047,0.7333333333333333,0.5769230769230769
11007,HyboNet,2,64,0.005,1,15,0.5354330708661418,0.7333333333333333,0.5384615384615384
11008,HyboNet,2,64,0.005,1,16,0.5433070866141733,0.8,0.5384615384615384
11009,HyboNet,2,64,0.005,1,17,0.5511811023622047,0.8,0.5769230769230769
11010,HyboNet,2,64,0.005,1,18,0.5669291338582677,0.8,0.5769230769230769
11011,HyboNet,2,64,0.005,1,19,0.5590551181102362,0.8,0.5769230769230769
11012,HyboNet,2,64,0.005,1,2,0.5354330708661418,0.6,0.5769230769230769
11013,HyboNet,2,64,0.005,1,20,0.5669291338582677,0.8,0.5769230769230769
11014,HyboNet,2,64,0.005,1,21,0.5590551181102362,0.8,0.5769230769230769
11015,HyboNet,2,64,0.005,1,22,0.5590551181102362,0.8,0.5769230769230769
11016,HyboNet,2,64,0.005,1,23,0.5590551181102362,0.8,0.5769230769230769
11017,HyboNet,2,64,0.005,1,24,0.5669291338582677,0.8,0.5769230769230769
11018,HyboNet,2,64,0.005,1,25,0.5669291338582677,0.8,0.5769230769230769
11019,HyboNet,2,64,0.005,1,26,0.5669291338582677,0.8,0.5384615384615384
11020,HyboNet,2,64,0.005,1,27,0.5669291338582677,0.8,0.5384615384615384
11021,HyboNet,2,64,0.005,1,28,0.5669291338582677,0.8,0.5384615384615384
11022,HyboNet,2,64,0.005,1,29,0.5669291338582677,0.8,0.5384615384615384
11023,HyboNet,2,64,0.005,1,3,0.5354330708661418,0.6,0.5769230769230769
11024,HyboNet,2,64,0.005,1,30,0.5669291338582677,0.8,0.5384615384615384
11025,HyboNet,2,64,0.005,1,31,0.5669291338582677,0.8,0.5384615384615384
11026,HyboNet,2,64,0.005,1,32,0.5511811023622047,0.8,0.5384615384615384
11027,HyboNet,2,64,0.005,1,33,0.5511811023622047,0.8,0.5384615384615384
11028,HyboNet,2,64,0.005,1,34,0.5590551181102362,0.8,0.5384615384615384
11029,HyboNet,2,64,0.005,1,35,0.5511811023622047,0.8,0.5384615384615384
11030,HyboNet,2,64,0.005,1,36,0.5511811023622047,0.8,0.5769230769230769
11031,HyboNet,2,64,0.005,1,37,0.5511811023622047,0.8,0.5769230769230769
11032,HyboNet,2,64,0.005,1,38,0.5511811023622047,0.8,0.5769230769230769
11033,HyboNet,2,64,0.005,1,39,0.5511811023622047,0.8333333333333334,0.6153846153846154
11034,HyboNet,2,64,0.005,1,4,0.5354330708661418,0.6,0.5769230769230769
11035,HyboNet,2,64,0.005,1,40,0.5511811023622047,0.8666666666666667,0.6538461538461539
11036,HyboNet,2,64,0.005,1,41,0.5511811023622047,0.9,0.6538461538461539
11037,HyboNet,2,64,0.005,1,42,0.5590551181102362,0.9,0.6538461538461539
11038,HyboNet,2,64,0.005,1,43,0.5590551181102362,0.9,0.6538461538461539
11039,HyboNet,2,64,0.005,1,44,0.5590551181102362,0.9,0.6538461538461539
11040,HyboNet,2,64,0.005,1,45,0.5511811023622047,0.9333333333333333,0.6538461538461539
11041,HyboNet,2,64,0.005,1,46,0.5511811023622047,0.9333333333333333,0.6538461538461539
11042,HyboNet,2,64,0.005,1,47,0.5354330708661418,0.9333333333333333,0.6538461538461539
11043,HyboNet,2,64,0.005,1,48,0.5354330708661418,0.9333333333333333,0.6153846153846154
11044,HyboNet,2,64,0.005,1,49,0.5433070866141733,0.9666666666666667,0.6538461538461539
11045,HyboNet,2,64,0.005,1,5,0.5354330708661418,0.6,0.5769230769230769
11046,HyboNet,2,64,0.005,1,50,0.5511811023622047,0.9666666666666667,0.6153846153846154
11047,HyboNet,2,64,0.005,1,51,0.5433070866141733,0.9666666666666667,0.6153846153846154
11048,HyboNet,2,64,0.005,1,52,0.5511811023622047,0.9666666666666667,0.6153846153846154
11049,HyboNet,2,64,0.005,1,53,0.5354330708661418,0.9666666666666667,0.6153846153846154
11050,HyboNet,2,64,0.005,1,54,0.5511811023622047,0.9666666666666667,0.6153846153846154
11051,HyboNet,2,64,0.005,1,55,0.5433070866141733,0.9666666666666667,0.6153846153846154
11052,HyboNet,2,64,0.005,1,56,0.5669291338582677,1.0,0.6153846153846154
11053,HyboNet,2,64,0.005,1,57,0.5669291338582677,1.0,0.6153846153846154
11054,HyboNet,2,64,0.005,1,58,0.5826771653543307,1.0,0.6538461538461539
11055,HyboNet,2,64,0.005,1,59,0.5826771653543307,1.0,0.6538461538461539
11056,HyboNet,2,64,0.005,1,6,0.5354330708661418,0.6,0.5769230769230769
11057,HyboNet,2,64,0.005,1,60,0.5905511811023622,1.0,0.6538461538461539
11058,HyboNet,2,64,0.005,1,61,0.5748031496062992,1.0,0.6538461538461539
11059,HyboNet,2,64,0.005,1,62,0.5669291338582677,1.0,0.6538461538461539
11060,HyboNet,2,64,0.005,1,63,0.5590551181102362,1.0,0.6538461538461539
11061,HyboNet,2,64,0.005,1,64,0.5669291338582677,1.0,0.6538461538461539
11062,HyboNet,2,64,0.005,1,65,0.5511811023622047,1.0,0.5769230769230769
11063,HyboNet,2,64,0.005,1,66,0.5433070866141733,1.0,0.5769230769230769
11064,HyboNet,2,64,0.005,1,67,0.5433070866141733,1.0,0.5769230769230769
11065,HyboNet,2,64,0.005,1,68,0.5433070866141733,1.0,0.5769230769230769
11066,HyboNet,2,64,0.005,1,69,0.5433070866141733,1.0,0.5769230769230769
11067,HyboNet,2,64,0.005,1,7,0.5354330708661418,0.6,0.5769230769230769
11068,HyboNet,2,64,0.005,1,70,0.5433070866141733,1.0,0.5769230769230769
11069,HyboNet,2,64,0.005,1,71,0.5433070866141733,1.0,0.5769230769230769
11070,HyboNet,2,64,0.005,1,72,0.5433070866141733,1.0,0.5769230769230769
11071,HyboNet,2,64,0.005,1,73,0.5433070866141733,1.0,0.5769230769230769
11072,HyboNet,2,64,0.005,1,74,0.5354330708661418,1.0,0.5769230769230769
11073,HyboNet,2,64,0.005,1,75,0.5433070866141733,1.0,0.5769230769230769
11074,HyboNet,2,64,0.005,1,76,0.5354330708661418,1.0,0.5769230769230769
11075,HyboNet,2,64,0.005,1,77,0.5354330708661418,1.0,0.5769230769230769
11076,HyboNet,2,64,0.005,1,78,0.5196850393700787,1.0,0.5384615384615384
11077,HyboNet,2,64,0.005,1,79,0.5196850393700787,1.0,0.5384615384615384
11078,HyboNet,2,64,0.005,1,8,0.5354330708661418,0.6,0.5769230769230769
11079,HyboNet,2,64,0.005,1,80,0.5196850393700787,1.0,0.5384615384615384
11080,HyboNet,2,64,0.005,1,81,0.5196850393700787,1.0,0.5384615384615384
11081,HyboNet,2,64,0.005,1,82,0.5275590551181102,1.0,0.5384615384615384
11082,HyboNet,2,64,0.005,1,83,0.5275590551181102,1.0,0.5384615384615384
11083,HyboNet,2,64,0.005,1,84,0.5354330708661418,1.0,0.5384615384615384
11084,HyboNet,2,64,0.005,1,85,0.5354330708661418,1.0,0.5384615384615384
11085,HyboNet,2,64,0.005,1,86,0.5275590551181102,1.0,0.5384615384615384
11086,HyboNet,2,64,0.005,1,87,0.5275590551181102,1.0,0.5384615384615384
11087,HyboNet,2,64,0.005,1,88,0.5275590551181102,1.0,0.5384615384615384
11088,HyboNet,2,64,0.005,1,89,0.5196850393700787,1.0,0.5384615384615384
11089,HyboNet,2,64,0.005,1,9,0.5354330708661418,0.6,0.5769230769230769
11090,HyboNet,2,64,0.005,1,90,0.5196850393700787,1.0,0.5384615384615384
11091,HyboNet,2,64,0.005,1,91,0.5196850393700787,1.0,0.5384615384615384
11092,HyboNet,2,64,0.005,1,92,0.5118110236220472,1.0,0.5384615384615384
11093,HyboNet,2,64,0.005,1,93,0.5118110236220472,1.0,0.5384615384615384
11094,HyboNet,2,64,0.005,1,94,0.5039370078740157,1.0,0.5384615384615384
11095,HyboNet,2,64,0.005,1,95,0.5039370078740157,1.0,0.5384615384615384
11096,HyboNet,2,64,0.005,1,96,0.5118110236220472,1.0,0.5384615384615384
11097,HyboNet,2,64,0.005,1,97,0.5118110236220472,1.0,0.5384615384615384
11098,HyboNet,2,64,0.005,1,98,0.5196850393700787,1.0,0.5384615384615384
11099,HyboNet,2,64,0.005,1,99,0.5196850393700787,1.0,0.5384615384615384
11100,HyboNet,2,64,0.005,10,1,0.5354330708661418,0.6,0.5769230769230769
11101,HyboNet,2,64,0.005,10,10,0.5354330708661418,0.6,0.5769230769230769
11102,HyboNet,2,64,0.005,10,100,0.5590551181102362,1.0,0.5384615384615384
11103,HyboNet,2,64,0.005,10,11,0.5354330708661418,0.6333333333333333,0.5769230769230769
11104,HyboNet,2,64,0.005,10,12,0.5354330708661418,0.6333333333333333,0.5769230769230769
11105,HyboNet,2,64,0.005,10,13,0.5433070866141733,0.7,0.5769230769230769
11106,HyboNet,2,64,0.005,10,14,0.5433070866141733,0.7,0.5769230769230769
11107,HyboNet,2,64,0.005,10,15,0.5433070866141733,0.7333333333333333,0.5769230769230769
11108,HyboNet,2,64,0.005,10,16,0.5433070866141733,0.7333333333333333,0.5384615384615384
11109,HyboNet,2,64,0.005,10,17,0.5511811023622047,0.7333333333333333,0.5384615384615384
11110,HyboNet,2,64,0.005,10,18,0.5433070866141733,0.7333333333333333,0.5384615384615384
11111,HyboNet,2,64,0.005,10,19,0.5511811023622047,0.8,0.5384615384615384
11112,HyboNet,2,64,0.005,10,2,0.5354330708661418,0.6,0.5769230769230769
11113,HyboNet,2,64,0.005,10,20,0.5590551181102362,0.8,0.5384615384615384
11114,HyboNet,2,64,0.005,10,21,0.5748031496062992,0.8,0.5384615384615384
11115,HyboNet,2,64,0.005,10,22,0.5748031496062992,0.8,0.5384615384615384
11116,HyboNet,2,64,0.005,10,23,0.5669291338582677,0.8,0.5769230769230769
11117,HyboNet,2,64,0.005,10,24,0.5669291338582677,0.8,0.5769230769230769
11118,HyboNet,2,64,0.005,10,25,0.5748031496062992,0.8,0.5769230769230769
11119,HyboNet,2,64,0.005,10,26,0.5748031496062992,0.8,0.5769230769230769
11120,HyboNet,2,64,0.005,10,27,0.5669291338582677,0.8,0.5769230769230769
11121,HyboNet,2,64,0.005,10,28,0.5669291338582677,0.8,0.5769230769230769
11122,HyboNet,2,64,0.005,10,29,0.5669291338582677,0.8,0.5769230769230769
11123,HyboNet,2,64,0.005,10,3,0.5354330708661418,0.6,0.5769230769230769
11124,HyboNet,2,64,0.005,10,30,0.5669291338582677,0.8,0.5769230769230769
11125,HyboNet,2,64,0.005,10,31,0.5669291338582677,0.8,0.5384615384615384
11126,HyboNet,2,64,0.005,10,32,0.5669291338582677,0.8,0.5384615384615384
11127,HyboNet,2,64,0.005,10,33,0.5669291338582677,0.8,0.5384615384615384
11128,HyboNet,2,64,0.005,10,34,0.5669291338582677,0.8,0.5384615384615384
11129,HyboNet,2,64,0.005,10,35,0.5511811023622047,0.8333333333333334,0.5384615384615384
11130,HyboNet,2,64,0.005,10,36,0.5275590551181102,0.8333333333333334,0.5384615384615384
11131,HyboNet,2,64,0.005,10,37,0.5275590551181102,0.8333333333333334,0.5384615384615384
11132,HyboNet,2,64,0.005,10,38,0.5275590551181102,0.8666666666666667,0.5384615384615384
11133,HyboNet,2,64,0.005,10,39,0.5275590551181102,0.8666666666666667,0.5384615384615384
11134,HyboNet,2,64,0.005,10,4,0.5354330708661418,0.6,0.5769230769230769
11135,HyboNet,2,64,0.005,10,40,0.5275590551181102,0.8666666666666667,0.5384615384615384
11136,HyboNet,2,64,0.005,10,41,0.5275590551181102,0.8666666666666667,0.5384615384615384
11137,HyboNet,2,64,0.005,10,42,0.5433070866141733,0.8666666666666667,0.5384615384615384
11138,HyboNet,2,64,0.005,10,43,0.5433070866141733,0.8666666666666667,0.5384615384615384
11139,HyboNet,2,64,0.005,10,44,0.5511811023622047,0.9333333333333333,0.5384615384615384
11140,HyboNet,2,64,0.005,10,45,0.5511811023622047,0.9666666666666667,0.5769230769230769
11141,HyboNet,2,64,0.005,10,46,0.5433070866141733,0.9666666666666667,0.5769230769230769
11142,HyboNet,2,64,0.005,10,47,0.5354330708661418,0.9666666666666667,0.6153846153846154
11143,HyboNet,2,64,0.005,10,48,0.5433070866141733,0.9666666666666667,0.6538461538461539
11144,HyboNet,2,64,0.005,10,49,0.5511811023622047,1.0,0.6153846153846154
11145,HyboNet,2,64,0.005,10,5,0.5354330708661418,0.6,0.5769230769230769
11146,HyboNet,2,64,0.005,10,50,0.5590551181102362,1.0,0.6153846153846154
11147,HyboNet,2,64,0.005,10,51,0.5590551181102362,1.0,0.5769230769230769
11148,HyboNet,2,64,0.005,10,52,0.5669291338582677,1.0,0.5769230769230769
11149,HyboNet,2,64,0.005,10,53,0.5590551181102362,1.0,0.6153846153846154
11150,HyboNet,2,64,0.005,10,54,0.5590551181102362,1.0,0.6153846153846154
11151,HyboNet,2,64,0.005,10,55,0.5590551181102362,1.0,0.6538461538461539
11152,HyboNet,2,64,0.005,10,56,0.5669291338582677,1.0,0.6538461538461539
11153,HyboNet,2,64,0.005,10,57,0.5590551181102362,1.0,0.6538461538461539
11154,HyboNet,2,64,0.005,10,58,0.5590551181102362,1.0,0.6538461538461539
11155,HyboNet,2,64,0.005,10,59,0.5590551181102362,1.0,0.6538461538461539
11156,HyboNet,2,64,0.005,10,6,0.5354330708661418,0.6,0.5769230769230769
11157,HyboNet,2,64,0.005,10,60,0.5669291338582677,1.0,0.6538461538461539
11158,HyboNet,2,64,0.005,10,61,0.5669291338582677,1.0,0.6153846153846154
11159,HyboNet,2,64,0.005,10,62,0.5748031496062992,1.0,0.6538461538461539
11160,HyboNet,2,64,0.005,10,63,0.5669291338582677,1.0,0.6538461538461539
11161,HyboNet,2,64,0.005,10,64,0.5669291338582677,1.0,0.6538461538461539
11162,HyboNet,2,64,0.005,10,65,0.5669291338582677,1.0,0.6538461538461539
11163,HyboNet,2,64,0.005,10,66,0.5590551181102362,1.0,0.6538461538461539
11164,HyboNet,2,64,0.005,10,67,0.5669291338582677,1.0,0.6538461538461539
11165,HyboNet,2,64,0.005,10,68,0.5669291338582677,1.0,0.6538461538461539
11166,HyboNet,2,64,0.005,10,69,0.5590551181102362,1.0,0.6538461538461539
11167,HyboNet,2,64,0.005,10,7,0.5354330708661418,0.6,0.5769230769230769
11168,HyboNet,2,64,0.005,10,70,0.5669291338582677,1.0,0.6538461538461539
11169,HyboNet,2,64,0.005,10,71,0.5590551181102362,1.0,0.6538461538461539
11170,HyboNet,2,64,0.005,10,72,0.5590551181102362,1.0,0.6538461538461539
11171,HyboNet,2,64,0.005,10,73,0.5511811023622047,1.0,0.6538461538461539
11172,HyboNet,2,64,0.005,10,74,0.5511811023622047,1.0,0.6538461538461539
11173,HyboNet,2,64,0.005,10,75,0.5511811023622047,1.0,0.6538461538461539
11174,HyboNet,2,64,0.005,10,76,0.5511811023622047,1.0,0.6538461538461539
11175,HyboNet,2,64,0.005,10,77,0.5590551181102362,1.0,0.6538461538461539
11176,HyboNet,2,64,0.005,10,78,0.5590551181102362,1.0,0.6538461538461539
11177,HyboNet,2,64,0.005,10,79,0.5669291338582677,1.0,0.6538461538461539
11178,HyboNet,2,64,0.005,10,8,0.5354330708661418,0.6,0.5769230769230769
11179,HyboNet,2,64,0.005,10,80,0.5669291338582677,1.0,0.6538461538461539
11180,HyboNet,2,64,0.005,10,81,0.5748031496062992,1.0,0.6538461538461539
11181,HyboNet,2,64,0.005,10,82,0.5748031496062992,1.0,0.6153846153846154
11182,HyboNet,2,64,0.005,10,83,0.5669291338582677,1.0,0.5769230769230769
11183,HyboNet,2,64,0.005,10,84,0.5669291338582677,1.0,0.5769230769230769
11184,HyboNet,2,64,0.005,10,85,0.5748031496062992,1.0,0.5769230769230769
11185,HyboNet,2,64,0.005,10,86,0.5748031496062992,1.0,0.5769230769230769
11186,HyboNet,2,64,0.005,10,87,0.5748031496062992,1.0,0.5769230769230769
11187,HyboNet,2,64,0.005,10,88,0.5748031496062992,1.0,0.5769230769230769
11188,HyboNet,2,64,0.005,10,89,0.5748031496062992,1.0,0.5769230769230769
11189,HyboNet,2,64,0.005,10,9,0.5354330708661418,0.6,0.5769230769230769
11190,HyboNet,2,64,0.005,10,90,0.5669291338582677,1.0,0.5769230769230769
11191,HyboNet,2,64,0.005,10,91,0.5748031496062992,1.0,0.5769230769230769
11192,HyboNet,2,64,0.005,10,92,0.5748031496062992,1.0,0.5769230769230769
11193,HyboNet,2,64,0.005,10,93,0.5748031496062992,1.0,0.5769230769230769
11194,HyboNet,2,64,0.005,10,94,0.5748031496062992,1.0,0.5769230769230769
11195,HyboNet,2,64,0.005,10,95,0.5669291338582677,1.0,0.5384615384615384
11196,HyboNet,2,64,0.005,10,96,0.5590551181102362,1.0,0.5384615384615384
11197,HyboNet,2,64,0.005,10,97,0.5511811023622047,1.0,0.5384615384615384
11198,HyboNet,2,64,0.005,10,98,0.5590551181102362,1.0,0.5384615384615384
11199,HyboNet,2,64,0.005,10,99,0.5590551181102362,1.0,0.5384615384615384
11200,HyboNet,2,64,0.005,2,1,0.5354330708661418,0.6,0.5769230769230769
11201,HyboNet,2,64,0.005,2,10,0.5354330708661418,0.6333333333333333,0.5769230769230769
11202,HyboNet,2,64,0.005,2,100,0.5275590551181102,1.0,0.5384615384615384
11203,HyboNet,2,64,0.005,2,11,0.5354330708661418,0.6333333333333333,0.5769230769230769
11204,HyboNet,2,64,0.005,2,12,0.5433070866141733,0.7,0.5769230769230769
11205,HyboNet,2,64,0.005,2,13,0.5433070866141733,0.7333333333333333,0.5769230769230769
11206,HyboNet,2,64,0.005,2,14,0.5511811023622047,0.7333333333333333,0.5769230769230769
11207,HyboNet,2,64,0.005,2,15,0.5511811023622047,0.7333333333333333,0.5384615384615384
11208,HyboNet,2,64,0.005,2,16,0.5511811023622047,0.7333333333333333,0.5384615384615384
11209,HyboNet,2,64,0.005,2,17,0.5511811023622047,0.7666666666666667,0.5384615384615384
11210,HyboNet,2,64,0.005,2,18,0.5669291338582677,0.8,0.5384615384615384
11211,HyboNet,2,64,0.005,2,19,0.5748031496062992,0.8,0.5384615384615384
11212,HyboNet,2,64,0.005,2,2,0.5354330708661418,0.6,0.5769230769230769
11213,HyboNet,2,64,0.005,2,20,0.5826771653543307,0.8,0.5769230769230769
11214,HyboNet,2,64,0.005,2,21,0.5748031496062992,0.8,0.5769230769230769
11215,HyboNet,2,64,0.005,2,22,0.5826771653543307,0.8333333333333334,0.6153846153846154
11216,HyboNet,2,64,0.005,2,23,0.5826771653543307,0.8333333333333334,0.6538461538461539
11217,HyboNet,2,64,0.005,2,24,0.5826771653543307,0.8333333333333334,0.6538461538461539
11218,HyboNet,2,64,0.005,2,25,0.5748031496062992,0.8333333333333334,0.6538461538461539
11219,HyboNet,2,64,0.005,2,26,0.5748031496062992,0.8333333333333334,0.6538461538461539
11220,HyboNet,2,64,0.005,2,27,0.5748031496062992,0.8333333333333334,0.6538461538461539
11221,HyboNet,2,64,0.005,2,28,0.5748031496062992,0.8333333333333334,0.6153846153846154
11222,HyboNet,2,64,0.005,2,29,0.5669291338582677,0.8333333333333334,0.6153846153846154
11223,HyboNet,2,64,0.005,2,3,0.5354330708661418,0.6,0.5769230769230769
11224,HyboNet,2,64,0.005,2,30,0.5669291338582677,0.8333333333333334,0.5769230769230769
11225,HyboNet,2,64,0.005,2,31,0.5669291338582677,0.8333333333333334,0.5769230769230769
11226,HyboNet,2,64,0.005,2,32,0.5669291338582677,0.8333333333333334,0.5769230769230769
11227,HyboNet,2,64,0.005,2,33,0.5669291338582677,0.8333333333333334,0.5769230769230769
11228,HyboNet,2,64,0.005,2,34,0.5748031496062992,0.8333333333333334,0.5769230769230769
11229,HyboNet,2,64,0.005,2,35,0.5748031496062992,0.8666666666666667,0.5769230769230769
11230,HyboNet,2,64,0.005,2,36,0.5669291338582677,0.8666666666666667,0.5769230769230769
11231,HyboNet,2,64,0.005,2,37,0.5669291338582677,0.8666666666666667,0.5769230769230769
11232,HyboNet,2,64,0.005,2,38,0.5511811023622047,0.8666666666666667,0.5769230769230769
11233,HyboNet,2,64,0.005,2,39,0.5511811023622047,0.8666666666666667,0.6153846153846154
11234,HyboNet,2,64,0.005,2,4,0.5354330708661418,0.6,0.5769230769230769
11235,HyboNet,2,64,0.005,2,40,0.5433070866141733,0.8666666666666667,0.6153846153846154
11236,HyboNet,2,64,0.005,2,41,0.5433070866141733,0.8666666666666667,0.6538461538461539
11237,HyboNet,2,64,0.005,2,42,0.5433070866141733,0.8666666666666667,0.6538461538461539
11238,HyboNet,2,64,0.005,2,43,0.5433070866141733,0.8666666666666667,0.6538461538461539
11239,HyboNet,2,64,0.005,2,44,0.5511811023622047,0.9,0.6538461538461539
11240,HyboNet,2,64,0.005,2,45,0.5511811023622047,0.9,0.6538461538461539
11241,HyboNet,2,64,0.005,2,46,0.5433070866141733,0.9,0.6538461538461539
11242,HyboNet,2,64,0.005,2,47,0.5590551181102362,0.9,0.6538461538461539
11243,HyboNet,2,64,0.005,2,48,0.5590551181102362,0.9666666666666667,0.6153846153846154
11244,HyboNet,2,64,0.005,2,49,0.5669291338582677,0.9666666666666667,0.5769230769230769
11245,HyboNet,2,64,0.005,2,5,0.5354330708661418,0.6,0.5769230769230769
11246,HyboNet,2,64,0.005,2,50,0.5669291338582677,0.9666666666666667,0.5769230769230769
11247,HyboNet,2,64,0.005,2,51,0.5748031496062992,0.9666666666666667,0.5769230769230769
11248,HyboNet,2,64,0.005,2,52,0.5590551181102362,0.9666666666666667,0.5769230769230769
11249,HyboNet,2,64,0.005,2,53,0.5748031496062992,1.0,0.5769230769230769
11250,HyboNet,2,64,0.005,2,54,0.5748031496062992,1.0,0.5769230769230769
11251,HyboNet,2,64,0.005,2,55,0.5905511811023622,1.0,0.5769230769230769
11252,HyboNet,2,64,0.005,2,56,0.5905511811023622,1.0,0.5769230769230769
11253,HyboNet,2,64,0.005,2,57,0.5826771653543307,1.0,0.5769230769230769
11254,HyboNet,2,64,0.005,2,58,0.5748031496062992,1.0,0.5769230769230769
11255,HyboNet,2,64,0.005,2,59,0.5826771653543307,1.0,0.5769230769230769
11256,HyboNet,2,64,0.005,2,6,0.5354330708661418,0.6,0.5769230769230769
11257,HyboNet,2,64,0.005,2,60,0.5905511811023622,1.0,0.5769230769230769
11258,HyboNet,2,64,0.005,2,61,0.5905511811023622,1.0,0.5769230769230769
11259,HyboNet,2,64,0.005,2,62,0.5826771653543307,1.0,0.5769230769230769
11260,HyboNet,2,64,0.005,2,63,0.5748031496062992,1.0,0.5769230769230769
11261,HyboNet,2,64,0.005,2,64,0.5748031496062992,1.0,0.5769230769230769
11262,HyboNet,2,64,0.005,2,65,0.5748031496062992,1.0,0.5769230769230769
11263,HyboNet,2,64,0.005,2,66,0.5590551181102362,1.0,0.5769230769230769
11264,HyboNet,2,64,0.005,2,67,0.5748031496062992,1.0,0.5769230769230769
11265,HyboNet,2,64,0.005,2,68,0.5748031496062992,1.0,0.5769230769230769
11266,HyboNet,2,64,0.005,2,69,0.5748031496062992,1.0,0.5769230769230769
11267,HyboNet,2,64,0.005,2,7,0.5354330708661418,0.6,0.5769230769230769
11268,HyboNet,2,64,0.005,2,70,0.5748031496062992,1.0,0.5384615384615384
11269,HyboNet,2,64,0.005,2,71,0.5748031496062992,1.0,0.5384615384615384
11270,HyboNet,2,64,0.005,2,72,0.5748031496062992,1.0,0.5769230769230769
11271,HyboNet,2,64,0.005,2,73,0.5748031496062992,1.0,0.5769230769230769
11272,HyboNet,2,64,0.005,2,74,0.5748031496062992,1.0,0.5769230769230769
11273,HyboNet,2,64,0.005,2,75,0.5669291338582677,1.0,0.6153846153846154
11274,HyboNet,2,64,0.005,2,76,0.5669291338582677,1.0,0.6153846153846154
11275,HyboNet,2,64,0.005,2,77,0.5669291338582677,1.0,0.6153846153846154
11276,HyboNet,2,64,0.005,2,78,0.5669291338582677,1.0,0.6153846153846154
11277,HyboNet,2,64,0.005,2,79,0.5748031496062992,1.0,0.6153846153846154
11278,HyboNet,2,64,0.005,2,8,0.5354330708661418,0.6,0.5769230769230769
11279,HyboNet,2,64,0.005,2,80,0.5748031496062992,1.0,0.6153846153846154
11280,HyboNet,2,64,0.005,2,81,0.5590551181102362,1.0,0.6153846153846154
11281,HyboNet,2,64,0.005,2,82,0.5590551181102362,1.0,0.6153846153846154
11282,HyboNet,2,64,0.005,2,83,0.5511811023622047,1.0,0.6153846153846154
11283,HyboNet,2,64,0.005,2,84,0.5354330708661418,1.0,0.6153846153846154
11284,HyboNet,2,64,0.005,2,85,0.5433070866141733,1.0,0.6153846153846154
11285,HyboNet,2,64,0.005,2,86,0.5354330708661418,1.0,0.5384615384615384
11286,HyboNet,2,64,0.005,2,87,0.5196850393700787,1.0,0.46153846153846156
11287,HyboNet,2,64,0.005,2,88,0.5196850393700787,1.0,0.4230769230769231
11288,HyboNet,2,64,0.005,2,89,0.5196850393700787,1.0,0.46153846153846156
11289,HyboNet,2,64,0.005,2,9,0.5354330708661418,0.6333333333333333,0.5769230769230769
11290,HyboNet,2,64,0.005,2,90,0.5196850393700787,1.0,0.46153846153846156
11291,HyboNet,2,64,0.005,2,91,0.5275590551181102,1.0,0.5384615384615384
11292,HyboNet,2,64,0.005,2,92,0.5354330708661418,1.0,0.5384615384615384
11293,HyboNet,2,64,0.005,2,93,0.5433070866141733,1.0,0.6153846153846154
11294,HyboNet,2,64,0.005,2,94,0.5433070866141733,1.0,0.5769230769230769
11295,HyboNet,2,64,0.005,2,95,0.5433070866141733,1.0,0.5769230769230769
11296,HyboNet,2,64,0.005,2,96,0.5433070866141733,1.0,0.5769230769230769
11297,HyboNet,2,64,0.005,2,97,0.5433070866141733,1.0,0.5769230769230769
11298,HyboNet,2,64,0.005,2,98,0.5354330708661418,1.0,0.5769230769230769
11299,HyboNet,2,64,0.005,2,99,0.5275590551181102,1.0,0.5769230769230769
11300,HyboNet,2,64,0.005,3,1,0.5354330708661418,0.6,0.5769230769230769
11301,HyboNet,2,64,0.005,3,10,0.5669291338582677,0.8,0.5384615384615384
11302,HyboNet,2,64,0.005,3,100,0.5196850393700787,1.0,0.5384615384615384
11303,HyboNet,2,64,0.005,3,11,0.5669291338582677,0.8333333333333334,0.6153846153846154
11304,HyboNet,2,64,0.005,3,12,0.5590551181102362,0.8333333333333334,0.6153846153846154
11305,HyboNet,2,64,0.005,3,13,0.5433070866141733,0.8333333333333334,0.6153846153846154
11306,HyboNet,2,64,0.005,3,14,0.5590551181102362,0.8333333333333334,0.6153846153846154
11307,HyboNet,2,64,0.005,3,15,0.5669291338582677,0.8333333333333334,0.5769230769230769
11308,HyboNet,2,64,0.005,3,16,0.5748031496062992,0.8333333333333334,0.6153846153846154
11309,HyboNet,2,64,0.005,3,17,0.5669291338582677,0.8333333333333334,0.6538461538461539
11310,HyboNet,2,64,0.005,3,18,0.5590551181102362,0.8333333333333334,0.6538461538461539
11311,HyboNet,2,64,0.005,3,19,0.5590551181102362,0.8333333333333334,0.5769230769230769
11312,HyboNet,2,64,0.005,3,2,0.5354330708661418,0.6,0.5769230769230769
11313,HyboNet,2,64,0.005,3,20,0.5590551181102362,0.8333333333333334,0.5769230769230769
11314,HyboNet,2,64,0.005,3,21,0.5590551181102362,0.8333333333333334,0.5769230769230769
11315,HyboNet,2,64,0.005,3,22,0.5590551181102362,0.8333333333333334,0.5769230769230769
11316,HyboNet,2,64,0.005,3,23,0.5511811023622047,0.8333333333333334,0.5769230769230769
11317,HyboNet,2,64,0.005,3,24,0.5511811023622047,0.8666666666666667,0.5769230769230769
11318,HyboNet,2,64,0.005,3,25,0.5511811023622047,0.8666666666666667,0.5769230769230769
11319,HyboNet,2,64,0.005,3,26,0.5511811023622047,0.8666666666666667,0.6538461538461539
11320,HyboNet,2,64,0.005,3,27,0.5433070866141733,0.8666666666666667,0.6538461538461539
11321,HyboNet,2,64,0.005,3,28,0.5511811023622047,0.8666666666666667,0.6538461538461539
11322,HyboNet,2,64,0.005,3,29,0.5433070866141733,0.8666666666666667,0.6538461538461539
11323,HyboNet,2,64,0.005,3,3,0.5354330708661418,0.6,0.5769230769230769
11324,HyboNet,2,64,0.005,3,30,0.5511811023622047,0.9,0.6538461538461539
11325,HyboNet,2,64,0.005,3,31,0.5511811023622047,0.9333333333333333,0.5769230769230769
11326,HyboNet,2,64,0.005,3,32,0.5590551181102362,0.9666666666666667,0.5769230769230769
11327,HyboNet,2,64,0.005,3,33,0.5669291338582677,0.9666666666666667,0.5769230769230769
11328,HyboNet,2,64,0.005,3,34,0.5590551181102362,1.0,0.5769230769230769
11329,HyboNet,2,64,0.005,3,35,0.5748031496062992,1.0,0.5769230769230769
11330,HyboNet,2,64,0.005,3,36,0.5669291338582677,1.0,0.5769230769230769
11331,HyboNet,2,64,0.005,3,37,0.5826771653543307,1.0,0.6153846153846154
11332,HyboNet,2,64,0.005,3,38,0.5669291338582677,1.0,0.6153846153846154
11333,HyboNet,2,64,0.005,3,39,0.5511811023622047,1.0,0.6153846153846154
11334,HyboNet,2,64,0.005,3,4,0.5354330708661418,0.6,0.5769230769230769
11335,HyboNet,2,64,0.005,3,40,0.5511811023622047,1.0,0.5769230769230769
11336,HyboNet,2,64,0.005,3,41,0.5511811023622047,1.0,0.5769230769230769
11337,HyboNet,2,64,0.005,3,42,0.5590551181102362,1.0,0.5769230769230769
11338,HyboNet,2,64,0.005,3,43,0.5669291338582677,1.0,0.5769230769230769
11339,HyboNet,2,64,0.005,3,44,0.5669291338582677,1.0,0.5769230769230769
11340,HyboNet,2,64,0.005,3,45,0.5669291338582677,1.0,0.5769230769230769
11341,HyboNet,2,64,0.005,3,46,0.5669291338582677,1.0,0.5769230769230769
11342,HyboNet,2,64,0.005,3,47,0.5669291338582677,1.0,0.5769230769230769
11343,HyboNet,2,64,0.005,3,48,0.5590551181102362,1.0,0.5769230769230769
11344,HyboNet,2,64,0.005,3,49,0.5511811023622047,1.0,0.5769230769230769
11345,HyboNet,2,64,0.005,3,5,0.5354330708661418,0.6,0.5769230769230769
11346,HyboNet,2,64,0.005,3,50,0.5354330708661418,1.0,0.5769230769230769
11347,HyboNet,2,64,0.005,3,51,0.5433070866141733,1.0,0.5384615384615384
11348,HyboNet,2,64,0.005,3,52,0.5511811023622047,1.0,0.5769230769230769
11349,HyboNet,2,64,0.005,3,53,0.5433070866141733,1.0,0.5769230769230769
11350,HyboNet,2,64,0.005,3,54,0.5354330708661418,1.0,0.5769230769230769
11351,HyboNet,2,64,0.005,3,55,0.5354330708661418,1.0,0.5769230769230769
11352,HyboNet,2,64,0.005,3,56,0.5275590551181102,1.0,0.5384615384615384
11353,HyboNet,2,64,0.005,3,57,0.5275590551181102,1.0,0.5384615384615384
11354,HyboNet,2,64,0.005,3,58,0.49606299212598426,1.0,0.5
11355,HyboNet,2,64,0.005,3,59,0.49606299212598426,1.0,0.46153846153846156
11356,HyboNet,2,64,0.005,3,6,0.5433070866141733,0.6333333333333333,0.5769230769230769
11357,HyboNet,2,64,0.005,3,60,0.47244094488188976,1.0,0.46153846153846156
11358,HyboNet,2,64,0.005,3,61,0.47244094488188976,1.0,0.46153846153846156
11359,HyboNet,2,64,0.005,3,62,0.48031496062992124,1.0,0.46153846153846156
11360,HyboNet,2,64,0.005,3,63,0.4881889763779528,1.0,0.5
11361,HyboNet,2,64,0.005,3,64,0.5039370078740157,1.0,0.5
11362,HyboNet,2,64,0.005,3,65,0.5196850393700787,1.0,0.5
11363,HyboNet,2,64,0.005,3,66,0.5039370078740157,1.0,0.5
11364,HyboNet,2,64,0.005,3,67,0.5039370078740157,1.0,0.5
11365,HyboNet,2,64,0.005,3,68,0.5118110236220472,1.0,0.46153846153846156
11366,HyboNet,2,64,0.005,3,69,0.49606299212598426,1.0,0.46153846153846156
11367,HyboNet,2,64,0.005,3,7,0.5433070866141733,0.6666666666666666,0.5769230769230769
11368,HyboNet,2,64,0.005,3,70,0.4881889763779528,1.0,0.46153846153846156
11369,HyboNet,2,64,0.005,3,71,0.49606299212598426,1.0,0.46153846153846156
11370,HyboNet,2,64,0.005,3,72,0.49606299212598426,1.0,0.46153846153846156
11371,HyboNet,2,64,0.005,3,73,0.49606299212598426,1.0,0.5
11372,HyboNet,2,64,0.005,3,74,0.49606299212598426,1.0,0.5
11373,HyboNet,2,64,0.005,3,75,0.49606299212598426,1.0,0.5
11374,HyboNet,2,64,0.005,3,76,0.49606299212598426,1.0,0.4230769230769231
11375,HyboNet,2,64,0.005,3,77,0.5039370078740157,1.0,0.38461538461538464
11376,HyboNet,2,64,0.005,3,78,0.49606299212598426,1.0,0.38461538461538464
11377,HyboNet,2,64,0.005,3,79,0.49606299212598426,1.0,0.38461538461538464
11378,HyboNet,2,64,0.005,3,8,0.5433070866141733,0.7333333333333333,0.5384615384615384
11379,HyboNet,2,64,0.005,3,80,0.4881889763779528,1.0,0.4230769230769231
11380,HyboNet,2,64,0.005,3,81,0.49606299212598426,1.0,0.46153846153846156
11381,HyboNet,2,64,0.005,3,82,0.49606299212598426,1.0,0.46153846153846156
11382,HyboNet,2,64,0.005,3,83,0.49606299212598426,1.0,0.46153846153846156
11383,HyboNet,2,64,0.005,3,84,0.49606299212598426,1.0,0.46153846153846156
11384,HyboNet,2,64,0.005,3,85,0.4881889763779528,1.0,0.46153846153846156
11385,HyboNet,2,64,0.005,3,86,0.48031496062992124,1.0,0.46153846153846156
11386,HyboNet,2,64,0.005,3,87,0.4881889763779528,1.0,0.38461538461538464
11387,HyboNet,2,64,0.005,3,88,0.49606299212598426,1.0,0.38461538461538464
11388,HyboNet,2,64,0.005,3,89,0.5039370078740157,1.0,0.38461538461538464
11389,HyboNet,2,64,0.005,3,9,0.5590551181102362,0.7333333333333333,0.5384615384615384
11390,HyboNet,2,64,0.005,3,90,0.5039370078740157,1.0,0.4230769230769231
11391,HyboNet,2,64,0.005,3,91,0.5118110236220472,1.0,0.4230769230769231
11392,HyboNet,2,64,0.005,3,92,0.5039370078740157,1.0,0.46153846153846156
11393,HyboNet,2,64,0.005,3,93,0.5039370078740157,1.0,0.46153846153846156
11394,HyboNet,2,64,0.005,3,94,0.5039370078740157,1.0,0.46153846153846156
11395,HyboNet,2,64,0.005,3,95,0.5039370078740157,1.0,0.46153846153846156
11396,HyboNet,2,64,0.005,3,96,0.5118110236220472,1.0,0.5
11397,HyboNet,2,64,0.005,3,97,0.5118110236220472,1.0,0.5769230769230769
11398,HyboNet,2,64,0.005,3,98,0.5118110236220472,1.0,0.5384615384615384
11399,HyboNet,2,64,0.005,3,99,0.5196850393700787,1.0,0.5384615384615384
11400,HyboNet,2,64,0.005,4,1,0.5354330708661418,0.6,0.5769230769230769
11401,HyboNet,2,64,0.005,4,10,0.5354330708661418,0.6,0.5769230769230769
11402,HyboNet,2,64,0.005,4,100,0.5826771653543307,1.0,0.5769230769230769
11403,HyboNet,2,64,0.005,4,11,0.5354330708661418,0.6,0.5769230769230769
11404,HyboNet,2,64,0.005,4,12,0.5354330708661418,0.6,0.5769230769230769
11405,HyboNet,2,64,0.005,4,13,0.5354330708661418,0.6333333333333333,0.5769230769230769
11406,HyboNet,2,64,0.005,4,14,0.5354330708661418,0.6333333333333333,0.5769230769230769
11407,HyboNet,2,64,0.005,4,15,0.5433070866141733,0.6333333333333333,0.5769230769230769
11408,HyboNet,2,64,0.005,4,16,0.5433070866141733,0.7,0.5769230769230769
11409,HyboNet,2,64,0.005,4,17,0.5511811023622047,0.7,0.5769230769230769
11410,HyboNet,2,64,0.005,4,18,0.5511811023622047,0.7333333333333333,0.5384615384615384
11411,HyboNet,2,64,0.005,4,19,0.5511811023622047,0.7333333333333333,0.5384615384615384
11412,HyboNet,2,64,0.005,4,2,0.5354330708661418,0.6,0.5769230769230769
11413,HyboNet,2,64,0.005,4,20,0.5748031496062992,0.8,0.5384615384615384
11414,HyboNet,2,64,0.005,4,21,0.5826771653543307,0.8,0.5384615384615384
11415,HyboNet,2,64,0.005,4,22,0.5748031496062992,0.8,0.5769230769230769
11416,HyboNet,2,64,0.005,4,23,0.5669291338582677,0.8,0.5769230769230769
11417,HyboNet,2,64,0.005,4,24,0.5748031496062992,0.8,0.5769230769230769
11418,HyboNet,2,64,0.005,4,25,0.5669291338582677,0.8333333333333334,0.5769230769230769
11419,HyboNet,2,64,0.005,4,26,0.5669291338582677,0.8333333333333334,0.5769230769230769
11420,HyboNet,2,64,0.005,4,27,0.5669291338582677,0.8333333333333334,0.5769230769230769
11421,HyboNet,2,64,0.005,4,28,0.5748031496062992,0.8333333333333334,0.5769230769230769
11422,HyboNet,2,64,0.005,4,29,0.5748031496062992,0.8,0.5769230769230769
11423,HyboNet,2,64,0.005,4,3,0.5354330708661418,0.6,0.5769230769230769
11424,HyboNet,2,64,0.005,4,30,0.5669291338582677,0.8,0.5769230769230769
11425,HyboNet,2,64,0.005,4,31,0.5669291338582677,0.8,0.5769230769230769
11426,HyboNet,2,64,0.005,4,32,0.5669291338582677,0.8,0.5769230769230769
11427,HyboNet,2,64,0.005,4,33,0.5669291338582677,0.8,0.5769230769230769
11428,HyboNet,2,64,0.005,4,34,0.5748031496062992,0.8,0.5769230769230769
11429,HyboNet,2,64,0.005,4,35,0.5669291338582677,0.8333333333333334,0.5769230769230769
11430,HyboNet,2,64,0.005,4,36,0.5669291338582677,0.8333333333333334,0.5769230769230769
11431,HyboNet,2,64,0.005,4,37,0.5511811023622047,0.8333333333333334,0.5769230769230769
11432,HyboNet,2,64,0.005,4,38,0.5511811023622047,0.8666666666666667,0.5769230769230769
11433,HyboNet,2,64,0.005,4,39,0.5354330708661418,0.8666666666666667,0.5769230769230769
11434,HyboNet,2,64,0.005,4,4,0.5354330708661418,0.6,0.5769230769230769
11435,HyboNet,2,64,0.005,4,40,0.5354330708661418,0.8666666666666667,0.5769230769230769
11436,HyboNet,2,64,0.005,4,41,0.5354330708661418,0.8666666666666667,0.5769230769230769
11437,HyboNet,2,64,0.005,4,42,0.5354330708661418,0.9,0.5769230769230769
11438,HyboNet,2,64,0.005,4,43,0.5354330708661418,0.9,0.5769230769230769
11439,HyboNet,2,64,0.005,4,44,0.5511811023622047,0.9,0.5769230769230769
11440,HyboNet,2,64,0.005,4,45,0.5511811023622047,0.9333333333333333,0.6538461538461539
11441,HyboNet,2,64,0.005,4,46,0.5511811023622047,0.9333333333333333,0.6538461538461539
11442,HyboNet,2,64,0.005,4,47,0.5748031496062992,0.9666666666666667,0.6538461538461539
11443,HyboNet,2,64,0.005,4,48,0.5748031496062992,0.9666666666666667,0.6538461538461539
11444,HyboNet,2,64,0.005,4,49,0.5669291338582677,0.9666666666666667,0.6153846153846154
11445,HyboNet,2,64,0.005,4,5,0.5354330708661418,0.6,0.5769230769230769
11446,HyboNet,2,64,0.005,4,50,0.5669291338582677,0.9666666666666667,0.5769230769230769
11447,HyboNet,2,64,0.005,4,51,0.5905511811023622,0.9666666666666667,0.5769230769230769
11448,HyboNet,2,64,0.005,4,52,0.5984251968503937,1.0,0.5769230769230769
11449,HyboNet,2,64,0.005,4,53,0.6062992125984252,1.0,0.6153846153846154
11450,HyboNet,2,64,0.005,4,54,0.5984251968503937,1.0,0.6153846153846154
11451,HyboNet,2,64,0.005,4,55,0.5905511811023622,1.0,0.6153846153846154
11452,HyboNet,2,64,0.005,4,56,0.5905511811023622,1.0,0.6153846153846154
11453,HyboNet,2,64,0.005,4,57,0.5905511811023622,1.0,0.6153846153846154
11454,HyboNet,2,64,0.005,4,58,0.5905511811023622,1.0,0.6153846153846154
11455,HyboNet,2,64,0.005,4,59,0.5905511811023622,1.0,0.6153846153846154
11456,HyboNet,2,64,0.005,4,6,0.5354330708661418,0.6,0.5769230769230769
11457,HyboNet,2,64,0.005,4,60,0.5905511811023622,1.0,0.6153846153846154
11458,HyboNet,2,64,0.005,4,61,0.5905511811023622,1.0,0.6153846153846154
11459,HyboNet,2,64,0.005,4,62,0.5905511811023622,1.0,0.6153846153846154
11460,HyboNet,2,64,0.005,4,63,0.5905511811023622,1.0,0.6153846153846154
11461,HyboNet,2,64,0.005,4,64,0.5905511811023622,1.0,0.6538461538461539
11462,HyboNet,2,64,0.005,4,65,0.5905511811023622,1.0,0.6153846153846154
11463,HyboNet,2,64,0.005,4,66,0.5905511811023622,1.0,0.6153846153846154
11464,HyboNet,2,64,0.005,4,67,0.5905511811023622,1.0,0.6153846153846154
11465,HyboNet,2,64,0.005,4,68,0.5905511811023622,1.0,0.6153846153846154
11466,HyboNet,2,64,0.005,4,69,0.5826771653543307,1.0,0.6153846153846154
11467,HyboNet,2,64,0.005,4,7,0.5354330708661418,0.6,0.5769230769230769
11468,HyboNet,2,64,0.005,4,70,0.5826771653543307,1.0,0.6153846153846154
11469,HyboNet,2,64,0.005,4,71,0.5669291338582677,1.0,0.6153846153846154
11470,HyboNet,2,64,0.005,4,72,0.5511811023622047,1.0,0.6153846153846154
11471,HyboNet,2,64,0.005,4,73,0.5590551181102362,1.0,0.6153846153846154
11472,HyboNet,2,64,0.005,4,74,0.5669291338582677,1.0,0.6538461538461539
11473,HyboNet,2,64,0.005,4,75,0.5669291338582677,1.0,0.6153846153846154
11474,HyboNet,2,64,0.005,4,76,0.5669291338582677,1.0,0.6153846153846154
11475,HyboNet,2,64,0.005,4,77,0.5669291338582677,1.0,0.6153846153846154
11476,HyboNet,2,64,0.005,4,78,0.5669291338582677,1.0,0.6153846153846154
11477,HyboNet,2,64,0.005,4,79,0.5669291338582677,1.0,0.5769230769230769
11478,HyboNet,2,64,0.005,4,8,0.5354330708661418,0.6,0.5769230769230769
11479,HyboNet,2,64,0.005,4,80,0.5669291338582677,1.0,0.5769230769230769
11480,HyboNet,2,64,0.005,4,81,0.5669291338582677,1.0,0.5769230769230769
11481,HyboNet,2,64,0.005,4,82,0.5669291338582677,1.0,0.5769230769230769
11482,HyboNet,2,64,0.005,4,83,0.5669291338582677,1.0,0.5769230769230769
11483,HyboNet,2,64,0.005,4,84,0.5669291338582677,1.0,0.5769230769230769
11484,HyboNet,2,64,0.005,4,85,0.5669291338582677,1.0,0.5769230769230769
11485,HyboNet,2,64,0.005,4,86,0.5748031496062992,1.0,0.5769230769230769
11486,HyboNet,2,64,0.005,4,87,0.5748031496062992,1.0,0.5769230769230769
11487,HyboNet,2,64,0.005,4,88,0.5826771653543307,1.0,0.5769230769230769
11488,HyboNet,2,64,0.005,4,89,0.5826771653543307,1.0,0.5769230769230769
11489,HyboNet,2,64,0.005,4,9,0.5354330708661418,0.6,0.5769230769230769
11490,HyboNet,2,64,0.005,4,90,0.5826771653543307,1.0,0.5769230769230769
11491,HyboNet,2,64,0.005,4,91,0.5905511811023622,1.0,0.5769230769230769
11492,HyboNet,2,64,0.005,4,92,0.5905511811023622,1.0,0.5769230769230769
11493,HyboNet,2,64,0.005,4,93,0.5905511811023622,1.0,0.5769230769230769
11494,HyboNet,2,64,0.005,4,94,0.5905511811023622,1.0,0.5769230769230769
11495,HyboNet,2,64,0.005,4,95,0.5905511811023622,1.0,0.5769230769230769
11496,HyboNet,2,64,0.005,4,96,0.5905511811023622,1.0,0.5769230769230769
11497,HyboNet,2,64,0.005,4,97,0.5826771653543307,1.0,0.5769230769230769
11498,HyboNet,2,64,0.005,4,98,0.5826771653543307,1.0,0.5769230769230769
11499,HyboNet,2,64,0.005,4,99,0.5826771653543307,1.0,0.5769230769230769
11500,HyboNet,2,64,0.005,5,1,0.5354330708661418,0.6,0.5769230769230769
11501,HyboNet,2,64,0.005,5,10,0.5354330708661418,0.6666666666666666,0.5769230769230769
11502,HyboNet,2,64,0.005,5,100,0.5275590551181102,1.0,0.5384615384615384
11503,HyboNet,2,64,0.005,5,11,0.5354330708661418,0.6666666666666666,0.5769230769230769
11504,HyboNet,2,64,0.005,5,12,0.5433070866141733,0.6666666666666666,0.5769230769230769
11505,HyboNet,2,64,0.005,5,13,0.5433070866141733,0.7333333333333333,0.5769230769230769
11506,HyboNet,2,64,0.005,5,14,0.5511811023622047,0.7333333333333333,0.5384615384615384
11507,HyboNet,2,64,0.005,5,15,0.5433070866141733,0.7333333333333333,0.5384615384615384
11508,HyboNet,2,64,0.005,5,16,0.5433070866141733,0.7333333333333333,0.5384615384615384
11509,HyboNet,2,64,0.005,5,17,0.5433070866141733,0.7666666666666667,0.5384615384615384
11510,HyboNet,2,64,0.005,5,18,0.5511811023622047,0.8,0.5384615384615384
11511,HyboNet,2,64,0.005,5,19,0.5590551181102362,0.8,0.5384615384615384
11512,HyboNet,2,64,0.005,5,2,0.5354330708661418,0.6,0.5769230769230769
11513,HyboNet,2,64,0.005,5,20,0.5590551181102362,0.8,0.5769230769230769
11514,HyboNet,2,64,0.005,5,21,0.5669291338582677,0.8,0.5769230769230769
11515,HyboNet,2,64,0.005,5,22,0.5590551181102362,0.8,0.6153846153846154
11516,HyboNet,2,64,0.005,5,23,0.5590551181102362,0.8,0.6153846153846154
11517,HyboNet,2,64,0.005,5,24,0.5669291338582677,0.8,0.6153846153846154
11518,HyboNet,2,64,0.005,5,25,0.5669291338582677,0.8,0.6153846153846154
11519,HyboNet,2,64,0.005,5,26,0.5590551181102362,0.8,0.6153846153846154
11520,HyboNet,2,64,0.005,5,27,0.5590551181102362,0.8,0.6153846153846154
11521,HyboNet,2,64,0.005,5,28,0.5590551181102362,0.8,0.6153846153846154
11522,HyboNet,2,64,0.005,5,29,0.5590551181102362,0.8,0.6153846153846154
11523,HyboNet,2,64,0.005,5,3,0.5354330708661418,0.6,0.5769230769230769
11524,HyboNet,2,64,0.005,5,30,0.5669291338582677,0.8,0.6153846153846154
11525,HyboNet,2,64,0.005,5,31,0.5748031496062992,0.8,0.6153846153846154
11526,HyboNet,2,64,0.005,5,32,0.5669291338582677,0.8,0.6153846153846154
11527,HyboNet,2,64,0.005,5,33,0.5669291338582677,0.8,0.6153846153846154
11528,HyboNet,2,64,0.005,5,34,0.5590551181102362,0.8333333333333334,0.6153846153846154
11529,HyboNet,2,64,0.005,5,35,0.5511811023622047,0.8666666666666667,0.6153846153846154
11530,HyboNet,2,64,0.005,5,36,0.5511811023622047,0.8666666666666667,0.6153846153846154
11531,HyboNet,2,64,0.005,5,37,0.5511811023622047,0.8666666666666667,0.6153846153846154
11532,HyboNet,2,64,0.005,5,38,0.5511811023622047,0.8666666666666667,0.6153846153846154
11533,HyboNet,2,64,0.005,5,39,0.5511811023622047,0.8666666666666667,0.6153846153846154
11534,HyboNet,2,64,0.005,5,4,0.5354330708661418,0.6,0.5769230769230769
11535,HyboNet,2,64,0.005,5,40,0.5433070866141733,0.8666666666666667,0.6153846153846154
11536,HyboNet,2,64,0.005,5,41,0.5433070866141733,0.8666666666666667,0.6153846153846154
11537,HyboNet,2,64,0.005,5,42,0.5354330708661418,0.8666666666666667,0.6153846153846154
11538,HyboNet,2,64,0.005,5,43,0.5433070866141733,0.9,0.6153846153846154
11539,HyboNet,2,64,0.005,5,44,0.5433070866141733,0.9333333333333333,0.6538461538461539
11540,HyboNet,2,64,0.005,5,45,0.5511811023622047,0.9666666666666667,0.6538461538461539
11541,HyboNet,2,64,0.005,5,46,0.5590551181102362,1.0,0.6538461538461539
11542,HyboNet,2,64,0.005,5,47,0.5511811023622047,1.0,0.6538461538461539
11543,HyboNet,2,64,0.005,5,48,0.5511811023622047,1.0,0.6538461538461539
11544,HyboNet,2,64,0.005,5,49,0.5590551181102362,1.0,0.6538461538461539
11545,HyboNet,2,64,0.005,5,5,0.5354330708661418,0.6,0.5769230769230769
11546,HyboNet,2,64,0.005,5,50,0.5669291338582677,1.0,0.6538461538461539
11547,HyboNet,2,64,0.005,5,51,0.5748031496062992,1.0,0.6153846153846154
11548,HyboNet,2,64,0.005,5,52,0.5826771653543307,1.0,0.5769230769230769
11549,HyboNet,2,64,0.005,5,53,0.5905511811023622,1.0,0.5769230769230769
11550,HyboNet,2,64,0.005,5,54,0.5826771653543307,1.0,0.5769230769230769
11551,HyboNet,2,64,0.005,5,55,0.5748031496062992,1.0,0.5769230769230769
11552,HyboNet,2,64,0.005,5,56,0.5748031496062992,1.0,0.5769230769230769
11553,HyboNet,2,64,0.005,5,57,0.5905511811023622,1.0,0.5769230769230769
11554,HyboNet,2,64,0.005,5,58,0.5905511811023622,1.0,0.5769230769230769
11555,HyboNet,2,64,0.005,5,59,0.5748031496062992,1.0,0.5769230769230769
11556,HyboNet,2,64,0.005,5,6,0.5354330708661418,0.6,0.5769230769230769
11557,HyboNet,2,64,0.005,5,60,0.5748031496062992,1.0,0.5769230769230769
11558,HyboNet,2,64,0.005,5,61,0.5826771653543307,1.0,0.5769230769230769
11559,HyboNet,2,64,0.005,5,62,0.5826771653543307,1.0,0.5769230769230769
11560,HyboNet,2,64,0.005,5,63,0.5826771653543307,1.0,0.5769230769230769
11561,HyboNet,2,64,0.005,5,64,0.5826771653543307,1.0,0.5769230769230769
11562,HyboNet,2,64,0.005,5,65,0.5826771653543307,1.0,0.5769230769230769
11563,HyboNet,2,64,0.005,5,66,0.5826771653543307,1.0,0.6153846153846154
11564,HyboNet,2,64,0.005,5,67,0.5748031496062992,1.0,0.5769230769230769
11565,HyboNet,2,64,0.005,5,68,0.5826771653543307,1.0,0.5769230769230769
11566,HyboNet,2,64,0.005,5,69,0.5748031496062992,1.0,0.5769230769230769
11567,HyboNet,2,64,0.005,5,7,0.5354330708661418,0.6,0.5769230769230769
11568,HyboNet,2,64,0.005,5,70,0.5826771653543307,1.0,0.5769230769230769
11569,HyboNet,2,64,0.005,5,71,0.5826771653543307,1.0,0.5769230769230769
11570,HyboNet,2,64,0.005,5,72,0.5905511811023622,1.0,0.5769230769230769
11571,HyboNet,2,64,0.005,5,73,0.5826771653543307,1.0,0.5769230769230769
11572,HyboNet,2,64,0.005,5,74,0.5826771653543307,1.0,0.5769230769230769
11573,HyboNet,2,64,0.005,5,75,0.5669291338582677,1.0,0.5769230769230769
11574,HyboNet,2,64,0.005,5,76,0.5669291338582677,1.0,0.5769230769230769
11575,HyboNet,2,64,0.005,5,77,0.5669291338582677,1.0,0.5769230769230769
11576,HyboNet,2,64,0.005,5,78,0.5669291338582677,1.0,0.5769230769230769
11577,HyboNet,2,64,0.005,5,79,0.5669291338582677,1.0,0.6153846153846154
11578,HyboNet,2,64,0.005,5,8,0.5354330708661418,0.6,0.5769230769230769
11579,HyboNet,2,64,0.005,5,80,0.5669291338582677,1.0,0.6153846153846154
11580,HyboNet,2,64,0.005,5,81,0.5669291338582677,1.0,0.6153846153846154
11581,HyboNet,2,64,0.005,5,82,0.5669291338582677,1.0,0.6153846153846154
11582,HyboNet,2,64,0.005,5,83,0.5669291338582677,1.0,0.6153846153846154
11583,HyboNet,2,64,0.005,5,84,0.5669291338582677,1.0,0.6153846153846154
11584,HyboNet,2,64,0.005,5,85,0.5669291338582677,1.0,0.6153846153846154
11585,HyboNet,2,64,0.005,5,86,0.5669291338582677,1.0,0.6153846153846154
11586,HyboNet,2,64,0.005,5,87,0.5511811023622047,1.0,0.6153846153846154
11587,HyboNet,2,64,0.005,5,88,0.5511811023622047,1.0,0.6153846153846154
11588,HyboNet,2,64,0.005,5,89,0.5511811023622047,1.0,0.6153846153846154
11589,HyboNet,2,64,0.005,5,9,0.5354330708661418,0.6333333333333333,0.5769230769230769
11590,HyboNet,2,64,0.005,5,90,0.5511811023622047,1.0,0.6153846153846154
11591,HyboNet,2,64,0.005,5,91,0.5590551181102362,1.0,0.6153846153846154
11592,HyboNet,2,64,0.005,5,92,0.5433070866141733,1.0,0.6153846153846154
11593,HyboNet,2,64,0.005,5,93,0.5354330708661418,1.0,0.5769230769230769
11594,HyboNet,2,64,0.005,5,94,0.5275590551181102,1.0,0.5769230769230769
11595,HyboNet,2,64,0.005,5,95,0.5275590551181102,1.0,0.5769230769230769
11596,HyboNet,2,64,0.005,5,96,0.5354330708661418,1.0,0.5769230769230769
11597,HyboNet,2,64,0.005,5,97,0.5275590551181102,1.0,0.5769230769230769
11598,HyboNet,2,64,0.005,5,98,0.5275590551181102,1.0,0.5384615384615384
11599,HyboNet,2,64,0.005,5,99,0.5275590551181102,1.0,0.5384615384615384
11600,HyboNet,2,64,0.005,6,1,0.5354330708661418,0.6,0.5769230769230769
11601,HyboNet,2,64,0.005,6,10,0.5433070866141733,0.6666666666666666,0.5769230769230769
11602,HyboNet,2,64,0.005,6,100,0.4645669291338583,1.0,0.46153846153846156
11603,HyboNet,2,64,0.005,6,11,0.5433070866141733,0.7333333333333333,0.5769230769230769
11604,HyboNet,2,64,0.005,6,12,0.5590551181102362,0.7666666666666667,0.5384615384615384
11605,HyboNet,2,64,0.005,6,13,0.5748031496062992,0.8,0.5384615384615384
11606,HyboNet,2,64,0.005,6,14,0.5590551181102362,0.8,0.5384615384615384
11607,HyboNet,2,64,0.005,6,15,0.5669291338582677,0.8,0.5769230769230769
11608,HyboNet,2,64,0.005,6,16,0.5748031496062992,0.8,0.5769230769230769
11609,HyboNet,2,64,0.005,6,17,0.5748031496062992,0.8,0.5769230769230769
11610,HyboNet,2,64,0.005,6,18,0.5748031496062992,0.8,0.5769230769230769
11611,HyboNet,2,64,0.005,6,19,0.5669291338582677,0.8,0.5769230769230769
11612,HyboNet,2,64,0.005,6,2,0.5354330708661418,0.6,0.5769230769230769
11613,HyboNet,2,64,0.005,6,20,0.5748031496062992,0.8,0.5384615384615384
11614,HyboNet,2,64,0.005,6,21,0.5669291338582677,0.8,0.5384615384615384
11615,HyboNet,2,64,0.005,6,22,0.5669291338582677,0.8,0.5384615384615384
11616,HyboNet,2,64,0.005,6,23,0.5669291338582677,0.8,0.5384615384615384
11617,HyboNet,2,64,0.005,6,24,0.5669291338582677,0.8,0.5384615384615384
11618,HyboNet,2,64,0.005,6,25,0.5590551181102362,0.8,0.5384615384615384
11619,HyboNet,2,64,0.005,6,26,0.5590551181102362,0.8333333333333334,0.5384615384615384
11620,HyboNet,2,64,0.005,6,27,0.5511811023622047,0.8333333333333334,0.5384615384615384
11621,HyboNet,2,64,0.005,6,28,0.5590551181102362,0.8333333333333334,0.5769230769230769
11622,HyboNet,2,64,0.005,6,29,0.5590551181102362,0.8333333333333334,0.5769230769230769
11623,HyboNet,2,64,0.005,6,3,0.5354330708661418,0.6,0.5769230769230769
11624,HyboNet,2,64,0.005,6,30,0.5433070866141733,0.8333333333333334,0.5769230769230769
11625,HyboNet,2,64,0.005,6,31,0.5433070866141733,0.8666666666666667,0.5769230769230769
11626,HyboNet,2,64,0.005,6,32,0.5354330708661418,0.8666666666666667,0.6153846153846154
11627,HyboNet,2,64,0.005,6,33,0.5433070866141733,0.9333333333333333,0.6153846153846154
11628,HyboNet,2,64,0.005,6,34,0.5354330708661418,0.9333333333333333,0.6153846153846154
11629,HyboNet,2,64,0.005,6,35,0.5196850393700787,0.9666666666666667,0.5769230769230769
11630,HyboNet,2,64,0.005,6,36,0.5196850393700787,0.9666666666666667,0.5769230769230769
11631,HyboNet,2,64,0.005,6,37,0.49606299212598426,0.9666666666666667,0.5769230769230769
11632,HyboNet,2,64,0.005,6,38,0.49606299212598426,0.9666666666666667,0.5769230769230769
11633,HyboNet,2,64,0.005,6,39,0.49606299212598426,0.9666666666666667,0.5769230769230769
11634,HyboNet,2,64,0.005,6,4,0.5354330708661418,0.6,0.5769230769230769
11635,HyboNet,2,64,0.005,6,40,0.4881889763779528,0.9666666666666667,0.5384615384615384
11636,HyboNet,2,64,0.005,6,41,0.5039370078740157,0.9666666666666667,0.5384615384615384
11637,HyboNet,2,64,0.005,6,42,0.5118110236220472,0.9666666666666667,0.5384615384615384
11638,HyboNet,2,64,0.005,6,43,0.5118110236220472,0.9666666666666667,0.5384615384615384
11639,HyboNet,2,64,0.005,6,44,0.5118110236220472,0.9666666666666667,0.5384615384615384
11640,HyboNet,2,64,0.005,6,45,0.5118110236220472,0.9666666666666667,0.5769230769230769
11641,HyboNet,2,64,0.005,6,46,0.5118110236220472,0.9666666666666667,0.5769230769230769
11642,HyboNet,2,64,0.005,6,47,0.5118110236220472,0.9666666666666667,0.5769230769230769
11643,HyboNet,2,64,0.005,6,48,0.5118110236220472,0.9666666666666667,0.5769230769230769
11644,HyboNet,2,64,0.005,6,49,0.5118110236220472,1.0,0.5769230769230769
11645,HyboNet,2,64,0.005,6,5,0.5354330708661418,0.6,0.5769230769230769
11646,HyboNet,2,64,0.005,6,50,0.5275590551181102,1.0,0.5769230769230769
11647,HyboNet,2,64,0.005,6,51,0.5275590551181102,1.0,0.5769230769230769
11648,HyboNet,2,64,0.005,6,52,0.5275590551181102,1.0,0.5384615384615384
11649,HyboNet,2,64,0.005,6,53,0.5354330708661418,1.0,0.5384615384615384
11650,HyboNet,2,64,0.005,6,54,0.5433070866141733,1.0,0.5384615384615384
11651,HyboNet,2,64,0.005,6,55,0.5433070866141733,1.0,0.5384615384615384
11652,HyboNet,2,64,0.005,6,56,0.5433070866141733,1.0,0.5384615384615384
11653,HyboNet,2,64,0.005,6,57,0.5433070866141733,1.0,0.5384615384615384
11654,HyboNet,2,64,0.005,6,58,0.5433070866141733,1.0,0.5384615384615384
11655,HyboNet,2,64,0.005,6,59,0.5433070866141733,1.0,0.5384615384615384
11656,HyboNet,2,64,0.005,6,6,0.5354330708661418,0.6,0.5769230769230769
11657,HyboNet,2,64,0.005,6,60,0.5433070866141733,1.0,0.5384615384615384
11658,HyboNet,2,64,0.005,6,61,0.5354330708661418,1.0,0.5384615384615384
11659,HyboNet,2,64,0.005,6,62,0.5354330708661418,1.0,0.5
11660,HyboNet,2,64,0.005,6,63,0.5275590551181102,1.0,0.5
11661,HyboNet,2,64,0.005,6,64,0.5354330708661418,1.0,0.5
11662,HyboNet,2,64,0.005,6,65,0.5275590551181102,1.0,0.5
11663,HyboNet,2,64,0.005,6,66,0.5511811023622047,1.0,0.5
11664,HyboNet,2,64,0.005,6,67,0.5590551181102362,1.0,0.5
11665,HyboNet,2,64,0.005,6,68,0.5590551181102362,1.0,0.5
11666,HyboNet,2,64,0.005,6,69,0.5511811023622047,1.0,0.5
11667,HyboNet,2,64,0.005,6,7,0.5354330708661418,0.6,0.5769230769230769
11668,HyboNet,2,64,0.005,6,70,0.5433070866141733,1.0,0.5
11669,HyboNet,2,64,0.005,6,71,0.5275590551181102,1.0,0.46153846153846156
11670,HyboNet,2,64,0.005,6,72,0.5196850393700787,1.0,0.46153846153846156
11671,HyboNet,2,64,0.005,6,73,0.5118110236220472,1.0,0.46153846153846156
11672,HyboNet,2,64,0.005,6,74,0.5196850393700787,1.0,0.46153846153846156
11673,HyboNet,2,64,0.005,6,75,0.5196850393700787,1.0,0.46153846153846156
11674,HyboNet,2,64,0.005,6,76,0.5196850393700787,1.0,0.46153846153846156
11675,HyboNet,2,64,0.005,6,77,0.5196850393700787,1.0,0.46153846153846156
11676,HyboNet,2,64,0.005,6,78,0.5196850393700787,1.0,0.46153846153846156
11677,HyboNet,2,64,0.005,6,79,0.5275590551181102,1.0,0.46153846153846156
11678,HyboNet,2,64,0.005,6,8,0.5354330708661418,0.6333333333333333,0.5769230769230769
11679,HyboNet,2,64,0.005,6,80,0.5196850393700787,1.0,0.46153846153846156
11680,HyboNet,2,64,0.005,6,81,0.5039370078740157,1.0,0.46153846153846156
11681,HyboNet,2,64,0.005,6,82,0.49606299212598426,1.0,0.46153846153846156
11682,HyboNet,2,64,0.005,6,83,0.48031496062992124,1.0,0.46153846153846156
11683,HyboNet,2,64,0.005,6,84,0.47244094488188976,1.0,0.4230769230769231
11684,HyboNet,2,64,0.005,6,85,0.47244094488188976,1.0,0.4230769230769231
11685,HyboNet,2,64,0.005,6,86,0.47244094488188976,1.0,0.4230769230769231
11686,HyboNet,2,64,0.005,6,87,0.47244094488188976,1.0,0.4230769230769231
11687,HyboNet,2,64,0.005,6,88,0.48031496062992124,1.0,0.4230769230769231
11688,HyboNet,2,64,0.005,6,89,0.48031496062992124,1.0,0.4230769230769231
11689,HyboNet,2,64,0.005,6,9,0.5354330708661418,0.6333333333333333,0.5769230769230769
11690,HyboNet,2,64,0.005,6,90,0.47244094488188976,1.0,0.46153846153846156
11691,HyboNet,2,64,0.005,6,91,0.47244094488188976,1.0,0.46153846153846156
11692,HyboNet,2,64,0.005,6,92,0.47244094488188976,1.0,0.46153846153846156
11693,HyboNet,2,64,0.005,6,93,0.47244094488188976,1.0,0.46153846153846156
11694,HyboNet,2,64,0.005,6,94,0.4645669291338583,1.0,0.46153846153846156
11695,HyboNet,2,64,0.005,6,95,0.48031496062992124,1.0,0.46153846153846156
11696,HyboNet,2,64,0.005,6,96,0.4881889763779528,1.0,0.46153846153846156
11697,HyboNet,2,64,0.005,6,97,0.48031496062992124,1.0,0.46153846153846156
11698,HyboNet,2,64,0.005,6,98,0.48031496062992124,1.0,0.46153846153846156
11699,HyboNet,2,64,0.005,6,99,0.48031496062992124,1.0,0.46153846153846156
11700,HyboNet,2,64,0.005,7,1,0.5354330708661418,0.6,0.5769230769230769
11701,HyboNet,2,64,0.005,7,10,0.5354330708661418,0.6,0.5769230769230769
11702,HyboNet,2,64,0.005,7,100,0.5039370078740157,1.0,0.46153846153846156
11703,HyboNet,2,64,0.005,7,11,0.5354330708661418,0.6333333333333333,0.5769230769230769
11704,HyboNet,2,64,0.005,7,12,0.5354330708661418,0.6333333333333333,0.5769230769230769
11705,HyboNet,2,64,0.005,7,13,0.5433070866141733,0.6666666666666666,0.5769230769230769
11706,HyboNet,2,64,0.005,7,14,0.5433070866141733,0.7,0.5769230769230769
11707,HyboNet,2,64,0.005,7,15,0.5511811023622047,0.7333333333333333,0.5769230769230769
11708,HyboNet,2,64,0.005,7,16,0.5511811023622047,0.7333333333333333,0.5384615384615384
11709,HyboNet,2,64,0.005,7,17,0.5433070866141733,0.7333333333333333,0.5384615384615384
11710,HyboNet,2,64,0.005,7,18,0.5511811023622047,0.7666666666666667,0.5384615384615384
11711,HyboNet,2,64,0.005,7,19,0.5590551181102362,0.8,0.5384615384615384
11712,HyboNet,2,64,0.005,7,2,0.5354330708661418,0.6,0.5769230769230769
11713,HyboNet,2,64,0.005,7,20,0.5511811023622047,0.8,0.5384615384615384
11714,HyboNet,2,64,0.005,7,21,0.5590551181102362,0.8,0.5384615384615384
11715,HyboNet,2,64,0.005,7,22,0.5590551181102362,0.8,0.5384615384615384
11716,HyboNet,2,64,0.005,7,23,0.5590551181102362,0.8,0.5384615384615384
11717,HyboNet,2,64,0.005,7,24,0.5590551181102362,0.8,0.5384615384615384
11718,HyboNet,2,64,0.005,7,25,0.5590551181102362,0.8,0.5384615384615384
11719,HyboNet,2,64,0.005,7,26,0.5511811023622047,0.8,0.5384615384615384
11720,HyboNet,2,64,0.005,7,27,0.5433070866141733,0.8,0.5384615384615384
11721,HyboNet,2,64,0.005,7,28,0.5433070866141733,0.8,0.5384615384615384
11722,HyboNet,2,64,0.005,7,29,0.5511811023622047,0.8333333333333334,0.5384615384615384
11723,HyboNet,2,64,0.005,7,3,0.5354330708661418,0.6,0.5769230769230769
11724,HyboNet,2,64,0.005,7,30,0.5433070866141733,0.8333333333333334,0.5384615384615384
11725,HyboNet,2,64,0.005,7,31,0.5354330708661418,0.8333333333333334,0.5384615384615384
11726,HyboNet,2,64,0.005,7,32,0.5354330708661418,0.8333333333333334,0.5384615384615384
11727,HyboNet,2,64,0.005,7,33,0.5354330708661418,0.8333333333333334,0.5384615384615384
11728,HyboNet,2,64,0.005,7,34,0.5354330708661418,0.8333333333333334,0.5769230769230769
11729,HyboNet,2,64,0.005,7,35,0.5433070866141733,0.8666666666666667,0.5769230769230769
11730,HyboNet,2,64,0.005,7,36,0.5433070866141733,0.9,0.6153846153846154
11731,HyboNet,2,64,0.005,7,37,0.5433070866141733,0.9333333333333333,0.6538461538461539
11732,HyboNet,2,64,0.005,7,38,0.5433070866141733,0.9333333333333333,0.6153846153846154
11733,HyboNet,2,64,0.005,7,39,0.5511811023622047,0.9333333333333333,0.6153846153846154
11734,HyboNet,2,64,0.005,7,4,0.5354330708661418,0.6,0.5769230769230769
11735,HyboNet,2,64,0.005,7,40,0.5669291338582677,0.9666666666666667,0.6153846153846154
11736,HyboNet,2,64,0.005,7,41,0.5748031496062992,0.9666666666666667,0.6153846153846154
11737,HyboNet,2,64,0.005,7,42,0.5826771653543307,0.9666666666666667,0.5769230769230769
11738,HyboNet,2,64,0.005,7,43,0.5905511811023622,0.9666666666666667,0.6153846153846154
11739,HyboNet,2,64,0.005,7,44,0.5984251968503937,0.9666666666666667,0.6153846153846154
11740,HyboNet,2,64,0.005,7,45,0.5905511811023622,1.0,0.6153846153846154
11741,HyboNet,2,64,0.005,7,46,0.5905511811023622,1.0,0.6153846153846154
11742,HyboNet,2,64,0.005,7,47,0.5826771653543307,1.0,0.6153846153846154
11743,HyboNet,2,64,0.005,7,48,0.5826771653543307,1.0,0.6153846153846154
11744,HyboNet,2,64,0.005,7,49,0.5748031496062992,1.0,0.6153846153846154
11745,HyboNet,2,64,0.005,7,5,0.5354330708661418,0.6,0.5769230769230769
11746,HyboNet,2,64,0.005,7,50,0.5669291338582677,1.0,0.6153846153846154
11747,HyboNet,2,64,0.005,7,51,0.5669291338582677,1.0,0.6153846153846154
11748,HyboNet,2,64,0.005,7,52,0.5669291338582677,1.0,0.6153846153846154
11749,HyboNet,2,64,0.005,7,53,0.5511811023622047,1.0,0.6153846153846154
11750,HyboNet,2,64,0.005,7,54,0.5590551181102362,1.0,0.6153846153846154
11751,HyboNet,2,64,0.005,7,55,0.5590551181102362,1.0,0.6153846153846154
11752,HyboNet,2,64,0.005,7,56,0.5433070866141733,1.0,0.6153846153846154
11753,HyboNet,2,64,0.005,7,57,0.5433070866141733,1.0,0.6153846153846154
11754,HyboNet,2,64,0.005,7,58,0.5354330708661418,1.0,0.5769230769230769
11755,HyboNet,2,64,0.005,7,59,0.5354330708661418,1.0,0.5769230769230769
11756,HyboNet,2,64,0.005,7,6,0.5354330708661418,0.6,0.5769230769230769
11757,HyboNet,2,64,0.005,7,60,0.5433070866141733,1.0,0.5769230769230769
11758,HyboNet,2,64,0.005,7,61,0.5511811023622047,1.0,0.5384615384615384
11759,HyboNet,2,64,0.005,7,62,0.5511811023622047,1.0,0.5
11760,HyboNet,2,64,0.005,7,63,0.5511811023622047,1.0,0.5
11761,HyboNet,2,64,0.005,7,64,0.5511811023622047,1.0,0.5
11762,HyboNet,2,64,0.005,7,65,0.5590551181102362,1.0,0.5
11763,HyboNet,2,64,0.005,7,66,0.5511811023622047,1.0,0.5
11764,HyboNet,2,64,0.005,7,67,0.5433070866141733,1.0,0.46153846153846156
11765,HyboNet,2,64,0.005,7,68,0.5433070866141733,1.0,0.46153846153846156
11766,HyboNet,2,64,0.005,7,69,0.5511811023622047,1.0,0.46153846153846156
11767,HyboNet,2,64,0.005,7,7,0.5354330708661418,0.6,0.5769230769230769
11768,HyboNet,2,64,0.005,7,70,0.5511811023622047,1.0,0.46153846153846156
11769,HyboNet,2,64,0.005,7,71,0.5433070866141733,1.0,0.46153846153846156
11770,HyboNet,2,64,0.005,7,72,0.5354330708661418,1.0,0.46153846153846156
11771,HyboNet,2,64,0.005,7,73,0.5433070866141733,1.0,0.46153846153846156
11772,HyboNet,2,64,0.005,7,74,0.5275590551181102,1.0,0.46153846153846156
11773,HyboNet,2,64,0.005,7,75,0.5275590551181102,1.0,0.46153846153846156
11774,HyboNet,2,64,0.005,7,76,0.5275590551181102,1.0,0.46153846153846156
11775,HyboNet,2,64,0.005,7,77,0.5275590551181102,1.0,0.46153846153846156
11776,HyboNet,2,64,0.005,7,78,0.5196850393700787,1.0,0.46153846153846156
11777,HyboNet,2,64,0.005,7,79,0.5118110236220472,1.0,0.46153846153846156
11778,HyboNet,2,64,0.005,7,8,0.5354330708661418,0.6,0.5769230769230769
11779,HyboNet,2,64,0.005,7,80,0.5118110236220472,1.0,0.46153846153846156
11780,HyboNet,2,64,0.005,7,81,0.5039370078740157,1.0,0.46153846153846156
11781,HyboNet,2,64,0.005,7,82,0.5039370078740157,1.0,0.46153846153846156
11782,HyboNet,2,64,0.005,7,83,0.5039370078740157,1.0,0.46153846153846156
11783,HyboNet,2,64,0.005,7,84,0.5039370078740157,1.0,0.46153846153846156
11784,HyboNet,2,64,0.005,7,85,0.49606299212598426,1.0,0.46153846153846156
11785,HyboNet,2,64,0.005,7,86,0.5039370078740157,1.0,0.46153846153846156
11786,HyboNet,2,64,0.005,7,87,0.49606299212598426,1.0,0.4230769230769231
11787,HyboNet,2,64,0.005,7,88,0.49606299212598426,1.0,0.4230769230769231
11788,HyboNet,2,64,0.005,7,89,0.49606299212598426,1.0,0.4230769230769231
11789,HyboNet,2,64,0.005,7,9,0.5354330708661418,0.6,0.5769230769230769
11790,HyboNet,2,64,0.005,7,90,0.4881889763779528,1.0,0.4230769230769231
11791,HyboNet,2,64,0.005,7,91,0.49606299212598426,1.0,0.4230769230769231
11792,HyboNet,2,64,0.005,7,92,0.4881889763779528,1.0,0.4230769230769231
11793,HyboNet,2,64,0.005,7,93,0.5039370078740157,1.0,0.4230769230769231
11794,HyboNet,2,64,0.005,7,94,0.5039370078740157,1.0,0.46153846153846156
11795,HyboNet,2,64,0.005,7,95,0.49606299212598426,1.0,0.4230769230769231
11796,HyboNet,2,64,0.005,7,96,0.48031496062992124,1.0,0.4230769230769231
11797,HyboNet,2,64,0.005,7,97,0.4881889763779528,1.0,0.4230769230769231
11798,HyboNet,2,64,0.005,7,98,0.49606299212598426,1.0,0.4230769230769231
11799,HyboNet,2,64,0.005,7,99,0.5039370078740157,1.0,0.46153846153846156
11800,HyboNet,2,64,0.005,8,1,0.5354330708661418,0.6,0.5769230769230769
11801,HyboNet,2,64,0.005,8,10,0.5354330708661418,0.6666666666666666,0.5769230769230769
11802,HyboNet,2,64,0.005,8,100,0.5433070866141733,1.0,0.5384615384615384
11803,HyboNet,2,64,0.005,8,11,0.5433070866141733,0.7,0.5769230769230769
11804,HyboNet,2,64,0.005,8,12,0.5433070866141733,0.7333333333333333,0.5769230769230769
11805,HyboNet,2,64,0.005,8,13,0.5433070866141733,0.7333333333333333,0.5384615384615384
11806,HyboNet,2,64,0.005,8,14,0.5511811023622047,0.7333333333333333,0.5384615384615384
11807,HyboNet,2,64,0.005,8,15,0.5433070866141733,0.7666666666666667,0.5384615384615384
11808,HyboNet,2,64,0.005,8,16,0.5433070866141733,0.8,0.5384615384615384
11809,HyboNet,2,64,0.005,8,17,0.5511811023622047,0.8,0.5384615384615384
11810,HyboNet,2,64,0.005,8,18,0.5590551181102362,0.8,0.5384615384615384
11811,HyboNet,2,64,0.005,8,19,0.5590551181102362,0.8,0.5384615384615384
11812,HyboNet,2,64,0.005,8,2,0.5354330708661418,0.6,0.5769230769230769
11813,HyboNet,2,64,0.005,8,20,0.5590551181102362,0.8,0.5384615384615384
11814,HyboNet,2,64,0.005,8,21,0.5590551181102362,0.8,0.5384615384615384
11815,HyboNet,2,64,0.005,8,22,0.5590551181102362,0.8,0.5384615384615384
11816,HyboNet,2,64,0.005,8,23,0.5590551181102362,0.8,0.5384615384615384
11817,HyboNet,2,64,0.005,8,24,0.5590551181102362,0.8,0.5384615384615384
11818,HyboNet,2,64,0.005,8,25,0.5433070866141733,0.8,0.5384615384615384
11819,HyboNet,2,64,0.005,8,26,0.5433070866141733,0.8,0.5384615384615384
11820,HyboNet,2,64,0.005,8,27,0.5433070866141733,0.8,0.5384615384615384
11821,HyboNet,2,64,0.005,8,28,0.5433070866141733,0.8,0.5384615384615384
11822,HyboNet,2,64,0.005,8,29,0.5433070866141733,0.8,0.5384615384615384
11823,HyboNet,2,64,0.005,8,3,0.5354330708661418,0.6,0.5769230769230769
11824,HyboNet,2,64,0.005,8,30,0.5433070866141733,0.8,0.5384615384615384
11825,HyboNet,2,64,0.005,8,31,0.5433070866141733,0.8,0.5384615384615384
11826,HyboNet,2,64,0.005,8,32,0.5433070866141733,0.8333333333333334,0.5384615384615384
11827,HyboNet,2,64,0.005,8,33,0.5354330708661418,0.8333333333333334,0.5384615384615384
11828,HyboNet,2,64,0.005,8,34,0.5354330708661418,0.8333333333333334,0.5384615384615384
11829,HyboNet,2,64,0.005,8,35,0.5354330708661418,0.8333333333333334,0.5384615384615384
11830,HyboNet,2,64,0.005,8,36,0.5354330708661418,0.8666666666666667,0.5384615384615384
11831,HyboNet,2,64,0.005,8,37,0.5354330708661418,0.8666666666666667,0.5384615384615384
11832,HyboNet,2,64,0.005,8,38,0.5354330708661418,0.8666666666666667,0.5384615384615384
11833,HyboNet,2,64,0.005,8,39,0.5511811023622047,0.9,0.5384615384615384
11834,HyboNet,2,64,0.005,8,4,0.5354330708661418,0.6,0.5769230769230769
11835,HyboNet,2,64,0.005,8,40,0.5669291338582677,0.9333333333333333,0.5769230769230769
11836,HyboNet,2,64,0.005,8,41,0.5669291338582677,0.9333333333333333,0.5769230769230769
11837,HyboNet,2,64,0.005,8,42,0.5669291338582677,0.9333333333333333,0.5769230769230769
11838,HyboNet,2,64,0.005,8,43,0.5511811023622047,0.9333333333333333,0.6153846153846154
11839,HyboNet,2,64,0.005,8,44,0.5433070866141733,0.9333333333333333,0.5769230769230769
11840,HyboNet,2,64,0.005,8,45,0.5511811023622047,0.9333333333333333,0.5769230769230769
11841,HyboNet,2,64,0.005,8,46,0.5511811023622047,0.9333333333333333,0.5769230769230769
11842,HyboNet,2,64,0.005,8,47,0.5590551181102362,0.9333333333333333,0.5769230769230769
11843,HyboNet,2,64,0.005,8,48,0.5354330708661418,0.9333333333333333,0.5769230769230769
11844,HyboNet,2,64,0.005,8,49,0.5354330708661418,0.9666666666666667,0.6153846153846154
11845,HyboNet,2,64,0.005,8,5,0.5354330708661418,0.6,0.5769230769230769
11846,HyboNet,2,64,0.005,8,50,0.5669291338582677,0.9666666666666667,0.6153846153846154
11847,HyboNet,2,64,0.005,8,51,0.5748031496062992,0.9666666666666667,0.6153846153846154
11848,HyboNet,2,64,0.005,8,52,0.5905511811023622,0.9666666666666667,0.6538461538461539
11849,HyboNet,2,64,0.005,8,53,0.5905511811023622,0.9666666666666667,0.6538461538461539
11850,HyboNet,2,64,0.005,8,54,0.5905511811023622,0.9666666666666667,0.6538461538461539
11851,HyboNet,2,64,0.005,8,55,0.5826771653543307,0.9666666666666667,0.6538461538461539
11852,HyboNet,2,64,0.005,8,56,0.5826771653543307,0.9666666666666667,0.6538461538461539
11853,HyboNet,2,64,0.005,8,57,0.5826771653543307,0.9666666666666667,0.6538461538461539
11854,HyboNet,2,64,0.005,8,58,0.5748031496062992,0.9666666666666667,0.6538461538461539
11855,HyboNet,2,64,0.005,8,59,0.5748031496062992,0.9666666666666667,0.6538461538461539
11856,HyboNet,2,64,0.005,8,6,0.5354330708661418,0.6,0.5769230769230769
11857,HyboNet,2,64,0.005,8,60,0.5748031496062992,0.9666666666666667,0.6538461538461539
11858,HyboNet,2,64,0.005,8,61,0.5669291338582677,0.9666666666666667,0.6538461538461539
11859,HyboNet,2,64,0.005,8,62,0.5748031496062992,0.9666666666666667,0.6538461538461539
11860,HyboNet,2,64,0.005,8,63,0.5748031496062992,0.9666666666666667,0.6538461538461539
11861,HyboNet,2,64,0.005,8,64,0.5590551181102362,0.9666666666666667,0.6538461538461539
11862,HyboNet,2,64,0.005,8,65,0.5669291338582677,0.9666666666666667,0.6538461538461539
11863,HyboNet,2,64,0.005,8,66,0.5669291338582677,0.9666666666666667,0.6538461538461539
11864,HyboNet,2,64,0.005,8,67,0.5669291338582677,0.9666666666666667,0.6538461538461539
11865,HyboNet,2,64,0.005,8,68,0.5669291338582677,0.9666666666666667,0.6538461538461539
11866,HyboNet,2,64,0.005,8,69,0.5669291338582677,0.9666666666666667,0.6538461538461539
11867,HyboNet,2,64,0.005,8,7,0.5354330708661418,0.6,0.5769230769230769
11868,HyboNet,2,64,0.005,8,70,0.5669291338582677,0.9666666666666667,0.6538461538461539
11869,HyboNet,2,64,0.005,8,71,0.5669291338582677,0.9666666666666667,0.6538461538461539
11870,HyboNet,2,64,0.005,8,72,0.5669291338582677,0.9666666666666667,0.6538461538461539
11871,HyboNet,2,64,0.005,8,73,0.5669291338582677,1.0,0.6538461538461539
11872,HyboNet,2,64,0.005,8,74,0.5669291338582677,1.0,0.6538461538461539
11873,HyboNet,2,64,0.005,8,75,0.5669291338582677,1.0,0.6538461538461539
11874,HyboNet,2,64,0.005,8,76,0.5748031496062992,1.0,0.6538461538461539
11875,HyboNet,2,64,0.005,8,77,0.5748031496062992,1.0,0.6538461538461539
11876,HyboNet,2,64,0.005,8,78,0.5748031496062992,1.0,0.6538461538461539
11877,HyboNet,2,64,0.005,8,79,0.5748031496062992,1.0,0.6538461538461539
11878,HyboNet,2,64,0.005,8,8,0.5354330708661418,0.6333333333333333,0.5769230769230769
11879,HyboNet,2,64,0.005,8,80,0.5826771653543307,1.0,0.6538461538461539
11880,HyboNet,2,64,0.005,8,81,0.5826771653543307,1.0,0.6538461538461539
11881,HyboNet,2,64,0.005,8,82,0.5826771653543307,1.0,0.6538461538461539
11882,HyboNet,2,64,0.005,8,83,0.5826771653543307,1.0,0.6538461538461539
11883,HyboNet,2,64,0.005,8,84,0.5826771653543307,1.0,0.6538461538461539
11884,HyboNet,2,64,0.005,8,85,0.5748031496062992,1.0,0.6538461538461539
11885,HyboNet,2,64,0.005,8,86,0.5748031496062992,1.0,0.6538461538461539
11886,HyboNet,2,64,0.005,8,87,0.5748031496062992,1.0,0.6538461538461539
11887,HyboNet,2,64,0.005,8,88,0.5669291338582677,1.0,0.6538461538461539
11888,HyboNet,2,64,0.005,8,89,0.5669291338582677,1.0,0.6538461538461539
11889,HyboNet,2,64,0.005,8,9,0.5354330708661418,0.6333333333333333,0.5769230769230769
11890,HyboNet,2,64,0.005,8,90,0.5669291338582677,1.0,0.6538461538461539
11891,HyboNet,2,64,0.005,8,91,0.5669291338582677,1.0,0.6538461538461539
11892,HyboNet,2,64,0.005,8,92,0.5590551181102362,1.0,0.6538461538461539
11893,HyboNet,2,64,0.005,8,93,0.5511811023622047,1.0,0.6538461538461539
11894,HyboNet,2,64,0.005,8,94,0.5511811023622047,1.0,0.5769230769230769
11895,HyboNet,2,64,0.005,8,95,0.5511811023622047,1.0,0.5769230769230769
11896,HyboNet,2,64,0.005,8,96,0.5511811023622047,1.0,0.5769230769230769
11897,HyboNet,2,64,0.005,8,97,0.5511811023622047,1.0,0.5769230769230769
11898,HyboNet,2,64,0.005,8,98,0.5511811023622047,1.0,0.5769230769230769
11899,HyboNet,2,64,0.005,8,99,0.5433070866141733,1.0,0.5384615384615384
11900,HyboNet,2,64,0.005,9,1,0.5354330708661418,0.6,0.5769230769230769
11901,HyboNet,2,64,0.005,9,10,0.5354330708661418,0.6,0.5769230769230769
11902,HyboNet,2,64,0.005,9,100,0.5275590551181102,1.0,0.5384615384615384
11903,HyboNet,2,64,0.005,9,11,0.5354330708661418,0.6,0.5769230769230769
11904,HyboNet,2,64,0.005,9,12,0.5354330708661418,0.6333333333333333,0.5769230769230769
11905,HyboNet,2,64,0.005,9,13,0.5354330708661418,0.6333333333333333,0.5769230769230769
11906,HyboNet,2,64,0.005,9,14,0.5354330708661418,0.6333333333333333,0.5769230769230769
11907,HyboNet,2,64,0.005,9,15,0.5433070866141733,0.6666666666666666,0.5769230769230769
11908,HyboNet,2,64,0.005,9,16,0.5433070866141733,0.7,0.5769230769230769
11909,HyboNet,2,64,0.005,9,17,0.5511811023622047,0.7333333333333333,0.5769230769230769
11910,HyboNet,2,64,0.005,9,18,0.5511811023622047,0.7333333333333333,0.5384615384615384
11911,HyboNet,2,64,0.005,9,19,0.5511811023622047,0.7333333333333333,0.5384615384615384
11912,HyboNet,2,64,0.005,9,2,0.5354330708661418,0.6,0.5769230769230769
11913,HyboNet,2,64,0.005,9,20,0.5511811023622047,0.7666666666666667,0.5384615384615384
11914,HyboNet,2,64,0.005,9,21,0.5511811023622047,0.8,0.5384615384615384
11915,HyboNet,2,64,0.005,9,22,0.5669291338582677,0.8,0.5384615384615384
11916,HyboNet,2,64,0.005,9,23,0.5826771653543307,0.8,0.5384615384615384
11917,HyboNet,2,64,0.005,9,24,0.5826771653543307,0.8,0.5769230769230769
11918,HyboNet,2,64,0.005,9,25,0.5748031496062992,0.8,0.5769230769230769
11919,HyboNet,2,64,0.005,9,26,0.5669291338582677,0.8,0.5769230769230769
11920,HyboNet,2,64,0.005,9,27,0.5748031496062992,0.8,0.5769230769230769
11921,HyboNet,2,64,0.005,9,28,0.5748031496062992,0.8,0.5769230769230769
11922,HyboNet,2,64,0.005,9,29,0.5748031496062992,0.8,0.5769230769230769
11923,HyboNet,2,64,0.005,9,3,0.5354330708661418,0.6,0.5769230769230769
11924,HyboNet,2,64,0.005,9,30,0.5748031496062992,0.8,0.5384615384615384
11925,HyboNet,2,64,0.005,9,31,0.5669291338582677,0.8,0.5384615384615384
11926,HyboNet,2,64,0.005,9,32,0.5669291338582677,0.8,0.5384615384615384
11927,HyboNet,2,64,0.005,9,33,0.5669291338582677,0.8,0.5384615384615384
11928,HyboNet,2,64,0.005,9,34,0.5669291338582677,0.8,0.5384615384615384
11929,HyboNet,2,64,0.005,9,35,0.5590551181102362,0.8,0.5384615384615384
11930,HyboNet,2,64,0.005,9,36,0.5590551181102362,0.8,0.5384615384615384
11931,HyboNet,2,64,0.005,9,37,0.5590551181102362,0.8,0.5384615384615384
11932,HyboNet,2,64,0.005,9,38,0.5590551181102362,0.8,0.5384615384615384
11933,HyboNet,2,64,0.005,9,39,0.5511811023622047,0.8333333333333334,0.5384615384615384
11934,HyboNet,2,64,0.005,9,4,0.5354330708661418,0.6,0.5769230769230769
11935,HyboNet,2,64,0.005,9,40,0.5511811023622047,0.8666666666666667,0.5384615384615384
11936,HyboNet,2,64,0.005,9,41,0.5511811023622047,0.8666666666666667,0.5384615384615384
11937,HyboNet,2,64,0.005,9,42,0.5433070866141733,0.8666666666666667,0.5384615384615384
11938,HyboNet,2,64,0.005,9,43,0.5433070866141733,0.8666666666666667,0.5384615384615384
11939,HyboNet,2,64,0.005,9,44,0.5433070866141733,0.8666666666666667,0.5384615384615384
11940,HyboNet,2,64,0.005,9,45,0.5354330708661418,0.8666666666666667,0.5769230769230769
11941,HyboNet,2,64,0.005,9,46,0.5433070866141733,0.9,0.5769230769230769
11942,HyboNet,2,64,0.005,9,47,0.5433070866141733,0.9,0.5769230769230769
11943,HyboNet,2,64,0.005,9,48,0.5511811023622047,0.9666666666666667,0.6153846153846154
11944,HyboNet,2,64,0.005,9,49,0.5433070866141733,0.9666666666666667,0.6538461538461539
11945,HyboNet,2,64,0.005,9,5,0.5354330708661418,0.6,0.5769230769230769
11946,HyboNet,2,64,0.005,9,50,0.5433070866141733,0.9666666666666667,0.6538461538461539
11947,HyboNet,2,64,0.005,9,51,0.5433070866141733,1.0,0.6538461538461539
11948,HyboNet,2,64,0.005,9,52,0.5511811023622047,1.0,0.6538461538461539
11949,HyboNet,2,64,0.005,9,53,0.5590551181102362,1.0,0.6153846153846154
11950,HyboNet,2,64,0.005,9,54,0.5669291338582677,1.0,0.5769230769230769
11951,HyboNet,2,64,0.005,9,55,0.5748031496062992,1.0,0.5769230769230769
11952,HyboNet,2,64,0.005,9,56,0.5669291338582677,1.0,0.5769230769230769
11953,HyboNet,2,64,0.005,9,57,0.5590551181102362,1.0,0.5769230769230769
11954,HyboNet,2,64,0.005,9,58,0.5433070866141733,1.0,0.6538461538461539
11955,HyboNet,2,64,0.005,9,59,0.5590551181102362,1.0,0.6538461538461539
11956,HyboNet,2,64,0.005,9,6,0.5354330708661418,0.6,0.5769230769230769
11957,HyboNet,2,64,0.005,9,60,0.5590551181102362,1.0,0.6538461538461539
11958,HyboNet,2,64,0.005,9,61,0.5669291338582677,1.0,0.6538461538461539
11959,HyboNet,2,64,0.005,9,62,0.5748031496062992,1.0,0.6538461538461539
11960,HyboNet,2,64,0.005,9,63,0.5669291338582677,1.0,0.6538461538461539
11961,HyboNet,2,64,0.005,9,64,0.5669291338582677,1.0,0.6538461538461539
11962,HyboNet,2,64,0.005,9,65,0.5669291338582677,1.0,0.6538461538461539
11963,HyboNet,2,64,0.005,9,66,0.5748031496062992,1.0,0.6538461538461539
11964,HyboNet,2,64,0.005,9,67,0.5748031496062992,1.0,0.6538461538461539
11965,HyboNet,2,64,0.005,9,68,0.5669291338582677,1.0,0.6538461538461539
11966,HyboNet,2,64,0.005,9,69,0.5669291338582677,1.0,0.6538461538461539
11967,HyboNet,2,64,0.005,9,7,0.5354330708661418,0.6,0.5769230769230769
11968,HyboNet,2,64,0.005,9,70,0.5590551181102362,1.0,0.6538461538461539
11969,HyboNet,2,64,0.005,9,71,0.5511811023622047,1.0,0.6153846153846154
11970,HyboNet,2,64,0.005,9,72,0.5590551181102362,1.0,0.6153846153846154
11971,HyboNet,2,64,0.005,9,73,0.5590551181102362,1.0,0.6153846153846154
11972,HyboNet,2,64,0.005,9,74,0.5669291338582677,1.0,0.6153846153846154
11973,HyboNet,2,64,0.005,9,75,0.5669291338582677,1.0,0.6153846153846154
11974,HyboNet,2,64,0.005,9,76,0.5590551181102362,1.0,0.6153846153846154
11975,HyboNet,2,64,0.005,9,77,0.5511811023622047,1.0,0.6153846153846154
11976,HyboNet,2,64,0.005,9,78,0.5433070866141733,1.0,0.6153846153846154
11977,HyboNet,2,64,0.005,9,79,0.5354330708661418,1.0,0.6153846153846154
11978,HyboNet,2,64,0.005,9,8,0.5354330708661418,0.6,0.5769230769230769
11979,HyboNet,2,64,0.005,9,80,0.5354330708661418,1.0,0.6153846153846154
11980,HyboNet,2,64,0.005,9,81,0.5354330708661418,1.0,0.6153846153846154
11981,HyboNet,2,64,0.005,9,82,0.5354330708661418,1.0,0.6153846153846154
11982,HyboNet,2,64,0.005,9,83,0.5354330708661418,1.0,0.6153846153846154
11983,HyboNet,2,64,0.005,9,84,0.5275590551181102,1.0,0.6153846153846154
11984,HyboNet,2,64,0.005,9,85,0.5196850393700787,1.0,0.6153846153846154
11985,HyboNet,2,64,0.005,9,86,0.5275590551181102,1.0,0.6153846153846154
11986,HyboNet,2,64,0.005,9,87,0.5196850393700787,1.0,0.6153846153846154
11987,HyboNet,2,64,0.005,9,88,0.5354330708661418,1.0,0.5769230769230769
11988,HyboNet,2,64,0.005,9,89,0.5354330708661418,1.0,0.5769230769230769
11989,HyboNet,2,64,0.005,9,9,0.5354330708661418,0.6,0.5769230769230769
11990,HyboNet,2,64,0.005,9,90,0.5354330708661418,1.0,0.5769230769230769
11991,HyboNet,2,64,0.005,9,91,0.5354330708661418,1.0,0.5384615384615384
11992,HyboNet,2,64,0.005,9,92,0.5275590551181102,1.0,0.5384615384615384
11993,HyboNet,2,64,0.005,9,93,0.5275590551181102,1.0,0.5384615384615384
11994,HyboNet,2,64,0.005,9,94,0.5275590551181102,1.0,0.5384615384615384
11995,HyboNet,2,64,0.005,9,95,0.5275590551181102,1.0,0.5384615384615384
11996,HyboNet,2,64,0.005,9,96,0.5275590551181102,1.0,0.5384615384615384
11997,HyboNet,2,64,0.005,9,97,0.5275590551181102,1.0,0.5384615384615384
11998,HyboNet,2,64,0.005,9,98,0.5354330708661418,1.0,0.5384615384615384
11999,HyboNet,2,64,0.005,9,99,0.5275590551181102,1.0,0.5384615384615384
12000,HyboNet,3,128,0.0002,1,1,0.2755905511811024,0.36666666666666664,0.34615384615384615
12001,HyboNet,3,128,0.0002,1,10,0.5354330708661418,0.6333333333333333,0.5769230769230769
12002,HyboNet,3,128,0.0002,1,100,0.48031496062992124,1.0,0.5769230769230769
12003,HyboNet,3,128,0.0002,1,11,0.5354330708661418,0.6333333333333333,0.5769230769230769
12004,HyboNet,3,128,0.0002,1,12,0.5354330708661418,0.6333333333333333,0.5769230769230769
12005,HyboNet,3,128,0.0002,1,13,0.5275590551181102,0.6333333333333333,0.5769230769230769
12006,HyboNet,3,128,0.0002,1,14,0.5275590551181102,0.6333333333333333,0.5769230769230769
12007,HyboNet,3,128,0.0002,1,15,0.5275590551181102,0.6333333333333333,0.5769230769230769
12008,HyboNet,3,128,0.0002,1,16,0.5196850393700787,0.7,0.5769230769230769
12009,HyboNet,3,128,0.0002,1,17,0.5196850393700787,0.7,0.5769230769230769
12010,HyboNet,3,128,0.0002,1,18,0.5196850393700787,0.7333333333333333,0.5769230769230769
12011,HyboNet,3,128,0.0002,1,19,0.5196850393700787,0.7333333333333333,0.5769230769230769
12012,HyboNet,3,128,0.0002,1,2,0.4015748031496063,0.5666666666666667,0.46153846153846156
12013,HyboNet,3,128,0.0002,1,20,0.5196850393700787,0.7666666666666667,0.5769230769230769
12014,HyboNet,3,128,0.0002,1,21,0.5196850393700787,0.7666666666666667,0.5769230769230769
12015,HyboNet,3,128,0.0002,1,22,0.5354330708661418,0.7666666666666667,0.5769230769230769
12016,HyboNet,3,128,0.0002,1,23,0.5433070866141733,0.7666666666666667,0.5769230769230769
12017,HyboNet,3,128,0.0002,1,24,0.5433070866141733,0.7666666666666667,0.5769230769230769
12018,HyboNet,3,128,0.0002,1,25,0.5511811023622047,0.7666666666666667,0.5769230769230769
12019,HyboNet,3,128,0.0002,1,26,0.5511811023622047,0.7666666666666667,0.5769230769230769
12020,HyboNet,3,128,0.0002,1,27,0.5354330708661418,0.7666666666666667,0.5769230769230769
12021,HyboNet,3,128,0.0002,1,28,0.5196850393700787,0.7666666666666667,0.5769230769230769
12022,HyboNet,3,128,0.0002,1,29,0.5275590551181102,0.7666666666666667,0.5769230769230769
12023,HyboNet,3,128,0.0002,1,3,0.44881889763779526,0.5333333333333333,0.5384615384615384
12024,HyboNet,3,128,0.0002,1,30,0.5275590551181102,0.8,0.5769230769230769
12025,HyboNet,3,128,0.0002,1,31,0.5275590551181102,0.8,0.5769230769230769
12026,HyboNet,3,128,0.0002,1,32,0.5275590551181102,0.8,0.6153846153846154
12027,HyboNet,3,128,0.0002,1,33,0.5275590551181102,0.8,0.6153846153846154
12028,HyboNet,3,128,0.0002,1,34,0.5275590551181102,0.8,0.6153846153846154
12029,HyboNet,3,128,0.0002,1,35,0.5275590551181102,0.8,0.6153846153846154
12030,HyboNet,3,128,0.0002,1,36,0.5275590551181102,0.8,0.6153846153846154
12031,HyboNet,3,128,0.0002,1,37,0.5275590551181102,0.8,0.6153846153846154
12032,HyboNet,3,128,0.0002,1,38,0.5354330708661418,0.8,0.6153846153846154
12033,HyboNet,3,128,0.0002,1,39,0.5196850393700787,0.8,0.6153846153846154
12034,HyboNet,3,128,0.0002,1,4,0.5039370078740157,0.5333333333333333,0.5769230769230769
12035,HyboNet,3,128,0.0002,1,40,0.5039370078740157,0.8,0.6153846153846154
12036,HyboNet,3,128,0.0002,1,41,0.5118110236220472,0.8,0.5769230769230769
12037,HyboNet,3,128,0.0002,1,42,0.5196850393700787,0.8,0.5769230769230769
12038,HyboNet,3,128,0.0002,1,43,0.5118110236220472,0.8333333333333334,0.5769230769230769
12039,HyboNet,3,128,0.0002,1,44,0.5118110236220472,0.8333333333333334,0.5769230769230769
12040,HyboNet,3,128,0.0002,1,45,0.5118110236220472,0.8666666666666667,0.5769230769230769
12041,HyboNet,3,128,0.0002,1,46,0.5039370078740157,0.8333333333333334,0.5769230769230769
12042,HyboNet,3,128,0.0002,1,47,0.49606299212598426,0.9,0.5769230769230769
12043,HyboNet,3,128,0.0002,1,48,0.4881889763779528,0.9333333333333333,0.5769230769230769
12044,HyboNet,3,128,0.0002,1,49,0.5118110236220472,0.9333333333333333,0.5384615384615384
12045,HyboNet,3,128,0.0002,1,5,0.5354330708661418,0.5666666666666667,0.5769230769230769
12046,HyboNet,3,128,0.0002,1,50,0.5196850393700787,0.9333333333333333,0.5769230769230769
12047,HyboNet,3,128,0.0002,1,51,0.5118110236220472,0.9333333333333333,0.5769230769230769
12048,HyboNet,3,128,0.0002,1,52,0.5118110236220472,0.9333333333333333,0.5769230769230769
12049,HyboNet,3,128,0.0002,1,53,0.5196850393700787,0.9333333333333333,0.5769230769230769
12050,HyboNet,3,128,0.0002,1,54,0.5118110236220472,0.9333333333333333,0.5769230769230769
12051,HyboNet,3,128,0.0002,1,55,0.5196850393700787,0.9333333333333333,0.5769230769230769
12052,HyboNet,3,128,0.0002,1,56,0.5118110236220472,0.9333333333333333,0.5769230769230769
12053,HyboNet,3,128,0.0002,1,57,0.5039370078740157,0.9333333333333333,0.5769230769230769
12054,HyboNet,3,128,0.0002,1,58,0.4881889763779528,0.9333333333333333,0.5769230769230769
12055,HyboNet,3,128,0.0002,1,59,0.5039370078740157,0.9666666666666667,0.5769230769230769
12056,HyboNet,3,128,0.0002,1,6,0.5354330708661418,0.5666666666666667,0.5769230769230769
12057,HyboNet,3,128,0.0002,1,60,0.5039370078740157,0.9666666666666667,0.5769230769230769
12058,HyboNet,3,128,0.0002,1,61,0.5039370078740157,0.9666666666666667,0.5769230769230769
12059,HyboNet,3,128,0.0002,1,62,0.5039370078740157,0.9666666666666667,0.5769230769230769
12060,HyboNet,3,128,0.0002,1,63,0.5039370078740157,0.9666666666666667,0.5769230769230769
12061,HyboNet,3,128,0.0002,1,64,0.5039370078740157,0.9666666666666667,0.5769230769230769
12062,HyboNet,3,128,0.0002,1,65,0.49606299212598426,0.9666666666666667,0.5769230769230769
12063,HyboNet,3,128,0.0002,1,66,0.49606299212598426,0.9666666666666667,0.5769230769230769
12064,HyboNet,3,128,0.0002,1,67,0.5039370078740157,0.9333333333333333,0.5769230769230769
12065,HyboNet,3,128,0.0002,1,68,0.5039370078740157,0.9333333333333333,0.5769230769230769
12066,HyboNet,3,128,0.0002,1,69,0.49606299212598426,0.9333333333333333,0.5769230769230769
12067,HyboNet,3,128,0.0002,1,7,0.5354330708661418,0.5666666666666667,0.5769230769230769
12068,HyboNet,3,128,0.0002,1,70,0.49606299212598426,0.9333333333333333,0.5769230769230769
12069,HyboNet,3,128,0.0002,1,71,0.4881889763779528,0.9333333333333333,0.5384615384615384
12070,HyboNet,3,128,0.0002,1,72,0.4881889763779528,0.9333333333333333,0.5384615384615384
12071,HyboNet,3,128,0.0002,1,73,0.4881889763779528,0.9333333333333333,0.5384615384615384
12072,HyboNet,3,128,0.0002,1,74,0.4881889763779528,0.9666666666666667,0.5384615384615384
12073,HyboNet,3,128,0.0002,1,75,0.4881889763779528,0.9333333333333333,0.5384615384615384
12074,HyboNet,3,128,0.0002,1,76,0.4881889763779528,0.9666666666666667,0.5769230769230769
12075,HyboNet,3,128,0.0002,1,77,0.48031496062992124,1.0,0.5769230769230769
12076,HyboNet,3,128,0.0002,1,78,0.48031496062992124,1.0,0.5769230769230769
12077,HyboNet,3,128,0.0002,1,79,0.4881889763779528,1.0,0.5769230769230769
12078,HyboNet,3,128,0.0002,1,8,0.5354330708661418,0.5666666666666667,0.5769230769230769
12079,HyboNet,3,128,0.0002,1,80,0.49606299212598426,1.0,0.5384615384615384
12080,HyboNet,3,128,0.0002,1,81,0.4881889763779528,1.0,0.5384615384615384
12081,HyboNet,3,128,0.0002,1,82,0.4881889763779528,1.0,0.5384615384615384
12082,HyboNet,3,128,0.0002,1,83,0.5039370078740157,1.0,0.5769230769230769
12083,HyboNet,3,128,0.0002,1,84,0.5196850393700787,1.0,0.6153846153846154
12084,HyboNet,3,128,0.0002,1,85,0.5118110236220472,1.0,0.6153846153846154
12085,HyboNet,3,128,0.0002,1,86,0.5039370078740157,1.0,0.5769230769230769
12086,HyboNet,3,128,0.0002,1,87,0.49606299212598426,1.0,0.5769230769230769
12087,HyboNet,3,128,0.0002,1,88,0.49606299212598426,1.0,0.5769230769230769
12088,HyboNet,3,128,0.0002,1,89,0.49606299212598426,1.0,0.5769230769230769
12089,HyboNet,3,128,0.0002,1,9,0.5354330708661418,0.5666666666666667,0.5769230769230769
12090,HyboNet,3,128,0.0002,1,90,0.49606299212598426,1.0,0.5769230769230769
12091,HyboNet,3,128,0.0002,1,91,0.48031496062992124,1.0,0.5769230769230769
12092,HyboNet,3,128,0.0002,1,92,0.48031496062992124,1.0,0.5769230769230769
12093,HyboNet,3,128,0.0002,1,93,0.48031496062992124,1.0,0.5769230769230769
12094,HyboNet,3,128,0.0002,1,94,0.4881889763779528,1.0,0.5769230769230769
12095,HyboNet,3,128,0.0002,1,95,0.4881889763779528,1.0,0.5769230769230769
12096,HyboNet,3,128,0.0002,1,96,0.49606299212598426,1.0,0.5769230769230769
12097,HyboNet,3,128,0.0002,1,97,0.5039370078740157,1.0,0.6153846153846154
12098,HyboNet,3,128,0.0002,1,98,0.4881889763779528,1.0,0.6153846153846154
12099,HyboNet,3,128,0.0002,1,99,0.48031496062992124,1.0,0.6153846153846154
12100,HyboNet,3,128,0.0002,10,1,0.3779527559055118,0.43333333333333335,0.46153846153846156
12101,HyboNet,3,128,0.0002,10,10,0.5275590551181102,0.6333333333333333,0.5769230769230769
12102,HyboNet,3,128,0.0002,10,100,0.4566929133858268,1.0,0.46153846153846156
12103,HyboNet,3,128,0.0002,10,11,0.5275590551181102,0.6333333333333333,0.5769230769230769
12104,HyboNet,3,128,0.0002,10,12,0.5196850393700787,0.7,0.5769230769230769
12105,HyboNet,3,128,0.0002,10,13,0.5196850393700787,0.7,0.5384615384615384
12106,HyboNet,3,128,0.0002,10,14,0.5196850393700787,0.7,0.5769230769230769
12107,HyboNet,3,128,0.0002,10,15,0.5196850393700787,0.7,0.5769230769230769
12108,HyboNet,3,128,0.0002,10,16,0.5196850393700787,0.7,0.5769230769230769
12109,HyboNet,3,128,0.0002,10,17,0.5196850393700787,0.7,0.5769230769230769
12110,HyboNet,3,128,0.0002,10,18,0.5196850393700787,0.7,0.5769230769230769
12111,HyboNet,3,128,0.0002,10,19,0.5196850393700787,0.7,0.5769230769230769
12112,HyboNet,3,128,0.0002,10,2,0.47244094488188976,0.6,0.5384615384615384
12113,HyboNet,3,128,0.0002,10,20,0.5275590551181102,0.7,0.5769230769230769
12114,HyboNet,3,128,0.0002,10,21,0.5196850393700787,0.7,0.5769230769230769
12115,HyboNet,3,128,0.0002,10,22,0.5196850393700787,0.7666666666666667,0.5384615384615384
12116,HyboNet,3,128,0.0002,10,23,0.5196850393700787,0.7666666666666667,0.5384615384615384
12117,HyboNet,3,128,0.0002,10,24,0.5354330708661418,0.7666666666666667,0.5384615384615384
12118,HyboNet,3,128,0.0002,10,25,0.5433070866141733,0.7666666666666667,0.5384615384615384
12119,HyboNet,3,128,0.0002,10,26,0.5511811023622047,0.7666666666666667,0.5384615384615384
12120,HyboNet,3,128,0.0002,10,27,0.5433070866141733,0.7666666666666667,0.5384615384615384
12121,HyboNet,3,128,0.0002,10,28,0.5275590551181102,0.7666666666666667,0.5384615384615384
12122,HyboNet,3,128,0.0002,10,29,0.5354330708661418,0.7666666666666667,0.5769230769230769
12123,HyboNet,3,128,0.0002,10,3,0.5275590551181102,0.6333333333333333,0.5384615384615384
12124,HyboNet,3,128,0.0002,10,30,0.5354330708661418,0.8,0.5769230769230769
12125,HyboNet,3,128,0.0002,10,31,0.5275590551181102,0.8,0.5769230769230769
12126,HyboNet,3,128,0.0002,10,32,0.5275590551181102,0.8,0.5769230769230769
12127,HyboNet,3,128,0.0002,10,33,0.5196850393700787,0.8,0.5769230769230769
12128,HyboNet,3,128,0.0002,10,34,0.5118110236220472,0.8,0.5769230769230769
12129,HyboNet,3,128,0.0002,10,35,0.5118110236220472,0.8333333333333334,0.5769230769230769
12130,HyboNet,3,128,0.0002,10,36,0.5039370078740157,0.8333333333333334,0.5769230769230769
12131,HyboNet,3,128,0.0002,10,37,0.5039370078740157,0.8333333333333334,0.5769230769230769
12132,HyboNet,3,128,0.0002,10,38,0.49606299212598426,0.8333333333333334,0.5384615384615384
12133,HyboNet,3,128,0.0002,10,39,0.5039370078740157,0.8333333333333334,0.5384615384615384
12134,HyboNet,3,128,0.0002,10,4,0.5354330708661418,0.6,0.5769230769230769
12135,HyboNet,3,128,0.0002,10,40,0.49606299212598426,0.8333333333333334,0.5384615384615384
12136,HyboNet,3,128,0.0002,10,41,0.5039370078740157,0.8333333333333334,0.5384615384615384
12137,HyboNet,3,128,0.0002,10,42,0.5118110236220472,0.8666666666666667,0.5384615384615384
12138,HyboNet,3,128,0.0002,10,43,0.5118110236220472,0.8666666666666667,0.5384615384615384
12139,HyboNet,3,128,0.0002,10,44,0.5039370078740157,0.8666666666666667,0.5384615384615384
12140,HyboNet,3,128,0.0002,10,45,0.49606299212598426,0.9333333333333333,0.5
12141,HyboNet,3,128,0.0002,10,46,0.49606299212598426,0.9333333333333333,0.5384615384615384
12142,HyboNet,3,128,0.0002,10,47,0.5039370078740157,0.9333333333333333,0.5384615384615384
12143,HyboNet,3,128,0.0002,10,48,0.5039370078740157,0.9333333333333333,0.5384615384615384
12144,HyboNet,3,128,0.0002,10,49,0.49606299212598426,0.9333333333333333,0.5384615384615384
12145,HyboNet,3,128,0.0002,10,5,0.5354330708661418,0.6,0.5769230769230769
12146,HyboNet,3,128,0.0002,10,50,0.5039370078740157,0.9333333333333333,0.5384615384615384
12147,HyboNet,3,128,0.0002,10,51,0.5039370078740157,0.9333333333333333,0.5384615384615384
12148,HyboNet,3,128,0.0002,10,52,0.5039370078740157,0.9333333333333333,0.5384615384615384
12149,HyboNet,3,128,0.0002,10,53,0.5039370078740157,0.9333333333333333,0.5384615384615384
12150,HyboNet,3,128,0.0002,10,54,0.4881889763779528,0.9666666666666667,0.5384615384615384
12151,HyboNet,3,128,0.0002,10,55,0.49606299212598426,0.9666666666666667,0.5384615384615384
12152,HyboNet,3,128,0.0002,10,56,0.5039370078740157,0.9333333333333333,0.5384615384615384
12153,HyboNet,3,128,0.0002,10,57,0.5039370078740157,0.9333333333333333,0.5384615384615384
12154,HyboNet,3,128,0.0002,10,58,0.5039370078740157,0.9333333333333333,0.5384615384615384
12155,HyboNet,3,128,0.0002,10,59,0.5039370078740157,0.9333333333333333,0.5384615384615384
12156,HyboNet,3,128,0.0002,10,6,0.5354330708661418,0.6,0.5769230769230769
12157,HyboNet,3,128,0.0002,10,60,0.5039370078740157,0.9333333333333333,0.5384615384615384
12158,HyboNet,3,128,0.0002,10,61,0.5118110236220472,0.9333333333333333,0.5384615384615384
12159,HyboNet,3,128,0.0002,10,62,0.5118110236220472,0.9333333333333333,0.5384615384615384
12160,HyboNet,3,128,0.0002,10,63,0.5196850393700787,0.9333333333333333,0.5384615384615384
12161,HyboNet,3,128,0.0002,10,64,0.5196850393700787,0.9333333333333333,0.5384615384615384
12162,HyboNet,3,128,0.0002,10,65,0.5118110236220472,0.9333333333333333,0.5769230769230769
12163,HyboNet,3,128,0.0002,10,66,0.5275590551181102,0.9333333333333333,0.5384615384615384
12164,HyboNet,3,128,0.0002,10,67,0.5275590551181102,0.9333333333333333,0.5384615384615384
12165,HyboNet,3,128,0.0002,10,68,0.5196850393700787,0.9333333333333333,0.5384615384615384
12166,HyboNet,3,128,0.0002,10,69,0.5118110236220472,0.9333333333333333,0.5384615384615384
12167,HyboNet,3,128,0.0002,10,7,0.5354330708661418,0.6,0.5769230769230769
12168,HyboNet,3,128,0.0002,10,70,0.5196850393700787,0.9333333333333333,0.5769230769230769
12169,HyboNet,3,128,0.0002,10,71,0.49606299212598426,0.9333333333333333,0.5384615384615384
12170,HyboNet,3,128,0.0002,10,72,0.49606299212598426,0.9333333333333333,0.5384615384615384
12171,HyboNet,3,128,0.0002,10,73,0.49606299212598426,0.9333333333333333,0.5384615384615384
12172,HyboNet,3,128,0.0002,10,74,0.49606299212598426,0.9333333333333333,0.5384615384615384
12173,HyboNet,3,128,0.0002,10,75,0.4881889763779528,0.9333333333333333,0.5384615384615384
12174,HyboNet,3,128,0.0002,10,76,0.48031496062992124,0.9333333333333333,0.5384615384615384
12175,HyboNet,3,128,0.0002,10,77,0.48031496062992124,0.9333333333333333,0.5384615384615384
12176,HyboNet,3,128,0.0002,10,78,0.48031496062992124,0.9333333333333333,0.5384615384615384
12177,HyboNet,3,128,0.0002,10,79,0.48031496062992124,0.9666666666666667,0.5384615384615384
12178,HyboNet,3,128,0.0002,10,8,0.5354330708661418,0.6333333333333333,0.5769230769230769
12179,HyboNet,3,128,0.0002,10,80,0.48031496062992124,0.9666666666666667,0.5384615384615384
12180,HyboNet,3,128,0.0002,10,81,0.48031496062992124,0.9666666666666667,0.5
12181,HyboNet,3,128,0.0002,10,82,0.48031496062992124,0.9666666666666667,0.5
12182,HyboNet,3,128,0.0002,10,83,0.4881889763779528,0.9666666666666667,0.5
12183,HyboNet,3,128,0.0002,10,84,0.4881889763779528,0.9666666666666667,0.5
12184,HyboNet,3,128,0.0002,10,85,0.4881889763779528,0.9666666666666667,0.5
12185,HyboNet,3,128,0.0002,10,86,0.48031496062992124,0.9666666666666667,0.5
12186,HyboNet,3,128,0.0002,10,87,0.47244094488188976,1.0,0.46153846153846156
12187,HyboNet,3,128,0.0002,10,88,0.4645669291338583,1.0,0.46153846153846156
12188,HyboNet,3,128,0.0002,10,89,0.4645669291338583,1.0,0.46153846153846156
12189,HyboNet,3,128,0.0002,10,9,0.5354330708661418,0.6333333333333333,0.5769230769230769
12190,HyboNet,3,128,0.0002,10,90,0.4645669291338583,1.0,0.46153846153846156
12191,HyboNet,3,128,0.0002,10,91,0.4645669291338583,1.0,0.46153846153846156
12192,HyboNet,3,128,0.0002,10,92,0.4645669291338583,1.0,0.46153846153846156
12193,HyboNet,3,128,0.0002,10,93,0.4645669291338583,1.0,0.46153846153846156
12194,HyboNet,3,128,0.0002,10,94,0.4566929133858268,1.0,0.46153846153846156
12195,HyboNet,3,128,0.0002,10,95,0.4566929133858268,1.0,0.46153846153846156
12196,HyboNet,3,128,0.0002,10,96,0.4409448818897638,1.0,0.46153846153846156
12197,HyboNet,3,128,0.0002,10,97,0.4409448818897638,1.0,0.46153846153846156
12198,HyboNet,3,128,0.0002,10,98,0.44881889763779526,1.0,0.46153846153846156
12199,HyboNet,3,128,0.0002,10,99,0.4566929133858268,1.0,0.46153846153846156
12200,HyboNet,3,128,0.0002,2,1,0.5275590551181102,0.6,0.5769230769230769
12201,HyboNet,3,128,0.0002,2,10,0.5354330708661418,0.7666666666666667,0.6153846153846154
12202,HyboNet,3,128,0.0002,2,100,0.44881889763779526,1.0,0.5769230769230769
12203,HyboNet,3,128,0.0002,2,11,0.5433070866141733,0.7666666666666667,0.6153846153846154
12204,HyboNet,3,128,0.0002,2,12,0.5511811023622047,0.7666666666666667,0.6153846153846154
12205,HyboNet,3,128,0.0002,2,13,0.5511811023622047,0.7666666666666667,0.6538461538461539
12206,HyboNet,3,128,0.0002,2,14,0.5433070866141733,0.7666666666666667,0.6153846153846154
12207,HyboNet,3,128,0.0002,2,15,0.5433070866141733,0.7666666666666667,0.6153846153846154
12208,HyboNet,3,128,0.0002,2,16,0.5511811023622047,0.7666666666666667,0.6153846153846154
12209,HyboNet,3,128,0.0002,2,17,0.5433070866141733,0.7666666666666667,0.6153846153846154
12210,HyboNet,3,128,0.0002,2,18,0.5433070866141733,0.7666666666666667,0.6153846153846154
12211,HyboNet,3,128,0.0002,2,19,0.5511811023622047,0.7666666666666667,0.6153846153846154
12212,HyboNet,3,128,0.0002,2,2,0.5275590551181102,0.6,0.5769230769230769
12213,HyboNet,3,128,0.0002,2,20,0.5354330708661418,0.8,0.6153846153846154
12214,HyboNet,3,128,0.0002,2,21,0.5354330708661418,0.8,0.6153846153846154
12215,HyboNet,3,128,0.0002,2,22,0.5275590551181102,0.8,0.6153846153846154
12216,HyboNet,3,128,0.0002,2,23,0.5275590551181102,0.7666666666666667,0.6153846153846154
12217,HyboNet,3,128,0.0002,2,24,0.5275590551181102,0.7666666666666667,0.6153846153846154
12218,HyboNet,3,128,0.0002,2,25,0.5354330708661418,0.8,0.6153846153846154
12219,HyboNet,3,128,0.0002,2,26,0.5354330708661418,0.8,0.6153846153846154
12220,HyboNet,3,128,0.0002,2,27,0.5354330708661418,0.8,0.6153846153846154
12221,HyboNet,3,128,0.0002,2,28,0.5275590551181102,0.8,0.6153846153846154
12222,HyboNet,3,128,0.0002,2,29,0.5196850393700787,0.8,0.6153846153846154
12223,HyboNet,3,128,0.0002,2,3,0.5433070866141733,0.6,0.5769230769230769
12224,HyboNet,3,128,0.0002,2,30,0.5118110236220472,0.8,0.6153846153846154
12225,HyboNet,3,128,0.0002,2,31,0.5039370078740157,0.8333333333333334,0.6153846153846154
12226,HyboNet,3,128,0.0002,2,32,0.5118110236220472,0.8333333333333334,0.6153846153846154
12227,HyboNet,3,128,0.0002,2,33,0.5118110236220472,0.8333333333333334,0.6153846153846154
12228,HyboNet,3,128,0.0002,2,34,0.5118110236220472,0.8666666666666667,0.6153846153846154
12229,HyboNet,3,128,0.0002,2,35,0.5118110236220472,0.9,0.6153846153846154
12230,HyboNet,3,128,0.0002,2,36,0.5039370078740157,0.9,0.6153846153846154
12231,HyboNet,3,128,0.0002,2,37,0.49606299212598426,0.9333333333333333,0.6153846153846154
12232,HyboNet,3,128,0.0002,2,38,0.49606299212598426,0.9333333333333333,0.6153846153846154
12233,HyboNet,3,128,0.0002,2,39,0.49606299212598426,0.9333333333333333,0.6153846153846154
12234,HyboNet,3,128,0.0002,2,4,0.5354330708661418,0.6666666666666666,0.6153846153846154
12235,HyboNet,3,128,0.0002,2,40,0.49606299212598426,0.9333333333333333,0.6153846153846154
12236,HyboNet,3,128,0.0002,2,41,0.49606299212598426,0.9333333333333333,0.6153846153846154
12237,HyboNet,3,128,0.0002,2,42,0.49606299212598426,0.9333333333333333,0.6153846153846154
12238,HyboNet,3,128,0.0002,2,43,0.49606299212598426,0.9333333333333333,0.6153846153846154
12239,HyboNet,3,128,0.0002,2,44,0.49606299212598426,0.9333333333333333,0.6153846153846154
12240,HyboNet,3,128,0.0002,2,45,0.49606299212598426,0.9333333333333333,0.6153846153846154
12241,HyboNet,3,128,0.0002,2,46,0.5039370078740157,0.9333333333333333,0.6153846153846154
12242,HyboNet,3,128,0.0002,2,47,0.5039370078740157,0.9333333333333333,0.6153846153846154
12243,HyboNet,3,128,0.0002,2,48,0.5118110236220472,0.9333333333333333,0.6153846153846154
12244,HyboNet,3,128,0.0002,2,49,0.4881889763779528,0.9333333333333333,0.6153846153846154
12245,HyboNet,3,128,0.0002,2,5,0.5433070866141733,0.7666666666666667,0.6538461538461539
12246,HyboNet,3,128,0.0002,2,50,0.4881889763779528,0.9333333333333333,0.6153846153846154
12247,HyboNet,3,128,0.0002,2,51,0.4881889763779528,0.9333333333333333,0.6153846153846154
12248,HyboNet,3,128,0.0002,2,52,0.49606299212598426,0.9333333333333333,0.6153846153846154
12249,HyboNet,3,128,0.0002,2,53,0.4881889763779528,0.9333333333333333,0.6153846153846154
12250,HyboNet,3,128,0.0002,2,54,0.47244094488188976,0.9333333333333333,0.6538461538461539
12251,HyboNet,3,128,0.0002,2,55,0.47244094488188976,0.9333333333333333,0.6538461538461539
12252,HyboNet,3,128,0.0002,2,56,0.47244094488188976,0.9333333333333333,0.6538461538461539
12253,HyboNet,3,128,0.0002,2,57,0.4566929133858268,0.9333333333333333,0.6538461538461539
12254,HyboNet,3,128,0.0002,2,58,0.4566929133858268,0.9333333333333333,0.6538461538461539
12255,HyboNet,3,128,0.0002,2,59,0.4566929133858268,0.9333333333333333,0.6538461538461539
12256,HyboNet,3,128,0.0002,2,6,0.5354330708661418,0.8,0.6153846153846154
12257,HyboNet,3,128,0.0002,2,60,0.47244094488188976,0.9333333333333333,0.6538461538461539
12258,HyboNet,3,128,0.0002,2,61,0.47244094488188976,0.9333333333333333,0.6538461538461539
12259,HyboNet,3,128,0.0002,2,62,0.47244094488188976,0.9333333333333333,0.6538461538461539
12260,HyboNet,3,128,0.0002,2,63,0.47244094488188976,0.9333333333333333,0.5769230769230769
12261,HyboNet,3,128,0.0002,2,64,0.4645669291338583,0.9333333333333333,0.5769230769230769
12262,HyboNet,3,128,0.0002,2,65,0.4566929133858268,0.9333333333333333,0.5384615384615384
12263,HyboNet,3,128,0.0002,2,66,0.4645669291338583,0.9333333333333333,0.5384615384615384
12264,HyboNet,3,128,0.0002,2,67,0.4645669291338583,0.9333333333333333,0.5384615384615384
12265,HyboNet,3,128,0.0002,2,68,0.47244094488188976,0.9333333333333333,0.5384615384615384
12266,HyboNet,3,128,0.0002,2,69,0.47244094488188976,0.9333333333333333,0.5769230769230769
12267,HyboNet,3,128,0.0002,2,7,0.5354330708661418,0.8,0.6153846153846154
12268,HyboNet,3,128,0.0002,2,70,0.47244094488188976,0.9666666666666667,0.5769230769230769
12269,HyboNet,3,128,0.0002,2,71,0.4566929133858268,0.9666666666666667,0.5769230769230769
12270,HyboNet,3,128,0.0002,2,72,0.4566929133858268,0.9666666666666667,0.5769230769230769
12271,HyboNet,3,128,0.0002,2,73,0.4566929133858268,0.9666666666666667,0.5769230769230769
12272,HyboNet,3,128,0.0002,2,74,0.4566929133858268,0.9666666666666667,0.5769230769230769
12273,HyboNet,3,128,0.0002,2,75,0.4566929133858268,0.9666666666666667,0.5769230769230769
12274,HyboNet,3,128,0.0002,2,76,0.4566929133858268,1.0,0.5769230769230769
12275,HyboNet,3,128,0.0002,2,77,0.4566929133858268,1.0,0.5769230769230769
12276,HyboNet,3,128,0.0002,2,78,0.4645669291338583,1.0,0.5769230769230769
12277,HyboNet,3,128,0.0002,2,79,0.47244094488188976,1.0,0.5769230769230769
12278,HyboNet,3,128,0.0002,2,8,0.5275590551181102,0.8,0.5769230769230769
12279,HyboNet,3,128,0.0002,2,80,0.47244094488188976,1.0,0.5769230769230769
12280,HyboNet,3,128,0.0002,2,81,0.4645669291338583,1.0,0.6153846153846154
12281,HyboNet,3,128,0.0002,2,82,0.47244094488188976,1.0,0.6153846153846154
12282,HyboNet,3,128,0.0002,2,83,0.47244094488188976,1.0,0.6153846153846154
12283,HyboNet,3,128,0.0002,2,84,0.47244094488188976,1.0,0.6153846153846154
12284,HyboNet,3,128,0.0002,2,85,0.4566929133858268,1.0,0.6153846153846154
12285,HyboNet,3,128,0.0002,2,86,0.4566929133858268,1.0,0.6153846153846154
12286,HyboNet,3,128,0.0002,2,87,0.4645669291338583,1.0,0.6153846153846154
12287,HyboNet,3,128,0.0002,2,88,0.4645669291338583,1.0,0.6153846153846154
12288,HyboNet,3,128,0.0002,2,89,0.4566929133858268,1.0,0.6153846153846154
12289,HyboNet,3,128,0.0002,2,9,0.5354330708661418,0.8,0.6153846153846154
12290,HyboNet,3,128,0.0002,2,90,0.4566929133858268,1.0,0.6153846153846154
12291,HyboNet,3,128,0.0002,2,91,0.4566929133858268,1.0,0.6153846153846154
12292,HyboNet,3,128,0.0002,2,92,0.4566929133858268,1.0,0.5769230769230769
12293,HyboNet,3,128,0.0002,2,93,0.44881889763779526,1.0,0.5769230769230769
12294,HyboNet,3,128,0.0002,2,94,0.44881889763779526,1.0,0.5769230769230769
12295,HyboNet,3,128,0.0002,2,95,0.44881889763779526,1.0,0.5769230769230769
12296,HyboNet,3,128,0.0002,2,96,0.44881889763779526,1.0,0.5384615384615384
12297,HyboNet,3,128,0.0002,2,97,0.44881889763779526,1.0,0.5384615384615384
12298,HyboNet,3,128,0.0002,2,98,0.4566929133858268,1.0,0.5384615384615384
12299,HyboNet,3,128,0.0002,2,99,0.4566929133858268,1.0,0.5384615384615384
12300,HyboNet,3,128,0.0002,3,1,0.1968503937007874,0.23333333333333334,0.15384615384615385
12301,HyboNet,3,128,0.0002,3,10,0.5354330708661418,0.6666666666666666,0.5769230769230769
12302,HyboNet,3,128,0.0002,3,100,0.4330708661417323,1.0,0.3076923076923077
12303,HyboNet,3,128,0.0002,3,11,0.5354330708661418,0.6666666666666666,0.5769230769230769
12304,HyboNet,3,128,0.0002,3,12,0.5433070866141733,0.7,0.5384615384615384
12305,HyboNet,3,128,0.0002,3,13,0.5354330708661418,0.7333333333333333,0.5
12306,HyboNet,3,128,0.0002,3,14,0.5354330708661418,0.7333333333333333,0.5
12307,HyboNet,3,128,0.0002,3,15,0.5275590551181102,0.7333333333333333,0.5
12308,HyboNet,3,128,0.0002,3,16,0.5196850393700787,0.7666666666666667,0.5
12309,HyboNet,3,128,0.0002,3,17,0.5196850393700787,0.7666666666666667,0.5
12310,HyboNet,3,128,0.0002,3,18,0.5196850393700787,0.7666666666666667,0.5
12311,HyboNet,3,128,0.0002,3,19,0.5275590551181102,0.7666666666666667,0.5
12312,HyboNet,3,128,0.0002,3,2,0.3937007874015748,0.5666666666666667,0.34615384615384615
12313,HyboNet,3,128,0.0002,3,20,0.5275590551181102,0.7666666666666667,0.5
12314,HyboNet,3,128,0.0002,3,21,0.5275590551181102,0.7666666666666667,0.5
12315,HyboNet,3,128,0.0002,3,22,0.5275590551181102,0.7666666666666667,0.5
12316,HyboNet,3,128,0.0002,3,23,0.5196850393700787,0.7666666666666667,0.5
12317,HyboNet,3,128,0.0002,3,24,0.5275590551181102,0.7666666666666667,0.5
12318,HyboNet,3,128,0.0002,3,25,0.5354330708661418,0.7666666666666667,0.5
12319,HyboNet,3,128,0.0002,3,26,0.5275590551181102,0.7666666666666667,0.5
12320,HyboNet,3,128,0.0002,3,27,0.5433070866141733,0.8,0.46153846153846156
12321,HyboNet,3,128,0.0002,3,28,0.5433070866141733,0.8,0.46153846153846156
12322,HyboNet,3,128,0.0002,3,29,0.5354330708661418,0.8,0.46153846153846156
12323,HyboNet,3,128,0.0002,3,3,0.4645669291338583,0.6666666666666666,0.4230769230769231
12324,HyboNet,3,128,0.0002,3,30,0.5354330708661418,0.8,0.46153846153846156
12325,HyboNet,3,128,0.0002,3,31,0.5354330708661418,0.8,0.46153846153846156
12326,HyboNet,3,128,0.0002,3,32,0.5433070866141733,0.8,0.46153846153846156
12327,HyboNet,3,128,0.0002,3,33,0.5433070866141733,0.8,0.46153846153846156
12328,HyboNet,3,128,0.0002,3,34,0.5275590551181102,0.8,0.46153846153846156
12329,HyboNet,3,128,0.0002,3,35,0.5196850393700787,0.8,0.46153846153846156
12330,HyboNet,3,128,0.0002,3,36,0.5118110236220472,0.8,0.46153846153846156
12331,HyboNet,3,128,0.0002,3,37,0.5196850393700787,0.8,0.46153846153846156
12332,HyboNet,3,128,0.0002,3,38,0.5354330708661418,0.8,0.46153846153846156
12333,HyboNet,3,128,0.0002,3,39,0.5196850393700787,0.8,0.46153846153846156
12334,HyboNet,3,128,0.0002,3,4,0.5039370078740157,0.6333333333333333,0.46153846153846156
12335,HyboNet,3,128,0.0002,3,40,0.5118110236220472,0.8333333333333334,0.46153846153846156
12336,HyboNet,3,128,0.0002,3,41,0.5118110236220472,0.8666666666666667,0.46153846153846156
12337,HyboNet,3,128,0.0002,3,42,0.5118110236220472,0.8666666666666667,0.46153846153846156
12338,HyboNet,3,128,0.0002,3,43,0.5118110236220472,0.8666666666666667,0.46153846153846156
12339,HyboNet,3,128,0.0002,3,44,0.5039370078740157,0.8666666666666667,0.5
12340,HyboNet,3,128,0.0002,3,45,0.5039370078740157,0.8666666666666667,0.46153846153846156
12341,HyboNet,3,128,0.0002,3,46,0.4881889763779528,0.9,0.46153846153846156
12342,HyboNet,3,128,0.0002,3,47,0.48031496062992124,0.9,0.46153846153846156
12343,HyboNet,3,128,0.0002,3,48,0.4881889763779528,0.9,0.46153846153846156
12344,HyboNet,3,128,0.0002,3,49,0.49606299212598426,0.9,0.46153846153846156
12345,HyboNet,3,128,0.0002,3,5,0.5196850393700787,0.6333333333333333,0.5384615384615384
12346,HyboNet,3,128,0.0002,3,50,0.49606299212598426,0.8666666666666667,0.46153846153846156
12347,HyboNet,3,128,0.0002,3,51,0.4881889763779528,0.8666666666666667,0.5
12348,HyboNet,3,128,0.0002,3,52,0.4881889763779528,0.9,0.46153846153846156
12349,HyboNet,3,128,0.0002,3,53,0.4881889763779528,0.9333333333333333,0.4230769230769231
12350,HyboNet,3,128,0.0002,3,54,0.48031496062992124,0.9333333333333333,0.4230769230769231
12351,HyboNet,3,128,0.0002,3,55,0.44881889763779526,0.9333333333333333,0.4230769230769231
12352,HyboNet,3,128,0.0002,3,56,0.4094488188976378,0.9333333333333333,0.4230769230769231
12353,HyboNet,3,128,0.0002,3,57,0.41732283464566927,0.9333333333333333,0.4230769230769231
12354,HyboNet,3,128,0.0002,3,58,0.4645669291338583,0.9333333333333333,0.4230769230769231
12355,HyboNet,3,128,0.0002,3,59,0.4645669291338583,0.9333333333333333,0.4230769230769231
12356,HyboNet,3,128,0.0002,3,6,0.5196850393700787,0.6,0.5384615384615384
12357,HyboNet,3,128,0.0002,3,60,0.4645669291338583,0.9666666666666667,0.4230769230769231
12358,HyboNet,3,128,0.0002,3,61,0.4645669291338583,0.9666666666666667,0.4230769230769231
12359,HyboNet,3,128,0.0002,3,62,0.44881889763779526,0.9666666666666667,0.4230769230769231
12360,HyboNet,3,128,0.0002,3,63,0.4251968503937008,0.9666666666666667,0.4230769230769231
12361,HyboNet,3,128,0.0002,3,64,0.4094488188976378,0.9666666666666667,0.4230769230769231
12362,HyboNet,3,128,0.0002,3,65,0.4094488188976378,0.9666666666666667,0.4230769230769231
12363,HyboNet,3,128,0.0002,3,66,0.41732283464566927,0.9666666666666667,0.4230769230769231
12364,HyboNet,3,128,0.0002,3,67,0.4251968503937008,0.9666666666666667,0.4230769230769231
12365,HyboNet,3,128,0.0002,3,68,0.4330708661417323,0.9666666666666667,0.4230769230769231
12366,HyboNet,3,128,0.0002,3,69,0.4409448818897638,0.9666666666666667,0.4230769230769231
12367,HyboNet,3,128,0.0002,3,7,0.5275590551181102,0.6,0.5769230769230769
12368,HyboNet,3,128,0.0002,3,70,0.4330708661417323,0.9666666666666667,0.4230769230769231
12369,HyboNet,3,128,0.0002,3,71,0.4251968503937008,0.9666666666666667,0.38461538461538464
12370,HyboNet,3,128,0.0002,3,72,0.4251968503937008,0.9666666666666667,0.38461538461538464
12371,HyboNet,3,128,0.0002,3,73,0.4251968503937008,0.9666666666666667,0.38461538461538464
12372,HyboNet,3,128,0.0002,3,74,0.4251968503937008,0.9666666666666667,0.38461538461538464
12373,HyboNet,3,128,0.0002,3,75,0.4330708661417323,0.9666666666666667,0.38461538461538464
12374,HyboNet,3,128,0.0002,3,76,0.4330708661417323,0.9333333333333333,0.38461538461538464
12375,HyboNet,3,128,0.0002,3,77,0.4409448818897638,0.9333333333333333,0.38461538461538464
12376,HyboNet,3,128,0.0002,3,78,0.4330708661417323,0.9333333333333333,0.38461538461538464
12377,HyboNet,3,128,0.0002,3,79,0.4330708661417323,0.9333333333333333,0.38461538461538464
12378,HyboNet,3,128,0.0002,3,8,0.5275590551181102,0.6,0.5769230769230769
12379,HyboNet,3,128,0.0002,3,80,0.4251968503937008,0.9333333333333333,0.38461538461538464
12380,HyboNet,3,128,0.0002,3,81,0.4251968503937008,0.9333333333333333,0.38461538461538464
12381,HyboNet,3,128,0.0002,3,82,0.4251968503937008,0.9333333333333333,0.38461538461538464
12382,HyboNet,3,128,0.0002,3,83,0.4251968503937008,0.9333333333333333,0.38461538461538464
12383,HyboNet,3,128,0.0002,3,84,0.4251968503937008,0.9333333333333333,0.38461538461538464
12384,HyboNet,3,128,0.0002,3,85,0.4251968503937008,0.9333333333333333,0.38461538461538464
12385,HyboNet,3,128,0.0002,3,86,0.41732283464566927,0.9333333333333333,0.3076923076923077
12386,HyboNet,3,128,0.0002,3,87,0.41732283464566927,0.9333333333333333,0.3076923076923077
12387,HyboNet,3,128,0.0002,3,88,0.41732283464566927,0.9333333333333333,0.3076923076923077
12388,HyboNet,3,128,0.0002,3,89,0.41732283464566927,0.9666666666666667,0.3076923076923077
12389,HyboNet,3,128,0.0002,3,9,0.5354330708661418,0.6666666666666666,0.5769230769230769
12390,HyboNet,3,128,0.0002,3,90,0.4251968503937008,0.9666666666666667,0.3076923076923077
12391,HyboNet,3,128,0.0002,3,91,0.41732283464566927,0.9666666666666667,0.2692307692307692
12392,HyboNet,3,128,0.0002,3,92,0.41732283464566927,0.9666666666666667,0.2692307692307692
12393,HyboNet,3,128,0.0002,3,93,0.4251968503937008,0.9666666666666667,0.2692307692307692
12394,HyboNet,3,128,0.0002,3,94,0.4251968503937008,0.9666666666666667,0.2692307692307692
12395,HyboNet,3,128,0.0002,3,95,0.4330708661417323,1.0,0.2692307692307692
12396,HyboNet,3,128,0.0002,3,96,0.4251968503937008,1.0,0.2692307692307692
12397,HyboNet,3,128,0.0002,3,97,0.4251968503937008,0.9666666666666667,0.2692307692307692
12398,HyboNet,3,128,0.0002,3,98,0.4251968503937008,0.9666666666666667,0.2692307692307692
12399,HyboNet,3,128,0.0002,3,99,0.4251968503937008,1.0,0.2692307692307692
12400,HyboNet,3,128,0.0002,4,1,0.41732283464566927,0.5333333333333333,0.46153846153846156
12401,HyboNet,3,128,0.0002,4,10,0.5354330708661418,0.6,0.5769230769230769
12402,HyboNet,3,128,0.0002,4,100,0.36220472440944884,1.0,0.4230769230769231
12403,HyboNet,3,128,0.0002,4,11,0.5275590551181102,0.6333333333333333,0.5769230769230769
12404,HyboNet,3,128,0.0002,4,12,0.5118110236220472,0.6333333333333333,0.5769230769230769
12405,HyboNet,3,128,0.0002,4,13,0.5118110236220472,0.6333333333333333,0.5769230769230769
12406,HyboNet,3,128,0.0002,4,14,0.5039370078740157,0.6333333333333333,0.5769230769230769
12407,HyboNet,3,128,0.0002,4,15,0.5039370078740157,0.6666666666666666,0.5769230769230769
12408,HyboNet,3,128,0.0002,4,16,0.5039370078740157,0.6666666666666666,0.5769230769230769
12409,HyboNet,3,128,0.0002,4,17,0.5039370078740157,0.7,0.5769230769230769
12410,HyboNet,3,128,0.0002,4,18,0.5118110236220472,0.7,0.5769230769230769
12411,HyboNet,3,128,0.0002,4,19,0.5118110236220472,0.7666666666666667,0.5769230769230769
12412,HyboNet,3,128,0.0002,4,2,0.49606299212598426,0.5666666666666667,0.5769230769230769
12413,HyboNet,3,128,0.0002,4,20,0.5118110236220472,0.7666666666666667,0.5384615384615384
12414,HyboNet,3,128,0.0002,4,21,0.5196850393700787,0.7666666666666667,0.5384615384615384
12415,HyboNet,3,128,0.0002,4,22,0.5196850393700787,0.7666666666666667,0.5769230769230769
12416,HyboNet,3,128,0.0002,4,23,0.5196850393700787,0.8,0.6153846153846154
12417,HyboNet,3,128,0.0002,4,24,0.49606299212598426,0.8,0.6153846153846154
12418,HyboNet,3,128,0.0002,4,25,0.4881889763779528,0.8,0.6538461538461539
12419,HyboNet,3,128,0.0002,4,26,0.49606299212598426,0.8333333333333334,0.6153846153846154
12420,HyboNet,3,128,0.0002,4,27,0.49606299212598426,0.8,0.6153846153846154
12421,HyboNet,3,128,0.0002,4,28,0.4881889763779528,0.8,0.6538461538461539
12422,HyboNet,3,128,0.0002,4,29,0.4881889763779528,0.8333333333333334,0.6153846153846154
12423,HyboNet,3,128,0.0002,4,3,0.5275590551181102,0.5666666666666667,0.5769230769230769
12424,HyboNet,3,128,0.0002,4,30,0.4881889763779528,0.8333333333333334,0.6153846153846154
12425,HyboNet,3,128,0.0002,4,31,0.4881889763779528,0.8333333333333334,0.6153846153846154
12426,HyboNet,3,128,0.0002,4,32,0.4881889763779528,0.8333333333333334,0.6153846153846154
12427,HyboNet,3,128,0.0002,4,33,0.4881889763779528,0.8666666666666667,0.6153846153846154
12428,HyboNet,3,128,0.0002,4,34,0.48031496062992124,0.8666666666666667,0.6153846153846154
12429,HyboNet,3,128,0.0002,4,35,0.47244094488188976,0.9,0.5769230769230769
12430,HyboNet,3,128,0.0002,4,36,0.47244094488188976,0.9,0.5769230769230769
12431,HyboNet,3,128,0.0002,4,37,0.47244094488188976,0.9,0.6153846153846154
12432,HyboNet,3,128,0.0002,4,38,0.47244094488188976,0.9,0.6153846153846154
12433,HyboNet,3,128,0.0002,4,39,0.4645669291338583,0.9,0.6153846153846154
12434,HyboNet,3,128,0.0002,4,4,0.5354330708661418,0.6,0.5769230769230769
12435,HyboNet,3,128,0.0002,4,40,0.47244094488188976,0.9,0.6153846153846154
12436,HyboNet,3,128,0.0002,4,41,0.4881889763779528,0.9,0.5769230769230769
12437,HyboNet,3,128,0.0002,4,42,0.48031496062992124,0.9333333333333333,0.5769230769230769
12438,HyboNet,3,128,0.0002,4,43,0.48031496062992124,0.9333333333333333,0.5769230769230769
12439,HyboNet,3,128,0.0002,4,44,0.47244094488188976,0.9333333333333333,0.5769230769230769
12440,HyboNet,3,128,0.0002,4,45,0.4645669291338583,0.9333333333333333,0.5769230769230769
12441,HyboNet,3,128,0.0002,4,46,0.4645669291338583,0.9333333333333333,0.5769230769230769
12442,HyboNet,3,128,0.0002,4,47,0.4645669291338583,0.9333333333333333,0.5769230769230769
12443,HyboNet,3,128,0.0002,4,48,0.4645669291338583,0.9333333333333333,0.5769230769230769
12444,HyboNet,3,128,0.0002,4,49,0.47244094488188976,0.9333333333333333,0.5769230769230769
12445,HyboNet,3,128,0.0002,4,5,0.5354330708661418,0.6,0.5769230769230769
12446,HyboNet,3,128,0.0002,4,50,0.4566929133858268,0.9333333333333333,0.5769230769230769
12447,HyboNet,3,128,0.0002,4,51,0.4566929133858268,0.9666666666666667,0.5769230769230769
12448,HyboNet,3,128,0.0002,4,52,0.4566929133858268,0.9666666666666667,0.5769230769230769
12449,HyboNet,3,128,0.0002,4,53,0.4566929133858268,0.9666666666666667,0.5769230769230769
12450,HyboNet,3,128,0.0002,4,54,0.44881889763779526,0.9666666666666667,0.5769230769230769
12451,HyboNet,3,128,0.0002,4,55,0.44881889763779526,0.9666666666666667,0.5769230769230769
12452,HyboNet,3,128,0.0002,4,56,0.4409448818897638,0.9666666666666667,0.5769230769230769
12453,HyboNet,3,128,0.0002,4,57,0.4566929133858268,0.9666666666666667,0.5769230769230769
12454,HyboNet,3,128,0.0002,4,58,0.4645669291338583,0.9666666666666667,0.5769230769230769
12455,HyboNet,3,128,0.0002,4,59,0.47244094488188976,0.9666666666666667,0.5384615384615384
12456,HyboNet,3,128,0.0002,4,6,0.5354330708661418,0.6,0.5769230769230769
12457,HyboNet,3,128,0.0002,4,60,0.47244094488188976,0.9666666666666667,0.5769230769230769
12458,HyboNet,3,128,0.0002,4,61,0.47244094488188976,0.9333333333333333,0.5769230769230769
12459,HyboNet,3,128,0.0002,4,62,0.4645669291338583,0.9333333333333333,0.5384615384615384
12460,HyboNet,3,128,0.0002,4,63,0.4330708661417323,0.9333333333333333,0.5384615384615384
12461,HyboNet,3,128,0.0002,4,64,0.4251968503937008,0.9333333333333333,0.5384615384615384
12462,HyboNet,3,128,0.0002,4,65,0.4094488188976378,0.9333333333333333,0.5384615384615384
12463,HyboNet,3,128,0.0002,4,66,0.4015748031496063,0.9333333333333333,0.5384615384615384
12464,HyboNet,3,128,0.0002,4,67,0.3937007874015748,0.9333333333333333,0.5384615384615384
12465,HyboNet,3,128,0.0002,4,68,0.3937007874015748,0.9333333333333333,0.5384615384615384
12466,HyboNet,3,128,0.0002,4,69,0.3779527559055118,0.9333333333333333,0.5384615384615384
12467,HyboNet,3,128,0.0002,4,7,0.5354330708661418,0.6,0.5769230769230769
12468,HyboNet,3,128,0.0002,4,70,0.3779527559055118,0.9333333333333333,0.5
12469,HyboNet,3,128,0.0002,4,71,0.3700787401574803,0.9333333333333333,0.5
12470,HyboNet,3,128,0.0002,4,72,0.36220472440944884,0.9666666666666667,0.46153846153846156
12471,HyboNet,3,128,0.0002,4,73,0.3779527559055118,0.9333333333333333,0.46153846153846156
12472,HyboNet,3,128,0.0002,4,74,0.36220472440944884,0.9666666666666667,0.46153846153846156
12473,HyboNet,3,128,0.0002,4,75,0.36220472440944884,0.9666666666666667,0.46153846153846156
12474,HyboNet,3,128,0.0002,4,76,0.3700787401574803,0.9666666666666667,0.46153846153846156
12475,HyboNet,3,128,0.0002,4,77,0.3700787401574803,0.9666666666666667,0.4230769230769231
12476,HyboNet,3,128,0.0002,4,78,0.3700787401574803,1.0,0.4230769230769231
12477,HyboNet,3,128,0.0002,4,79,0.3700787401574803,0.9666666666666667,0.5
12478,HyboNet,3,128,0.0002,4,8,0.5354330708661418,0.6,0.5769230769230769
12479,HyboNet,3,128,0.0002,4,80,0.36220472440944884,0.9666666666666667,0.5
12480,HyboNet,3,128,0.0002,4,81,0.3700787401574803,1.0,0.5
12481,HyboNet,3,128,0.0002,4,82,0.36220472440944884,1.0,0.5
12482,HyboNet,3,128,0.0002,4,83,0.3543307086614173,1.0,0.46153846153846156
12483,HyboNet,3,128,0.0002,4,84,0.3543307086614173,1.0,0.46153846153846156
12484,HyboNet,3,128,0.0002,4,85,0.36220472440944884,1.0,0.46153846153846156
12485,HyboNet,3,128,0.0002,4,86,0.36220472440944884,1.0,0.4230769230769231
12486,HyboNet,3,128,0.0002,4,87,0.3543307086614173,1.0,0.4230769230769231
12487,HyboNet,3,128,0.0002,4,88,0.36220472440944884,1.0,0.4230769230769231
12488,HyboNet,3,128,0.0002,4,89,0.36220472440944884,1.0,0.4230769230769231
12489,HyboNet,3,128,0.0002,4,9,0.5354330708661418,0.6,0.5769230769230769
12490,HyboNet,3,128,0.0002,4,90,0.36220472440944884,1.0,0.46153846153846156
12491,HyboNet,3,128,0.0002,4,91,0.3543307086614173,1.0,0.46153846153846156
12492,HyboNet,3,128,0.0002,4,92,0.3700787401574803,1.0,0.46153846153846156
12493,HyboNet,3,128,0.0002,4,93,0.3700787401574803,1.0,0.46153846153846156
12494,HyboNet,3,128,0.0002,4,94,0.3700787401574803,1.0,0.46153846153846156
12495,HyboNet,3,128,0.0002,4,95,0.36220472440944884,1.0,0.46153846153846156
12496,HyboNet,3,128,0.0002,4,96,0.3543307086614173,1.0,0.46153846153846156
12497,HyboNet,3,128,0.0002,4,97,0.36220472440944884,1.0,0.46153846153846156
12498,HyboNet,3,128,0.0002,4,98,0.3543307086614173,1.0,0.46153846153846156
12499,HyboNet,3,128,0.0002,4,99,0.3543307086614173,1.0,0.4230769230769231
12500,HyboNet,3,128,0.0002,5,1,0.4330708661417323,0.43333333333333335,0.46153846153846156
12501,HyboNet,3,128,0.0002,5,10,0.5275590551181102,0.6,0.5769230769230769
12502,HyboNet,3,128,0.0002,5,100,0.4566929133858268,1.0,0.4230769230769231
12503,HyboNet,3,128,0.0002,5,11,0.5275590551181102,0.6333333333333333,0.5769230769230769
12504,HyboNet,3,128,0.0002,5,12,0.5275590551181102,0.7,0.5769230769230769
12505,HyboNet,3,128,0.0002,5,13,0.5354330708661418,0.7,0.5769230769230769
12506,HyboNet,3,128,0.0002,5,14,0.5354330708661418,0.7,0.5769230769230769
12507,HyboNet,3,128,0.0002,5,15,0.5354330708661418,0.7,0.5769230769230769
12508,HyboNet,3,128,0.0002,5,16,0.5433070866141733,0.7666666666666667,0.5769230769230769
12509,HyboNet,3,128,0.0002,5,17,0.5433070866141733,0.7666666666666667,0.5769230769230769
12510,HyboNet,3,128,0.0002,5,18,0.5433070866141733,0.7666666666666667,0.5769230769230769
12511,HyboNet,3,128,0.0002,5,19,0.5354330708661418,0.7666666666666667,0.5769230769230769
12512,HyboNet,3,128,0.0002,5,2,0.5196850393700787,0.5333333333333333,0.5769230769230769
12513,HyboNet,3,128,0.0002,5,20,0.5433070866141733,0.7666666666666667,0.5769230769230769
12514,HyboNet,3,128,0.0002,5,21,0.5433070866141733,0.7666666666666667,0.5769230769230769
12515,HyboNet,3,128,0.0002,5,22,0.5433070866141733,0.7666666666666667,0.5769230769230769
12516,HyboNet,3,128,0.0002,5,23,0.5354330708661418,0.7666666666666667,0.5769230769230769
12517,HyboNet,3,128,0.0002,5,24,0.5433070866141733,0.7666666666666667,0.5769230769230769
12518,HyboNet,3,128,0.0002,5,25,0.5354330708661418,0.7666666666666667,0.5769230769230769
12519,HyboNet,3,128,0.0002,5,26,0.5354330708661418,0.8,0.5769230769230769
12520,HyboNet,3,128,0.0002,5,27,0.5196850393700787,0.7666666666666667,0.5769230769230769
12521,HyboNet,3,128,0.0002,5,28,0.5118110236220472,0.7666666666666667,0.5384615384615384
12522,HyboNet,3,128,0.0002,5,29,0.5118110236220472,0.7666666666666667,0.5384615384615384
12523,HyboNet,3,128,0.0002,5,3,0.5275590551181102,0.5666666666666667,0.5769230769230769
12524,HyboNet,3,128,0.0002,5,30,0.5118110236220472,0.7666666666666667,0.5384615384615384
12525,HyboNet,3,128,0.0002,5,31,0.5039370078740157,0.7666666666666667,0.5384615384615384
12526,HyboNet,3,128,0.0002,5,32,0.49606299212598426,0.7666666666666667,0.5769230769230769
12527,HyboNet,3,128,0.0002,5,33,0.47244094488188976,0.8,0.5769230769230769
12528,HyboNet,3,128,0.0002,5,34,0.4645669291338583,0.8333333333333334,0.5769230769230769
12529,HyboNet,3,128,0.0002,5,35,0.4566929133858268,0.8333333333333334,0.5769230769230769
12530,HyboNet,3,128,0.0002,5,36,0.4645669291338583,0.8333333333333334,0.5769230769230769
12531,HyboNet,3,128,0.0002,5,37,0.47244094488188976,0.8333333333333334,0.5384615384615384
12532,HyboNet,3,128,0.0002,5,38,0.47244094488188976,0.8666666666666667,0.5384615384615384
12533,HyboNet,3,128,0.0002,5,39,0.47244094488188976,0.8666666666666667,0.5384615384615384
12534,HyboNet,3,128,0.0002,5,4,0.5275590551181102,0.6,0.5769230769230769
12535,HyboNet,3,128,0.0002,5,40,0.47244094488188976,0.8666666666666667,0.5384615384615384
12536,HyboNet,3,128,0.0002,5,41,0.48031496062992124,0.8666666666666667,0.5384615384615384
12537,HyboNet,3,128,0.0002,5,42,0.48031496062992124,0.9,0.5384615384615384
12538,HyboNet,3,128,0.0002,5,43,0.47244094488188976,0.8666666666666667,0.5384615384615384
12539,HyboNet,3,128,0.0002,5,44,0.4645669291338583,0.8666666666666667,0.5384615384615384
12540,HyboNet,3,128,0.0002,5,45,0.4645669291338583,0.9,0.5384615384615384
12541,HyboNet,3,128,0.0002,5,46,0.47244094488188976,0.9,0.5384615384615384
12542,HyboNet,3,128,0.0002,5,47,0.4566929133858268,0.9,0.5384615384615384
12543,HyboNet,3,128,0.0002,5,48,0.47244094488188976,0.9,0.5384615384615384
12544,HyboNet,3,128,0.0002,5,49,0.47244094488188976,0.9,0.5384615384615384
12545,HyboNet,3,128,0.0002,5,5,0.5275590551181102,0.6,0.5769230769230769
12546,HyboNet,3,128,0.0002,5,50,0.47244094488188976,0.9,0.5384615384615384
12547,HyboNet,3,128,0.0002,5,51,0.47244094488188976,0.9,0.5384615384615384
12548,HyboNet,3,128,0.0002,5,52,0.4645669291338583,0.9,0.5384615384615384
12549,HyboNet,3,128,0.0002,5,53,0.4645669291338583,0.9,0.5384615384615384
12550,HyboNet,3,128,0.0002,5,54,0.47244094488188976,0.9,0.5769230769230769
12551,HyboNet,3,128,0.0002,5,55,0.48031496062992124,0.9,0.5769230769230769
12552,HyboNet,3,128,0.0002,5,56,0.48031496062992124,0.9,0.5769230769230769
12553,HyboNet,3,128,0.0002,5,57,0.49606299212598426,0.9,0.5769230769230769
12554,HyboNet,3,128,0.0002,5,58,0.47244094488188976,0.9,0.5769230769230769
12555,HyboNet,3,128,0.0002,5,59,0.49606299212598426,0.9,0.5769230769230769
12556,HyboNet,3,128,0.0002,5,6,0.5275590551181102,0.6,0.5769230769230769
12557,HyboNet,3,128,0.0002,5,60,0.48031496062992124,0.9333333333333333,0.5769230769230769
12558,HyboNet,3,128,0.0002,5,61,0.4566929133858268,0.9333333333333333,0.5769230769230769
12559,HyboNet,3,128,0.0002,5,62,0.4566929133858268,0.9333333333333333,0.5769230769230769
12560,HyboNet,3,128,0.0002,5,63,0.4566929133858268,0.9666666666666667,0.5769230769230769
12561,HyboNet,3,128,0.0002,5,64,0.4566929133858268,0.9666666666666667,0.5769230769230769
12562,HyboNet,3,128,0.0002,5,65,0.4566929133858268,0.9666666666666667,0.5769230769230769
12563,HyboNet,3,128,0.0002,5,66,0.4566929133858268,0.9666666666666667,0.5769230769230769
12564,HyboNet,3,128,0.0002,5,67,0.44881889763779526,0.9666666666666667,0.5769230769230769
12565,HyboNet,3,128,0.0002,5,68,0.4409448818897638,0.9666666666666667,0.5769230769230769
12566,HyboNet,3,128,0.0002,5,69,0.44881889763779526,0.9666666666666667,0.5769230769230769
12567,HyboNet,3,128,0.0002,5,7,0.5275590551181102,0.6,0.5769230769230769
12568,HyboNet,3,128,0.0002,5,70,0.44881889763779526,0.9666666666666667,0.5769230769230769
12569,HyboNet,3,128,0.0002,5,71,0.44881889763779526,0.9666666666666667,0.5769230769230769
12570,HyboNet,3,128,0.0002,5,72,0.44881889763779526,0.9333333333333333,0.5769230769230769
12571,HyboNet,3,128,0.0002,5,73,0.4409448818897638,0.9333333333333333,0.5769230769230769
12572,HyboNet,3,128,0.0002,5,74,0.4409448818897638,0.9333333333333333,0.5769230769230769
12573,HyboNet,3,128,0.0002,5,75,0.44881889763779526,0.9333333333333333,0.5769230769230769
12574,HyboNet,3,128,0.0002,5,76,0.4645669291338583,0.9333333333333333,0.5769230769230769
12575,HyboNet,3,128,0.0002,5,77,0.44881889763779526,0.9333333333333333,0.5
12576,HyboNet,3,128,0.0002,5,78,0.4566929133858268,0.9333333333333333,0.5769230769230769
12577,HyboNet,3,128,0.0002,5,79,0.4645669291338583,0.9333333333333333,0.5769230769230769
12578,HyboNet,3,128,0.0002,5,8,0.5275590551181102,0.6,0.5769230769230769
12579,HyboNet,3,128,0.0002,5,80,0.44881889763779526,0.9333333333333333,0.5769230769230769
12580,HyboNet,3,128,0.0002,5,81,0.4566929133858268,0.9333333333333333,0.5
12581,HyboNet,3,128,0.0002,5,82,0.44881889763779526,0.9333333333333333,0.5
12582,HyboNet,3,128,0.0002,5,83,0.4566929133858268,0.9333333333333333,0.46153846153846156
12583,HyboNet,3,128,0.0002,5,84,0.4409448818897638,0.9333333333333333,0.46153846153846156
12584,HyboNet,3,128,0.0002,5,85,0.44881889763779526,0.9333333333333333,0.5384615384615384
12585,HyboNet,3,128,0.0002,5,86,0.4566929133858268,0.9333333333333333,0.5384615384615384
12586,HyboNet,3,128,0.0002,5,87,0.4566929133858268,0.9333333333333333,0.46153846153846156
12587,HyboNet,3,128,0.0002,5,88,0.4566929133858268,0.9333333333333333,0.46153846153846156
12588,HyboNet,3,128,0.0002,5,89,0.44881889763779526,0.9333333333333333,0.46153846153846156
12589,HyboNet,3,128,0.0002,5,9,0.5275590551181102,0.6,0.5769230769230769
12590,HyboNet,3,128,0.0002,5,90,0.4566929133858268,0.9666666666666667,0.4230769230769231
12591,HyboNet,3,128,0.0002,5,91,0.4409448818897638,0.9666666666666667,0.4230769230769231
12592,HyboNet,3,128,0.0002,5,92,0.4409448818897638,0.9666666666666667,0.4230769230769231
12593,HyboNet,3,128,0.0002,5,93,0.44881889763779526,0.9666666666666667,0.4230769230769231
12594,HyboNet,3,128,0.0002,5,94,0.44881889763779526,0.9666666666666667,0.4230769230769231
12595,HyboNet,3,128,0.0002,5,95,0.44881889763779526,0.9666666666666667,0.46153846153846156
12596,HyboNet,3,128,0.0002,5,96,0.4566929133858268,1.0,0.46153846153846156
12597,HyboNet,3,128,0.0002,5,97,0.4566929133858268,1.0,0.46153846153846156
12598,HyboNet,3,128,0.0002,5,98,0.4566929133858268,1.0,0.4230769230769231
12599,HyboNet,3,128,0.0002,5,99,0.4566929133858268,1.0,0.4230769230769231
12600,HyboNet,3,128,0.0002,6,1,0.18110236220472442,0.1,0.19230769230769232
12601,HyboNet,3,128,0.0002,6,10,0.5433070866141733,0.6,0.5769230769230769
12602,HyboNet,3,128,0.0002,6,100,0.41732283464566927,0.9666666666666667,0.4230769230769231
12603,HyboNet,3,128,0.0002,6,11,0.5433070866141733,0.6,0.5769230769230769
12604,HyboNet,3,128,0.0002,6,12,0.5433070866141733,0.6333333333333333,0.5769230769230769
12605,HyboNet,3,128,0.0002,6,13,0.5433070866141733,0.6333333333333333,0.5769230769230769
12606,HyboNet,3,128,0.0002,6,14,0.5354330708661418,0.6333333333333333,0.5769230769230769
12607,HyboNet,3,128,0.0002,6,15,0.5354330708661418,0.6666666666666666,0.5769230769230769
12608,HyboNet,3,128,0.0002,6,16,0.5275590551181102,0.6666666666666666,0.5769230769230769
12609,HyboNet,3,128,0.0002,6,17,0.5275590551181102,0.6666666666666666,0.5769230769230769
12610,HyboNet,3,128,0.0002,6,18,0.5275590551181102,0.6666666666666666,0.5769230769230769
12611,HyboNet,3,128,0.0002,6,19,0.5275590551181102,0.7,0.5384615384615384
12612,HyboNet,3,128,0.0002,6,2,0.2204724409448819,0.43333333333333335,0.19230769230769232
12613,HyboNet,3,128,0.0002,6,20,0.5275590551181102,0.7,0.5384615384615384
12614,HyboNet,3,128,0.0002,6,21,0.5275590551181102,0.7333333333333333,0.5384615384615384
12615,HyboNet,3,128,0.0002,6,22,0.5275590551181102,0.7333333333333333,0.5384615384615384
12616,HyboNet,3,128,0.0002,6,23,0.5275590551181102,0.7333333333333333,0.5384615384615384
12617,HyboNet,3,128,0.0002,6,24,0.5275590551181102,0.7333333333333333,0.5384615384615384
12618,HyboNet,3,128,0.0002,6,25,0.5196850393700787,0.7333333333333333,0.5384615384615384
12619,HyboNet,3,128,0.0002,6,26,0.5196850393700787,0.7333333333333333,0.5384615384615384
12620,HyboNet,3,128,0.0002,6,27,0.5196850393700787,0.7333333333333333,0.5384615384615384
12621,HyboNet,3,128,0.0002,6,28,0.5196850393700787,0.7333333333333333,0.5384615384615384
12622,HyboNet,3,128,0.0002,6,29,0.5196850393700787,0.7333333333333333,0.5384615384615384
12623,HyboNet,3,128,0.0002,6,3,0.4094488188976378,0.6,0.46153846153846156
12624,HyboNet,3,128,0.0002,6,30,0.5196850393700787,0.7666666666666667,0.5384615384615384
12625,HyboNet,3,128,0.0002,6,31,0.5196850393700787,0.7666666666666667,0.5384615384615384
12626,HyboNet,3,128,0.0002,6,32,0.5511811023622047,0.7666666666666667,0.5384615384615384
12627,HyboNet,3,128,0.0002,6,33,0.5669291338582677,0.7666666666666667,0.5384615384615384
12628,HyboNet,3,128,0.0002,6,34,0.5511811023622047,0.7666666666666667,0.5384615384615384
12629,HyboNet,3,128,0.0002,6,35,0.5511811023622047,0.7666666666666667,0.5384615384615384
12630,HyboNet,3,128,0.0002,6,36,0.5354330708661418,0.7666666666666667,0.5384615384615384
12631,HyboNet,3,128,0.0002,6,37,0.5433070866141733,0.7666666666666667,0.5384615384615384
12632,HyboNet,3,128,0.0002,6,38,0.5433070866141733,0.7666666666666667,0.5384615384615384
12633,HyboNet,3,128,0.0002,6,39,0.5275590551181102,0.7666666666666667,0.5769230769230769
12634,HyboNet,3,128,0.0002,6,4,0.5039370078740157,0.6333333333333333,0.5
12635,HyboNet,3,128,0.0002,6,40,0.5275590551181102,0.8,0.5769230769230769
12636,HyboNet,3,128,0.0002,6,41,0.5275590551181102,0.8,0.5769230769230769
12637,HyboNet,3,128,0.0002,6,42,0.5275590551181102,0.8,0.5769230769230769
12638,HyboNet,3,128,0.0002,6,43,0.5275590551181102,0.8333333333333334,0.5769230769230769
12639,HyboNet,3,128,0.0002,6,44,0.5275590551181102,0.8333333333333334,0.5384615384615384
12640,HyboNet,3,128,0.0002,6,45,0.5275590551181102,0.8333333333333334,0.5384615384615384
12641,HyboNet,3,128,0.0002,6,46,0.5196850393700787,0.8333333333333334,0.5384615384615384
12642,HyboNet,3,128,0.0002,6,47,0.5196850393700787,0.8333333333333334,0.5
12643,HyboNet,3,128,0.0002,6,48,0.5118110236220472,0.8333333333333334,0.46153846153846156
12644,HyboNet,3,128,0.0002,6,49,0.5118110236220472,0.8333333333333334,0.46153846153846156
12645,HyboNet,3,128,0.0002,6,5,0.5354330708661418,0.6,0.5769230769230769
12646,HyboNet,3,128,0.0002,6,50,0.4881889763779528,0.8333333333333334,0.4230769230769231
12647,HyboNet,3,128,0.0002,6,51,0.48031496062992124,0.8333333333333334,0.4230769230769231
12648,HyboNet,3,128,0.0002,6,52,0.48031496062992124,0.8333333333333334,0.4230769230769231
12649,HyboNet,3,128,0.0002,6,53,0.48031496062992124,0.8666666666666667,0.4230769230769231
12650,HyboNet,3,128,0.0002,6,54,0.48031496062992124,0.8666666666666667,0.4230769230769231
12651,HyboNet,3,128,0.0002,6,55,0.47244094488188976,0.8666666666666667,0.4230769230769231
12652,HyboNet,3,128,0.0002,6,56,0.47244094488188976,0.8666666666666667,0.4230769230769231
12653,HyboNet,3,128,0.0002,6,57,0.47244094488188976,0.8666666666666667,0.4230769230769231
12654,HyboNet,3,128,0.0002,6,58,0.4645669291338583,0.8666666666666667,0.46153846153846156
12655,HyboNet,3,128,0.0002,6,59,0.4645669291338583,0.9,0.46153846153846156
12656,HyboNet,3,128,0.0002,6,6,0.5354330708661418,0.6,0.5769230769230769
12657,HyboNet,3,128,0.0002,6,60,0.47244094488188976,0.9,0.4230769230769231
12658,HyboNet,3,128,0.0002,6,61,0.48031496062992124,0.9666666666666667,0.4230769230769231
12659,HyboNet,3,128,0.0002,6,62,0.47244094488188976,0.9666666666666667,0.4230769230769231
12660,HyboNet,3,128,0.0002,6,63,0.4566929133858268,0.9333333333333333,0.46153846153846156
12661,HyboNet,3,128,0.0002,6,64,0.44881889763779526,0.9333333333333333,0.46153846153846156
12662,HyboNet,3,128,0.0002,6,65,0.44881889763779526,0.9333333333333333,0.46153846153846156
12663,HyboNet,3,128,0.0002,6,66,0.44881889763779526,0.9333333333333333,0.46153846153846156
12664,HyboNet,3,128,0.0002,6,67,0.4409448818897638,0.9333333333333333,0.46153846153846156
12665,HyboNet,3,128,0.0002,6,68,0.4409448818897638,0.9333333333333333,0.46153846153846156
12666,HyboNet,3,128,0.0002,6,69,0.4409448818897638,0.9333333333333333,0.46153846153846156
12667,HyboNet,3,128,0.0002,6,7,0.5354330708661418,0.6,0.5769230769230769
12668,HyboNet,3,128,0.0002,6,70,0.4409448818897638,0.9333333333333333,0.46153846153846156
12669,HyboNet,3,128,0.0002,6,71,0.4409448818897638,0.9333333333333333,0.46153846153846156
12670,HyboNet,3,128,0.0002,6,72,0.4409448818897638,0.9333333333333333,0.46153846153846156
12671,HyboNet,3,128,0.0002,6,73,0.4409448818897638,0.9333333333333333,0.46153846153846156
12672,HyboNet,3,128,0.0002,6,74,0.4330708661417323,0.9333333333333333,0.46153846153846156
12673,HyboNet,3,128,0.0002,6,75,0.4330708661417323,0.9333333333333333,0.46153846153846156
12674,HyboNet,3,128,0.0002,6,76,0.4330708661417323,0.9333333333333333,0.46153846153846156
12675,HyboNet,3,128,0.0002,6,77,0.4409448818897638,0.9333333333333333,0.46153846153846156
12676,HyboNet,3,128,0.0002,6,78,0.44881889763779526,0.9333333333333333,0.46153846153846156
12677,HyboNet,3,128,0.0002,6,79,0.44881889763779526,0.9333333333333333,0.46153846153846156
12678,HyboNet,3,128,0.0002,6,8,0.5354330708661418,0.6,0.5769230769230769
12679,HyboNet,3,128,0.0002,6,80,0.47244094488188976,0.9333333333333333,0.46153846153846156
12680,HyboNet,3,128,0.0002,6,81,0.4645669291338583,0.9333333333333333,0.46153846153846156
12681,HyboNet,3,128,0.0002,6,82,0.4645669291338583,0.9333333333333333,0.46153846153846156
12682,HyboNet,3,128,0.0002,6,83,0.4645669291338583,0.9333333333333333,0.46153846153846156
12683,HyboNet,3,128,0.0002,6,84,0.4566929133858268,0.9333333333333333,0.46153846153846156
12684,HyboNet,3,128,0.0002,6,85,0.4566929133858268,0.9333333333333333,0.46153846153846156
12685,HyboNet,3,128,0.0002,6,86,0.4409448818897638,0.9333333333333333,0.46153846153846156
12686,HyboNet,3,128,0.0002,6,87,0.4330708661417323,0.9333333333333333,0.46153846153846156
12687,HyboNet,3,128,0.0002,6,88,0.4330708661417323,0.9333333333333333,0.46153846153846156
12688,HyboNet,3,128,0.0002,6,89,0.4330708661417323,0.9333333333333333,0.46153846153846156
12689,HyboNet,3,128,0.0002,6,9,0.5354330708661418,0.6,0.5769230769230769
12690,HyboNet,3,128,0.0002,6,90,0.4409448818897638,0.9333333333333333,0.46153846153846156
12691,HyboNet,3,128,0.0002,6,91,0.4409448818897638,0.9333333333333333,0.46153846153846156
12692,HyboNet,3,128,0.0002,6,92,0.4409448818897638,0.9333333333333333,0.46153846153846156
12693,HyboNet,3,128,0.0002,6,93,0.4330708661417323,0.9333333333333333,0.46153846153846156
12694,HyboNet,3,128,0.0002,6,94,0.4251968503937008,0.9333333333333333,0.46153846153846156
12695,HyboNet,3,128,0.0002,6,95,0.4251968503937008,0.9333333333333333,0.46153846153846156
12696,HyboNet,3,128,0.0002,6,96,0.4330708661417323,0.9333333333333333,0.46153846153846156
12697,HyboNet,3,128,0.0002,6,97,0.4251968503937008,0.9333333333333333,0.46153846153846156
12698,HyboNet,3,128,0.0002,6,98,0.41732283464566927,0.9333333333333333,0.4230769230769231
12699,HyboNet,3,128,0.0002,6,99,0.4015748031496063,0.9666666666666667,0.38461538461538464
12700,HyboNet,3,128,0.0002,7,1,0.48031496062992124,0.4666666666666667,0.5
12701,HyboNet,3,128,0.0002,7,10,0.49606299212598426,0.7,0.5384615384615384
12702,HyboNet,3,128,0.0002,7,100,0.3858267716535433,1.0,0.4230769230769231
12703,HyboNet,3,128,0.0002,7,11,0.5196850393700787,0.7,0.5384615384615384
12704,HyboNet,3,128,0.0002,7,12,0.5354330708661418,0.7,0.5769230769230769
12705,HyboNet,3,128,0.0002,7,13,0.5433070866141733,0.7,0.5769230769230769
12706,HyboNet,3,128,0.0002,7,14,0.5433070866141733,0.7,0.5769230769230769
12707,HyboNet,3,128,0.0002,7,15,0.5511811023622047,0.7,0.5769230769230769
12708,HyboNet,3,128,0.0002,7,16,0.5511811023622047,0.7,0.5769230769230769
12709,HyboNet,3,128,0.0002,7,17,0.5511811023622047,0.7,0.5769230769230769
12710,HyboNet,3,128,0.0002,7,18,0.5590551181102362,0.7,0.5769230769230769
12711,HyboNet,3,128,0.0002,7,19,0.5511811023622047,0.7666666666666667,0.5769230769230769
12712,HyboNet,3,128,0.0002,7,2,0.5275590551181102,0.6,0.5769230769230769
12713,HyboNet,3,128,0.0002,7,20,0.5511811023622047,0.7666666666666667,0.5769230769230769
12714,HyboNet,3,128,0.0002,7,21,0.5433070866141733,0.8,0.5769230769230769
12715,HyboNet,3,128,0.0002,7,22,0.5354330708661418,0.8,0.6153846153846154
12716,HyboNet,3,128,0.0002,7,23,0.5354330708661418,0.8,0.6153846153846154
12717,HyboNet,3,128,0.0002,7,24,0.5118110236220472,0.8,0.6153846153846154
12718,HyboNet,3,128,0.0002,7,25,0.5118110236220472,0.8,0.6153846153846154
12719,HyboNet,3,128,0.0002,7,26,0.5118110236220472,0.8,0.6153846153846154
12720,HyboNet,3,128,0.0002,7,27,0.5118110236220472,0.8,0.5769230769230769
12721,HyboNet,3,128,0.0002,7,28,0.5118110236220472,0.8,0.5769230769230769
12722,HyboNet,3,128,0.0002,7,29,0.5118110236220472,0.8,0.5384615384615384
12723,HyboNet,3,128,0.0002,7,3,0.5354330708661418,0.6,0.5769230769230769
12724,HyboNet,3,128,0.0002,7,30,0.5118110236220472,0.8,0.5384615384615384
12725,HyboNet,3,128,0.0002,7,31,0.5118110236220472,0.8,0.5384615384615384
12726,HyboNet,3,128,0.0002,7,32,0.5118110236220472,0.8,0.5384615384615384
12727,HyboNet,3,128,0.0002,7,33,0.5118110236220472,0.8333333333333334,0.5384615384615384
12728,HyboNet,3,128,0.0002,7,34,0.5118110236220472,0.8333333333333334,0.5384615384615384
12729,HyboNet,3,128,0.0002,7,35,0.5118110236220472,0.8333333333333334,0.5384615384615384
12730,HyboNet,3,128,0.0002,7,36,0.5039370078740157,0.8333333333333334,0.5384615384615384
12731,HyboNet,3,128,0.0002,7,37,0.5039370078740157,0.8333333333333334,0.5384615384615384
12732,HyboNet,3,128,0.0002,7,38,0.49606299212598426,0.8333333333333334,0.5384615384615384
12733,HyboNet,3,128,0.0002,7,39,0.49606299212598426,0.8333333333333334,0.5384615384615384
12734,HyboNet,3,128,0.0002,7,4,0.5354330708661418,0.6,0.5769230769230769
12735,HyboNet,3,128,0.0002,7,40,0.49606299212598426,0.8333333333333334,0.5384615384615384
12736,HyboNet,3,128,0.0002,7,41,0.4881889763779528,0.8333333333333334,0.5769230769230769
12737,HyboNet,3,128,0.0002,7,42,0.4881889763779528,0.8333333333333334,0.5769230769230769
12738,HyboNet,3,128,0.0002,7,43,0.4881889763779528,0.8333333333333334,0.5769230769230769
12739,HyboNet,3,128,0.0002,7,44,0.49606299212598426,0.8333333333333334,0.5769230769230769
12740,HyboNet,3,128,0.0002,7,45,0.49606299212598426,0.8333333333333334,0.5769230769230769
12741,HyboNet,3,128,0.0002,7,46,0.49606299212598426,0.8333333333333334,0.5769230769230769
12742,HyboNet,3,128,0.0002,7,47,0.4881889763779528,0.8333333333333334,0.5769230769230769
12743,HyboNet,3,128,0.0002,7,48,0.4881889763779528,0.8666666666666667,0.5769230769230769
12744,HyboNet,3,128,0.0002,7,49,0.4881889763779528,0.8666666666666667,0.5769230769230769
12745,HyboNet,3,128,0.0002,7,5,0.5354330708661418,0.6,0.5769230769230769
12746,HyboNet,3,128,0.0002,7,50,0.4881889763779528,0.9,0.5769230769230769
12747,HyboNet,3,128,0.0002,7,51,0.48031496062992124,0.9333333333333333,0.5769230769230769
12748,HyboNet,3,128,0.0002,7,52,0.47244094488188976,0.9666666666666667,0.5769230769230769
12749,HyboNet,3,128,0.0002,7,53,0.47244094488188976,0.9666666666666667,0.5769230769230769
12750,HyboNet,3,128,0.0002,7,54,0.4645669291338583,0.9333333333333333,0.5769230769230769
12751,HyboNet,3,128,0.0002,7,55,0.47244094488188976,0.9333333333333333,0.5769230769230769
12752,HyboNet,3,128,0.0002,7,56,0.47244094488188976,0.9333333333333333,0.5769230769230769
12753,HyboNet,3,128,0.0002,7,57,0.47244094488188976,0.9333333333333333,0.5769230769230769
12754,HyboNet,3,128,0.0002,7,58,0.47244094488188976,0.9333333333333333,0.5384615384615384
12755,HyboNet,3,128,0.0002,7,59,0.4645669291338583,0.9333333333333333,0.5769230769230769
12756,HyboNet,3,128,0.0002,7,6,0.5354330708661418,0.6,0.5769230769230769
12757,HyboNet,3,128,0.0002,7,60,0.4645669291338583,0.9333333333333333,0.5769230769230769
12758,HyboNet,3,128,0.0002,7,61,0.4566929133858268,0.9333333333333333,0.5384615384615384
12759,HyboNet,3,128,0.0002,7,62,0.44881889763779526,0.9333333333333333,0.5384615384615384
12760,HyboNet,3,128,0.0002,7,63,0.4409448818897638,0.9333333333333333,0.5384615384615384
12761,HyboNet,3,128,0.0002,7,64,0.4330708661417323,0.9333333333333333,0.5384615384615384
12762,HyboNet,3,128,0.0002,7,65,0.4330708661417323,0.9333333333333333,0.5
12763,HyboNet,3,128,0.0002,7,66,0.4330708661417323,0.9333333333333333,0.5384615384615384
12764,HyboNet,3,128,0.0002,7,67,0.4330708661417323,0.9333333333333333,0.5
12765,HyboNet,3,128,0.0002,7,68,0.4330708661417323,0.9333333333333333,0.5
12766,HyboNet,3,128,0.0002,7,69,0.4330708661417323,0.9333333333333333,0.5
12767,HyboNet,3,128,0.0002,7,7,0.5196850393700787,0.7,0.5769230769230769
12768,HyboNet,3,128,0.0002,7,70,0.4330708661417323,0.9333333333333333,0.5
12769,HyboNet,3,128,0.0002,7,71,0.4330708661417323,0.9333333333333333,0.5
12770,HyboNet,3,128,0.0002,7,72,0.4251968503937008,0.9333333333333333,0.46153846153846156
12771,HyboNet,3,128,0.0002,7,73,0.4251968503937008,0.9333333333333333,0.46153846153846156
12772,HyboNet,3,128,0.0002,7,74,0.4330708661417323,0.9333333333333333,0.5
12773,HyboNet,3,128,0.0002,7,75,0.4409448818897638,0.9333333333333333,0.5
12774,HyboNet,3,128,0.0002,7,76,0.4409448818897638,0.9666666666666667,0.5
12775,HyboNet,3,128,0.0002,7,77,0.4330708661417323,0.9666666666666667,0.46153846153846156
12776,HyboNet,3,128,0.0002,7,78,0.4409448818897638,0.9666666666666667,0.46153846153846156
12777,HyboNet,3,128,0.0002,7,79,0.4409448818897638,0.9666666666666667,0.46153846153846156
12778,HyboNet,3,128,0.0002,7,8,0.5039370078740157,0.7,0.5769230769230769
12779,HyboNet,3,128,0.0002,7,80,0.4251968503937008,0.9666666666666667,0.46153846153846156
12780,HyboNet,3,128,0.0002,7,81,0.41732283464566927,0.9666666666666667,0.46153846153846156
12781,HyboNet,3,128,0.0002,7,82,0.4094488188976378,1.0,0.46153846153846156
12782,HyboNet,3,128,0.0002,7,83,0.4094488188976378,1.0,0.46153846153846156
12783,HyboNet,3,128,0.0002,7,84,0.4094488188976378,1.0,0.4230769230769231
12784,HyboNet,3,128,0.0002,7,85,0.4094488188976378,1.0,0.4230769230769231
12785,HyboNet,3,128,0.0002,7,86,0.4094488188976378,1.0,0.46153846153846156
12786,HyboNet,3,128,0.0002,7,87,0.4094488188976378,1.0,0.46153846153846156
12787,HyboNet,3,128,0.0002,7,88,0.4094488188976378,1.0,0.46153846153846156
12788,HyboNet,3,128,0.0002,7,89,0.4094488188976378,1.0,0.46153846153846156
12789,HyboNet,3,128,0.0002,7,9,0.5196850393700787,0.7,0.5769230769230769
12790,HyboNet,3,128,0.0002,7,90,0.4094488188976378,1.0,0.46153846153846156
12791,HyboNet,3,128,0.0002,7,91,0.4094488188976378,1.0,0.46153846153846156
12792,HyboNet,3,128,0.0002,7,92,0.4094488188976378,1.0,0.46153846153846156
12793,HyboNet,3,128,0.0002,7,93,0.3937007874015748,1.0,0.46153846153846156
12794,HyboNet,3,128,0.0002,7,94,0.3937007874015748,1.0,0.4230769230769231
12795,HyboNet,3,128,0.0002,7,95,0.3858267716535433,1.0,0.4230769230769231
12796,HyboNet,3,128,0.0002,7,96,0.3858267716535433,1.0,0.4230769230769231
12797,HyboNet,3,128,0.0002,7,97,0.3858267716535433,1.0,0.4230769230769231
12798,HyboNet,3,128,0.0002,7,98,0.3858267716535433,1.0,0.4230769230769231
12799,HyboNet,3,128,0.0002,7,99,0.3858267716535433,1.0,0.4230769230769231
12800,HyboNet,3,128,0.0002,8,1,0.30708661417322836,0.3,0.2692307692307692
12801,HyboNet,3,128,0.0002,8,10,0.5433070866141733,0.6666666666666666,0.5384615384615384
12802,HyboNet,3,128,0.0002,8,100,0.4251968503937008,1.0,0.5
12803,HyboNet,3,128,0.0002,8,11,0.5511811023622047,0.7,0.5384615384615384
12804,HyboNet,3,128,0.0002,8,12,0.5511811023622047,0.7333333333333333,0.5384615384615384
12805,HyboNet,3,128,0.0002,8,13,0.5511811023622047,0.7666666666666667,0.5384615384615384
12806,HyboNet,3,128,0.0002,8,14,0.5511811023622047,0.7666666666666667,0.5384615384615384
12807,HyboNet,3,128,0.0002,8,15,0.5590551181102362,0.7666666666666667,0.5384615384615384
12808,HyboNet,3,128,0.0002,8,16,0.5590551181102362,0.7666666666666667,0.5384615384615384
12809,HyboNet,3,128,0.0002,8,17,0.5590551181102362,0.7666666666666667,0.5384615384615384
12810,HyboNet,3,128,0.0002,8,18,0.5590551181102362,0.7666666666666667,0.5384615384615384
12811,HyboNet,3,128,0.0002,8,19,0.5511811023622047,0.7666666666666667,0.5384615384615384
12812,HyboNet,3,128,0.0002,8,2,0.4881889763779528,0.5,0.46153846153846156
12813,HyboNet,3,128,0.0002,8,20,0.5511811023622047,0.7666666666666667,0.5384615384615384
12814,HyboNet,3,128,0.0002,8,21,0.5511811023622047,0.7666666666666667,0.5384615384615384
12815,HyboNet,3,128,0.0002,8,22,0.5590551181102362,0.7666666666666667,0.5384615384615384
12816,HyboNet,3,128,0.0002,8,23,0.5669291338582677,0.8,0.5384615384615384
12817,HyboNet,3,128,0.0002,8,24,0.5669291338582677,0.8,0.5384615384615384
12818,HyboNet,3,128,0.0002,8,25,0.5590551181102362,0.8,0.5384615384615384
12819,HyboNet,3,128,0.0002,8,26,0.5590551181102362,0.8,0.5384615384615384
12820,HyboNet,3,128,0.0002,8,27,0.5590551181102362,0.8,0.5769230769230769
12821,HyboNet,3,128,0.0002,8,28,0.5748031496062992,0.8,0.5769230769230769
12822,HyboNet,3,128,0.0002,8,29,0.5748031496062992,0.8,0.5
12823,HyboNet,3,128,0.0002,8,3,0.5196850393700787,0.6,0.5
12824,HyboNet,3,128,0.0002,8,30,0.5669291338582677,0.8,0.5
12825,HyboNet,3,128,0.0002,8,31,0.5669291338582677,0.7666666666666667,0.5
12826,HyboNet,3,128,0.0002,8,32,0.5669291338582677,0.7666666666666667,0.5
12827,HyboNet,3,128,0.0002,8,33,0.5590551181102362,0.7666666666666667,0.5384615384615384
12828,HyboNet,3,128,0.0002,8,34,0.5590551181102362,0.7666666666666667,0.5384615384615384
12829,HyboNet,3,128,0.0002,8,35,0.5511811023622047,0.8,0.5384615384615384
12830,HyboNet,3,128,0.0002,8,36,0.5511811023622047,0.8,0.5384615384615384
12831,HyboNet,3,128,0.0002,8,37,0.5433070866141733,0.8,0.5769230769230769
12832,HyboNet,3,128,0.0002,8,38,0.5354330708661418,0.8,0.5384615384615384
12833,HyboNet,3,128,0.0002,8,39,0.5433070866141733,0.8,0.5384615384615384
12834,HyboNet,3,128,0.0002,8,4,0.5433070866141733,0.6333333333333333,0.5769230769230769
12835,HyboNet,3,128,0.0002,8,40,0.5354330708661418,0.8,0.5769230769230769
12836,HyboNet,3,128,0.0002,8,41,0.5433070866141733,0.8,0.5769230769230769
12837,HyboNet,3,128,0.0002,8,42,0.5354330708661418,0.8,0.5769230769230769
12838,HyboNet,3,128,0.0002,8,43,0.5354330708661418,0.8,0.5769230769230769
12839,HyboNet,3,128,0.0002,8,44,0.5196850393700787,0.8,0.5769230769230769
12840,HyboNet,3,128,0.0002,8,45,0.5118110236220472,0.8,0.5769230769230769
12841,HyboNet,3,128,0.0002,8,46,0.5118110236220472,0.8,0.5769230769230769
12842,HyboNet,3,128,0.0002,8,47,0.5118110236220472,0.8,0.5769230769230769
12843,HyboNet,3,128,0.0002,8,48,0.5118110236220472,0.8333333333333334,0.5769230769230769
12844,HyboNet,3,128,0.0002,8,49,0.5118110236220472,0.8,0.5769230769230769
12845,HyboNet,3,128,0.0002,8,5,0.5433070866141733,0.6333333333333333,0.5769230769230769
12846,HyboNet,3,128,0.0002,8,50,0.5118110236220472,0.8333333333333334,0.5384615384615384
12847,HyboNet,3,128,0.0002,8,51,0.5196850393700787,0.8333333333333334,0.5384615384615384
12848,HyboNet,3,128,0.0002,8,52,0.5196850393700787,0.8333333333333334,0.5384615384615384
12849,HyboNet,3,128,0.0002,8,53,0.5196850393700787,0.9,0.5384615384615384
12850,HyboNet,3,128,0.0002,8,54,0.5118110236220472,0.9333333333333333,0.5384615384615384
12851,HyboNet,3,128,0.0002,8,55,0.5118110236220472,0.9333333333333333,0.5
12852,HyboNet,3,128,0.0002,8,56,0.5118110236220472,0.9333333333333333,0.5384615384615384
12853,HyboNet,3,128,0.0002,8,57,0.5118110236220472,0.9666666666666667,0.5384615384615384
12854,HyboNet,3,128,0.0002,8,58,0.5039370078740157,0.9666666666666667,0.5384615384615384
12855,HyboNet,3,128,0.0002,8,59,0.5039370078740157,0.9666666666666667,0.5
12856,HyboNet,3,128,0.0002,8,6,0.5433070866141733,0.6333333333333333,0.5769230769230769
12857,HyboNet,3,128,0.0002,8,60,0.5039370078740157,0.9666666666666667,0.5
12858,HyboNet,3,128,0.0002,8,61,0.5039370078740157,0.9666666666666667,0.5
12859,HyboNet,3,128,0.0002,8,62,0.49606299212598426,0.9666666666666667,0.5
12860,HyboNet,3,128,0.0002,8,63,0.5039370078740157,0.9666666666666667,0.5384615384615384
12861,HyboNet,3,128,0.0002,8,64,0.5039370078740157,0.9666666666666667,0.5384615384615384
12862,HyboNet,3,128,0.0002,8,65,0.49606299212598426,0.9666666666666667,0.5
12863,HyboNet,3,128,0.0002,8,66,0.4881889763779528,0.9666666666666667,0.5
12864,HyboNet,3,128,0.0002,8,67,0.4881889763779528,0.9333333333333333,0.5
12865,HyboNet,3,128,0.0002,8,68,0.4881889763779528,0.9333333333333333,0.5
12866,HyboNet,3,128,0.0002,8,69,0.4881889763779528,0.9333333333333333,0.5
12867,HyboNet,3,128,0.0002,8,7,0.5433070866141733,0.6333333333333333,0.5769230769230769
12868,HyboNet,3,128,0.0002,8,70,0.4881889763779528,0.9333333333333333,0.46153846153846156
12869,HyboNet,3,128,0.0002,8,71,0.48031496062992124,0.9333333333333333,0.46153846153846156
12870,HyboNet,3,128,0.0002,8,72,0.48031496062992124,0.9333333333333333,0.46153846153846156
12871,HyboNet,3,128,0.0002,8,73,0.48031496062992124,0.9333333333333333,0.46153846153846156
12872,HyboNet,3,128,0.0002,8,74,0.48031496062992124,0.9333333333333333,0.46153846153846156
12873,HyboNet,3,128,0.0002,8,75,0.48031496062992124,0.9333333333333333,0.5
12874,HyboNet,3,128,0.0002,8,76,0.4881889763779528,0.9666666666666667,0.5
12875,HyboNet,3,128,0.0002,8,77,0.4881889763779528,0.9666666666666667,0.5
12876,HyboNet,3,128,0.0002,8,78,0.4881889763779528,0.9666666666666667,0.5
12877,HyboNet,3,128,0.0002,8,79,0.48031496062992124,0.9666666666666667,0.5
12878,HyboNet,3,128,0.0002,8,8,0.5354330708661418,0.6333333333333333,0.5384615384615384
12879,HyboNet,3,128,0.0002,8,80,0.48031496062992124,0.9666666666666667,0.5
12880,HyboNet,3,128,0.0002,8,81,0.48031496062992124,0.9666666666666667,0.5
12881,HyboNet,3,128,0.0002,8,82,0.48031496062992124,0.9666666666666667,0.5
12882,HyboNet,3,128,0.0002,8,83,0.47244094488188976,0.9666666666666667,0.5
12883,HyboNet,3,128,0.0002,8,84,0.47244094488188976,0.9666666666666667,0.5
12884,HyboNet,3,128,0.0002,8,85,0.47244094488188976,0.9666666666666667,0.5
12885,HyboNet,3,128,0.0002,8,86,0.4645669291338583,0.9666666666666667,0.5
12886,HyboNet,3,128,0.0002,8,87,0.4566929133858268,0.9666666666666667,0.5
12887,HyboNet,3,128,0.0002,8,88,0.44881889763779526,0.9666666666666667,0.5
12888,HyboNet,3,128,0.0002,8,89,0.44881889763779526,0.9666666666666667,0.5
12889,HyboNet,3,128,0.0002,8,9,0.5354330708661418,0.6666666666666666,0.5384615384615384
12890,HyboNet,3,128,0.0002,8,90,0.44881889763779526,0.9666666666666667,0.5
12891,HyboNet,3,128,0.0002,8,91,0.4409448818897638,0.9666666666666667,0.5
12892,HyboNet,3,128,0.0002,8,92,0.41732283464566927,0.9666666666666667,0.5
12893,HyboNet,3,128,0.0002,8,93,0.4251968503937008,0.9666666666666667,0.5
12894,HyboNet,3,128,0.0002,8,94,0.44881889763779526,0.9666666666666667,0.5
12895,HyboNet,3,128,0.0002,8,95,0.44881889763779526,0.9666666666666667,0.5
12896,HyboNet,3,128,0.0002,8,96,0.4409448818897638,0.9666666666666667,0.5
12897,HyboNet,3,128,0.0002,8,97,0.44881889763779526,0.9666666666666667,0.5
12898,HyboNet,3,128,0.0002,8,98,0.4251968503937008,1.0,0.4230769230769231
12899,HyboNet,3,128,0.0002,8,99,0.4409448818897638,1.0,0.46153846153846156
12900,HyboNet,3,128,0.0002,9,1,0.5118110236220472,0.43333333333333335,0.46153846153846156
12901,HyboNet,3,128,0.0002,9,10,0.5354330708661418,0.6,0.5769230769230769
12902,HyboNet,3,128,0.0002,9,100,0.41732283464566927,1.0,0.3076923076923077
12903,HyboNet,3,128,0.0002,9,11,0.5354330708661418,0.6333333333333333,0.5769230769230769
12904,HyboNet,3,128,0.0002,9,12,0.5354330708661418,0.6333333333333333,0.5769230769230769
12905,HyboNet,3,128,0.0002,9,13,0.5354330708661418,0.6666666666666666,0.5769230769230769
12906,HyboNet,3,128,0.0002,9,14,0.5511811023622047,0.7333333333333333,0.5769230769230769
12907,HyboNet,3,128,0.0002,9,15,0.5511811023622047,0.7333333333333333,0.5769230769230769
12908,HyboNet,3,128,0.0002,9,16,0.5511811023622047,0.7333333333333333,0.5769230769230769
12909,HyboNet,3,128,0.0002,9,17,0.5511811023622047,0.7333333333333333,0.5769230769230769
12910,HyboNet,3,128,0.0002,9,18,0.5433070866141733,0.7333333333333333,0.5769230769230769
12911,HyboNet,3,128,0.0002,9,19,0.5433070866141733,0.7333333333333333,0.5769230769230769
12912,HyboNet,3,128,0.0002,9,2,0.5275590551181102,0.6,0.5384615384615384
12913,HyboNet,3,128,0.0002,9,20,0.5433070866141733,0.7333333333333333,0.5769230769230769
12914,HyboNet,3,128,0.0002,9,21,0.5511811023622047,0.7666666666666667,0.5769230769230769
12915,HyboNet,3,128,0.0002,9,22,0.5433070866141733,0.7666666666666667,0.5769230769230769
12916,HyboNet,3,128,0.0002,9,23,0.5433070866141733,0.7666666666666667,0.5769230769230769
12917,HyboNet,3,128,0.0002,9,24,0.5433070866141733,0.7666666666666667,0.5384615384615384
12918,HyboNet,3,128,0.0002,9,25,0.5354330708661418,0.7666666666666667,0.5384615384615384
12919,HyboNet,3,128,0.0002,9,26,0.5354330708661418,0.7666666666666667,0.5384615384615384
12920,HyboNet,3,128,0.0002,9,27,0.5433070866141733,0.7666666666666667,0.5384615384615384
12921,HyboNet,3,128,0.0002,9,28,0.5433070866141733,0.7666666666666667,0.5384615384615384
12922,HyboNet,3,128,0.0002,9,29,0.5354330708661418,0.7666666666666667,0.5384615384615384
12923,HyboNet,3,128,0.0002,9,3,0.5275590551181102,0.6,0.5769230769230769
12924,HyboNet,3,128,0.0002,9,30,0.5354330708661418,0.7666666666666667,0.5
12925,HyboNet,3,128,0.0002,9,31,0.5354330708661418,0.7666666666666667,0.5
12926,HyboNet,3,128,0.0002,9,32,0.5275590551181102,0.8,0.46153846153846156
12927,HyboNet,3,128,0.0002,9,33,0.5354330708661418,0.8,0.46153846153846156
12928,HyboNet,3,128,0.0002,9,34,0.5118110236220472,0.8,0.4230769230769231
12929,HyboNet,3,128,0.0002,9,35,0.5118110236220472,0.8,0.4230769230769231
12930,HyboNet,3,128,0.0002,9,36,0.5118110236220472,0.8,0.4230769230769231
12931,HyboNet,3,128,0.0002,9,37,0.5039370078740157,0.8,0.4230769230769231
12932,HyboNet,3,128,0.0002,9,38,0.5039370078740157,0.8,0.46153846153846156
12933,HyboNet,3,128,0.0002,9,39,0.4881889763779528,0.8333333333333334,0.4230769230769231
12934,HyboNet,3,128,0.0002,9,4,0.5275590551181102,0.6,0.5769230769230769
12935,HyboNet,3,128,0.0002,9,40,0.48031496062992124,0.8666666666666667,0.4230769230769231
12936,HyboNet,3,128,0.0002,9,41,0.48031496062992124,0.8666666666666667,0.4230769230769231
12937,HyboNet,3,128,0.0002,9,42,0.48031496062992124,0.8666666666666667,0.4230769230769231
12938,HyboNet,3,128,0.0002,9,43,0.48031496062992124,0.8666666666666667,0.4230769230769231
12939,HyboNet,3,128,0.0002,9,44,0.48031496062992124,0.9,0.4230769230769231
12940,HyboNet,3,128,0.0002,9,45,0.47244094488188976,0.9,0.38461538461538464
12941,HyboNet,3,128,0.0002,9,46,0.47244094488188976,0.9,0.38461538461538464
12942,HyboNet,3,128,0.0002,9,47,0.47244094488188976,0.9,0.38461538461538464
12943,HyboNet,3,128,0.0002,9,48,0.48031496062992124,0.9333333333333333,0.46153846153846156
12944,HyboNet,3,128,0.0002,9,49,0.4645669291338583,0.9333333333333333,0.46153846153846156
12945,HyboNet,3,128,0.0002,9,5,0.5354330708661418,0.6,0.5769230769230769
12946,HyboNet,3,128,0.0002,9,50,0.44881889763779526,0.9333333333333333,0.4230769230769231
12947,HyboNet,3,128,0.0002,9,51,0.4645669291338583,0.9333333333333333,0.38461538461538464
12948,HyboNet,3,128,0.0002,9,52,0.4645669291338583,0.9333333333333333,0.4230769230769231
12949,HyboNet,3,128,0.0002,9,53,0.4645669291338583,0.9333333333333333,0.4230769230769231
12950,HyboNet,3,128,0.0002,9,54,0.4645669291338583,0.9333333333333333,0.4230769230769231
12951,HyboNet,3,128,0.0002,9,55,0.4566929133858268,0.9666666666666667,0.46153846153846156
12952,HyboNet,3,128,0.0002,9,56,0.44881889763779526,0.9666666666666667,0.46153846153846156
12953,HyboNet,3,128,0.0002,9,57,0.4409448818897638,0.9666666666666667,0.46153846153846156
12954,HyboNet,3,128,0.0002,9,58,0.44881889763779526,0.9666666666666667,0.4230769230769231
12955,HyboNet,3,128,0.0002,9,59,0.44881889763779526,0.9666666666666667,0.4230769230769231
12956,HyboNet,3,128,0.0002,9,6,0.5354330708661418,0.6,0.5769230769230769
12957,HyboNet,3,128,0.0002,9,60,0.4409448818897638,0.9666666666666667,0.4230769230769231
12958,HyboNet,3,128,0.0002,9,61,0.4409448818897638,0.9333333333333333,0.4230769230769231
12959,HyboNet,3,128,0.0002,9,62,0.44881889763779526,0.9333333333333333,0.4230769230769231
12960,HyboNet,3,128,0.0002,9,63,0.44881889763779526,0.9333333333333333,0.4230769230769231
12961,HyboNet,3,128,0.0002,9,64,0.4330708661417323,0.9333333333333333,0.4230769230769231
12962,HyboNet,3,128,0.0002,9,65,0.4330708661417323,0.9666666666666667,0.4230769230769231
12963,HyboNet,3,128,0.0002,9,66,0.4330708661417323,0.9333333333333333,0.4230769230769231
12964,HyboNet,3,128,0.0002,9,67,0.4330708661417323,0.9333333333333333,0.4230769230769231
12965,HyboNet,3,128,0.0002,9,68,0.4251968503937008,0.9333333333333333,0.4230769230769231
12966,HyboNet,3,128,0.0002,9,69,0.4251968503937008,0.9333333333333333,0.4230769230769231
12967,HyboNet,3,128,0.0002,9,7,0.5354330708661418,0.6,0.5769230769230769
12968,HyboNet,3,128,0.0002,9,70,0.4251968503937008,0.9333333333333333,0.38461538461538464
12969,HyboNet,3,128,0.0002,9,71,0.41732283464566927,0.9333333333333333,0.34615384615384615
12970,HyboNet,3,128,0.0002,9,72,0.4251968503937008,0.9333333333333333,0.3076923076923077
12971,HyboNet,3,128,0.0002,9,73,0.4409448818897638,0.9333333333333333,0.38461538461538464
12972,HyboNet,3,128,0.0002,9,74,0.4409448818897638,0.9333333333333333,0.4230769230769231
12973,HyboNet,3,128,0.0002,9,75,0.4330708661417323,0.9666666666666667,0.4230769230769231
12974,HyboNet,3,128,0.0002,9,76,0.4330708661417323,0.9666666666666667,0.4230769230769231
12975,HyboNet,3,128,0.0002,9,77,0.4330708661417323,0.9666666666666667,0.38461538461538464
12976,HyboNet,3,128,0.0002,9,78,0.4330708661417323,0.9666666666666667,0.38461538461538464
12977,HyboNet,3,128,0.0002,9,79,0.4251968503937008,0.9666666666666667,0.38461538461538464
12978,HyboNet,3,128,0.0002,9,8,0.5354330708661418,0.6,0.5769230769230769
12979,HyboNet,3,128,0.0002,9,80,0.4094488188976378,0.9666666666666667,0.34615384615384615
12980,HyboNet,3,128,0.0002,9,81,0.4094488188976378,0.9666666666666667,0.34615384615384615
12981,HyboNet,3,128,0.0002,9,82,0.4330708661417323,0.9666666666666667,0.34615384615384615
12982,HyboNet,3,128,0.0002,9,83,0.44881889763779526,0.9666666666666667,0.34615384615384615
12983,HyboNet,3,128,0.0002,9,84,0.44881889763779526,0.9666666666666667,0.34615384615384615
12984,HyboNet,3,128,0.0002,9,85,0.44881889763779526,0.9666666666666667,0.34615384615384615
12985,HyboNet,3,128,0.0002,9,86,0.44881889763779526,0.9666666666666667,0.34615384615384615
12986,HyboNet,3,128,0.0002,9,87,0.44881889763779526,1.0,0.34615384615384615
12987,HyboNet,3,128,0.0002,9,88,0.4409448818897638,1.0,0.3076923076923077
12988,HyboNet,3,128,0.0002,9,89,0.4409448818897638,1.0,0.3076923076923077
12989,HyboNet,3,128,0.0002,9,9,0.5354330708661418,0.6,0.5769230769230769
12990,HyboNet,3,128,0.0002,9,90,0.4330708661417323,1.0,0.3076923076923077
12991,HyboNet,3,128,0.0002,9,91,0.4409448818897638,1.0,0.3076923076923077
12992,HyboNet,3,128,0.0002,9,92,0.4409448818897638,1.0,0.34615384615384615
12993,HyboNet,3,128,0.0002,9,93,0.4409448818897638,1.0,0.34615384615384615
12994,HyboNet,3,128,0.0002,9,94,0.4330708661417323,1.0,0.3076923076923077
12995,HyboNet,3,128,0.0002,9,95,0.4251968503937008,1.0,0.3076923076923077
12996,HyboNet,3,128,0.0002,9,96,0.4330708661417323,1.0,0.3076923076923077
12997,HyboNet,3,128,0.0002,9,97,0.4251968503937008,1.0,0.3076923076923077
12998,HyboNet,3,128,0.0002,9,98,0.41732283464566927,1.0,0.3076923076923077
12999,HyboNet,3,128,0.0002,9,99,0.4094488188976378,1.0,0.3076923076923077
13000,HyboNet,3,128,0.001,1,1,0.5354330708661418,0.6,0.5769230769230769
13001,HyboNet,3,128,0.001,1,10,0.5433070866141733,0.8,0.5
13002,HyboNet,3,128,0.001,1,100,0.41732283464566927,1.0,0.38461538461538464
13003,HyboNet,3,128,0.001,1,11,0.5433070866141733,0.8,0.5
13004,HyboNet,3,128,0.001,1,12,0.5511811023622047,0.8,0.5
13005,HyboNet,3,128,0.001,1,13,0.5433070866141733,0.8,0.5
13006,HyboNet,3,128,0.001,1,14,0.5511811023622047,0.8,0.5769230769230769
13007,HyboNet,3,128,0.001,1,15,0.5196850393700787,0.7666666666666667,0.5
13008,HyboNet,3,128,0.001,1,16,0.5039370078740157,0.8,0.5
13009,HyboNet,3,128,0.001,1,17,0.4881889763779528,0.8666666666666667,0.5384615384615384
13010,HyboNet,3,128,0.001,1,18,0.48031496062992124,0.9666666666666667,0.5384615384615384
13011,HyboNet,3,128,0.001,1,19,0.48031496062992124,0.9666666666666667,0.5384615384615384
13012,HyboNet,3,128,0.001,1,2,0.5354330708661418,0.6,0.5769230769230769
13013,HyboNet,3,128,0.001,1,20,0.49606299212598426,0.9333333333333333,0.5384615384615384
13014,HyboNet,3,128,0.001,1,21,0.49606299212598426,0.9333333333333333,0.5384615384615384
13015,HyboNet,3,128,0.001,1,22,0.5039370078740157,0.9333333333333333,0.46153846153846156
13016,HyboNet,3,128,0.001,1,23,0.5039370078740157,0.9333333333333333,0.46153846153846156
13017,HyboNet,3,128,0.001,1,24,0.49606299212598426,0.9333333333333333,0.5
13018,HyboNet,3,128,0.001,1,25,0.4881889763779528,0.9333333333333333,0.5
13019,HyboNet,3,128,0.001,1,26,0.4881889763779528,0.9333333333333333,0.5
13020,HyboNet,3,128,0.001,1,27,0.49606299212598426,0.9333333333333333,0.5
13021,HyboNet,3,128,0.001,1,28,0.4881889763779528,0.9333333333333333,0.5
13022,HyboNet,3,128,0.001,1,29,0.4881889763779528,0.9333333333333333,0.5
13023,HyboNet,3,128,0.001,1,3,0.5354330708661418,0.6,0.5769230769230769
13024,HyboNet,3,128,0.001,1,30,0.4645669291338583,0.9333333333333333,0.5384615384615384
13025,HyboNet,3,128,0.001,1,31,0.4645669291338583,0.9333333333333333,0.5384615384615384
13026,HyboNet,3,128,0.001,1,32,0.4645669291338583,0.9333333333333333,0.5384615384615384
13027,HyboNet,3,128,0.001,1,33,0.44881889763779526,0.9333333333333333,0.5384615384615384
13028,HyboNet,3,128,0.001,1,34,0.4566929133858268,0.9666666666666667,0.5384615384615384
13029,HyboNet,3,128,0.001,1,35,0.44881889763779526,0.9666666666666667,0.5384615384615384
13030,HyboNet,3,128,0.001,1,36,0.47244094488188976,0.9666666666666667,0.5384615384615384
13031,HyboNet,3,128,0.001,1,37,0.47244094488188976,0.9666666666666667,0.5384615384615384
13032,HyboNet,3,128,0.001,1,38,0.47244094488188976,0.9333333333333333,0.5384615384615384
13033,HyboNet,3,128,0.001,1,39,0.47244094488188976,0.9333333333333333,0.5384615384615384
13034,HyboNet,3,128,0.001,1,4,0.5354330708661418,0.7333333333333333,0.5769230769230769
13035,HyboNet,3,128,0.001,1,40,0.47244094488188976,0.9333333333333333,0.5384615384615384
13036,HyboNet,3,128,0.001,1,41,0.4566929133858268,0.9333333333333333,0.5384615384615384
13037,HyboNet,3,128,0.001,1,42,0.47244094488188976,0.9333333333333333,0.5384615384615384
13038,HyboNet,3,128,0.001,1,43,0.4645669291338583,0.9333333333333333,0.5384615384615384
13039,HyboNet,3,128,0.001,1,44,0.47244094488188976,0.9333333333333333,0.5384615384615384
13040,HyboNet,3,128,0.001,1,45,0.4645669291338583,0.9666666666666667,0.5
13041,HyboNet,3,128,0.001,1,46,0.4645669291338583,0.9666666666666667,0.5
13042,HyboNet,3,128,0.001,1,47,0.4566929133858268,0.9666666666666667,0.5
13043,HyboNet,3,128,0.001,1,48,0.48031496062992124,0.9333333333333333,0.5384615384615384
13044,HyboNet,3,128,0.001,1,49,0.47244094488188976,0.9333333333333333,0.46153846153846156
13045,HyboNet,3,128,0.001,1,5,0.5511811023622047,0.7666666666666667,0.5769230769230769
13046,HyboNet,3,128,0.001,1,50,0.47244094488188976,0.9333333333333333,0.5384615384615384
13047,HyboNet,3,128,0.001,1,51,0.47244094488188976,0.9333333333333333,0.5769230769230769
13048,HyboNet,3,128,0.001,1,52,0.47244094488188976,0.9333333333333333,0.5769230769230769
13049,HyboNet,3,128,0.001,1,53,0.47244094488188976,0.9666666666666667,0.5
13050,HyboNet,3,128,0.001,1,54,0.4645669291338583,1.0,0.46153846153846156
13051,HyboNet,3,128,0.001,1,55,0.48031496062992124,1.0,0.4230769230769231
13052,HyboNet,3,128,0.001,1,56,0.49606299212598426,1.0,0.4230769230769231
13053,HyboNet,3,128,0.001,1,57,0.4881889763779528,1.0,0.46153846153846156
13054,HyboNet,3,128,0.001,1,58,0.48031496062992124,0.9666666666666667,0.5
13055,HyboNet,3,128,0.001,1,59,0.47244094488188976,0.9666666666666667,0.5769230769230769
13056,HyboNet,3,128,0.001,1,6,0.5511811023622047,0.7666666666666667,0.5769230769230769
13057,HyboNet,3,128,0.001,1,60,0.47244094488188976,0.9666666666666667,0.5769230769230769
13058,HyboNet,3,128,0.001,1,61,0.47244094488188976,0.9666666666666667,0.5384615384615384
13059,HyboNet,3,128,0.001,1,62,0.49606299212598426,1.0,0.46153846153846156
13060,HyboNet,3,128,0.001,1,63,0.49606299212598426,1.0,0.46153846153846156
13061,HyboNet,3,128,0.001,1,64,0.4881889763779528,1.0,0.4230769230769231
13062,HyboNet,3,128,0.001,1,65,0.4881889763779528,1.0,0.4230769230769231
13063,HyboNet,3,128,0.001,1,66,0.48031496062992124,1.0,0.46153846153846156
13064,HyboNet,3,128,0.001,1,67,0.48031496062992124,1.0,0.46153846153846156
13065,HyboNet,3,128,0.001,1,68,0.4881889763779528,1.0,0.46153846153846156
13066,HyboNet,3,128,0.001,1,69,0.4881889763779528,1.0,0.46153846153846156
13067,HyboNet,3,128,0.001,1,7,0.5433070866141733,0.7666666666666667,0.5769230769230769
13068,HyboNet,3,128,0.001,1,70,0.48031496062992124,1.0,0.46153846153846156
13069,HyboNet,3,128,0.001,1,71,0.5039370078740157,1.0,0.46153846153846156
13070,HyboNet,3,128,0.001,1,72,0.5039370078740157,1.0,0.46153846153846156
13071,HyboNet,3,128,0.001,1,73,0.5039370078740157,1.0,0.46153846153846156
13072,HyboNet,3,128,0.001,1,74,0.4881889763779528,1.0,0.46153846153846156
13073,HyboNet,3,128,0.001,1,75,0.49606299212598426,1.0,0.46153846153846156
13074,HyboNet,3,128,0.001,1,76,0.49606299212598426,1.0,0.4230769230769231
13075,HyboNet,3,128,0.001,1,77,0.47244094488188976,1.0,0.4230769230769231
13076,HyboNet,3,128,0.001,1,78,0.4566929133858268,1.0,0.4230769230769231
13077,HyboNet,3,128,0.001,1,79,0.47244094488188976,1.0,0.4230769230769231
13078,HyboNet,3,128,0.001,1,8,0.5511811023622047,0.7666666666666667,0.5769230769230769
13079,HyboNet,3,128,0.001,1,80,0.4881889763779528,1.0,0.4230769230769231
13080,HyboNet,3,128,0.001,1,81,0.4881889763779528,1.0,0.4230769230769231
13081,HyboNet,3,128,0.001,1,82,0.47244094488188976,1.0,0.4230769230769231
13082,HyboNet,3,128,0.001,1,83,0.4566929133858268,1.0,0.4230769230769231
13083,HyboNet,3,128,0.001,1,84,0.4409448818897638,1.0,0.38461538461538464
13084,HyboNet,3,128,0.001,1,85,0.4566929133858268,1.0,0.4230769230769231
13085,HyboNet,3,128,0.001,1,86,0.4566929133858268,1.0,0.4230769230769231
13086,HyboNet,3,128,0.001,1,87,0.4645669291338583,1.0,0.4230769230769231
13087,HyboNet,3,128,0.001,1,88,0.4645669291338583,1.0,0.38461538461538464
13088,HyboNet,3,128,0.001,1,89,0.47244094488188976,1.0,0.38461538461538464
13089,HyboNet,3,128,0.001,1,9,0.5511811023622047,0.7666666666666667,0.5769230769230769
13090,HyboNet,3,128,0.001,1,90,0.44881889763779526,1.0,0.38461538461538464
13091,HyboNet,3,128,0.001,1,91,0.44881889763779526,1.0,0.38461538461538464
13092,HyboNet,3,128,0.001,1,92,0.44881889763779526,1.0,0.38461538461538464
13093,HyboNet,3,128,0.001,1,93,0.44881889763779526,1.0,0.38461538461538464
13094,HyboNet,3,128,0.001,1,94,0.44881889763779526,1.0,0.38461538461538464
13095,HyboNet,3,128,0.001,1,95,0.44881889763779526,1.0,0.38461538461538464
13096,HyboNet,3,128,0.001,1,96,0.44881889763779526,1.0,0.38461538461538464
13097,HyboNet,3,128,0.001,1,97,0.4409448818897638,1.0,0.38461538461538464
13098,HyboNet,3,128,0.001,1,98,0.44881889763779526,1.0,0.38461538461538464
13099,HyboNet,3,128,0.001,1,99,0.41732283464566927,1.0,0.38461538461538464
13100,HyboNet,3,128,0.001,10,1,0.5196850393700787,0.6,0.5769230769230769
13101,HyboNet,3,128,0.001,10,10,0.5590551181102362,0.7333333333333333,0.5769230769230769
13102,HyboNet,3,128,0.001,10,100,0.36220472440944884,1.0,0.23076923076923078
13103,HyboNet,3,128,0.001,10,11,0.5590551181102362,0.7333333333333333,0.5384615384615384
13104,HyboNet,3,128,0.001,10,12,0.5511811023622047,0.7666666666666667,0.5384615384615384
13105,HyboNet,3,128,0.001,10,13,0.5511811023622047,0.7666666666666667,0.5
13106,HyboNet,3,128,0.001,10,14,0.5590551181102362,0.7666666666666667,0.5
13107,HyboNet,3,128,0.001,10,15,0.5669291338582677,0.8,0.5384615384615384
13108,HyboNet,3,128,0.001,10,16,0.5590551181102362,0.8333333333333334,0.5384615384615384
13109,HyboNet,3,128,0.001,10,17,0.5590551181102362,0.8333333333333334,0.5769230769230769
13110,HyboNet,3,128,0.001,10,18,0.5433070866141733,0.8333333333333334,0.6153846153846154
13111,HyboNet,3,128,0.001,10,19,0.5196850393700787,0.9,0.5769230769230769
13112,HyboNet,3,128,0.001,10,2,0.5433070866141733,0.6,0.5769230769230769
13113,HyboNet,3,128,0.001,10,20,0.49606299212598426,0.9333333333333333,0.5769230769230769
13114,HyboNet,3,128,0.001,10,21,0.47244094488188976,0.9333333333333333,0.46153846153846156
13115,HyboNet,3,128,0.001,10,22,0.47244094488188976,0.9333333333333333,0.46153846153846156
13116,HyboNet,3,128,0.001,10,23,0.4645669291338583,0.9333333333333333,0.46153846153846156
13117,HyboNet,3,128,0.001,10,24,0.4645669291338583,0.9333333333333333,0.46153846153846156
13118,HyboNet,3,128,0.001,10,25,0.4645669291338583,0.9333333333333333,0.5
13119,HyboNet,3,128,0.001,10,26,0.4645669291338583,0.9666666666666667,0.5384615384615384
13120,HyboNet,3,128,0.001,10,27,0.48031496062992124,1.0,0.5384615384615384
13121,HyboNet,3,128,0.001,10,28,0.48031496062992124,1.0,0.5384615384615384
13122,HyboNet,3,128,0.001,10,29,0.4566929133858268,0.9333333333333333,0.5
13123,HyboNet,3,128,0.001,10,3,0.5433070866141733,0.6,0.5769230769230769
13124,HyboNet,3,128,0.001,10,30,0.44881889763779526,0.9333333333333333,0.5
13125,HyboNet,3,128,0.001,10,31,0.4645669291338583,0.9333333333333333,0.5769230769230769
13126,HyboNet,3,128,0.001,10,32,0.47244094488188976,0.9333333333333333,0.5769230769230769
13127,HyboNet,3,128,0.001,10,33,0.4645669291338583,0.9333333333333333,0.5769230769230769
13128,HyboNet,3,128,0.001,10,34,0.4566929133858268,0.9333333333333333,0.5
13129,HyboNet,3,128,0.001,10,35,0.44881889763779526,0.9333333333333333,0.46153846153846156
13130,HyboNet,3,128,0.001,10,36,0.4645669291338583,0.9333333333333333,0.5769230769230769
13131,HyboNet,3,128,0.001,10,37,0.48031496062992124,0.9666666666666667,0.5769230769230769
13132,HyboNet,3,128,0.001,10,38,0.48031496062992124,0.9666666666666667,0.5769230769230769
13133,HyboNet,3,128,0.001,10,39,0.4881889763779528,0.9666666666666667,0.5769230769230769
13134,HyboNet,3,128,0.001,10,4,0.5433070866141733,0.6,0.5769230769230769
13135,HyboNet,3,128,0.001,10,40,0.48031496062992124,1.0,0.5769230769230769
13136,HyboNet,3,128,0.001,10,41,0.4645669291338583,1.0,0.5384615384615384
13137,HyboNet,3,128,0.001,10,42,0.47244094488188976,0.9666666666666667,0.46153846153846156
13138,HyboNet,3,128,0.001,10,43,0.4251968503937008,0.9666666666666667,0.4230769230769231
13139,HyboNet,3,128,0.001,10,44,0.4645669291338583,0.9333333333333333,0.46153846153846156
13140,HyboNet,3,128,0.001,10,45,0.4645669291338583,0.9333333333333333,0.46153846153846156
13141,HyboNet,3,128,0.001,10,46,0.4645669291338583,0.9333333333333333,0.46153846153846156
13142,HyboNet,3,128,0.001,10,47,0.47244094488188976,0.9333333333333333,0.5384615384615384
13143,HyboNet,3,128,0.001,10,48,0.4645669291338583,1.0,0.5
13144,HyboNet,3,128,0.001,10,49,0.44881889763779526,1.0,0.46153846153846156
13145,HyboNet,3,128,0.001,10,5,0.5433070866141733,0.6333333333333333,0.5769230769230769
13146,HyboNet,3,128,0.001,10,50,0.4409448818897638,1.0,0.46153846153846156
13147,HyboNet,3,128,0.001,10,51,0.4330708661417323,1.0,0.46153846153846156
13148,HyboNet,3,128,0.001,10,52,0.4409448818897638,1.0,0.46153846153846156
13149,HyboNet,3,128,0.001,10,53,0.4409448818897638,1.0,0.46153846153846156
13150,HyboNet,3,128,0.001,10,54,0.44881889763779526,1.0,0.46153846153846156
13151,HyboNet,3,128,0.001,10,55,0.44881889763779526,1.0,0.46153846153846156
13152,HyboNet,3,128,0.001,10,56,0.4409448818897638,1.0,0.46153846153846156
13153,HyboNet,3,128,0.001,10,57,0.4251968503937008,1.0,0.4230769230769231
13154,HyboNet,3,128,0.001,10,58,0.41732283464566927,1.0,0.38461538461538464
13155,HyboNet,3,128,0.001,10,59,0.4094488188976378,1.0,0.38461538461538464
13156,HyboNet,3,128,0.001,10,6,0.5433070866141733,0.6666666666666666,0.5769230769230769
13157,HyboNet,3,128,0.001,10,60,0.3858267716535433,1.0,0.34615384615384615
13158,HyboNet,3,128,0.001,10,61,0.4094488188976378,1.0,0.38461538461538464
13159,HyboNet,3,128,0.001,10,62,0.4015748031496063,1.0,0.34615384615384615
13160,HyboNet,3,128,0.001,10,63,0.36220472440944884,1.0,0.3076923076923077
13161,HyboNet,3,128,0.001,10,64,0.36220472440944884,1.0,0.3076923076923077
13162,HyboNet,3,128,0.001,10,65,0.3700787401574803,1.0,0.23076923076923078
13163,HyboNet,3,128,0.001,10,66,0.3700787401574803,1.0,0.34615384615384615
13164,HyboNet,3,128,0.001,10,67,0.4015748031496063,1.0,0.4230769230769231
13165,HyboNet,3,128,0.001,10,68,0.4094488188976378,1.0,0.4230769230769231
13166,HyboNet,3,128,0.001,10,69,0.4094488188976378,1.0,0.4230769230769231
13167,HyboNet,3,128,0.001,10,7,0.5433070866141733,0.7,0.5769230769230769
13168,HyboNet,3,128,0.001,10,70,0.4251968503937008,1.0,0.4230769230769231
13169,HyboNet,3,128,0.001,10,71,0.41732283464566927,1.0,0.38461538461538464
13170,HyboNet,3,128,0.001,10,72,0.4015748031496063,1.0,0.3076923076923077
13171,HyboNet,3,128,0.001,10,73,0.3858267716535433,1.0,0.3076923076923077
13172,HyboNet,3,128,0.001,10,74,0.3543307086614173,1.0,0.23076923076923078
13173,HyboNet,3,128,0.001,10,75,0.33858267716535434,1.0,0.23076923076923078
13174,HyboNet,3,128,0.001,10,76,0.3700787401574803,1.0,0.23076923076923078
13175,HyboNet,3,128,0.001,10,77,0.3700787401574803,1.0,0.23076923076923078
13176,HyboNet,3,128,0.001,10,78,0.3700787401574803,1.0,0.23076923076923078
13177,HyboNet,3,128,0.001,10,79,0.3779527559055118,1.0,0.23076923076923078
13178,HyboNet,3,128,0.001,10,8,0.5433070866141733,0.6666666666666666,0.5769230769230769
13179,HyboNet,3,128,0.001,10,80,0.3779527559055118,1.0,0.23076923076923078
13180,HyboNet,3,128,0.001,10,81,0.3937007874015748,1.0,0.34615384615384615
13181,HyboNet,3,128,0.001,10,82,0.3858267716535433,1.0,0.38461538461538464
13182,HyboNet,3,128,0.001,10,83,0.3700787401574803,1.0,0.34615384615384615
13183,HyboNet,3,128,0.001,10,84,0.3700787401574803,1.0,0.3076923076923077
13184,HyboNet,3,128,0.001,10,85,0.3700787401574803,1.0,0.2692307692307692
13185,HyboNet,3,128,0.001,10,86,0.36220472440944884,1.0,0.23076923076923078
13186,HyboNet,3,128,0.001,10,87,0.36220472440944884,1.0,0.23076923076923078
13187,HyboNet,3,128,0.001,10,88,0.36220472440944884,1.0,0.23076923076923078
13188,HyboNet,3,128,0.001,10,89,0.36220472440944884,1.0,0.23076923076923078
13189,HyboNet,3,128,0.001,10,9,0.5433070866141733,0.6666666666666666,0.5769230769230769
13190,HyboNet,3,128,0.001,10,90,0.36220472440944884,1.0,0.23076923076923078
13191,HyboNet,3,128,0.001,10,91,0.36220472440944884,1.0,0.23076923076923078
13192,HyboNet,3,128,0.001,10,92,0.3543307086614173,1.0,0.23076923076923078
13193,HyboNet,3,128,0.001,10,93,0.3543307086614173,1.0,0.23076923076923078
13194,HyboNet,3,128,0.001,10,94,0.3543307086614173,1.0,0.23076923076923078
13195,HyboNet,3,128,0.001,10,95,0.3543307086614173,1.0,0.23076923076923078
13196,HyboNet,3,128,0.001,10,96,0.36220472440944884,1.0,0.23076923076923078
13197,HyboNet,3,128,0.001,10,97,0.36220472440944884,1.0,0.23076923076923078
13198,HyboNet,3,128,0.001,10,98,0.36220472440944884,1.0,0.23076923076923078
13199,HyboNet,3,128,0.001,10,99,0.3543307086614173,1.0,0.23076923076923078
13200,HyboNet,3,128,0.001,2,1,0.5354330708661418,0.6,0.5769230769230769
13201,HyboNet,3,128,0.001,2,10,0.5433070866141733,0.7666666666666667,0.5769230769230769
13202,HyboNet,3,128,0.001,2,100,0.41732283464566927,1.0,0.34615384615384615
13203,HyboNet,3,128,0.001,2,11,0.5433070866141733,0.8,0.5384615384615384
13204,HyboNet,3,128,0.001,2,12,0.5433070866141733,0.8,0.5384615384615384
13205,HyboNet,3,128,0.001,2,13,0.5433070866141733,0.8,0.5384615384615384
13206,HyboNet,3,128,0.001,2,14,0.5590551181102362,0.8,0.5
13207,HyboNet,3,128,0.001,2,15,0.5511811023622047,0.8333333333333334,0.5
13208,HyboNet,3,128,0.001,2,16,0.5590551181102362,0.8333333333333334,0.5
13209,HyboNet,3,128,0.001,2,17,0.5590551181102362,0.8333333333333334,0.5
13210,HyboNet,3,128,0.001,2,18,0.5511811023622047,0.8333333333333334,0.46153846153846156
13211,HyboNet,3,128,0.001,2,19,0.5354330708661418,0.8333333333333334,0.46153846153846156
13212,HyboNet,3,128,0.001,2,2,0.5354330708661418,0.6,0.5769230769230769
13213,HyboNet,3,128,0.001,2,20,0.5354330708661418,0.8666666666666667,0.46153846153846156
13214,HyboNet,3,128,0.001,2,21,0.5275590551181102,0.8666666666666667,0.46153846153846156
13215,HyboNet,3,128,0.001,2,22,0.5039370078740157,0.9,0.5
13216,HyboNet,3,128,0.001,2,23,0.4881889763779528,0.9,0.46153846153846156
13217,HyboNet,3,128,0.001,2,24,0.48031496062992124,0.9333333333333333,0.5
13218,HyboNet,3,128,0.001,2,25,0.48031496062992124,0.9333333333333333,0.5
13219,HyboNet,3,128,0.001,2,26,0.49606299212598426,0.9333333333333333,0.5
13220,HyboNet,3,128,0.001,2,27,0.5039370078740157,0.9333333333333333,0.5
13221,HyboNet,3,128,0.001,2,28,0.49606299212598426,0.9333333333333333,0.5
13222,HyboNet,3,128,0.001,2,29,0.48031496062992124,0.9333333333333333,0.5
13223,HyboNet,3,128,0.001,2,3,0.5354330708661418,0.6333333333333333,0.5769230769230769
13224,HyboNet,3,128,0.001,2,30,0.47244094488188976,0.9333333333333333,0.5
13225,HyboNet,3,128,0.001,2,31,0.48031496062992124,0.9333333333333333,0.5384615384615384
13226,HyboNet,3,128,0.001,2,32,0.48031496062992124,0.9333333333333333,0.5384615384615384
13227,HyboNet,3,128,0.001,2,33,0.48031496062992124,0.9333333333333333,0.5384615384615384
13228,HyboNet,3,128,0.001,2,34,0.47244094488188976,0.9333333333333333,0.5384615384615384
13229,HyboNet,3,128,0.001,2,35,0.47244094488188976,0.9333333333333333,0.5384615384615384
13230,HyboNet,3,128,0.001,2,36,0.47244094488188976,0.9333333333333333,0.5384615384615384
13231,HyboNet,3,128,0.001,2,37,0.47244094488188976,0.9333333333333333,0.5384615384615384
13232,HyboNet,3,128,0.001,2,38,0.4645669291338583,0.9333333333333333,0.5
13233,HyboNet,3,128,0.001,2,39,0.44881889763779526,0.9333333333333333,0.4230769230769231
13234,HyboNet,3,128,0.001,2,4,0.5354330708661418,0.6666666666666666,0.5769230769230769
13235,HyboNet,3,128,0.001,2,40,0.44881889763779526,0.9333333333333333,0.5
13236,HyboNet,3,128,0.001,2,41,0.4409448818897638,0.9333333333333333,0.46153846153846156
13237,HyboNet,3,128,0.001,2,42,0.4409448818897638,0.9333333333333333,0.46153846153846156
13238,HyboNet,3,128,0.001,2,43,0.4409448818897638,0.9333333333333333,0.46153846153846156
13239,HyboNet,3,128,0.001,2,44,0.44881889763779526,0.9333333333333333,0.5
13240,HyboNet,3,128,0.001,2,45,0.4566929133858268,0.9333333333333333,0.5
13241,HyboNet,3,128,0.001,2,46,0.4645669291338583,0.9333333333333333,0.46153846153846156
13242,HyboNet,3,128,0.001,2,47,0.47244094488188976,0.9666666666666667,0.38461538461538464
13243,HyboNet,3,128,0.001,2,48,0.4566929133858268,0.9666666666666667,0.38461538461538464
13244,HyboNet,3,128,0.001,2,49,0.4645669291338583,0.9666666666666667,0.38461538461538464
13245,HyboNet,3,128,0.001,2,5,0.5433070866141733,0.7,0.5769230769230769
13246,HyboNet,3,128,0.001,2,50,0.4645669291338583,0.9666666666666667,0.38461538461538464
13247,HyboNet,3,128,0.001,2,51,0.44881889763779526,0.9666666666666667,0.34615384615384615
13248,HyboNet,3,128,0.001,2,52,0.4251968503937008,1.0,0.34615384615384615
13249,HyboNet,3,128,0.001,2,53,0.4409448818897638,0.9666666666666667,0.34615384615384615
13250,HyboNet,3,128,0.001,2,54,0.4566929133858268,0.9666666666666667,0.34615384615384615
13251,HyboNet,3,128,0.001,2,55,0.4566929133858268,1.0,0.34615384615384615
13252,HyboNet,3,128,0.001,2,56,0.4409448818897638,1.0,0.34615384615384615
13253,HyboNet,3,128,0.001,2,57,0.41732283464566927,1.0,0.34615384615384615
13254,HyboNet,3,128,0.001,2,58,0.3858267716535433,1.0,0.3076923076923077
13255,HyboNet,3,128,0.001,2,59,0.4330708661417323,1.0,0.34615384615384615
13256,HyboNet,3,128,0.001,2,6,0.5433070866141733,0.7333333333333333,0.5769230769230769
13257,HyboNet,3,128,0.001,2,60,0.4645669291338583,1.0,0.34615384615384615
13258,HyboNet,3,128,0.001,2,61,0.4409448818897638,1.0,0.46153846153846156
13259,HyboNet,3,128,0.001,2,62,0.4566929133858268,1.0,0.46153846153846156
13260,HyboNet,3,128,0.001,2,63,0.44881889763779526,1.0,0.4230769230769231
13261,HyboNet,3,128,0.001,2,64,0.4330708661417323,1.0,0.4230769230769231
13262,HyboNet,3,128,0.001,2,65,0.4330708661417323,1.0,0.38461538461538464
13263,HyboNet,3,128,0.001,2,66,0.4251968503937008,1.0,0.34615384615384615
13264,HyboNet,3,128,0.001,2,67,0.4330708661417323,1.0,0.34615384615384615
13265,HyboNet,3,128,0.001,2,68,0.41732283464566927,1.0,0.34615384615384615
13266,HyboNet,3,128,0.001,2,69,0.4094488188976378,1.0,0.34615384615384615
13267,HyboNet,3,128,0.001,2,7,0.5433070866141733,0.7333333333333333,0.5769230769230769
13268,HyboNet,3,128,0.001,2,70,0.4251968503937008,1.0,0.34615384615384615
13269,HyboNet,3,128,0.001,2,71,0.4094488188976378,1.0,0.34615384615384615
13270,HyboNet,3,128,0.001,2,72,0.4015748031496063,1.0,0.34615384615384615
13271,HyboNet,3,128,0.001,2,73,0.3937007874015748,1.0,0.34615384615384615
13272,HyboNet,3,128,0.001,2,74,0.41732283464566927,1.0,0.34615384615384615
13273,HyboNet,3,128,0.001,2,75,0.44881889763779526,1.0,0.34615384615384615
13274,HyboNet,3,128,0.001,2,76,0.44881889763779526,1.0,0.38461538461538464
13275,HyboNet,3,128,0.001,2,77,0.4330708661417323,1.0,0.38461538461538464
13276,HyboNet,3,128,0.001,2,78,0.41732283464566927,1.0,0.34615384615384615
13277,HyboNet,3,128,0.001,2,79,0.4094488188976378,1.0,0.34615384615384615
13278,HyboNet,3,128,0.001,2,8,0.5433070866141733,0.7333333333333333,0.5769230769230769
13279,HyboNet,3,128,0.001,2,80,0.4015748031496063,1.0,0.34615384615384615
13280,HyboNet,3,128,0.001,2,81,0.4015748031496063,1.0,0.34615384615384615
13281,HyboNet,3,128,0.001,2,82,0.4015748031496063,1.0,0.34615384615384615
13282,HyboNet,3,128,0.001,2,83,0.4094488188976378,1.0,0.34615384615384615
13283,HyboNet,3,128,0.001,2,84,0.41732283464566927,1.0,0.34615384615384615
13284,HyboNet,3,128,0.001,2,85,0.4094488188976378,1.0,0.34615384615384615
13285,HyboNet,3,128,0.001,2,86,0.4251968503937008,1.0,0.34615384615384615
13286,HyboNet,3,128,0.001,2,87,0.4251968503937008,1.0,0.34615384615384615
13287,HyboNet,3,128,0.001,2,88,0.4330708661417323,1.0,0.3076923076923077
13288,HyboNet,3,128,0.001,2,89,0.4251968503937008,1.0,0.34615384615384615
13289,HyboNet,3,128,0.001,2,9,0.5354330708661418,0.7333333333333333,0.5769230769230769
13290,HyboNet,3,128,0.001,2,90,0.41732283464566927,1.0,0.34615384615384615
13291,HyboNet,3,128,0.001,2,91,0.4330708661417323,1.0,0.34615384615384615
13292,HyboNet,3,128,0.001,2,92,0.4251968503937008,1.0,0.3076923076923077
13293,HyboNet,3,128,0.001,2,93,0.4251968503937008,1.0,0.3076923076923077
13294,HyboNet,3,128,0.001,2,94,0.4094488188976378,1.0,0.34615384615384615
13295,HyboNet,3,128,0.001,2,95,0.4409448818897638,1.0,0.34615384615384615
13296,HyboNet,3,128,0.001,2,96,0.4409448818897638,1.0,0.38461538461538464
13297,HyboNet,3,128,0.001,2,97,0.4409448818897638,1.0,0.38461538461538464
13298,HyboNet,3,128,0.001,2,98,0.4330708661417323,1.0,0.34615384615384615
13299,HyboNet,3,128,0.001,2,99,0.4094488188976378,1.0,0.3076923076923077
13300,HyboNet,3,128,0.001,3,1,0.5354330708661418,0.6,0.5769230769230769
13301,HyboNet,3,128,0.001,3,10,0.5433070866141733,0.7666666666666667,0.5769230769230769
13302,HyboNet,3,128,0.001,3,100,0.3779527559055118,1.0,0.3076923076923077
13303,HyboNet,3,128,0.001,3,11,0.5590551181102362,0.8,0.5384615384615384
13304,HyboNet,3,128,0.001,3,12,0.5748031496062992,0.7666666666666667,0.5384615384615384
13305,HyboNet,3,128,0.001,3,13,0.5433070866141733,0.7666666666666667,0.5
13306,HyboNet,3,128,0.001,3,14,0.5433070866141733,0.7666666666666667,0.5384615384615384
13307,HyboNet,3,128,0.001,3,15,0.5669291338582677,0.8,0.5384615384615384
13308,HyboNet,3,128,0.001,3,16,0.5590551181102362,0.8666666666666667,0.5384615384615384
13309,HyboNet,3,128,0.001,3,17,0.5511811023622047,0.8666666666666667,0.5384615384615384
13310,HyboNet,3,128,0.001,3,18,0.5196850393700787,0.9,0.5384615384615384
13311,HyboNet,3,128,0.001,3,19,0.5039370078740157,0.9,0.46153846153846156
13312,HyboNet,3,128,0.001,3,2,0.5354330708661418,0.6,0.5769230769230769
13313,HyboNet,3,128,0.001,3,20,0.5118110236220472,0.9,0.5384615384615384
13314,HyboNet,3,128,0.001,3,21,0.5039370078740157,0.9,0.5384615384615384
13315,HyboNet,3,128,0.001,3,22,0.5039370078740157,0.9,0.5
13316,HyboNet,3,128,0.001,3,23,0.48031496062992124,0.9333333333333333,0.5384615384615384
13317,HyboNet,3,128,0.001,3,24,0.48031496062992124,0.9666666666666667,0.5384615384615384
13318,HyboNet,3,128,0.001,3,25,0.47244094488188976,0.9666666666666667,0.5384615384615384
13319,HyboNet,3,128,0.001,3,26,0.47244094488188976,0.9666666666666667,0.5384615384615384
13320,HyboNet,3,128,0.001,3,27,0.48031496062992124,0.9666666666666667,0.5
13321,HyboNet,3,128,0.001,3,28,0.4881889763779528,0.9666666666666667,0.5
13322,HyboNet,3,128,0.001,3,29,0.48031496062992124,0.9666666666666667,0.5384615384615384
13323,HyboNet,3,128,0.001,3,3,0.5354330708661418,0.6,0.5769230769230769
13324,HyboNet,3,128,0.001,3,30,0.4645669291338583,0.9333333333333333,0.5384615384615384
13325,HyboNet,3,128,0.001,3,31,0.4645669291338583,0.9333333333333333,0.5384615384615384
13326,HyboNet,3,128,0.001,3,32,0.47244094488188976,0.9333333333333333,0.46153846153846156
13327,HyboNet,3,128,0.001,3,33,0.4645669291338583,0.9333333333333333,0.5
13328,HyboNet,3,128,0.001,3,34,0.48031496062992124,0.9333333333333333,0.5
13329,HyboNet,3,128,0.001,3,35,0.47244094488188976,0.9333333333333333,0.46153846153846156
13330,HyboNet,3,128,0.001,3,36,0.4645669291338583,0.9666666666666667,0.4230769230769231
13331,HyboNet,3,128,0.001,3,37,0.47244094488188976,1.0,0.46153846153846156
13332,HyboNet,3,128,0.001,3,38,0.47244094488188976,1.0,0.5
13333,HyboNet,3,128,0.001,3,39,0.48031496062992124,0.9333333333333333,0.5
13334,HyboNet,3,128,0.001,3,4,0.5354330708661418,0.6333333333333333,0.5769230769230769
13335,HyboNet,3,128,0.001,3,40,0.47244094488188976,0.9333333333333333,0.5
13336,HyboNet,3,128,0.001,3,41,0.4645669291338583,1.0,0.5
13337,HyboNet,3,128,0.001,3,42,0.4566929133858268,1.0,0.5
13338,HyboNet,3,128,0.001,3,43,0.44881889763779526,1.0,0.4230769230769231
13339,HyboNet,3,128,0.001,3,44,0.4330708661417323,1.0,0.4230769230769231
13340,HyboNet,3,128,0.001,3,45,0.44881889763779526,1.0,0.38461538461538464
13341,HyboNet,3,128,0.001,3,46,0.41732283464566927,1.0,0.34615384615384615
13342,HyboNet,3,128,0.001,3,47,0.44881889763779526,1.0,0.34615384615384615
13343,HyboNet,3,128,0.001,3,48,0.4409448818897638,1.0,0.4230769230769231
13344,HyboNet,3,128,0.001,3,49,0.4330708661417323,1.0,0.4230769230769231
13345,HyboNet,3,128,0.001,3,5,0.5354330708661418,0.7666666666666667,0.5769230769230769
13346,HyboNet,3,128,0.001,3,50,0.4330708661417323,1.0,0.4230769230769231
13347,HyboNet,3,128,0.001,3,51,0.3937007874015748,1.0,0.2692307692307692
13348,HyboNet,3,128,0.001,3,52,0.41732283464566927,1.0,0.2692307692307692
13349,HyboNet,3,128,0.001,3,53,0.4094488188976378,1.0,0.2692307692307692
13350,HyboNet,3,128,0.001,3,54,0.3937007874015748,1.0,0.3076923076923077
13351,HyboNet,3,128,0.001,3,55,0.41732283464566927,1.0,0.34615384615384615
13352,HyboNet,3,128,0.001,3,56,0.4251968503937008,1.0,0.3076923076923077
13353,HyboNet,3,128,0.001,3,57,0.4015748031496063,1.0,0.4230769230769231
13354,HyboNet,3,128,0.001,3,58,0.4015748031496063,1.0,0.34615384615384615
13355,HyboNet,3,128,0.001,3,59,0.3937007874015748,1.0,0.34615384615384615
13356,HyboNet,3,128,0.001,3,6,0.5354330708661418,0.7666666666666667,0.5384615384615384
13357,HyboNet,3,128,0.001,3,60,0.3858267716535433,1.0,0.3076923076923077
13358,HyboNet,3,128,0.001,3,61,0.3858267716535433,1.0,0.34615384615384615
13359,HyboNet,3,128,0.001,3,62,0.3937007874015748,1.0,0.34615384615384615
13360,HyboNet,3,128,0.001,3,63,0.4015748031496063,1.0,0.3076923076923077
13361,HyboNet,3,128,0.001,3,64,0.4094488188976378,1.0,0.34615384615384615
13362,HyboNet,3,128,0.001,3,65,0.4251968503937008,1.0,0.38461538461538464
13363,HyboNet,3,128,0.001,3,66,0.41732283464566927,1.0,0.38461538461538464
13364,HyboNet,3,128,0.001,3,67,0.41732283464566927,1.0,0.34615384615384615
13365,HyboNet,3,128,0.001,3,68,0.3858267716535433,1.0,0.34615384615384615
13366,HyboNet,3,128,0.001,3,69,0.3700787401574803,1.0,0.23076923076923078
13367,HyboNet,3,128,0.001,3,7,0.5354330708661418,0.7666666666666667,0.5769230769230769
13368,HyboNet,3,128,0.001,3,70,0.3700787401574803,1.0,0.2692307692307692
13369,HyboNet,3,128,0.001,3,71,0.3937007874015748,1.0,0.38461538461538464
13370,HyboNet,3,128,0.001,3,72,0.4330708661417323,1.0,0.4230769230769231
13371,HyboNet,3,128,0.001,3,73,0.4330708661417323,1.0,0.4230769230769231
13372,HyboNet,3,128,0.001,3,74,0.4409448818897638,1.0,0.4230769230769231
13373,HyboNet,3,128,0.001,3,75,0.3937007874015748,1.0,0.34615384615384615
13374,HyboNet,3,128,0.001,3,76,0.36220472440944884,1.0,0.3076923076923077
13375,HyboNet,3,128,0.001,3,77,0.3700787401574803,1.0,0.2692307692307692
13376,HyboNet,3,128,0.001,3,78,0.3543307086614173,1.0,0.2692307692307692
13377,HyboNet,3,128,0.001,3,79,0.3543307086614173,1.0,0.23076923076923078
13378,HyboNet,3,128,0.001,3,8,0.5354330708661418,0.7333333333333333,0.5769230769230769
13379,HyboNet,3,128,0.001,3,80,0.3543307086614173,1.0,0.23076923076923078
13380,HyboNet,3,128,0.001,3,81,0.3543307086614173,1.0,0.23076923076923078
13381,HyboNet,3,128,0.001,3,82,0.36220472440944884,1.0,0.23076923076923078
13382,HyboNet,3,128,0.001,3,83,0.36220472440944884,1.0,0.23076923076923078
13383,HyboNet,3,128,0.001,3,84,0.3464566929133858,1.0,0.23076923076923078
13384,HyboNet,3,128,0.001,3,85,0.33858267716535434,1.0,0.23076923076923078
13385,HyboNet,3,128,0.001,3,86,0.33858267716535434,1.0,0.2692307692307692
13386,HyboNet,3,128,0.001,3,87,0.3464566929133858,1.0,0.3076923076923077
13387,HyboNet,3,128,0.001,3,88,0.3779527559055118,1.0,0.2692307692307692
13388,HyboNet,3,128,0.001,3,89,0.36220472440944884,1.0,0.2692307692307692
13389,HyboNet,3,128,0.001,3,9,0.5354330708661418,0.7333333333333333,0.5769230769230769
13390,HyboNet,3,128,0.001,3,90,0.3543307086614173,1.0,0.2692307692307692
13391,HyboNet,3,128,0.001,3,91,0.33070866141732286,1.0,0.23076923076923078
13392,HyboNet,3,128,0.001,3,92,0.33070866141732286,1.0,0.23076923076923078
13393,HyboNet,3,128,0.001,3,93,0.3543307086614173,1.0,0.23076923076923078
13394,HyboNet,3,128,0.001,3,94,0.3858267716535433,1.0,0.2692307692307692
13395,HyboNet,3,128,0.001,3,95,0.4015748031496063,1.0,0.2692307692307692
13396,HyboNet,3,128,0.001,3,96,0.3858267716535433,1.0,0.2692307692307692
13397,HyboNet,3,128,0.001,3,97,0.36220472440944884,1.0,0.23076923076923078
13398,HyboNet,3,128,0.001,3,98,0.3543307086614173,1.0,0.23076923076923078
13399,HyboNet,3,128,0.001,3,99,0.3779527559055118,1.0,0.2692307692307692
13400,HyboNet,3,128,0.001,4,1,0.5354330708661418,0.6,0.5769230769230769
13401,HyboNet,3,128,0.001,4,10,0.5275590551181102,0.7333333333333333,0.5769230769230769
13402,HyboNet,3,128,0.001,4,100,0.3543307086614173,1.0,0.3076923076923077
13403,HyboNet,3,128,0.001,4,11,0.5354330708661418,0.7333333333333333,0.5384615384615384
13404,HyboNet,3,128,0.001,4,12,0.5354330708661418,0.7333333333333333,0.5384615384615384
13405,HyboNet,3,128,0.001,4,13,0.5433070866141733,0.7333333333333333,0.5769230769230769
13406,HyboNet,3,128,0.001,4,14,0.5354330708661418,0.8,0.5769230769230769
13407,HyboNet,3,128,0.001,4,15,0.5433070866141733,0.8333333333333334,0.5384615384615384
13408,HyboNet,3,128,0.001,4,16,0.5433070866141733,0.8,0.5384615384615384
13409,HyboNet,3,128,0.001,4,17,0.5433070866141733,0.8333333333333334,0.5
13410,HyboNet,3,128,0.001,4,18,0.5354330708661418,0.8333333333333334,0.5
13411,HyboNet,3,128,0.001,4,19,0.5196850393700787,0.8666666666666667,0.5
13412,HyboNet,3,128,0.001,4,2,0.5354330708661418,0.6,0.5769230769230769
13413,HyboNet,3,128,0.001,4,20,0.5275590551181102,0.8666666666666667,0.5
13414,HyboNet,3,128,0.001,4,21,0.49606299212598426,0.8666666666666667,0.5384615384615384
13415,HyboNet,3,128,0.001,4,22,0.4881889763779528,0.9,0.5384615384615384
13416,HyboNet,3,128,0.001,4,23,0.4881889763779528,0.9333333333333333,0.5384615384615384
13417,HyboNet,3,128,0.001,4,24,0.49606299212598426,0.9333333333333333,0.5
13418,HyboNet,3,128,0.001,4,25,0.4881889763779528,0.9333333333333333,0.5384615384615384
13419,HyboNet,3,128,0.001,4,26,0.49606299212598426,0.9333333333333333,0.5384615384615384
13420,HyboNet,3,128,0.001,4,27,0.49606299212598426,0.9666666666666667,0.5384615384615384
13421,HyboNet,3,128,0.001,4,28,0.49606299212598426,0.9666666666666667,0.5384615384615384
13422,HyboNet,3,128,0.001,4,29,0.48031496062992124,1.0,0.5384615384615384
13423,HyboNet,3,128,0.001,4,3,0.5354330708661418,0.6,0.5769230769230769
13424,HyboNet,3,128,0.001,4,30,0.48031496062992124,1.0,0.5384615384615384
13425,HyboNet,3,128,0.001,4,31,0.48031496062992124,0.9666666666666667,0.5384615384615384
13426,HyboNet,3,128,0.001,4,32,0.48031496062992124,0.9333333333333333,0.5384615384615384
13427,HyboNet,3,128,0.001,4,33,0.48031496062992124,0.9333333333333333,0.5384615384615384
13428,HyboNet,3,128,0.001,4,34,0.48031496062992124,0.9333333333333333,0.5384615384615384
13429,HyboNet,3,128,0.001,4,35,0.4881889763779528,0.9333333333333333,0.5769230769230769
13430,HyboNet,3,128,0.001,4,36,0.5039370078740157,0.9333333333333333,0.5769230769230769
13431,HyboNet,3,128,0.001,4,37,0.49606299212598426,0.9333333333333333,0.5769230769230769
13432,HyboNet,3,128,0.001,4,38,0.47244094488188976,0.9333333333333333,0.5384615384615384
13433,HyboNet,3,128,0.001,4,39,0.4881889763779528,0.9333333333333333,0.5
13434,HyboNet,3,128,0.001,4,4,0.5354330708661418,0.6,0.5769230769230769
13435,HyboNet,3,128,0.001,4,40,0.48031496062992124,0.9666666666666667,0.5384615384615384
13436,HyboNet,3,128,0.001,4,41,0.48031496062992124,0.9666666666666667,0.5384615384615384
13437,HyboNet,3,128,0.001,4,42,0.47244094488188976,1.0,0.5384615384615384
13438,HyboNet,3,128,0.001,4,43,0.4881889763779528,1.0,0.5
13439,HyboNet,3,128,0.001,4,44,0.49606299212598426,1.0,0.5
13440,HyboNet,3,128,0.001,4,45,0.47244094488188976,1.0,0.5
13441,HyboNet,3,128,0.001,4,46,0.48031496062992124,1.0,0.5
13442,HyboNet,3,128,0.001,4,47,0.4881889763779528,1.0,0.5
13443,HyboNet,3,128,0.001,4,48,0.4881889763779528,1.0,0.46153846153846156
13444,HyboNet,3,128,0.001,4,49,0.48031496062992124,1.0,0.46153846153846156
13445,HyboNet,3,128,0.001,4,5,0.5354330708661418,0.6,0.5769230769230769
13446,HyboNet,3,128,0.001,4,50,0.48031496062992124,1.0,0.4230769230769231
13447,HyboNet,3,128,0.001,4,51,0.4409448818897638,1.0,0.38461538461538464
13448,HyboNet,3,128,0.001,4,52,0.4566929133858268,1.0,0.4230769230769231
13449,HyboNet,3,128,0.001,4,53,0.48031496062992124,1.0,0.5
13450,HyboNet,3,128,0.001,4,54,0.49606299212598426,1.0,0.46153846153846156
13451,HyboNet,3,128,0.001,4,55,0.44881889763779526,1.0,0.34615384615384615
13452,HyboNet,3,128,0.001,4,56,0.4251968503937008,1.0,0.4230769230769231
13453,HyboNet,3,128,0.001,4,57,0.4566929133858268,1.0,0.38461538461538464
13454,HyboNet,3,128,0.001,4,58,0.4409448818897638,1.0,0.38461538461538464
13455,HyboNet,3,128,0.001,4,59,0.4251968503937008,1.0,0.38461538461538464
13456,HyboNet,3,128,0.001,4,6,0.5354330708661418,0.6333333333333333,0.5384615384615384
13457,HyboNet,3,128,0.001,4,60,0.4409448818897638,1.0,0.38461538461538464
13458,HyboNet,3,128,0.001,4,61,0.3937007874015748,1.0,0.34615384615384615
13459,HyboNet,3,128,0.001,4,62,0.4566929133858268,1.0,0.38461538461538464
13460,HyboNet,3,128,0.001,4,63,0.4645669291338583,1.0,0.4230769230769231
13461,HyboNet,3,128,0.001,4,64,0.4251968503937008,1.0,0.46153846153846156
13462,HyboNet,3,128,0.001,4,65,0.4330708661417323,1.0,0.46153846153846156
13463,HyboNet,3,128,0.001,4,66,0.4409448818897638,1.0,0.38461538461538464
13464,HyboNet,3,128,0.001,4,67,0.3937007874015748,1.0,0.3076923076923077
13465,HyboNet,3,128,0.001,4,68,0.3779527559055118,1.0,0.2692307692307692
13466,HyboNet,3,128,0.001,4,69,0.3937007874015748,1.0,0.2692307692307692
13467,HyboNet,3,128,0.001,4,7,0.5275590551181102,0.7333333333333333,0.5769230769230769
13468,HyboNet,3,128,0.001,4,70,0.3858267716535433,1.0,0.2692307692307692
13469,HyboNet,3,128,0.001,4,71,0.3779527559055118,1.0,0.23076923076923078
13470,HyboNet,3,128,0.001,4,72,0.3779527559055118,1.0,0.2692307692307692
13471,HyboNet,3,128,0.001,4,73,0.3779527559055118,1.0,0.2692307692307692
13472,HyboNet,3,128,0.001,4,74,0.3700787401574803,1.0,0.2692307692307692
13473,HyboNet,3,128,0.001,4,75,0.31496062992125984,1.0,0.23076923076923078
13474,HyboNet,3,128,0.001,4,76,0.30708661417322836,1.0,0.23076923076923078
13475,HyboNet,3,128,0.001,4,77,0.31496062992125984,1.0,0.23076923076923078
13476,HyboNet,3,128,0.001,4,78,0.33858267716535434,1.0,0.2692307692307692
13477,HyboNet,3,128,0.001,4,79,0.3700787401574803,1.0,0.2692307692307692
13478,HyboNet,3,128,0.001,4,8,0.5511811023622047,0.7666666666666667,0.5769230769230769
13479,HyboNet,3,128,0.001,4,80,0.3543307086614173,1.0,0.2692307692307692
13480,HyboNet,3,128,0.001,4,81,0.36220472440944884,1.0,0.2692307692307692
13481,HyboNet,3,128,0.001,4,82,0.3464566929133858,1.0,0.23076923076923078
13482,HyboNet,3,128,0.001,4,83,0.36220472440944884,1.0,0.3076923076923077
13483,HyboNet,3,128,0.001,4,84,0.36220472440944884,1.0,0.3076923076923077
13484,HyboNet,3,128,0.001,4,85,0.3779527559055118,1.0,0.3076923076923077
13485,HyboNet,3,128,0.001,4,86,0.3464566929133858,1.0,0.3076923076923077
13486,HyboNet,3,128,0.001,4,87,0.33858267716535434,1.0,0.3076923076923077
13487,HyboNet,3,128,0.001,4,88,0.3464566929133858,1.0,0.3076923076923077
13488,HyboNet,3,128,0.001,4,89,0.3543307086614173,1.0,0.2692307692307692
13489,HyboNet,3,128,0.001,4,9,0.5433070866141733,0.7666666666666667,0.5769230769230769
13490,HyboNet,3,128,0.001,4,90,0.33070866141732286,1.0,0.23076923076923078
13491,HyboNet,3,128,0.001,4,91,0.3228346456692913,1.0,0.23076923076923078
13492,HyboNet,3,128,0.001,4,92,0.3464566929133858,1.0,0.2692307692307692
13493,HyboNet,3,128,0.001,4,93,0.33858267716535434,1.0,0.2692307692307692
13494,HyboNet,3,128,0.001,4,94,0.3464566929133858,1.0,0.2692307692307692
13495,HyboNet,3,128,0.001,4,95,0.33858267716535434,1.0,0.2692307692307692
13496,HyboNet,3,128,0.001,4,96,0.33858267716535434,1.0,0.2692307692307692
13497,HyboNet,3,128,0.001,4,97,0.3464566929133858,1.0,0.2692307692307692
13498,HyboNet,3,128,0.001,4,98,0.36220472440944884,1.0,0.3076923076923077
13499,HyboNet,3,128,0.001,4,99,0.3779527559055118,1.0,0.3076923076923077
13500,HyboNet,3,128,0.001,5,1,0.5196850393700787,0.5666666666666667,0.5769230769230769
13501,HyboNet,3,128,0.001,5,10,0.5433070866141733,0.6666666666666666,0.5769230769230769
13502,HyboNet,3,128,0.001,5,100,0.36220472440944884,1.0,0.3076923076923077
13503,HyboNet,3,128,0.001,5,11,0.5511811023622047,0.7,0.5769230769230769
13504,HyboNet,3,128,0.001,5,12,0.5433070866141733,0.7333333333333333,0.5769230769230769
13505,HyboNet,3,128,0.001,5,13,0.5354330708661418,0.7666666666666667,0.5384615384615384
13506,HyboNet,3,128,0.001,5,14,0.5748031496062992,0.7666666666666667,0.5769230769230769
13507,HyboNet,3,128,0.001,5,15,0.5511811023622047,0.8,0.5384615384615384
13508,HyboNet,3,128,0.001,5,16,0.5590551181102362,0.8,0.5769230769230769
13509,HyboNet,3,128,0.001,5,17,0.5590551181102362,0.8,0.5769230769230769
13510,HyboNet,3,128,0.001,5,18,0.5511811023622047,0.8,0.5769230769230769
13511,HyboNet,3,128,0.001,5,19,0.5354330708661418,0.7666666666666667,0.5384615384615384
13512,HyboNet,3,128,0.001,5,2,0.5354330708661418,0.6,0.5769230769230769
13513,HyboNet,3,128,0.001,5,20,0.5275590551181102,0.8,0.5769230769230769
13514,HyboNet,3,128,0.001,5,21,0.5275590551181102,0.8,0.5769230769230769
13515,HyboNet,3,128,0.001,5,22,0.5354330708661418,0.8666666666666667,0.5
13516,HyboNet,3,128,0.001,5,23,0.5118110236220472,0.9333333333333333,0.5
13517,HyboNet,3,128,0.001,5,24,0.4566929133858268,0.9666666666666667,0.5
13518,HyboNet,3,128,0.001,5,25,0.4645669291338583,0.9333333333333333,0.5
13519,HyboNet,3,128,0.001,5,26,0.4566929133858268,0.9333333333333333,0.5
13520,HyboNet,3,128,0.001,5,27,0.4566929133858268,0.9333333333333333,0.5
13521,HyboNet,3,128,0.001,5,28,0.4645669291338583,0.9666666666666667,0.5
13522,HyboNet,3,128,0.001,5,29,0.48031496062992124,0.9666666666666667,0.5
13523,HyboNet,3,128,0.001,5,3,0.5354330708661418,0.6,0.5769230769230769
13524,HyboNet,3,128,0.001,5,30,0.4881889763779528,1.0,0.5769230769230769
13525,HyboNet,3,128,0.001,5,31,0.4881889763779528,0.9666666666666667,0.5769230769230769
13526,HyboNet,3,128,0.001,5,32,0.48031496062992124,0.9666666666666667,0.5769230769230769
13527,HyboNet,3,128,0.001,5,33,0.4645669291338583,0.9666666666666667,0.5
13528,HyboNet,3,128,0.001,5,34,0.44881889763779526,0.9666666666666667,0.5
13529,HyboNet,3,128,0.001,5,35,0.4094488188976378,0.9666666666666667,0.4230769230769231
13530,HyboNet,3,128,0.001,5,36,0.4409448818897638,0.9666666666666667,0.4230769230769231
13531,HyboNet,3,128,0.001,5,37,0.4251968503937008,0.9666666666666667,0.4230769230769231
13532,HyboNet,3,128,0.001,5,38,0.4409448818897638,0.9666666666666667,0.46153846153846156
13533,HyboNet,3,128,0.001,5,39,0.4409448818897638,0.9666666666666667,0.46153846153846156
13534,HyboNet,3,128,0.001,5,4,0.5354330708661418,0.6,0.5769230769230769
13535,HyboNet,3,128,0.001,5,40,0.4330708661417323,0.9666666666666667,0.4230769230769231
13536,HyboNet,3,128,0.001,5,41,0.4251968503937008,1.0,0.4230769230769231
13537,HyboNet,3,128,0.001,5,42,0.4015748031496063,1.0,0.4230769230769231
13538,HyboNet,3,128,0.001,5,43,0.4015748031496063,1.0,0.4230769230769231
13539,HyboNet,3,128,0.001,5,44,0.41732283464566927,1.0,0.4230769230769231
13540,HyboNet,3,128,0.001,5,45,0.41732283464566927,1.0,0.4230769230769231
13541,HyboNet,3,128,0.001,5,46,0.41732283464566927,1.0,0.4230769230769231
13542,HyboNet,3,128,0.001,5,47,0.3937007874015748,1.0,0.4230769230769231
13543,HyboNet,3,128,0.001,5,48,0.4094488188976378,1.0,0.4230769230769231
13544,HyboNet,3,128,0.001,5,49,0.4015748031496063,1.0,0.4230769230769231
13545,HyboNet,3,128,0.001,5,5,0.5354330708661418,0.6,0.5769230769230769
13546,HyboNet,3,128,0.001,5,50,0.3779527559055118,1.0,0.4230769230769231
13547,HyboNet,3,128,0.001,5,51,0.36220472440944884,1.0,0.4230769230769231
13548,HyboNet,3,128,0.001,5,52,0.33858267716535434,1.0,0.3076923076923077
13549,HyboNet,3,128,0.001,5,53,0.3464566929133858,1.0,0.34615384615384615
13550,HyboNet,3,128,0.001,5,54,0.3858267716535433,1.0,0.4230769230769231
13551,HyboNet,3,128,0.001,5,55,0.41732283464566927,1.0,0.4230769230769231
13552,HyboNet,3,128,0.001,5,56,0.4251968503937008,1.0,0.4230769230769231
13553,HyboNet,3,128,0.001,5,57,0.4015748031496063,1.0,0.4230769230769231
13554,HyboNet,3,128,0.001,5,58,0.3779527559055118,1.0,0.38461538461538464
13555,HyboNet,3,128,0.001,5,59,0.3779527559055118,1.0,0.38461538461538464
13556,HyboNet,3,128,0.001,5,6,0.5354330708661418,0.6333333333333333,0.5769230769230769
13557,HyboNet,3,128,0.001,5,60,0.3858267716535433,1.0,0.34615384615384615
13558,HyboNet,3,128,0.001,5,61,0.3779527559055118,1.0,0.38461538461538464
13559,HyboNet,3,128,0.001,5,62,0.4015748031496063,1.0,0.4230769230769231
13560,HyboNet,3,128,0.001,5,63,0.3937007874015748,1.0,0.4230769230769231
13561,HyboNet,3,128,0.001,5,64,0.3937007874015748,1.0,0.4230769230769231
13562,HyboNet,3,128,0.001,5,65,0.4251968503937008,1.0,0.4230769230769231
13563,HyboNet,3,128,0.001,5,66,0.41732283464566927,1.0,0.34615384615384615
13564,HyboNet,3,128,0.001,5,67,0.3937007874015748,1.0,0.34615384615384615
13565,HyboNet,3,128,0.001,5,68,0.3779527559055118,1.0,0.34615384615384615
13566,HyboNet,3,128,0.001,5,69,0.3464566929133858,1.0,0.34615384615384615
13567,HyboNet,3,128,0.001,5,7,0.5511811023622047,0.7333333333333333,0.5769230769230769
13568,HyboNet,3,128,0.001,5,70,0.3700787401574803,1.0,0.34615384615384615
13569,HyboNet,3,128,0.001,5,71,0.3779527559055118,1.0,0.34615384615384615
13570,HyboNet,3,128,0.001,5,72,0.3779527559055118,1.0,0.34615384615384615
13571,HyboNet,3,128,0.001,5,73,0.3858267716535433,1.0,0.34615384615384615
13572,HyboNet,3,128,0.001,5,74,0.3779527559055118,1.0,0.34615384615384615
13573,HyboNet,3,128,0.001,5,75,0.3779527559055118,1.0,0.38461538461538464
13574,HyboNet,3,128,0.001,5,76,0.3858267716535433,1.0,0.34615384615384615
13575,HyboNet,3,128,0.001,5,77,0.3937007874015748,1.0,0.34615384615384615
13576,HyboNet,3,128,0.001,5,78,0.3700787401574803,1.0,0.34615384615384615
13577,HyboNet,3,128,0.001,5,79,0.36220472440944884,1.0,0.34615384615384615
13578,HyboNet,3,128,0.001,5,8,0.5590551181102362,0.7333333333333333,0.5769230769230769
13579,HyboNet,3,128,0.001,5,80,0.3543307086614173,1.0,0.34615384615384615
13580,HyboNet,3,128,0.001,5,81,0.3779527559055118,1.0,0.38461538461538464
13581,HyboNet,3,128,0.001,5,82,0.3779527559055118,1.0,0.38461538461538464
13582,HyboNet,3,128,0.001,5,83,0.3779527559055118,1.0,0.38461538461538464
13583,HyboNet,3,128,0.001,5,84,0.3543307086614173,1.0,0.38461538461538464
13584,HyboNet,3,128,0.001,5,85,0.36220472440944884,1.0,0.34615384615384615
13585,HyboNet,3,128,0.001,5,86,0.36220472440944884,1.0,0.34615384615384615
13586,HyboNet,3,128,0.001,5,87,0.3543307086614173,1.0,0.34615384615384615
13587,HyboNet,3,128,0.001,5,88,0.3700787401574803,1.0,0.38461538461538464
13588,HyboNet,3,128,0.001,5,89,0.3700787401574803,1.0,0.38461538461538464
13589,HyboNet,3,128,0.001,5,9,0.5511811023622047,0.6666666666666666,0.5769230769230769
13590,HyboNet,3,128,0.001,5,90,0.3779527559055118,1.0,0.34615384615384615
13591,HyboNet,3,128,0.001,5,91,0.3700787401574803,1.0,0.34615384615384615
13592,HyboNet,3,128,0.001,5,92,0.36220472440944884,1.0,0.34615384615384615
13593,HyboNet,3,128,0.001,5,93,0.36220472440944884,1.0,0.34615384615384615
13594,HyboNet,3,128,0.001,5,94,0.36220472440944884,1.0,0.34615384615384615
13595,HyboNet,3,128,0.001,5,95,0.36220472440944884,1.0,0.34615384615384615
13596,HyboNet,3,128,0.001,5,96,0.36220472440944884,1.0,0.34615384615384615
13597,HyboNet,3,128,0.001,5,97,0.36220472440944884,1.0,0.34615384615384615
13598,HyboNet,3,128,0.001,5,98,0.3779527559055118,1.0,0.3076923076923077
13599,HyboNet,3,128,0.001,5,99,0.3700787401574803,1.0,0.3076923076923077
13600,HyboNet,3,128,0.001,6,1,0.5354330708661418,0.6,0.5769230769230769
13601,HyboNet,3,128,0.001,6,10,0.5826771653543307,0.7666666666666667,0.5769230769230769
13602,HyboNet,3,128,0.001,6,100,0.41732283464566927,1.0,0.3076923076923077
13603,HyboNet,3,128,0.001,6,11,0.5669291338582677,0.7666666666666667,0.5384615384615384
13604,HyboNet,3,128,0.001,6,12,0.5669291338582677,0.8,0.5384615384615384
13605,HyboNet,3,128,0.001,6,13,0.5433070866141733,0.8,0.5
13606,HyboNet,3,128,0.001,6,14,0.5433070866141733,0.8,0.5
13607,HyboNet,3,128,0.001,6,15,0.5354330708661418,0.7666666666666667,0.46153846153846156
13608,HyboNet,3,128,0.001,6,16,0.5433070866141733,0.8,0.5
13609,HyboNet,3,128,0.001,6,17,0.5354330708661418,0.8,0.5
13610,HyboNet,3,128,0.001,6,18,0.5354330708661418,0.8,0.5
13611,HyboNet,3,128,0.001,6,19,0.5433070866141733,0.8,0.5
13612,HyboNet,3,128,0.001,6,2,0.5354330708661418,0.6,0.5769230769230769
13613,HyboNet,3,128,0.001,6,20,0.5354330708661418,0.8,0.5
13614,HyboNet,3,128,0.001,6,21,0.5118110236220472,0.8666666666666667,0.5
13615,HyboNet,3,128,0.001,6,22,0.49606299212598426,0.9,0.5
13616,HyboNet,3,128,0.001,6,23,0.5039370078740157,0.9333333333333333,0.46153846153846156
13617,HyboNet,3,128,0.001,6,24,0.5039370078740157,0.9,0.46153846153846156
13618,HyboNet,3,128,0.001,6,25,0.5118110236220472,0.9333333333333333,0.5
13619,HyboNet,3,128,0.001,6,26,0.5118110236220472,0.9333333333333333,0.5
13620,HyboNet,3,128,0.001,6,27,0.5118110236220472,0.9333333333333333,0.5
13621,HyboNet,3,128,0.001,6,28,0.5118110236220472,0.9333333333333333,0.5
13622,HyboNet,3,128,0.001,6,29,0.48031496062992124,0.9333333333333333,0.46153846153846156
13623,HyboNet,3,128,0.001,6,3,0.5354330708661418,0.6333333333333333,0.5769230769230769
13624,HyboNet,3,128,0.001,6,30,0.47244094488188976,0.9,0.46153846153846156
13625,HyboNet,3,128,0.001,6,31,0.4881889763779528,0.9,0.46153846153846156
13626,HyboNet,3,128,0.001,6,32,0.4881889763779528,0.9333333333333333,0.5384615384615384
13627,HyboNet,3,128,0.001,6,33,0.4881889763779528,0.9333333333333333,0.5384615384615384
13628,HyboNet,3,128,0.001,6,34,0.48031496062992124,0.9333333333333333,0.5384615384615384
13629,HyboNet,3,128,0.001,6,35,0.48031496062992124,0.9333333333333333,0.46153846153846156
13630,HyboNet,3,128,0.001,6,36,0.47244094488188976,0.9333333333333333,0.4230769230769231
13631,HyboNet,3,128,0.001,6,37,0.47244094488188976,0.9333333333333333,0.4230769230769231
13632,HyboNet,3,128,0.001,6,38,0.48031496062992124,0.9666666666666667,0.4230769230769231
13633,HyboNet,3,128,0.001,6,39,0.47244094488188976,1.0,0.4230769230769231
13634,HyboNet,3,128,0.001,6,4,0.5354330708661418,0.7333333333333333,0.5769230769230769
13635,HyboNet,3,128,0.001,6,40,0.4566929133858268,1.0,0.46153846153846156
13636,HyboNet,3,128,0.001,6,41,0.47244094488188976,0.9666666666666667,0.46153846153846156
13637,HyboNet,3,128,0.001,6,42,0.47244094488188976,0.9333333333333333,0.46153846153846156
13638,HyboNet,3,128,0.001,6,43,0.4566929133858268,0.9666666666666667,0.46153846153846156
13639,HyboNet,3,128,0.001,6,44,0.4566929133858268,1.0,0.4230769230769231
13640,HyboNet,3,128,0.001,6,45,0.48031496062992124,1.0,0.46153846153846156
13641,HyboNet,3,128,0.001,6,46,0.47244094488188976,1.0,0.4230769230769231
13642,HyboNet,3,128,0.001,6,47,0.4645669291338583,1.0,0.4230769230769231
13643,HyboNet,3,128,0.001,6,48,0.4645669291338583,1.0,0.4230769230769231
13644,HyboNet,3,128,0.001,6,49,0.4645669291338583,1.0,0.38461538461538464
13645,HyboNet,3,128,0.001,6,5,0.5511811023622047,0.7666666666666667,0.5769230769230769
13646,HyboNet,3,128,0.001,6,50,0.44881889763779526,1.0,0.4230769230769231
13647,HyboNet,3,128,0.001,6,51,0.4330708661417323,1.0,0.46153846153846156
13648,HyboNet,3,128,0.001,6,52,0.4330708661417323,1.0,0.4230769230769231
13649,HyboNet,3,128,0.001,6,53,0.44881889763779526,1.0,0.4230769230769231
13650,HyboNet,3,128,0.001,6,54,0.47244094488188976,1.0,0.4230769230769231
13651,HyboNet,3,128,0.001,6,55,0.4645669291338583,1.0,0.4230769230769231
13652,HyboNet,3,128,0.001,6,56,0.4409448818897638,1.0,0.34615384615384615
13653,HyboNet,3,128,0.001,6,57,0.4566929133858268,1.0,0.3076923076923077
13654,HyboNet,3,128,0.001,6,58,0.4251968503937008,1.0,0.34615384615384615
13655,HyboNet,3,128,0.001,6,59,0.4566929133858268,1.0,0.34615384615384615
13656,HyboNet,3,128,0.001,6,6,0.5433070866141733,0.7666666666666667,0.5769230769230769
13657,HyboNet,3,128,0.001,6,60,0.4566929133858268,1.0,0.34615384615384615
13658,HyboNet,3,128,0.001,6,61,0.44881889763779526,1.0,0.34615384615384615
13659,HyboNet,3,128,0.001,6,62,0.4251968503937008,1.0,0.34615384615384615
13660,HyboNet,3,128,0.001,6,63,0.44881889763779526,1.0,0.3076923076923077
13661,HyboNet,3,128,0.001,6,64,0.44881889763779526,1.0,0.2692307692307692
13662,HyboNet,3,128,0.001,6,65,0.4409448818897638,1.0,0.2692307692307692
13663,HyboNet,3,128,0.001,6,66,0.41732283464566927,1.0,0.2692307692307692
13664,HyboNet,3,128,0.001,6,67,0.3779527559055118,1.0,0.2692307692307692
13665,HyboNet,3,128,0.001,6,68,0.44881889763779526,1.0,0.34615384615384615
13666,HyboNet,3,128,0.001,6,69,0.44881889763779526,1.0,0.4230769230769231
13667,HyboNet,3,128,0.001,6,7,0.5354330708661418,0.7666666666666667,0.5769230769230769
13668,HyboNet,3,128,0.001,6,70,0.4330708661417323,1.0,0.4230769230769231
13669,HyboNet,3,128,0.001,6,71,0.4566929133858268,1.0,0.4230769230769231
13670,HyboNet,3,128,0.001,6,72,0.4566929133858268,1.0,0.4230769230769231
13671,HyboNet,3,128,0.001,6,73,0.44881889763779526,1.0,0.38461538461538464
13672,HyboNet,3,128,0.001,6,74,0.4015748031496063,1.0,0.3076923076923077
13673,HyboNet,3,128,0.001,6,75,0.4094488188976378,1.0,0.2692307692307692
13674,HyboNet,3,128,0.001,6,76,0.4094488188976378,1.0,0.2692307692307692
13675,HyboNet,3,128,0.001,6,77,0.4094488188976378,1.0,0.3076923076923077
13676,HyboNet,3,128,0.001,6,78,0.41732283464566927,1.0,0.3076923076923077
13677,HyboNet,3,128,0.001,6,79,0.41732283464566927,1.0,0.3076923076923077
13678,HyboNet,3,128,0.001,6,8,0.5354330708661418,0.7666666666666667,0.5769230769230769
13679,HyboNet,3,128,0.001,6,80,0.4094488188976378,1.0,0.3076923076923077
13680,HyboNet,3,128,0.001,6,81,0.3700787401574803,1.0,0.2692307692307692
13681,HyboNet,3,128,0.001,6,82,0.3779527559055118,1.0,0.2692307692307692
13682,HyboNet,3,128,0.001,6,83,0.41732283464566927,1.0,0.38461538461538464
13683,HyboNet,3,128,0.001,6,84,0.4645669291338583,1.0,0.4230769230769231
13684,HyboNet,3,128,0.001,6,85,0.4566929133858268,1.0,0.4230769230769231
13685,HyboNet,3,128,0.001,6,86,0.4566929133858268,1.0,0.46153846153846156
13686,HyboNet,3,128,0.001,6,87,0.44881889763779526,1.0,0.5
13687,HyboNet,3,128,0.001,6,88,0.47244094488188976,1.0,0.5384615384615384
13688,HyboNet,3,128,0.001,6,89,0.47244094488188976,1.0,0.5769230769230769
13689,HyboNet,3,128,0.001,6,9,0.5354330708661418,0.7666666666666667,0.5769230769230769
13690,HyboNet,3,128,0.001,6,90,0.47244094488188976,1.0,0.5769230769230769
13691,HyboNet,3,128,0.001,6,91,0.47244094488188976,1.0,0.5769230769230769
13692,HyboNet,3,128,0.001,6,92,0.4566929133858268,1.0,0.46153846153846156
13693,HyboNet,3,128,0.001,6,93,0.4409448818897638,1.0,0.4230769230769231
13694,HyboNet,3,128,0.001,6,94,0.4645669291338583,1.0,0.46153846153846156
13695,HyboNet,3,128,0.001,6,95,0.4566929133858268,1.0,0.46153846153846156
13696,HyboNet,3,128,0.001,6,96,0.44881889763779526,1.0,0.46153846153846156
13697,HyboNet,3,128,0.001,6,97,0.4251968503937008,1.0,0.4230769230769231
13698,HyboNet,3,128,0.001,6,98,0.41732283464566927,1.0,0.34615384615384615
13699,HyboNet,3,128,0.001,6,99,0.41732283464566927,1.0,0.3076923076923077
13700,HyboNet,3,128,0.001,7,1,0.5275590551181102,0.6,0.5769230769230769
13701,HyboNet,3,128,0.001,7,10,0.5511811023622047,0.8,0.5769230769230769
13702,HyboNet,3,128,0.001,7,100,0.3700787401574803,1.0,0.3076923076923077
13703,HyboNet,3,128,0.001,7,11,0.5590551181102362,0.7666666666666667,0.5384615384615384
13704,HyboNet,3,128,0.001,7,12,0.5590551181102362,0.7666666666666667,0.5384615384615384
13705,HyboNet,3,128,0.001,7,13,0.5669291338582677,0.8,0.5384615384615384
13706,HyboNet,3,128,0.001,7,14,0.5590551181102362,0.7666666666666667,0.5769230769230769
13707,HyboNet,3,128,0.001,7,15,0.5511811023622047,0.7666666666666667,0.5384615384615384
13708,HyboNet,3,128,0.001,7,16,0.5590551181102362,0.8333333333333334,0.5769230769230769
13709,HyboNet,3,128,0.001,7,17,0.5511811023622047,0.8666666666666667,0.6153846153846154
13710,HyboNet,3,128,0.001,7,18,0.5433070866141733,0.9333333333333333,0.5384615384615384
13711,HyboNet,3,128,0.001,7,19,0.5354330708661418,0.9333333333333333,0.5
13712,HyboNet,3,128,0.001,7,2,0.5354330708661418,0.6,0.5769230769230769
13713,HyboNet,3,128,0.001,7,20,0.5275590551181102,0.9,0.5384615384615384
13714,HyboNet,3,128,0.001,7,21,0.5039370078740157,0.9,0.5384615384615384
13715,HyboNet,3,128,0.001,7,22,0.5118110236220472,0.9,0.5769230769230769
13716,HyboNet,3,128,0.001,7,23,0.5118110236220472,0.9,0.5769230769230769
13717,HyboNet,3,128,0.001,7,24,0.5196850393700787,0.9,0.5384615384615384
13718,HyboNet,3,128,0.001,7,25,0.5118110236220472,0.9333333333333333,0.5769230769230769
13719,HyboNet,3,128,0.001,7,26,0.5118110236220472,0.9666666666666667,0.5769230769230769
13720,HyboNet,3,128,0.001,7,27,0.5039370078740157,0.9666666666666667,0.5769230769230769
13721,HyboNet,3,128,0.001,7,28,0.5039370078740157,0.9666666666666667,0.5769230769230769
13722,HyboNet,3,128,0.001,7,29,0.5118110236220472,0.9666666666666667,0.5769230769230769
13723,HyboNet,3,128,0.001,7,3,0.5196850393700787,0.6666666666666666,0.5769230769230769
13724,HyboNet,3,128,0.001,7,30,0.49606299212598426,0.9666666666666667,0.5769230769230769
13725,HyboNet,3,128,0.001,7,31,0.48031496062992124,0.9666666666666667,0.5769230769230769
13726,HyboNet,3,128,0.001,7,32,0.48031496062992124,0.9333333333333333,0.5384615384615384
13727,HyboNet,3,128,0.001,7,33,0.49606299212598426,0.9333333333333333,0.5
13728,HyboNet,3,128,0.001,7,34,0.48031496062992124,0.9333333333333333,0.5384615384615384
13729,HyboNet,3,128,0.001,7,35,0.4881889763779528,0.9333333333333333,0.5769230769230769
13730,HyboNet,3,128,0.001,7,36,0.4881889763779528,0.9333333333333333,0.5769230769230769
13731,HyboNet,3,128,0.001,7,37,0.4881889763779528,0.9666666666666667,0.5384615384615384
13732,HyboNet,3,128,0.001,7,38,0.48031496062992124,0.9666666666666667,0.5
13733,HyboNet,3,128,0.001,7,39,0.48031496062992124,0.9666666666666667,0.5
13734,HyboNet,3,128,0.001,7,4,0.5275590551181102,0.7666666666666667,0.5769230769230769
13735,HyboNet,3,128,0.001,7,40,0.4881889763779528,0.9666666666666667,0.5
13736,HyboNet,3,128,0.001,7,41,0.4881889763779528,0.9666666666666667,0.5
13737,HyboNet,3,128,0.001,7,42,0.4881889763779528,0.9666666666666667,0.5384615384615384
13738,HyboNet,3,128,0.001,7,43,0.5039370078740157,0.9666666666666667,0.5
13739,HyboNet,3,128,0.001,7,44,0.49606299212598426,0.9666666666666667,0.46153846153846156
13740,HyboNet,3,128,0.001,7,45,0.5039370078740157,0.9666666666666667,0.46153846153846156
13741,HyboNet,3,128,0.001,7,46,0.5039370078740157,1.0,0.46153846153846156
13742,HyboNet,3,128,0.001,7,47,0.4881889763779528,1.0,0.46153846153846156
13743,HyboNet,3,128,0.001,7,48,0.48031496062992124,1.0,0.46153846153846156
13744,HyboNet,3,128,0.001,7,49,0.48031496062992124,1.0,0.46153846153846156
13745,HyboNet,3,128,0.001,7,5,0.5196850393700787,0.7333333333333333,0.5769230769230769
13746,HyboNet,3,128,0.001,7,50,0.47244094488188976,1.0,0.46153846153846156
13747,HyboNet,3,128,0.001,7,51,0.4881889763779528,1.0,0.5
13748,HyboNet,3,128,0.001,7,52,0.4881889763779528,1.0,0.5
13749,HyboNet,3,128,0.001,7,53,0.48031496062992124,1.0,0.46153846153846156
13750,HyboNet,3,128,0.001,7,54,0.4251968503937008,1.0,0.46153846153846156
13751,HyboNet,3,128,0.001,7,55,0.41732283464566927,1.0,0.46153846153846156
13752,HyboNet,3,128,0.001,7,56,0.47244094488188976,1.0,0.46153846153846156
13753,HyboNet,3,128,0.001,7,57,0.48031496062992124,1.0,0.5
13754,HyboNet,3,128,0.001,7,58,0.48031496062992124,1.0,0.5
13755,HyboNet,3,128,0.001,7,59,0.44881889763779526,1.0,0.46153846153846156
13756,HyboNet,3,128,0.001,7,6,0.5275590551181102,0.7333333333333333,0.5769230769230769
13757,HyboNet,3,128,0.001,7,60,0.4015748031496063,1.0,0.4230769230769231
13758,HyboNet,3,128,0.001,7,61,0.3858267716535433,1.0,0.4230769230769231
13759,HyboNet,3,128,0.001,7,62,0.3779527559055118,1.0,0.38461538461538464
13760,HyboNet,3,128,0.001,7,63,0.3937007874015748,1.0,0.46153846153846156
13761,HyboNet,3,128,0.001,7,64,0.4015748031496063,1.0,0.46153846153846156
13762,HyboNet,3,128,0.001,7,65,0.4015748031496063,1.0,0.46153846153846156
13763,HyboNet,3,128,0.001,7,66,0.4015748031496063,1.0,0.46153846153846156
13764,HyboNet,3,128,0.001,7,67,0.4015748031496063,1.0,0.46153846153846156
13765,HyboNet,3,128,0.001,7,68,0.3937007874015748,1.0,0.4230769230769231
13766,HyboNet,3,128,0.001,7,69,0.4094488188976378,1.0,0.4230769230769231
13767,HyboNet,3,128,0.001,7,7,0.5275590551181102,0.7333333333333333,0.5769230769230769
13768,HyboNet,3,128,0.001,7,70,0.4094488188976378,1.0,0.38461538461538464
13769,HyboNet,3,128,0.001,7,71,0.4251968503937008,1.0,0.4230769230769231
13770,HyboNet,3,128,0.001,7,72,0.4409448818897638,1.0,0.4230769230769231
13771,HyboNet,3,128,0.001,7,73,0.4330708661417323,1.0,0.4230769230769231
13772,HyboNet,3,128,0.001,7,74,0.4094488188976378,1.0,0.4230769230769231
13773,HyboNet,3,128,0.001,7,75,0.3858267716535433,1.0,0.38461538461538464
13774,HyboNet,3,128,0.001,7,76,0.3937007874015748,1.0,0.4230769230769231
13775,HyboNet,3,128,0.001,7,77,0.4645669291338583,1.0,0.46153846153846156
13776,HyboNet,3,128,0.001,7,78,0.4645669291338583,1.0,0.5
13777,HyboNet,3,128,0.001,7,79,0.47244094488188976,1.0,0.5
13778,HyboNet,3,128,0.001,7,8,0.5511811023622047,0.7333333333333333,0.5769230769230769
13779,HyboNet,3,128,0.001,7,80,0.4645669291338583,1.0,0.46153846153846156
13780,HyboNet,3,128,0.001,7,81,0.4015748031496063,1.0,0.4230769230769231
13781,HyboNet,3,128,0.001,7,82,0.3779527559055118,1.0,0.38461538461538464
13782,HyboNet,3,128,0.001,7,83,0.3700787401574803,1.0,0.34615384615384615
13783,HyboNet,3,128,0.001,7,84,0.3858267716535433,1.0,0.34615384615384615
13784,HyboNet,3,128,0.001,7,85,0.3858267716535433,1.0,0.34615384615384615
13785,HyboNet,3,128,0.001,7,86,0.3779527559055118,1.0,0.34615384615384615
13786,HyboNet,3,128,0.001,7,87,0.3779527559055118,1.0,0.34615384615384615
13787,HyboNet,3,128,0.001,7,88,0.3858267716535433,1.0,0.34615384615384615
13788,HyboNet,3,128,0.001,7,89,0.3858267716535433,1.0,0.34615384615384615
13789,HyboNet,3,128,0.001,7,9,0.5433070866141733,0.7666666666666667,0.5384615384615384
13790,HyboNet,3,128,0.001,7,90,0.3779527559055118,1.0,0.34615384615384615
13791,HyboNet,3,128,0.001,7,91,0.3858267716535433,1.0,0.4230769230769231
13792,HyboNet,3,128,0.001,7,92,0.3858267716535433,1.0,0.4230769230769231
13793,HyboNet,3,128,0.001,7,93,0.3858267716535433,1.0,0.4230769230769231
13794,HyboNet,3,128,0.001,7,94,0.3937007874015748,1.0,0.38461538461538464
13795,HyboNet,3,128,0.001,7,95,0.3779527559055118,1.0,0.34615384615384615
13796,HyboNet,3,128,0.001,7,96,0.3779527559055118,1.0,0.34615384615384615
13797,HyboNet,3,128,0.001,7,97,0.3858267716535433,1.0,0.34615384615384615
13798,HyboNet,3,128,0.001,7,98,0.3779527559055118,1.0,0.34615384615384615
13799,HyboNet,3,128,0.001,7,99,0.36220472440944884,1.0,0.34615384615384615
13800,HyboNet,3,128,0.001,8,1,0.5354330708661418,0.6,0.5769230769230769
13801,HyboNet,3,128,0.001,8,10,0.5433070866141733,0.7666666666666667,0.5384615384615384
13802,HyboNet,3,128,0.001,8,100,0.4330708661417323,1.0,0.34615384615384615
13803,HyboNet,3,128,0.001,8,11,0.5590551181102362,0.7666666666666667,0.5384615384615384
13804,HyboNet,3,128,0.001,8,12,0.5590551181102362,0.7666666666666667,0.5384615384615384
13805,HyboNet,3,128,0.001,8,13,0.5669291338582677,0.8,0.5384615384615384
13806,HyboNet,3,128,0.001,8,14,0.5826771653543307,0.8,0.5769230769230769
13807,HyboNet,3,128,0.001,8,15,0.5511811023622047,0.8,0.5769230769230769
13808,HyboNet,3,128,0.001,8,16,0.5511811023622047,0.8,0.5769230769230769
13809,HyboNet,3,128,0.001,8,17,0.5826771653543307,0.8333333333333334,0.5769230769230769
13810,HyboNet,3,128,0.001,8,18,0.5511811023622047,0.8333333333333334,0.5384615384615384
13811,HyboNet,3,128,0.001,8,19,0.5590551181102362,0.8333333333333334,0.5384615384615384
13812,HyboNet,3,128,0.001,8,2,0.5354330708661418,0.6,0.5769230769230769
13813,HyboNet,3,128,0.001,8,20,0.5275590551181102,0.8333333333333334,0.5384615384615384
13814,HyboNet,3,128,0.001,8,21,0.49606299212598426,0.9,0.5769230769230769
13815,HyboNet,3,128,0.001,8,22,0.5039370078740157,0.9333333333333333,0.5769230769230769
13816,HyboNet,3,128,0.001,8,23,0.5196850393700787,0.9,0.5769230769230769
13817,HyboNet,3,128,0.001,8,24,0.5118110236220472,0.9,0.5769230769230769
13818,HyboNet,3,128,0.001,8,25,0.5196850393700787,0.9,0.5769230769230769
13819,HyboNet,3,128,0.001,8,26,0.5196850393700787,0.9333333333333333,0.5769230769230769
13820,HyboNet,3,128,0.001,8,27,0.5118110236220472,0.9333333333333333,0.5769230769230769
13821,HyboNet,3,128,0.001,8,28,0.5039370078740157,0.9333333333333333,0.5384615384615384
13822,HyboNet,3,128,0.001,8,29,0.5039370078740157,0.9333333333333333,0.5384615384615384
13823,HyboNet,3,128,0.001,8,3,0.5354330708661418,0.6,0.5769230769230769
13824,HyboNet,3,128,0.001,8,30,0.5196850393700787,0.9333333333333333,0.5769230769230769
13825,HyboNet,3,128,0.001,8,31,0.5118110236220472,0.9333333333333333,0.5769230769230769
13826,HyboNet,3,128,0.001,8,32,0.5118110236220472,0.9333333333333333,0.5769230769230769
13827,HyboNet,3,128,0.001,8,33,0.5039370078740157,0.9333333333333333,0.5769230769230769
13828,HyboNet,3,128,0.001,8,34,0.49606299212598426,0.9333333333333333,0.5769230769230769
13829,HyboNet,3,128,0.001,8,35,0.5275590551181102,0.9333333333333333,0.5769230769230769
13830,HyboNet,3,128,0.001,8,36,0.5275590551181102,0.9333333333333333,0.5769230769230769
13831,HyboNet,3,128,0.001,8,37,0.5275590551181102,0.9333333333333333,0.5769230769230769
13832,HyboNet,3,128,0.001,8,38,0.5039370078740157,0.9333333333333333,0.5769230769230769
13833,HyboNet,3,128,0.001,8,39,0.4881889763779528,0.9333333333333333,0.5384615384615384
13834,HyboNet,3,128,0.001,8,4,0.5354330708661418,0.6,0.5769230769230769
13835,HyboNet,3,128,0.001,8,40,0.4881889763779528,0.9333333333333333,0.5384615384615384
13836,HyboNet,3,128,0.001,8,41,0.4881889763779528,0.9333333333333333,0.5384615384615384
13837,HyboNet,3,128,0.001,8,42,0.4881889763779528,0.9333333333333333,0.5384615384615384
13838,HyboNet,3,128,0.001,8,43,0.4881889763779528,0.9333333333333333,0.5384615384615384
13839,HyboNet,3,128,0.001,8,44,0.4881889763779528,0.9333333333333333,0.5384615384615384
13840,HyboNet,3,128,0.001,8,45,0.47244094488188976,0.9666666666666667,0.5384615384615384
13841,HyboNet,3,128,0.001,8,46,0.48031496062992124,0.9666666666666667,0.5384615384615384
13842,HyboNet,3,128,0.001,8,47,0.47244094488188976,0.9666666666666667,0.5384615384615384
13843,HyboNet,3,128,0.001,8,48,0.4330708661417323,0.9666666666666667,0.5
13844,HyboNet,3,128,0.001,8,49,0.4330708661417323,1.0,0.46153846153846156
13845,HyboNet,3,128,0.001,8,5,0.5590551181102362,0.7,0.5769230769230769
13846,HyboNet,3,128,0.001,8,50,0.4409448818897638,1.0,0.46153846153846156
13847,HyboNet,3,128,0.001,8,51,0.41732283464566927,1.0,0.4230769230769231
13848,HyboNet,3,128,0.001,8,52,0.41732283464566927,1.0,0.4230769230769231
13849,HyboNet,3,128,0.001,8,53,0.4251968503937008,1.0,0.38461538461538464
13850,HyboNet,3,128,0.001,8,54,0.4094488188976378,1.0,0.2692307692307692
13851,HyboNet,3,128,0.001,8,55,0.4251968503937008,1.0,0.4230769230769231
13852,HyboNet,3,128,0.001,8,56,0.4330708661417323,1.0,0.4230769230769231
13853,HyboNet,3,128,0.001,8,57,0.4251968503937008,1.0,0.4230769230769231
13854,HyboNet,3,128,0.001,8,58,0.41732283464566927,1.0,0.38461538461538464
13855,HyboNet,3,128,0.001,8,59,0.4251968503937008,1.0,0.4230769230769231
13856,HyboNet,3,128,0.001,8,6,0.5826771653543307,0.8,0.5384615384615384
13857,HyboNet,3,128,0.001,8,60,0.4330708661417323,1.0,0.34615384615384615
13858,HyboNet,3,128,0.001,8,61,0.41732283464566927,1.0,0.3076923076923077
13859,HyboNet,3,128,0.001,8,62,0.41732283464566927,1.0,0.3076923076923077
13860,HyboNet,3,128,0.001,8,63,0.4094488188976378,1.0,0.3076923076923077
13861,HyboNet,3,128,0.001,8,64,0.4094488188976378,1.0,0.3076923076923077
13862,HyboNet,3,128,0.001,8,65,0.4094488188976378,1.0,0.2692307692307692
13863,HyboNet,3,128,0.001,8,66,0.3779527559055118,1.0,0.2692307692307692
13864,HyboNet,3,128,0.001,8,67,0.3858267716535433,1.0,0.2692307692307692
13865,HyboNet,3,128,0.001,8,68,0.3700787401574803,1.0,0.2692307692307692
13866,HyboNet,3,128,0.001,8,69,0.3858267716535433,1.0,0.2692307692307692
13867,HyboNet,3,128,0.001,8,7,0.5590551181102362,0.7666666666666667,0.5384615384615384
13868,HyboNet,3,128,0.001,8,70,0.3779527559055118,1.0,0.2692307692307692
13869,HyboNet,3,128,0.001,8,71,0.3937007874015748,1.0,0.2692307692307692
13870,HyboNet,3,128,0.001,8,72,0.41732283464566927,1.0,0.2692307692307692
13871,HyboNet,3,128,0.001,8,73,0.41732283464566927,1.0,0.2692307692307692
13872,HyboNet,3,128,0.001,8,74,0.4015748031496063,1.0,0.2692307692307692
13873,HyboNet,3,128,0.001,8,75,0.36220472440944884,1.0,0.2692307692307692
13874,HyboNet,3,128,0.001,8,76,0.36220472440944884,1.0,0.2692307692307692
13875,HyboNet,3,128,0.001,8,77,0.4015748031496063,1.0,0.2692307692307692
13876,HyboNet,3,128,0.001,8,78,0.4251968503937008,1.0,0.34615384615384615
13877,HyboNet,3,128,0.001,8,79,0.4330708661417323,1.0,0.34615384615384615
13878,HyboNet,3,128,0.001,8,8,0.5511811023622047,0.7666666666666667,0.5384615384615384
13879,HyboNet,3,128,0.001,8,80,0.4330708661417323,1.0,0.34615384615384615
13880,HyboNet,3,128,0.001,8,81,0.4409448818897638,1.0,0.34615384615384615
13881,HyboNet,3,128,0.001,8,82,0.4330708661417323,1.0,0.34615384615384615
13882,HyboNet,3,128,0.001,8,83,0.4330708661417323,1.0,0.38461538461538464
13883,HyboNet,3,128,0.001,8,84,0.4251968503937008,1.0,0.38461538461538464
13884,HyboNet,3,128,0.001,8,85,0.4251968503937008,1.0,0.34615384615384615
13885,HyboNet,3,128,0.001,8,86,0.4409448818897638,1.0,0.34615384615384615
13886,HyboNet,3,128,0.001,8,87,0.4094488188976378,1.0,0.34615384615384615
13887,HyboNet,3,128,0.001,8,88,0.3937007874015748,1.0,0.23076923076923078
13888,HyboNet,3,128,0.001,8,89,0.3937007874015748,1.0,0.2692307692307692
13889,HyboNet,3,128,0.001,8,9,0.5433070866141733,0.7666666666666667,0.5769230769230769
13890,HyboNet,3,128,0.001,8,90,0.41732283464566927,1.0,0.34615384615384615
13891,HyboNet,3,128,0.001,8,91,0.4330708661417323,1.0,0.34615384615384615
13892,HyboNet,3,128,0.001,8,92,0.4015748031496063,1.0,0.34615384615384615
13893,HyboNet,3,128,0.001,8,93,0.4094488188976378,1.0,0.34615384615384615
13894,HyboNet,3,128,0.001,8,94,0.4094488188976378,1.0,0.34615384615384615
13895,HyboNet,3,128,0.001,8,95,0.4330708661417323,1.0,0.34615384615384615
13896,HyboNet,3,128,0.001,8,96,0.4251968503937008,1.0,0.34615384615384615
13897,HyboNet,3,128,0.001,8,97,0.4330708661417323,1.0,0.3076923076923077
13898,HyboNet,3,128,0.001,8,98,0.4330708661417323,1.0,0.34615384615384615
13899,HyboNet,3,128,0.001,8,99,0.4330708661417323,1.0,0.34615384615384615
13900,HyboNet,3,128,0.001,9,1,0.5354330708661418,0.6,0.5769230769230769
13901,HyboNet,3,128,0.001,9,10,0.5433070866141733,0.7333333333333333,0.5769230769230769
13902,HyboNet,3,128,0.001,9,100,0.41732283464566927,1.0,0.3076923076923077
13903,HyboNet,3,128,0.001,9,11,0.5590551181102362,0.7666666666666667,0.5769230769230769
13904,HyboNet,3,128,0.001,9,12,0.5748031496062992,0.7666666666666667,0.5769230769230769
13905,HyboNet,3,128,0.001,9,13,0.5826771653543307,0.7666666666666667,0.5769230769230769
13906,HyboNet,3,128,0.001,9,14,0.5669291338582677,0.8,0.5769230769230769
13907,HyboNet,3,128,0.001,9,15,0.5905511811023622,0.8,0.5384615384615384
13908,HyboNet,3,128,0.001,9,16,0.5826771653543307,0.8333333333333334,0.5
13909,HyboNet,3,128,0.001,9,17,0.5275590551181102,0.8333333333333334,0.5769230769230769
13910,HyboNet,3,128,0.001,9,18,0.49606299212598426,0.8333333333333334,0.5384615384615384
13911,HyboNet,3,128,0.001,9,19,0.49606299212598426,0.8666666666666667,0.5384615384615384
13912,HyboNet,3,128,0.001,9,2,0.5354330708661418,0.6,0.5769230769230769
13913,HyboNet,3,128,0.001,9,20,0.5118110236220472,0.8333333333333334,0.5384615384615384
13914,HyboNet,3,128,0.001,9,21,0.5118110236220472,0.8666666666666667,0.5
13915,HyboNet,3,128,0.001,9,22,0.5196850393700787,0.8666666666666667,0.5384615384615384
13916,HyboNet,3,128,0.001,9,23,0.5118110236220472,0.9,0.46153846153846156
13917,HyboNet,3,128,0.001,9,24,0.5039370078740157,0.9,0.46153846153846156
13918,HyboNet,3,128,0.001,9,25,0.5039370078740157,0.9,0.5384615384615384
13919,HyboNet,3,128,0.001,9,26,0.5196850393700787,0.8666666666666667,0.5384615384615384
13920,HyboNet,3,128,0.001,9,27,0.5196850393700787,0.9,0.5384615384615384
13921,HyboNet,3,128,0.001,9,28,0.5118110236220472,0.9333333333333333,0.5384615384615384
13922,HyboNet,3,128,0.001,9,29,0.48031496062992124,0.9666666666666667,0.5
13923,HyboNet,3,128,0.001,9,3,0.5354330708661418,0.6,0.5769230769230769
13924,HyboNet,3,128,0.001,9,30,0.47244094488188976,0.9666666666666667,0.46153846153846156
13925,HyboNet,3,128,0.001,9,31,0.4645669291338583,0.9666666666666667,0.46153846153846156
13926,HyboNet,3,128,0.001,9,32,0.4409448818897638,0.9666666666666667,0.4230769230769231
13927,HyboNet,3,128,0.001,9,33,0.44881889763779526,0.9666666666666667,0.46153846153846156
13928,HyboNet,3,128,0.001,9,34,0.47244094488188976,0.9666666666666667,0.5
13929,HyboNet,3,128,0.001,9,35,0.48031496062992124,0.9666666666666667,0.5
13930,HyboNet,3,128,0.001,9,36,0.47244094488188976,1.0,0.4230769230769231
13931,HyboNet,3,128,0.001,9,37,0.48031496062992124,0.9333333333333333,0.5
13932,HyboNet,3,128,0.001,9,38,0.49606299212598426,0.9333333333333333,0.5
13933,HyboNet,3,128,0.001,9,39,0.4881889763779528,0.9333333333333333,0.46153846153846156
13934,HyboNet,3,128,0.001,9,4,0.5354330708661418,0.6,0.5769230769230769
13935,HyboNet,3,128,0.001,9,40,0.48031496062992124,0.9666666666666667,0.4230769230769231
13936,HyboNet,3,128,0.001,9,41,0.49606299212598426,0.9666666666666667,0.46153846153846156
13937,HyboNet,3,128,0.001,9,42,0.47244094488188976,1.0,0.5
13938,HyboNet,3,128,0.001,9,43,0.4645669291338583,1.0,0.5
13939,HyboNet,3,128,0.001,9,44,0.48031496062992124,1.0,0.5
13940,HyboNet,3,128,0.001,9,45,0.4881889763779528,1.0,0.46153846153846156
13941,HyboNet,3,128,0.001,9,46,0.4566929133858268,1.0,0.4230769230769231
13942,HyboNet,3,128,0.001,9,47,0.47244094488188976,1.0,0.4230769230769231
13943,HyboNet,3,128,0.001,9,48,0.47244094488188976,1.0,0.4230769230769231
13944,HyboNet,3,128,0.001,9,49,0.4645669291338583,1.0,0.34615384615384615
13945,HyboNet,3,128,0.001,9,5,0.5354330708661418,0.6,0.5769230769230769
13946,HyboNet,3,128,0.001,9,50,0.44881889763779526,1.0,0.34615384615384615
13947,HyboNet,3,128,0.001,9,51,0.44881889763779526,1.0,0.3076923076923077
13948,HyboNet,3,128,0.001,9,52,0.4566929133858268,1.0,0.34615384615384615
13949,HyboNet,3,128,0.001,9,53,0.4566929133858268,1.0,0.34615384615384615
13950,HyboNet,3,128,0.001,9,54,0.4566929133858268,1.0,0.34615384615384615
13951,HyboNet,3,128,0.001,9,55,0.4566929133858268,1.0,0.3076923076923077
13952,HyboNet,3,128,0.001,9,56,0.4645669291338583,1.0,0.3076923076923077
13953,HyboNet,3,128,0.001,9,57,0.4645669291338583,1.0,0.34615384615384615
13954,HyboNet,3,128,0.001,9,58,0.4645669291338583,1.0,0.3076923076923077
13955,HyboNet,3,128,0.001,9,59,0.4645669291338583,1.0,0.34615384615384615
13956,HyboNet,3,128,0.001,9,6,0.5354330708661418,0.6333333333333333,0.5769230769230769
13957,HyboNet,3,128,0.001,9,60,0.4645669291338583,1.0,0.34615384615384615
13958,HyboNet,3,128,0.001,9,61,0.4645669291338583,1.0,0.34615384615384615
13959,HyboNet,3,128,0.001,9,62,0.44881889763779526,1.0,0.38461538461538464
13960,HyboNet,3,128,0.001,9,63,0.4015748031496063,1.0,0.34615384615384615
13961,HyboNet,3,128,0.001,9,64,0.4330708661417323,1.0,0.38461538461538464
13962,HyboNet,3,128,0.001,9,65,0.4330708661417323,1.0,0.38461538461538464
13963,HyboNet,3,128,0.001,9,66,0.44881889763779526,1.0,0.3076923076923077
13964,HyboNet,3,128,0.001,9,67,0.44881889763779526,1.0,0.3076923076923077
13965,HyboNet,3,128,0.001,9,68,0.44881889763779526,1.0,0.2692307692307692
13966,HyboNet,3,128,0.001,9,69,0.44881889763779526,1.0,0.34615384615384615
13967,HyboNet,3,128,0.001,9,7,0.5354330708661418,0.6666666666666666,0.5769230769230769
13968,HyboNet,3,128,0.001,9,70,0.44881889763779526,1.0,0.34615384615384615
13969,HyboNet,3,128,0.001,9,71,0.44881889763779526,1.0,0.34615384615384615
13970,HyboNet,3,128,0.001,9,72,0.4251968503937008,1.0,0.38461538461538464
13971,HyboNet,3,128,0.001,9,73,0.4094488188976378,1.0,0.34615384615384615
13972,HyboNet,3,128,0.001,9,74,0.4094488188976378,1.0,0.34615384615384615
13973,HyboNet,3,128,0.001,9,75,0.41732283464566927,1.0,0.34615384615384615
13974,HyboNet,3,128,0.001,9,76,0.41732283464566927,1.0,0.38461538461538464
13975,HyboNet,3,128,0.001,9,77,0.4251968503937008,1.0,0.38461538461538464
13976,HyboNet,3,128,0.001,9,78,0.41732283464566927,1.0,0.3076923076923077
13977,HyboNet,3,128,0.001,9,79,0.41732283464566927,1.0,0.3076923076923077
13978,HyboNet,3,128,0.001,9,8,0.5275590551181102,0.7,0.5769230769230769
13979,HyboNet,3,128,0.001,9,80,0.4251968503937008,1.0,0.3076923076923077
13980,HyboNet,3,128,0.001,9,81,0.4094488188976378,1.0,0.3076923076923077
13981,HyboNet,3,128,0.001,9,82,0.3779527559055118,1.0,0.3076923076923077
13982,HyboNet,3,128,0.001,9,83,0.4015748031496063,1.0,0.3076923076923077
13983,HyboNet,3,128,0.001,9,84,0.41732283464566927,1.0,0.2692307692307692
13984,HyboNet,3,128,0.001,9,85,0.41732283464566927,1.0,0.2692307692307692
13985,HyboNet,3,128,0.001,9,86,0.4094488188976378,1.0,0.3076923076923077
13986,HyboNet,3,128,0.001,9,87,0.3858267716535433,1.0,0.3076923076923077
13987,HyboNet,3,128,0.001,9,88,0.3779527559055118,1.0,0.3076923076923077
13988,HyboNet,3,128,0.001,9,89,0.4094488188976378,1.0,0.3076923076923077
13989,HyboNet,3,128,0.001,9,9,0.5354330708661418,0.7333333333333333,0.5769230769230769
13990,HyboNet,3,128,0.001,9,90,0.3937007874015748,1.0,0.34615384615384615
13991,HyboNet,3,128,0.001,9,91,0.4251968503937008,1.0,0.38461538461538464
13992,HyboNet,3,128,0.001,9,92,0.41732283464566927,1.0,0.38461538461538464
13993,HyboNet,3,128,0.001,9,93,0.4251968503937008,1.0,0.34615384615384615
13994,HyboNet,3,128,0.001,9,94,0.4330708661417323,1.0,0.34615384615384615
13995,HyboNet,3,128,0.001,9,95,0.41732283464566927,1.0,0.3076923076923077
13996,HyboNet,3,128,0.001,9,96,0.4094488188976378,1.0,0.3076923076923077
13997,HyboNet,3,128,0.001,9,97,0.3858267716535433,1.0,0.3076923076923077
13998,HyboNet,3,128,0.001,9,98,0.4015748031496063,1.0,0.3076923076923077
13999,HyboNet,3,128,0.001,9,99,0.41732283464566927,1.0,0.3076923076923077
14000,HyboNet,3,128,0.005,1,1,0.5354330708661418,0.6,0.5769230769230769
14001,HyboNet,3,128,0.005,1,10,0.5354330708661418,0.6,0.5769230769230769
14002,HyboNet,3,128,0.005,1,100,0.4251968503937008,1.0,0.3076923076923077
14003,HyboNet,3,128,0.005,1,11,0.5354330708661418,0.6,0.5769230769230769
14004,HyboNet,3,128,0.005,1,12,0.5354330708661418,0.6,0.5769230769230769
14005,HyboNet,3,128,0.005,1,13,0.5354330708661418,0.6,0.5769230769230769
14006,HyboNet,3,128,0.005,1,14,0.5354330708661418,0.6,0.5769230769230769
14007,HyboNet,3,128,0.005,1,15,0.5354330708661418,0.6,0.5769230769230769
14008,HyboNet,3,128,0.005,1,16,0.5354330708661418,0.6333333333333333,0.5769230769230769
14009,HyboNet,3,128,0.005,1,17,0.5433070866141733,0.6666666666666666,0.5769230769230769
14010,HyboNet,3,128,0.005,1,18,0.5354330708661418,0.7333333333333333,0.5769230769230769
14011,HyboNet,3,128,0.005,1,19,0.5354330708661418,0.7666666666666667,0.5384615384615384
14012,HyboNet,3,128,0.005,1,2,0.5354330708661418,0.6,0.5769230769230769
14013,HyboNet,3,128,0.005,1,20,0.5669291338582677,0.8,0.5769230769230769
14014,HyboNet,3,128,0.005,1,21,0.5669291338582677,0.8,0.6153846153846154
14015,HyboNet,3,128,0.005,1,22,0.5590551181102362,0.7666666666666667,0.6153846153846154
14016,HyboNet,3,128,0.005,1,23,0.5669291338582677,0.8333333333333334,0.6153846153846154
14017,HyboNet,3,128,0.005,1,24,0.5433070866141733,0.8333333333333334,0.5769230769230769
14018,HyboNet,3,128,0.005,1,25,0.5196850393700787,0.8666666666666667,0.5769230769230769
14019,HyboNet,3,128,0.005,1,26,0.48031496062992124,0.8666666666666667,0.5384615384615384
14020,HyboNet,3,128,0.005,1,27,0.3543307086614173,0.9,0.46153846153846156
14021,HyboNet,3,128,0.005,1,28,0.3937007874015748,0.9333333333333333,0.46153846153846156
14022,HyboNet,3,128,0.005,1,29,0.44881889763779526,0.9333333333333333,0.46153846153846156
14023,HyboNet,3,128,0.005,1,3,0.5354330708661418,0.6333333333333333,0.5769230769230769
14024,HyboNet,3,128,0.005,1,30,0.47244094488188976,0.9,0.5
14025,HyboNet,3,128,0.005,1,31,0.5039370078740157,0.9333333333333333,0.5
14026,HyboNet,3,128,0.005,1,32,0.5275590551181102,0.9,0.5
14027,HyboNet,3,128,0.005,1,33,0.5275590551181102,0.9,0.5769230769230769
14028,HyboNet,3,128,0.005,1,34,0.5196850393700787,0.9,0.5769230769230769
14029,HyboNet,3,128,0.005,1,35,0.49606299212598426,0.9,0.5
14030,HyboNet,3,128,0.005,1,36,0.47244094488188976,0.9333333333333333,0.5
14031,HyboNet,3,128,0.005,1,37,0.4409448818897638,0.9666666666666667,0.5
14032,HyboNet,3,128,0.005,1,38,0.4409448818897638,0.9666666666666667,0.46153846153846156
14033,HyboNet,3,128,0.005,1,39,0.44881889763779526,0.9666666666666667,0.46153846153846156
14034,HyboNet,3,128,0.005,1,4,0.5354330708661418,0.6,0.5769230769230769
14035,HyboNet,3,128,0.005,1,40,0.4645669291338583,0.9666666666666667,0.46153846153846156
14036,HyboNet,3,128,0.005,1,41,0.4881889763779528,0.9666666666666667,0.46153846153846156
14037,HyboNet,3,128,0.005,1,42,0.4566929133858268,0.9666666666666667,0.46153846153846156
14038,HyboNet,3,128,0.005,1,43,0.4409448818897638,0.9666666666666667,0.46153846153846156
14039,HyboNet,3,128,0.005,1,44,0.4645669291338583,0.9666666666666667,0.46153846153846156
14040,HyboNet,3,128,0.005,1,45,0.47244094488188976,0.9666666666666667,0.46153846153846156
14041,HyboNet,3,128,0.005,1,46,0.47244094488188976,1.0,0.46153846153846156
14042,HyboNet,3,128,0.005,1,47,0.47244094488188976,1.0,0.46153846153846156
14043,HyboNet,3,128,0.005,1,48,0.48031496062992124,1.0,0.4230769230769231
14044,HyboNet,3,128,0.005,1,49,0.48031496062992124,1.0,0.4230769230769231
14045,HyboNet,3,128,0.005,1,5,0.5354330708661418,0.6,0.5769230769230769
14046,HyboNet,3,128,0.005,1,50,0.4881889763779528,1.0,0.4230769230769231
14047,HyboNet,3,128,0.005,1,51,0.5039370078740157,1.0,0.4230769230769231
14048,HyboNet,3,128,0.005,1,52,0.47244094488188976,1.0,0.38461538461538464
14049,HyboNet,3,128,0.005,1,53,0.4645669291338583,1.0,0.38461538461538464
14050,HyboNet,3,128,0.005,1,54,0.4566929133858268,1.0,0.4230769230769231
14051,HyboNet,3,128,0.005,1,55,0.47244094488188976,1.0,0.46153846153846156
14052,HyboNet,3,128,0.005,1,56,0.4566929133858268,1.0,0.5
14053,HyboNet,3,128,0.005,1,57,0.44881889763779526,1.0,0.4230769230769231
14054,HyboNet,3,128,0.005,1,58,0.3937007874015748,1.0,0.38461538461538464
14055,HyboNet,3,128,0.005,1,59,0.41732283464566927,1.0,0.38461538461538464
14056,HyboNet,3,128,0.005,1,6,0.5354330708661418,0.6,0.5769230769230769
14057,HyboNet,3,128,0.005,1,60,0.4566929133858268,1.0,0.4230769230769231
14058,HyboNet,3,128,0.005,1,61,0.4566929133858268,1.0,0.4230769230769231
14059,HyboNet,3,128,0.005,1,62,0.4330708661417323,1.0,0.38461538461538464
14060,HyboNet,3,128,0.005,1,63,0.3700787401574803,1.0,0.34615384615384615
14061,HyboNet,3,128,0.005,1,64,0.3858267716535433,1.0,0.34615384615384615
14062,HyboNet,3,128,0.005,1,65,0.4015748031496063,1.0,0.34615384615384615
14063,HyboNet,3,128,0.005,1,66,0.41732283464566927,1.0,0.34615384615384615
14064,HyboNet,3,128,0.005,1,67,0.4251968503937008,1.0,0.3076923076923077
14065,HyboNet,3,128,0.005,1,68,0.4015748031496063,1.0,0.3076923076923077
14066,HyboNet,3,128,0.005,1,69,0.3858267716535433,1.0,0.3076923076923077
14067,HyboNet,3,128,0.005,1,7,0.5354330708661418,0.6,0.5769230769230769
14068,HyboNet,3,128,0.005,1,70,0.36220472440944884,1.0,0.34615384615384615
14069,HyboNet,3,128,0.005,1,71,0.3779527559055118,1.0,0.34615384615384615
14070,HyboNet,3,128,0.005,1,72,0.4015748031496063,1.0,0.34615384615384615
14071,HyboNet,3,128,0.005,1,73,0.4251968503937008,1.0,0.38461538461538464
14072,HyboNet,3,128,0.005,1,74,0.4409448818897638,1.0,0.38461538461538464
14073,HyboNet,3,128,0.005,1,75,0.41732283464566927,1.0,0.38461538461538464
14074,HyboNet,3,128,0.005,1,76,0.4409448818897638,1.0,0.38461538461538464
14075,HyboNet,3,128,0.005,1,77,0.4251968503937008,1.0,0.34615384615384615
14076,HyboNet,3,128,0.005,1,78,0.3937007874015748,1.0,0.34615384615384615
14077,HyboNet,3,128,0.005,1,79,0.36220472440944884,1.0,0.38461538461538464
14078,HyboNet,3,128,0.005,1,8,0.5354330708661418,0.6,0.5769230769230769
14079,HyboNet,3,128,0.005,1,80,0.33858267716535434,1.0,0.34615384615384615
14080,HyboNet,3,128,0.005,1,81,0.3543307086614173,1.0,0.38461538461538464
14081,HyboNet,3,128,0.005,1,82,0.36220472440944884,1.0,0.34615384615384615
14082,HyboNet,3,128,0.005,1,83,0.4251968503937008,1.0,0.34615384615384615
14083,HyboNet,3,128,0.005,1,84,0.4330708661417323,1.0,0.34615384615384615
14084,HyboNet,3,128,0.005,1,85,0.4094488188976378,1.0,0.34615384615384615
14085,HyboNet,3,128,0.005,1,86,0.3858267716535433,1.0,0.3076923076923077
14086,HyboNet,3,128,0.005,1,87,0.41732283464566927,1.0,0.38461538461538464
14087,HyboNet,3,128,0.005,1,88,0.41732283464566927,1.0,0.38461538461538464
14088,HyboNet,3,128,0.005,1,89,0.4251968503937008,1.0,0.38461538461538464
14089,HyboNet,3,128,0.005,1,9,0.5354330708661418,0.6,0.5769230769230769
14090,HyboNet,3,128,0.005,1,90,0.4251968503937008,1.0,0.4230769230769231
14091,HyboNet,3,128,0.005,1,91,0.4330708661417323,1.0,0.4230769230769231
14092,HyboNet,3,128,0.005,1,92,0.4251968503937008,1.0,0.46153846153846156
14093,HyboNet,3,128,0.005,1,93,0.41732283464566927,1.0,0.4230769230769231
14094,HyboNet,3,128,0.005,1,94,0.4409448818897638,1.0,0.38461538461538464
14095,HyboNet,3,128,0.005,1,95,0.4409448818897638,1.0,0.34615384615384615
14096,HyboNet,3,128,0.005,1,96,0.4330708661417323,1.0,0.34615384615384615
14097,HyboNet,3,128,0.005,1,97,0.41732283464566927,1.0,0.34615384615384615
14098,HyboNet,3,128,0.005,1,98,0.3858267716535433,1.0,0.2692307692307692
14099,HyboNet,3,128,0.005,1,99,0.4015748031496063,1.0,0.3076923076923077
14100,HyboNet,3,128,0.005,10,1,0.5354330708661418,0.6,0.5769230769230769
14101,HyboNet,3,128,0.005,10,10,0.5354330708661418,0.6,0.5769230769230769
14102,HyboNet,3,128,0.005,10,100,0.3779527559055118,1.0,0.2692307692307692
14103,HyboNet,3,128,0.005,10,11,0.5354330708661418,0.6,0.5769230769230769
14104,HyboNet,3,128,0.005,10,12,0.5354330708661418,0.6,0.5769230769230769
14105,HyboNet,3,128,0.005,10,13,0.5354330708661418,0.6,0.5769230769230769
14106,HyboNet,3,128,0.005,10,14,0.5354330708661418,0.6,0.5769230769230769
14107,HyboNet,3,128,0.005,10,15,0.5354330708661418,0.6,0.5769230769230769
14108,HyboNet,3,128,0.005,10,16,0.5354330708661418,0.6,0.5769230769230769
14109,HyboNet,3,128,0.005,10,17,0.5354330708661418,0.6,0.5769230769230769
14110,HyboNet,3,128,0.005,10,18,0.5354330708661418,0.6,0.5769230769230769
14111,HyboNet,3,128,0.005,10,19,0.5354330708661418,0.6,0.5769230769230769
14112,HyboNet,3,128,0.005,10,2,0.5354330708661418,0.6,0.5769230769230769
14113,HyboNet,3,128,0.005,10,20,0.5354330708661418,0.6,0.5769230769230769
14114,HyboNet,3,128,0.005,10,21,0.5354330708661418,0.6,0.5769230769230769
14115,HyboNet,3,128,0.005,10,22,0.5354330708661418,0.6,0.5769230769230769
14116,HyboNet,3,128,0.005,10,23,0.5354330708661418,0.6,0.5769230769230769
14117,HyboNet,3,128,0.005,10,24,0.5354330708661418,0.6,0.5769230769230769
14118,HyboNet,3,128,0.005,10,25,0.5354330708661418,0.6,0.5769230769230769
14119,HyboNet,3,128,0.005,10,26,0.5354330708661418,0.6,0.5769230769230769
14120,HyboNet,3,128,0.005,10,27,0.5354330708661418,0.6,0.5769230769230769
14121,HyboNet,3,128,0.005,10,28,0.5354330708661418,0.6,0.5769230769230769
14122,HyboNet,3,128,0.005,10,29,0.5354330708661418,0.6,0.5769230769230769
14123,HyboNet,3,128,0.005,10,3,0.5354330708661418,0.6,0.5769230769230769
14124,HyboNet,3,128,0.005,10,30,0.5354330708661418,0.6,0.5769230769230769
14125,HyboNet,3,128,0.005,10,31,0.5354330708661418,0.6,0.5769230769230769
14126,HyboNet,3,128,0.005,10,32,0.5354330708661418,0.6,0.5769230769230769
14127,HyboNet,3,128,0.005,10,33,0.5354330708661418,0.6,0.5769230769230769
14128,HyboNet,3,128,0.005,10,34,0.5354330708661418,0.6,0.5769230769230769
14129,HyboNet,3,128,0.005,10,35,0.5354330708661418,0.6,0.5769230769230769
14130,HyboNet,3,128,0.005,10,36,0.5354330708661418,0.6,0.5769230769230769
14131,HyboNet,3,128,0.005,10,37,0.5354330708661418,0.6333333333333333,0.5769230769230769
14132,HyboNet,3,128,0.005,10,38,0.5354330708661418,0.6333333333333333,0.5769230769230769
14133,HyboNet,3,128,0.005,10,39,0.5433070866141733,0.6666666666666666,0.5769230769230769
14134,HyboNet,3,128,0.005,10,4,0.5354330708661418,0.6,0.5769230769230769
14135,HyboNet,3,128,0.005,10,40,0.5433070866141733,0.6666666666666666,0.5769230769230769
14136,HyboNet,3,128,0.005,10,41,0.5354330708661418,0.6666666666666666,0.5769230769230769
14137,HyboNet,3,128,0.005,10,42,0.5275590551181102,0.7,0.5769230769230769
14138,HyboNet,3,128,0.005,10,43,0.5275590551181102,0.7333333333333333,0.5384615384615384
14139,HyboNet,3,128,0.005,10,44,0.5354330708661418,0.7333333333333333,0.5384615384615384
14140,HyboNet,3,128,0.005,10,45,0.5354330708661418,0.7666666666666667,0.5384615384615384
14141,HyboNet,3,128,0.005,10,46,0.5354330708661418,0.7666666666666667,0.5384615384615384
14142,HyboNet,3,128,0.005,10,47,0.5433070866141733,0.8,0.5769230769230769
14143,HyboNet,3,128,0.005,10,48,0.5511811023622047,0.8333333333333334,0.5384615384615384
14144,HyboNet,3,128,0.005,10,49,0.5354330708661418,0.8333333333333334,0.5769230769230769
14145,HyboNet,3,128,0.005,10,5,0.5354330708661418,0.6,0.5769230769230769
14146,HyboNet,3,128,0.005,10,50,0.47244094488188976,0.8666666666666667,0.46153846153846156
14147,HyboNet,3,128,0.005,10,51,0.4566929133858268,0.9,0.46153846153846156
14148,HyboNet,3,128,0.005,10,52,0.4645669291338583,0.9,0.5
14149,HyboNet,3,128,0.005,10,53,0.4645669291338583,0.8666666666666667,0.5
14150,HyboNet,3,128,0.005,10,54,0.4566929133858268,0.8666666666666667,0.5
14151,HyboNet,3,128,0.005,10,55,0.4251968503937008,0.8666666666666667,0.4230769230769231
14152,HyboNet,3,128,0.005,10,56,0.4094488188976378,0.9,0.38461538461538464
14153,HyboNet,3,128,0.005,10,57,0.4015748031496063,0.9333333333333333,0.38461538461538464
14154,HyboNet,3,128,0.005,10,58,0.4015748031496063,0.9333333333333333,0.46153846153846156
14155,HyboNet,3,128,0.005,10,59,0.3858267716535433,0.9333333333333333,0.34615384615384615
14156,HyboNet,3,128,0.005,10,6,0.5354330708661418,0.6,0.5769230769230769
14157,HyboNet,3,128,0.005,10,60,0.3858267716535433,0.9333333333333333,0.34615384615384615
14158,HyboNet,3,128,0.005,10,61,0.3858267716535433,0.9333333333333333,0.3076923076923077
14159,HyboNet,3,128,0.005,10,62,0.4015748031496063,0.9333333333333333,0.34615384615384615
14160,HyboNet,3,128,0.005,10,63,0.4330708661417323,1.0,0.46153846153846156
14161,HyboNet,3,128,0.005,10,64,0.4330708661417323,0.9666666666666667,0.5
14162,HyboNet,3,128,0.005,10,65,0.44881889763779526,0.9333333333333333,0.46153846153846156
14163,HyboNet,3,128,0.005,10,66,0.4094488188976378,0.9333333333333333,0.3076923076923077
14164,HyboNet,3,128,0.005,10,67,0.3937007874015748,0.9333333333333333,0.2692307692307692
14165,HyboNet,3,128,0.005,10,68,0.4094488188976378,0.9333333333333333,0.2692307692307692
14166,HyboNet,3,128,0.005,10,69,0.4251968503937008,0.9666666666666667,0.2692307692307692
14167,HyboNet,3,128,0.005,10,7,0.5354330708661418,0.6,0.5769230769230769
14168,HyboNet,3,128,0.005,10,70,0.3937007874015748,1.0,0.23076923076923078
14169,HyboNet,3,128,0.005,10,71,0.4015748031496063,1.0,0.23076923076923078
14170,HyboNet,3,128,0.005,10,72,0.3858267716535433,1.0,0.2692307692307692
14171,HyboNet,3,128,0.005,10,73,0.3543307086614173,1.0,0.19230769230769232
14172,HyboNet,3,128,0.005,10,74,0.3700787401574803,1.0,0.23076923076923078
14173,HyboNet,3,128,0.005,10,75,0.41732283464566927,1.0,0.2692307692307692
14174,HyboNet,3,128,0.005,10,76,0.4094488188976378,1.0,0.2692307692307692
14175,HyboNet,3,128,0.005,10,77,0.3700787401574803,1.0,0.23076923076923078
14176,HyboNet,3,128,0.005,10,78,0.3228346456692913,1.0,0.23076923076923078
14177,HyboNet,3,128,0.005,10,79,0.3464566929133858,1.0,0.23076923076923078
14178,HyboNet,3,128,0.005,10,8,0.5354330708661418,0.6,0.5769230769230769
14179,HyboNet,3,128,0.005,10,80,0.36220472440944884,1.0,0.23076923076923078
14180,HyboNet,3,128,0.005,10,81,0.3779527559055118,1.0,0.23076923076923078
14181,HyboNet,3,128,0.005,10,82,0.3937007874015748,1.0,0.23076923076923078
14182,HyboNet,3,128,0.005,10,83,0.3779527559055118,1.0,0.23076923076923078
14183,HyboNet,3,128,0.005,10,84,0.33070866141732286,1.0,0.19230769230769232
14184,HyboNet,3,128,0.005,10,85,0.33070866141732286,1.0,0.19230769230769232
14185,HyboNet,3,128,0.005,10,86,0.4015748031496063,1.0,0.23076923076923078
14186,HyboNet,3,128,0.005,10,87,0.41732283464566927,1.0,0.3076923076923077
14187,HyboNet,3,128,0.005,10,88,0.41732283464566927,1.0,0.38461538461538464
14188,HyboNet,3,128,0.005,10,89,0.41732283464566927,1.0,0.34615384615384615
14189,HyboNet,3,128,0.005,10,9,0.5354330708661418,0.6,0.5769230769230769
14190,HyboNet,3,128,0.005,10,90,0.3858267716535433,1.0,0.34615384615384615
14191,HyboNet,3,128,0.005,10,91,0.3937007874015748,1.0,0.34615384615384615
14192,HyboNet,3,128,0.005,10,92,0.4015748031496063,1.0,0.3076923076923077
14193,HyboNet,3,128,0.005,10,93,0.4015748031496063,1.0,0.2692307692307692
14194,HyboNet,3,128,0.005,10,94,0.3858267716535433,1.0,0.2692307692307692
14195,HyboNet,3,128,0.005,10,95,0.4015748031496063,1.0,0.2692307692307692
14196,HyboNet,3,128,0.005,10,96,0.36220472440944884,1.0,0.23076923076923078
14197,HyboNet,3,128,0.005,10,97,0.3779527559055118,1.0,0.23076923076923078
14198,HyboNet,3,128,0.005,10,98,0.33858267716535434,1.0,0.19230769230769232
14199,HyboNet,3,128,0.005,10,99,0.36220472440944884,1.0,0.23076923076923078
14200,HyboNet,3,128,0.005,2,1,0.5354330708661418,0.6,0.5769230769230769
14201,HyboNet,3,128,0.005,2,10,0.5354330708661418,0.6,0.5769230769230769
14202,HyboNet,3,128,0.005,2,100,0.3779527559055118,1.0,0.2692307692307692
14203,HyboNet,3,128,0.005,2,11,0.5354330708661418,0.6,0.5769230769230769
14204,HyboNet,3,128,0.005,2,12,0.5354330708661418,0.6,0.5769230769230769
14205,HyboNet,3,128,0.005,2,13,0.5354330708661418,0.6,0.5769230769230769
14206,HyboNet,3,128,0.005,2,14,0.5354330708661418,0.6,0.5769230769230769
14207,HyboNet,3,128,0.005,2,15,0.5354330708661418,0.6,0.5769230769230769
14208,HyboNet,3,128,0.005,2,16,0.5354330708661418,0.6,0.5769230769230769
14209,HyboNet,3,128,0.005,2,17,0.5354330708661418,0.6,0.5769230769230769
14210,HyboNet,3,128,0.005,2,18,0.5354330708661418,0.6,0.5769230769230769
14211,HyboNet,3,128,0.005,2,19,0.5354330708661418,0.6,0.5769230769230769
14212,HyboNet,3,128,0.005,2,2,0.5354330708661418,0.6,0.5769230769230769
14213,HyboNet,3,128,0.005,2,20,0.5354330708661418,0.6,0.5769230769230769
14214,HyboNet,3,128,0.005,2,21,0.5354330708661418,0.6333333333333333,0.5769230769230769
14215,HyboNet,3,128,0.005,2,22,0.5354330708661418,0.6333333333333333,0.5769230769230769
14216,HyboNet,3,128,0.005,2,23,0.5354330708661418,0.6333333333333333,0.5769230769230769
14217,HyboNet,3,128,0.005,2,24,0.5354330708661418,0.6333333333333333,0.5769230769230769
14218,HyboNet,3,128,0.005,2,25,0.5354330708661418,0.6333333333333333,0.5769230769230769
14219,HyboNet,3,128,0.005,2,26,0.5354330708661418,0.6333333333333333,0.5769230769230769
14220,HyboNet,3,128,0.005,2,27,0.5433070866141733,0.6333333333333333,0.5769230769230769
14221,HyboNet,3,128,0.005,2,28,0.5433070866141733,0.6666666666666666,0.5769230769230769
14222,HyboNet,3,128,0.005,2,29,0.5196850393700787,0.7666666666666667,0.5769230769230769
14223,HyboNet,3,128,0.005,2,3,0.5354330708661418,0.6,0.5769230769230769
14224,HyboNet,3,128,0.005,2,30,0.5354330708661418,0.7666666666666667,0.5384615384615384
14225,HyboNet,3,128,0.005,2,31,0.5433070866141733,0.7666666666666667,0.5384615384615384
14226,HyboNet,3,128,0.005,2,32,0.5590551181102362,0.7666666666666667,0.5769230769230769
14227,HyboNet,3,128,0.005,2,33,0.5748031496062992,0.8,0.5
14228,HyboNet,3,128,0.005,2,34,0.5748031496062992,0.8,0.5
14229,HyboNet,3,128,0.005,2,35,0.5748031496062992,0.8,0.5
14230,HyboNet,3,128,0.005,2,36,0.5748031496062992,0.8,0.5
14231,HyboNet,3,128,0.005,2,37,0.5669291338582677,0.8,0.5
14232,HyboNet,3,128,0.005,2,38,0.5511811023622047,0.8333333333333334,0.5384615384615384
14233,HyboNet,3,128,0.005,2,39,0.5511811023622047,0.8333333333333334,0.5384615384615384
14234,HyboNet,3,128,0.005,2,4,0.5354330708661418,0.6,0.5769230769230769
14235,HyboNet,3,128,0.005,2,40,0.5196850393700787,0.8333333333333334,0.5
14236,HyboNet,3,128,0.005,2,41,0.4881889763779528,0.9333333333333333,0.5384615384615384
14237,HyboNet,3,128,0.005,2,42,0.47244094488188976,0.9,0.5
14238,HyboNet,3,128,0.005,2,43,0.48031496062992124,0.9,0.5
14239,HyboNet,3,128,0.005,2,44,0.47244094488188976,0.9,0.5
14240,HyboNet,3,128,0.005,2,45,0.48031496062992124,0.9,0.5
14241,HyboNet,3,128,0.005,2,46,0.47244094488188976,0.9,0.5
14242,HyboNet,3,128,0.005,2,47,0.47244094488188976,0.9,0.5
14243,HyboNet,3,128,0.005,2,48,0.48031496062992124,0.9333333333333333,0.5
14244,HyboNet,3,128,0.005,2,49,0.47244094488188976,0.9333333333333333,0.5
14245,HyboNet,3,128,0.005,2,5,0.5354330708661418,0.6,0.5769230769230769
14246,HyboNet,3,128,0.005,2,50,0.47244094488188976,0.9333333333333333,0.5
14247,HyboNet,3,128,0.005,2,51,0.4015748031496063,0.9333333333333333,0.34615384615384615
14248,HyboNet,3,128,0.005,2,52,0.3700787401574803,0.9333333333333333,0.3076923076923077
14249,HyboNet,3,128,0.005,2,53,0.4330708661417323,0.9666666666666667,0.46153846153846156
14250,HyboNet,3,128,0.005,2,54,0.4566929133858268,1.0,0.46153846153846156
14251,HyboNet,3,128,0.005,2,55,0.4645669291338583,0.9666666666666667,0.46153846153846156
14252,HyboNet,3,128,0.005,2,56,0.4645669291338583,0.9333333333333333,0.46153846153846156
14253,HyboNet,3,128,0.005,2,57,0.4566929133858268,0.9333333333333333,0.46153846153846156
14254,HyboNet,3,128,0.005,2,58,0.4409448818897638,0.9333333333333333,0.46153846153846156
14255,HyboNet,3,128,0.005,2,59,0.4409448818897638,0.9666666666666667,0.46153846153846156
14256,HyboNet,3,128,0.005,2,6,0.5354330708661418,0.6,0.5769230769230769
14257,HyboNet,3,128,0.005,2,60,0.4015748031496063,1.0,0.34615384615384615
14258,HyboNet,3,128,0.005,2,61,0.44881889763779526,1.0,0.46153846153846156
14259,HyboNet,3,128,0.005,2,62,0.4409448818897638,1.0,0.46153846153846156
14260,HyboNet,3,128,0.005,2,63,0.4566929133858268,0.9666666666666667,0.46153846153846156
14261,HyboNet,3,128,0.005,2,64,0.4645669291338583,0.9666666666666667,0.46153846153846156
14262,HyboNet,3,128,0.005,2,65,0.4645669291338583,0.9666666666666667,0.46153846153846156
14263,HyboNet,3,128,0.005,2,66,0.44881889763779526,0.9666666666666667,0.4230769230769231
14264,HyboNet,3,128,0.005,2,67,0.4409448818897638,1.0,0.38461538461538464
14265,HyboNet,3,128,0.005,2,68,0.4094488188976378,1.0,0.34615384615384615
14266,HyboNet,3,128,0.005,2,69,0.3700787401574803,1.0,0.34615384615384615
14267,HyboNet,3,128,0.005,2,7,0.5354330708661418,0.6,0.5769230769230769
14268,HyboNet,3,128,0.005,2,70,0.36220472440944884,1.0,0.19230769230769232
14269,HyboNet,3,128,0.005,2,71,0.4094488188976378,1.0,0.34615384615384615
14270,HyboNet,3,128,0.005,2,72,0.4409448818897638,1.0,0.34615384615384615
14271,HyboNet,3,128,0.005,2,73,0.4409448818897638,1.0,0.34615384615384615
14272,HyboNet,3,128,0.005,2,74,0.41732283464566927,1.0,0.34615384615384615
14273,HyboNet,3,128,0.005,2,75,0.3937007874015748,1.0,0.34615384615384615
14274,HyboNet,3,128,0.005,2,76,0.33858267716535434,1.0,0.19230769230769232
14275,HyboNet,3,128,0.005,2,77,0.33858267716535434,1.0,0.2692307692307692
14276,HyboNet,3,128,0.005,2,78,0.3779527559055118,1.0,0.34615384615384615
14277,HyboNet,3,128,0.005,2,79,0.3937007874015748,1.0,0.34615384615384615
14278,HyboNet,3,128,0.005,2,8,0.5354330708661418,0.6,0.5769230769230769
14279,HyboNet,3,128,0.005,2,80,0.3858267716535433,1.0,0.34615384615384615
14280,HyboNet,3,128,0.005,2,81,0.3700787401574803,1.0,0.19230769230769232
14281,HyboNet,3,128,0.005,2,82,0.33858267716535434,1.0,0.19230769230769232
14282,HyboNet,3,128,0.005,2,83,0.3700787401574803,1.0,0.34615384615384615
14283,HyboNet,3,128,0.005,2,84,0.4015748031496063,1.0,0.38461538461538464
14284,HyboNet,3,128,0.005,2,85,0.41732283464566927,1.0,0.38461538461538464
14285,HyboNet,3,128,0.005,2,86,0.4094488188976378,1.0,0.38461538461538464
14286,HyboNet,3,128,0.005,2,87,0.36220472440944884,1.0,0.34615384615384615
14287,HyboNet,3,128,0.005,2,88,0.33070866141732286,1.0,0.3076923076923077
14288,HyboNet,3,128,0.005,2,89,0.3228346456692913,1.0,0.23076923076923078
14289,HyboNet,3,128,0.005,2,9,0.5354330708661418,0.6,0.5769230769230769
14290,HyboNet,3,128,0.005,2,90,0.33858267716535434,1.0,0.23076923076923078
14291,HyboNet,3,128,0.005,2,91,0.3543307086614173,1.0,0.19230769230769232
14292,HyboNet,3,128,0.005,2,92,0.36220472440944884,1.0,0.23076923076923078
14293,HyboNet,3,128,0.005,2,93,0.3858267716535433,1.0,0.2692307692307692
14294,HyboNet,3,128,0.005,2,94,0.4015748031496063,1.0,0.2692307692307692
14295,HyboNet,3,128,0.005,2,95,0.3464566929133858,1.0,0.23076923076923078
14296,HyboNet,3,128,0.005,2,96,0.33858267716535434,1.0,0.19230769230769232
14297,HyboNet,3,128,0.005,2,97,0.3228346456692913,1.0,0.19230769230769232
14298,HyboNet,3,128,0.005,2,98,0.3228346456692913,1.0,0.19230769230769232
14299,HyboNet,3,128,0.005,2,99,0.3543307086614173,1.0,0.23076923076923078
14300,HyboNet,3,128,0.005,3,1,0.5354330708661418,0.6,0.5769230769230769
14301,HyboNet,3,128,0.005,3,10,0.5354330708661418,0.6,0.5769230769230769
14302,HyboNet,3,128,0.005,3,100,0.3700787401574803,1.0,0.34615384615384615
14303,HyboNet,3,128,0.005,3,11,0.5354330708661418,0.6,0.5769230769230769
14304,HyboNet,3,128,0.005,3,12,0.5354330708661418,0.6,0.5769230769230769
14305,HyboNet,3,128,0.005,3,13,0.5354330708661418,0.6,0.5769230769230769
14306,HyboNet,3,128,0.005,3,14,0.5354330708661418,0.6,0.5769230769230769
14307,HyboNet,3,128,0.005,3,15,0.5354330708661418,0.6,0.5769230769230769
14308,HyboNet,3,128,0.005,3,16,0.5354330708661418,0.6333333333333333,0.5769230769230769
14309,HyboNet,3,128,0.005,3,17,0.5354330708661418,0.6333333333333333,0.5769230769230769
14310,HyboNet,3,128,0.005,3,18,0.5433070866141733,0.7,0.5769230769230769
14311,HyboNet,3,128,0.005,3,19,0.5354330708661418,0.7666666666666667,0.5769230769230769
14312,HyboNet,3,128,0.005,3,2,0.5354330708661418,0.6,0.5769230769230769
14313,HyboNet,3,128,0.005,3,20,0.5433070866141733,0.7666666666666667,0.5769230769230769
14314,HyboNet,3,128,0.005,3,21,0.5433070866141733,0.7666666666666667,0.5769230769230769
14315,HyboNet,3,128,0.005,3,22,0.5354330708661418,0.7666666666666667,0.5769230769230769
14316,HyboNet,3,128,0.005,3,23,0.5354330708661418,0.7666666666666667,0.5769230769230769
14317,HyboNet,3,128,0.005,3,24,0.5433070866141733,0.7666666666666667,0.5769230769230769
14318,HyboNet,3,128,0.005,3,25,0.5433070866141733,0.7666666666666667,0.5384615384615384
14319,HyboNet,3,128,0.005,3,26,0.5354330708661418,0.7666666666666667,0.5384615384615384
14320,HyboNet,3,128,0.005,3,27,0.5433070866141733,0.8,0.5384615384615384
14321,HyboNet,3,128,0.005,3,28,0.5590551181102362,0.8,0.5384615384615384
14322,HyboNet,3,128,0.005,3,29,0.5511811023622047,0.8333333333333334,0.5384615384615384
14323,HyboNet,3,128,0.005,3,3,0.5354330708661418,0.6,0.5769230769230769
14324,HyboNet,3,128,0.005,3,30,0.5433070866141733,0.8333333333333334,0.5384615384615384
14325,HyboNet,3,128,0.005,3,31,0.5433070866141733,0.8333333333333334,0.5384615384615384
14326,HyboNet,3,128,0.005,3,32,0.5354330708661418,0.8,0.5384615384615384
14327,HyboNet,3,128,0.005,3,33,0.5433070866141733,0.8333333333333334,0.5384615384615384
14328,HyboNet,3,128,0.005,3,34,0.5433070866141733,0.8333333333333334,0.5384615384615384
14329,HyboNet,3,128,0.005,3,35,0.5433070866141733,0.8666666666666667,0.5384615384615384
14330,HyboNet,3,128,0.005,3,36,0.5433070866141733,0.9,0.5384615384615384
14331,HyboNet,3,128,0.005,3,37,0.5118110236220472,0.9333333333333333,0.5384615384615384
14332,HyboNet,3,128,0.005,3,38,0.5039370078740157,0.9333333333333333,0.5
14333,HyboNet,3,128,0.005,3,39,0.49606299212598426,0.9333333333333333,0.5
14334,HyboNet,3,128,0.005,3,4,0.5354330708661418,0.6,0.5769230769230769
14335,HyboNet,3,128,0.005,3,40,0.47244094488188976,0.9333333333333333,0.5
14336,HyboNet,3,128,0.005,3,41,0.4881889763779528,0.9333333333333333,0.5384615384615384
14337,HyboNet,3,128,0.005,3,42,0.5039370078740157,0.9333333333333333,0.5384615384615384
14338,HyboNet,3,128,0.005,3,43,0.5118110236220472,0.9333333333333333,0.5384615384615384
14339,HyboNet,3,128,0.005,3,44,0.5039370078740157,0.9333333333333333,0.5384615384615384
14340,HyboNet,3,128,0.005,3,45,0.4881889763779528,0.9333333333333333,0.5
14341,HyboNet,3,128,0.005,3,46,0.5039370078740157,0.9333333333333333,0.5
14342,HyboNet,3,128,0.005,3,47,0.5039370078740157,0.9333333333333333,0.5
14343,HyboNet,3,128,0.005,3,48,0.5118110236220472,0.9333333333333333,0.5
14344,HyboNet,3,128,0.005,3,49,0.49606299212598426,0.9333333333333333,0.5
14345,HyboNet,3,128,0.005,3,5,0.5354330708661418,0.6,0.5769230769230769
14346,HyboNet,3,128,0.005,3,50,0.4881889763779528,0.9333333333333333,0.4230769230769231
14347,HyboNet,3,128,0.005,3,51,0.48031496062992124,0.9333333333333333,0.4230769230769231
14348,HyboNet,3,128,0.005,3,52,0.48031496062992124,0.9333333333333333,0.5
14349,HyboNet,3,128,0.005,3,53,0.4645669291338583,0.9333333333333333,0.5
14350,HyboNet,3,128,0.005,3,54,0.4409448818897638,0.9666666666666667,0.38461538461538464
14351,HyboNet,3,128,0.005,3,55,0.4409448818897638,0.9666666666666667,0.38461538461538464
14352,HyboNet,3,128,0.005,3,56,0.4251968503937008,0.9666666666666667,0.34615384615384615
14353,HyboNet,3,128,0.005,3,57,0.4566929133858268,0.9666666666666667,0.4230769230769231
14354,HyboNet,3,128,0.005,3,58,0.4566929133858268,0.9333333333333333,0.4230769230769231
14355,HyboNet,3,128,0.005,3,59,0.44881889763779526,0.9333333333333333,0.34615384615384615
14356,HyboNet,3,128,0.005,3,6,0.5354330708661418,0.6333333333333333,0.5769230769230769
14357,HyboNet,3,128,0.005,3,60,0.44881889763779526,0.9666666666666667,0.34615384615384615
14358,HyboNet,3,128,0.005,3,61,0.4015748031496063,0.9666666666666667,0.34615384615384615
14359,HyboNet,3,128,0.005,3,62,0.3779527559055118,1.0,0.34615384615384615
14360,HyboNet,3,128,0.005,3,63,0.3779527559055118,1.0,0.34615384615384615
14361,HyboNet,3,128,0.005,3,64,0.4330708661417323,0.9666666666666667,0.34615384615384615
14362,HyboNet,3,128,0.005,3,65,0.4330708661417323,0.9666666666666667,0.34615384615384615
14363,HyboNet,3,128,0.005,3,66,0.44881889763779526,0.9666666666666667,0.38461538461538464
14364,HyboNet,3,128,0.005,3,67,0.44881889763779526,1.0,0.4230769230769231
14365,HyboNet,3,128,0.005,3,68,0.44881889763779526,1.0,0.4230769230769231
14366,HyboNet,3,128,0.005,3,69,0.4251968503937008,1.0,0.4230769230769231
14367,HyboNet,3,128,0.005,3,7,0.5354330708661418,0.6333333333333333,0.5769230769230769
14368,HyboNet,3,128,0.005,3,70,0.41732283464566927,1.0,0.38461538461538464
14369,HyboNet,3,128,0.005,3,71,0.41732283464566927,1.0,0.34615384615384615
14370,HyboNet,3,128,0.005,3,72,0.4094488188976378,1.0,0.34615384615384615
14371,HyboNet,3,128,0.005,3,73,0.4015748031496063,1.0,0.3076923076923077
14372,HyboNet,3,128,0.005,3,74,0.4015748031496063,1.0,0.3076923076923077
14373,HyboNet,3,128,0.005,3,75,0.4094488188976378,1.0,0.34615384615384615
14374,HyboNet,3,128,0.005,3,76,0.4094488188976378,1.0,0.34615384615384615
14375,HyboNet,3,128,0.005,3,77,0.4015748031496063,1.0,0.34615384615384615
14376,HyboNet,3,128,0.005,3,78,0.4094488188976378,1.0,0.3076923076923077
14377,HyboNet,3,128,0.005,3,79,0.3779527559055118,1.0,0.3076923076923077
14378,HyboNet,3,128,0.005,3,8,0.5354330708661418,0.6,0.5769230769230769
14379,HyboNet,3,128,0.005,3,80,0.3858267716535433,1.0,0.3076923076923077
14380,HyboNet,3,128,0.005,3,81,0.3858267716535433,1.0,0.3076923076923077
14381,HyboNet,3,128,0.005,3,82,0.4015748031496063,1.0,0.3076923076923077
14382,HyboNet,3,128,0.005,3,83,0.3937007874015748,1.0,0.3076923076923077
14383,HyboNet,3,128,0.005,3,84,0.4015748031496063,1.0,0.3076923076923077
14384,HyboNet,3,128,0.005,3,85,0.3937007874015748,1.0,0.3076923076923077
14385,HyboNet,3,128,0.005,3,86,0.3779527559055118,1.0,0.3076923076923077
14386,HyboNet,3,128,0.005,3,87,0.4015748031496063,1.0,0.3076923076923077
14387,HyboNet,3,128,0.005,3,88,0.4330708661417323,1.0,0.3076923076923077
14388,HyboNet,3,128,0.005,3,89,0.44881889763779526,1.0,0.3076923076923077
14389,HyboNet,3,128,0.005,3,9,0.5354330708661418,0.6,0.5769230769230769
14390,HyboNet,3,128,0.005,3,90,0.4015748031496063,1.0,0.34615384615384615
14391,HyboNet,3,128,0.005,3,91,0.36220472440944884,1.0,0.34615384615384615
14392,HyboNet,3,128,0.005,3,92,0.3779527559055118,1.0,0.34615384615384615
14393,HyboNet,3,128,0.005,3,93,0.3779527559055118,1.0,0.3076923076923077
14394,HyboNet,3,128,0.005,3,94,0.3779527559055118,1.0,0.3076923076923077
14395,HyboNet,3,128,0.005,3,95,0.3779527559055118,1.0,0.3076923076923077
14396,HyboNet,3,128,0.005,3,96,0.3858267716535433,1.0,0.3076923076923077
14397,HyboNet,3,128,0.005,3,97,0.3779527559055118,1.0,0.34615384615384615
14398,HyboNet,3,128,0.005,3,98,0.3700787401574803,1.0,0.34615384615384615
14399,HyboNet,3,128,0.005,3,99,0.36220472440944884,1.0,0.34615384615384615
14400,HyboNet,3,128,0.005,4,1,0.5354330708661418,0.6,0.5769230769230769
14401,HyboNet,3,128,0.005,4,10,0.5354330708661418,0.6,0.5769230769230769
14402,HyboNet,3,128,0.005,4,100,0.3858267716535433,1.0,0.2692307692307692
14403,HyboNet,3,128,0.005,4,11,0.5354330708661418,0.6,0.5769230769230769
14404,HyboNet,3,128,0.005,4,12,0.5354330708661418,0.6,0.5769230769230769
14405,HyboNet,3,128,0.005,4,13,0.5354330708661418,0.6,0.5769230769230769
14406,HyboNet,3,128,0.005,4,14,0.5354330708661418,0.6,0.5769230769230769
14407,HyboNet,3,128,0.005,4,15,0.5354330708661418,0.6,0.5769230769230769
14408,HyboNet,3,128,0.005,4,16,0.5354330708661418,0.6,0.5769230769230769
14409,HyboNet,3,128,0.005,4,17,0.5354330708661418,0.6,0.5769230769230769
14410,HyboNet,3,128,0.005,4,18,0.5354330708661418,0.6,0.5769230769230769
14411,HyboNet,3,128,0.005,4,19,0.5354330708661418,0.6,0.5769230769230769
14412,HyboNet,3,128,0.005,4,2,0.5354330708661418,0.6,0.5769230769230769
14413,HyboNet,3,128,0.005,4,20,0.5354330708661418,0.6,0.5769230769230769
14414,HyboNet,3,128,0.005,4,21,0.5354330708661418,0.6,0.5769230769230769
14415,HyboNet,3,128,0.005,4,22,0.5354330708661418,0.6,0.5769230769230769
14416,HyboNet,3,128,0.005,4,23,0.5354330708661418,0.6,0.5769230769230769
14417,HyboNet,3,128,0.005,4,24,0.5354330708661418,0.6,0.5769230769230769
14418,HyboNet,3,128,0.005,4,25,0.5354330708661418,0.6,0.5769230769230769
14419,HyboNet,3,128,0.005,4,26,0.5354330708661418,0.6333333333333333,0.5769230769230769
14420,HyboNet,3,128,0.005,4,27,0.5354330708661418,0.6333333333333333,0.5769230769230769
14421,HyboNet,3,128,0.005,4,28,0.5354330708661418,0.6333333333333333,0.5769230769230769
14422,HyboNet,3,128,0.005,4,29,0.5433070866141733,0.6333333333333333,0.5769230769230769
14423,HyboNet,3,128,0.005,4,3,0.5354330708661418,0.6,0.5769230769230769
14424,HyboNet,3,128,0.005,4,30,0.5433070866141733,0.6333333333333333,0.5769230769230769
14425,HyboNet,3,128,0.005,4,31,0.5433070866141733,0.6333333333333333,0.5769230769230769
14426,HyboNet,3,128,0.005,4,32,0.5433070866141733,0.6666666666666666,0.5769230769230769
14427,HyboNet,3,128,0.005,4,33,0.5196850393700787,0.7,0.5769230769230769
14428,HyboNet,3,128,0.005,4,34,0.5354330708661418,0.7666666666666667,0.5384615384615384
14429,HyboNet,3,128,0.005,4,35,0.5354330708661418,0.7666666666666667,0.5384615384615384
14430,HyboNet,3,128,0.005,4,36,0.5433070866141733,0.7666666666666667,0.5384615384615384
14431,HyboNet,3,128,0.005,4,37,0.5511811023622047,0.8,0.5384615384615384
14432,HyboNet,3,128,0.005,4,38,0.5590551181102362,0.8,0.5384615384615384
14433,HyboNet,3,128,0.005,4,39,0.5669291338582677,0.8,0.5384615384615384
14434,HyboNet,3,128,0.005,4,4,0.5354330708661418,0.6,0.5769230769230769
14435,HyboNet,3,128,0.005,4,40,0.5590551181102362,0.8,0.5384615384615384
14436,HyboNet,3,128,0.005,4,41,0.5669291338582677,0.8,0.5384615384615384
14437,HyboNet,3,128,0.005,4,42,0.5669291338582677,0.8,0.5384615384615384
14438,HyboNet,3,128,0.005,4,43,0.5590551181102362,0.8333333333333334,0.5384615384615384
14439,HyboNet,3,128,0.005,4,44,0.5354330708661418,0.8666666666666667,0.5384615384615384
14440,HyboNet,3,128,0.005,4,45,0.48031496062992124,0.9333333333333333,0.5
14441,HyboNet,3,128,0.005,4,46,0.44881889763779526,0.9333333333333333,0.5
14442,HyboNet,3,128,0.005,4,47,0.4094488188976378,0.9333333333333333,0.4230769230769231
14443,HyboNet,3,128,0.005,4,48,0.4015748031496063,0.9333333333333333,0.38461538461538464
14444,HyboNet,3,128,0.005,4,49,0.4251968503937008,0.9333333333333333,0.5
14445,HyboNet,3,128,0.005,4,5,0.5354330708661418,0.6,0.5769230769230769
14446,HyboNet,3,128,0.005,4,50,0.4566929133858268,0.9333333333333333,0.5
14447,HyboNet,3,128,0.005,4,51,0.4645669291338583,0.9333333333333333,0.5
14448,HyboNet,3,128,0.005,4,52,0.4566929133858268,0.9333333333333333,0.5
14449,HyboNet,3,128,0.005,4,53,0.41732283464566927,0.9333333333333333,0.4230769230769231
14450,HyboNet,3,128,0.005,4,54,0.4409448818897638,0.9333333333333333,0.34615384615384615
14451,HyboNet,3,128,0.005,4,55,0.41732283464566927,0.9666666666666667,0.4230769230769231
14452,HyboNet,3,128,0.005,4,56,0.3937007874015748,0.9666666666666667,0.3076923076923077
14453,HyboNet,3,128,0.005,4,57,0.4015748031496063,1.0,0.3076923076923077
14454,HyboNet,3,128,0.005,4,58,0.4330708661417323,0.9666666666666667,0.34615384615384615
14455,HyboNet,3,128,0.005,4,59,0.4251968503937008,0.9666666666666667,0.34615384615384615
14456,HyboNet,3,128,0.005,4,6,0.5354330708661418,0.6,0.5769230769230769
14457,HyboNet,3,128,0.005,4,60,0.4330708661417323,0.9666666666666667,0.34615384615384615
14458,HyboNet,3,128,0.005,4,61,0.41732283464566927,0.9666666666666667,0.34615384615384615
14459,HyboNet,3,128,0.005,4,62,0.3858267716535433,0.9666666666666667,0.23076923076923078
14460,HyboNet,3,128,0.005,4,63,0.36220472440944884,1.0,0.23076923076923078
14461,HyboNet,3,128,0.005,4,64,0.36220472440944884,1.0,0.2692307692307692
14462,HyboNet,3,128,0.005,4,65,0.4015748031496063,1.0,0.34615384615384615
14463,HyboNet,3,128,0.005,4,66,0.4015748031496063,1.0,0.38461538461538464
14464,HyboNet,3,128,0.005,4,67,0.4094488188976378,1.0,0.34615384615384615
14465,HyboNet,3,128,0.005,4,68,0.3937007874015748,1.0,0.34615384615384615
14466,HyboNet,3,128,0.005,4,69,0.3700787401574803,1.0,0.34615384615384615
14467,HyboNet,3,128,0.005,4,7,0.5354330708661418,0.6,0.5769230769230769
14468,HyboNet,3,128,0.005,4,70,0.3464566929133858,1.0,0.23076923076923078
14469,HyboNet,3,128,0.005,4,71,0.31496062992125984,1.0,0.19230769230769232
14470,HyboNet,3,128,0.005,4,72,0.4015748031496063,1.0,0.3076923076923077
14471,HyboNet,3,128,0.005,4,73,0.4015748031496063,1.0,0.34615384615384615
14472,HyboNet,3,128,0.005,4,74,0.3543307086614173,1.0,0.2692307692307692
14473,HyboNet,3,128,0.005,4,75,0.36220472440944884,1.0,0.2692307692307692
14474,HyboNet,3,128,0.005,4,76,0.33070866141732286,1.0,0.19230769230769232
14475,HyboNet,3,128,0.005,4,77,0.33858267716535434,1.0,0.23076923076923078
14476,HyboNet,3,128,0.005,4,78,0.33858267716535434,1.0,0.19230769230769232
14477,HyboNet,3,128,0.005,4,79,0.33858267716535434,1.0,0.19230769230769232
14478,HyboNet,3,128,0.005,4,8,0.5354330708661418,0.6,0.5769230769230769
14479,HyboNet,3,128,0.005,4,80,0.3700787401574803,1.0,0.23076923076923078
14480,HyboNet,3,128,0.005,4,81,0.3858267716535433,1.0,0.2692307692307692
14481,HyboNet,3,128,0.005,4,82,0.3858267716535433,1.0,0.2692307692307692
14482,HyboNet,3,128,0.005,4,83,0.3700787401574803,1.0,0.3076923076923077
14483,HyboNet,3,128,0.005,4,84,0.36220472440944884,1.0,0.3076923076923077
14484,HyboNet,3,128,0.005,4,85,0.3858267716535433,1.0,0.3076923076923077
14485,HyboNet,3,128,0.005,4,86,0.3937007874015748,1.0,0.3076923076923077
14486,HyboNet,3,128,0.005,4,87,0.3858267716535433,1.0,0.2692307692307692
14487,HyboNet,3,128,0.005,4,88,0.3858267716535433,1.0,0.2692307692307692
14488,HyboNet,3,128,0.005,4,89,0.33858267716535434,1.0,0.19230769230769232
14489,HyboNet,3,128,0.005,4,9,0.5354330708661418,0.6,0.5769230769230769
14490,HyboNet,3,128,0.005,4,90,0.28346456692913385,0.9666666666666667,0.23076923076923078
14491,HyboNet,3,128,0.005,4,91,0.3543307086614173,1.0,0.23076923076923078
14492,HyboNet,3,128,0.005,4,92,0.4015748031496063,1.0,0.34615384615384615
14493,HyboNet,3,128,0.005,4,93,0.4330708661417323,1.0,0.34615384615384615
14494,HyboNet,3,128,0.005,4,94,0.4251968503937008,1.0,0.34615384615384615
14495,HyboNet,3,128,0.005,4,95,0.41732283464566927,1.0,0.38461538461538464
14496,HyboNet,3,128,0.005,4,96,0.3858267716535433,1.0,0.34615384615384615
14497,HyboNet,3,128,0.005,4,97,0.3858267716535433,1.0,0.3076923076923077
14498,HyboNet,3,128,0.005,4,98,0.3937007874015748,1.0,0.2692307692307692
14499,HyboNet,3,128,0.005,4,99,0.4094488188976378,1.0,0.2692307692307692
14500,HyboNet,3,128,0.005,5,1,0.5354330708661418,0.6,0.5769230769230769
14501,HyboNet,3,128,0.005,5,10,0.5354330708661418,0.6,0.5769230769230769
14502,HyboNet,3,128,0.005,5,100,0.29133858267716534,1.0,0.3076923076923077
14503,HyboNet,3,128,0.005,5,11,0.5354330708661418,0.6,0.5769230769230769
14504,HyboNet,3,128,0.005,5,12,0.5354330708661418,0.6,0.5769230769230769
14505,HyboNet,3,128,0.005,5,13,0.5354330708661418,0.6,0.5769230769230769
14506,HyboNet,3,128,0.005,5,14,0.5354330708661418,0.6,0.5769230769230769
14507,HyboNet,3,128,0.005,5,15,0.5354330708661418,0.6,0.5769230769230769
14508,HyboNet,3,128,0.005,5,16,0.5354330708661418,0.6,0.5769230769230769
14509,HyboNet,3,128,0.005,5,17,0.5354330708661418,0.6,0.5769230769230769
14510,HyboNet,3,128,0.005,5,18,0.5354330708661418,0.6,0.5769230769230769
14511,HyboNet,3,128,0.005,5,19,0.5354330708661418,0.6,0.5769230769230769
14512,HyboNet,3,128,0.005,5,2,0.5354330708661418,0.6,0.5769230769230769
14513,HyboNet,3,128,0.005,5,20,0.5354330708661418,0.6,0.5769230769230769
14514,HyboNet,3,128,0.005,5,21,0.5354330708661418,0.6,0.5769230769230769
14515,HyboNet,3,128,0.005,5,22,0.5354330708661418,0.6,0.5769230769230769
14516,HyboNet,3,128,0.005,5,23,0.5354330708661418,0.6,0.5769230769230769
14517,HyboNet,3,128,0.005,5,24,0.5354330708661418,0.6,0.5769230769230769
14518,HyboNet,3,128,0.005,5,25,0.5354330708661418,0.6,0.5769230769230769
14519,HyboNet,3,128,0.005,5,26,0.5354330708661418,0.6,0.5769230769230769
14520,HyboNet,3,128,0.005,5,27,0.5354330708661418,0.6,0.5769230769230769
14521,HyboNet,3,128,0.005,5,28,0.5354330708661418,0.6,0.5769230769230769
14522,HyboNet,3,128,0.005,5,29,0.5354330708661418,0.6,0.5769230769230769
14523,HyboNet,3,128,0.005,5,3,0.5354330708661418,0.6,0.5769230769230769
14524,HyboNet,3,128,0.005,5,30,0.5354330708661418,0.6,0.5769230769230769
14525,HyboNet,3,128,0.005,5,31,0.5354330708661418,0.6,0.5769230769230769
14526,HyboNet,3,128,0.005,5,32,0.5354330708661418,0.6,0.5769230769230769
14527,HyboNet,3,128,0.005,5,33,0.5354330708661418,0.6,0.5769230769230769
14528,HyboNet,3,128,0.005,5,34,0.5354330708661418,0.6,0.5769230769230769
14529,HyboNet,3,128,0.005,5,35,0.5354330708661418,0.6,0.5769230769230769
14530,HyboNet,3,128,0.005,5,36,0.5354330708661418,0.6,0.5769230769230769
14531,HyboNet,3,128,0.005,5,37,0.5354330708661418,0.6,0.5769230769230769
14532,HyboNet,3,128,0.005,5,38,0.5354330708661418,0.6333333333333333,0.5769230769230769
14533,HyboNet,3,128,0.005,5,39,0.5354330708661418,0.6333333333333333,0.5769230769230769
14534,HyboNet,3,128,0.005,5,4,0.5354330708661418,0.6,0.5769230769230769
14535,HyboNet,3,128,0.005,5,40,0.5354330708661418,0.6333333333333333,0.5769230769230769
14536,HyboNet,3,128,0.005,5,41,0.5354330708661418,0.6333333333333333,0.5769230769230769
14537,HyboNet,3,128,0.005,5,42,0.5433070866141733,0.6666666666666666,0.5769230769230769
14538,HyboNet,3,128,0.005,5,43,0.5275590551181102,0.7,0.5769230769230769
14539,HyboNet,3,128,0.005,5,44,0.5275590551181102,0.7666666666666667,0.5769230769230769
14540,HyboNet,3,128,0.005,5,45,0.5433070866141733,0.7666666666666667,0.5384615384615384
14541,HyboNet,3,128,0.005,5,46,0.5354330708661418,0.7666666666666667,0.5384615384615384
14542,HyboNet,3,128,0.005,5,47,0.5354330708661418,0.7666666666666667,0.5384615384615384
14543,HyboNet,3,128,0.005,5,48,0.5433070866141733,0.7666666666666667,0.5384615384615384
14544,HyboNet,3,128,0.005,5,49,0.5669291338582677,0.7666666666666667,0.5
14545,HyboNet,3,128,0.005,5,5,0.5354330708661418,0.6,0.5769230769230769
14546,HyboNet,3,128,0.005,5,50,0.5748031496062992,0.8,0.5
14547,HyboNet,3,128,0.005,5,51,0.5669291338582677,0.8,0.5
14548,HyboNet,3,128,0.005,5,52,0.5590551181102362,0.8,0.5384615384615384
14549,HyboNet,3,128,0.005,5,53,0.5590551181102362,0.8,0.5384615384615384
14550,HyboNet,3,128,0.005,5,54,0.5433070866141733,0.8,0.5
14551,HyboNet,3,128,0.005,5,55,0.5196850393700787,0.8666666666666667,0.5
14552,HyboNet,3,128,0.005,5,56,0.4881889763779528,0.9,0.5384615384615384
14553,HyboNet,3,128,0.005,5,57,0.4645669291338583,0.9,0.5
14554,HyboNet,3,128,0.005,5,58,0.4566929133858268,0.9,0.46153846153846156
14555,HyboNet,3,128,0.005,5,59,0.44881889763779526,0.9333333333333333,0.46153846153846156
14556,HyboNet,3,128,0.005,5,6,0.5354330708661418,0.6,0.5769230769230769
14557,HyboNet,3,128,0.005,5,60,0.4330708661417323,0.9333333333333333,0.4230769230769231
14558,HyboNet,3,128,0.005,5,61,0.4094488188976378,0.9333333333333333,0.4230769230769231
14559,HyboNet,3,128,0.005,5,62,0.3937007874015748,0.9333333333333333,0.38461538461538464
14560,HyboNet,3,128,0.005,5,63,0.36220472440944884,0.9333333333333333,0.34615384615384615
14561,HyboNet,3,128,0.005,5,64,0.33070866141732286,0.9333333333333333,0.34615384615384615
14562,HyboNet,3,128,0.005,5,65,0.33070866141732286,0.9333333333333333,0.34615384615384615
14563,HyboNet,3,128,0.005,5,66,0.33070866141732286,0.9333333333333333,0.34615384615384615
14564,HyboNet,3,128,0.005,5,67,0.3700787401574803,0.9666666666666667,0.34615384615384615
14565,HyboNet,3,128,0.005,5,68,0.41732283464566927,0.9666666666666667,0.34615384615384615
14566,HyboNet,3,128,0.005,5,69,0.3937007874015748,1.0,0.38461538461538464
14567,HyboNet,3,128,0.005,5,7,0.5354330708661418,0.6,0.5769230769230769
14568,HyboNet,3,128,0.005,5,70,0.4015748031496063,0.9666666666666667,0.38461538461538464
14569,HyboNet,3,128,0.005,5,71,0.3779527559055118,0.9666666666666667,0.38461538461538464
14570,HyboNet,3,128,0.005,5,72,0.3858267716535433,0.9666666666666667,0.4230769230769231
14571,HyboNet,3,128,0.005,5,73,0.3937007874015748,0.9666666666666667,0.38461538461538464
14572,HyboNet,3,128,0.005,5,74,0.3700787401574803,0.9666666666666667,0.34615384615384615
14573,HyboNet,3,128,0.005,5,75,0.36220472440944884,0.9666666666666667,0.3076923076923077
14574,HyboNet,3,128,0.005,5,76,0.36220472440944884,1.0,0.3076923076923077
14575,HyboNet,3,128,0.005,5,77,0.3937007874015748,1.0,0.38461538461538464
14576,HyboNet,3,128,0.005,5,78,0.4015748031496063,1.0,0.38461538461538464
14577,HyboNet,3,128,0.005,5,79,0.4015748031496063,1.0,0.38461538461538464
14578,HyboNet,3,128,0.005,5,8,0.5354330708661418,0.6,0.5769230769230769
14579,HyboNet,3,128,0.005,5,80,0.4015748031496063,1.0,0.38461538461538464
14580,HyboNet,3,128,0.005,5,81,0.4015748031496063,1.0,0.38461538461538464
14581,HyboNet,3,128,0.005,5,82,0.3858267716535433,1.0,0.34615384615384615
14582,HyboNet,3,128,0.005,5,83,0.3937007874015748,1.0,0.34615384615384615
14583,HyboNet,3,128,0.005,5,84,0.4015748031496063,1.0,0.34615384615384615
14584,HyboNet,3,128,0.005,5,85,0.36220472440944884,1.0,0.3076923076923077
14585,HyboNet,3,128,0.005,5,86,0.31496062992125984,1.0,0.2692307692307692
14586,HyboNet,3,128,0.005,5,87,0.2992125984251969,1.0,0.2692307692307692
14587,HyboNet,3,128,0.005,5,88,0.3543307086614173,1.0,0.2692307692307692
14588,HyboNet,3,128,0.005,5,89,0.3700787401574803,1.0,0.2692307692307692
14589,HyboNet,3,128,0.005,5,9,0.5354330708661418,0.6,0.5769230769230769
14590,HyboNet,3,128,0.005,5,90,0.3700787401574803,1.0,0.2692307692307692
14591,HyboNet,3,128,0.005,5,91,0.3228346456692913,1.0,0.2692307692307692
14592,HyboNet,3,128,0.005,5,92,0.2755905511811024,1.0,0.23076923076923078
14593,HyboNet,3,128,0.005,5,93,0.2755905511811024,1.0,0.3076923076923077
14594,HyboNet,3,128,0.005,5,94,0.3228346456692913,1.0,0.2692307692307692
14595,HyboNet,3,128,0.005,5,95,0.3228346456692913,1.0,0.3076923076923077
14596,HyboNet,3,128,0.005,5,96,0.29133858267716534,1.0,0.2692307692307692
14597,HyboNet,3,128,0.005,5,97,0.2755905511811024,1.0,0.23076923076923078
14598,HyboNet,3,128,0.005,5,98,0.2992125984251969,1.0,0.3076923076923077
14599,HyboNet,3,128,0.005,5,99,0.2992125984251969,1.0,0.3076923076923077
14600,HyboNet,3,128,0.005,6,1,0.5354330708661418,0.6,0.5769230769230769
14601,HyboNet,3,128,0.005,6,10,0.5354330708661418,0.6,0.5769230769230769
14602,HyboNet,3,128,0.005,6,100,0.41732283464566927,1.0,0.2692307692307692
14603,HyboNet,3,128,0.005,6,11,0.5354330708661418,0.6,0.5769230769230769
14604,HyboNet,3,128,0.005,6,12,0.5354330708661418,0.6,0.5769230769230769
14605,HyboNet,3,128,0.005,6,13,0.5354330708661418,0.6,0.5769230769230769
14606,HyboNet,3,128,0.005,6,14,0.5354330708661418,0.6,0.5769230769230769
14607,HyboNet,3,128,0.005,6,15,0.5354330708661418,0.6,0.5769230769230769
14608,HyboNet,3,128,0.005,6,16,0.5354330708661418,0.6,0.5769230769230769
14609,HyboNet,3,128,0.005,6,17,0.5354330708661418,0.6,0.5769230769230769
14610,HyboNet,3,128,0.005,6,18,0.5354330708661418,0.6,0.5769230769230769
14611,HyboNet,3,128,0.005,6,19,0.5354330708661418,0.6,0.5769230769230769
14612,HyboNet,3,128,0.005,6,2,0.5354330708661418,0.6,0.5769230769230769
14613,HyboNet,3,128,0.005,6,20,0.5354330708661418,0.6,0.5769230769230769
14614,HyboNet,3,128,0.005,6,21,0.5354330708661418,0.6333333333333333,0.5769230769230769
14615,HyboNet,3,128,0.005,6,22,0.5354330708661418,0.6333333333333333,0.5769230769230769
14616,HyboNet,3,128,0.005,6,23,0.5354330708661418,0.6333333333333333,0.5769230769230769
14617,HyboNet,3,128,0.005,6,24,0.5433070866141733,0.6666666666666666,0.5769230769230769
14618,HyboNet,3,128,0.005,6,25,0.5354330708661418,0.7333333333333333,0.5769230769230769
14619,HyboNet,3,128,0.005,6,26,0.5196850393700787,0.7666666666666667,0.5769230769230769
14620,HyboNet,3,128,0.005,6,27,0.5275590551181102,0.7666666666666667,0.5769230769230769
14621,HyboNet,3,128,0.005,6,28,0.5275590551181102,0.7666666666666667,0.5384615384615384
14622,HyboNet,3,128,0.005,6,29,0.5433070866141733,0.7666666666666667,0.5384615384615384
14623,HyboNet,3,128,0.005,6,3,0.5354330708661418,0.6,0.5769230769230769
14624,HyboNet,3,128,0.005,6,30,0.5433070866141733,0.7666666666666667,0.5384615384615384
14625,HyboNet,3,128,0.005,6,31,0.5433070866141733,0.7666666666666667,0.5384615384615384
14626,HyboNet,3,128,0.005,6,32,0.5511811023622047,0.8,0.5769230769230769
14627,HyboNet,3,128,0.005,6,33,0.5511811023622047,0.8,0.5
14628,HyboNet,3,128,0.005,6,34,0.5590551181102362,0.8,0.5384615384615384
14629,HyboNet,3,128,0.005,6,35,0.5590551181102362,0.8,0.5384615384615384
14630,HyboNet,3,128,0.005,6,36,0.5669291338582677,0.8,0.5384615384615384
14631,HyboNet,3,128,0.005,6,37,0.5511811023622047,0.8333333333333334,0.5384615384615384
14632,HyboNet,3,128,0.005,6,38,0.5433070866141733,0.8333333333333334,0.5384615384615384
14633,HyboNet,3,128,0.005,6,39,0.5118110236220472,0.8333333333333334,0.5384615384615384
14634,HyboNet,3,128,0.005,6,4,0.5354330708661418,0.7666666666666667,0.6153846153846154
14635,HyboNet,3,128,0.005,6,40,0.48031496062992124,0.9,0.5
14636,HyboNet,3,128,0.005,6,41,0.4566929133858268,0.9,0.46153846153846156
14637,HyboNet,3,128,0.005,6,42,0.3937007874015748,0.9,0.46153846153846156
14638,HyboNet,3,128,0.005,6,43,0.3858267716535433,0.9333333333333333,0.38461538461538464
14639,HyboNet,3,128,0.005,6,44,0.3937007874015748,0.9333333333333333,0.4230769230769231
14640,HyboNet,3,128,0.005,6,45,0.4094488188976378,0.9333333333333333,0.46153846153846156
14641,HyboNet,3,128,0.005,6,46,0.4251968503937008,0.9333333333333333,0.46153846153846156
14642,HyboNet,3,128,0.005,6,47,0.4409448818897638,0.9333333333333333,0.46153846153846156
14643,HyboNet,3,128,0.005,6,48,0.4251968503937008,0.9333333333333333,0.4230769230769231
14644,HyboNet,3,128,0.005,6,49,0.4015748031496063,0.9333333333333333,0.3076923076923077
14645,HyboNet,3,128,0.005,6,5,0.5354330708661418,0.7666666666666667,0.5769230769230769
14646,HyboNet,3,128,0.005,6,50,0.41732283464566927,0.9666666666666667,0.34615384615384615
14647,HyboNet,3,128,0.005,6,51,0.4094488188976378,1.0,0.4230769230769231
14648,HyboNet,3,128,0.005,6,52,0.4330708661417323,1.0,0.46153846153846156
14649,HyboNet,3,128,0.005,6,53,0.44881889763779526,0.9666666666666667,0.46153846153846156
14650,HyboNet,3,128,0.005,6,54,0.44881889763779526,0.9666666666666667,0.38461538461538464
14651,HyboNet,3,128,0.005,6,55,0.4251968503937008,0.9333333333333333,0.2692307692307692
14652,HyboNet,3,128,0.005,6,56,0.4409448818897638,0.9333333333333333,0.34615384615384615
14653,HyboNet,3,128,0.005,6,57,0.4330708661417323,0.9333333333333333,0.3076923076923077
14654,HyboNet,3,128,0.005,6,58,0.41732283464566927,0.9333333333333333,0.23076923076923078
14655,HyboNet,3,128,0.005,6,59,0.4094488188976378,1.0,0.34615384615384615
14656,HyboNet,3,128,0.005,6,6,0.5354330708661418,0.6333333333333333,0.5769230769230769
14657,HyboNet,3,128,0.005,6,60,0.4094488188976378,1.0,0.34615384615384615
14658,HyboNet,3,128,0.005,6,61,0.3937007874015748,1.0,0.3076923076923077
14659,HyboNet,3,128,0.005,6,62,0.3937007874015748,1.0,0.2692307692307692
14660,HyboNet,3,128,0.005,6,63,0.36220472440944884,1.0,0.23076923076923078
14661,HyboNet,3,128,0.005,6,64,0.3858267716535433,1.0,0.2692307692307692
14662,HyboNet,3,128,0.005,6,65,0.4094488188976378,0.9666666666666667,0.2692307692307692
14663,HyboNet,3,128,0.005,6,66,0.3779527559055118,0.9666666666666667,0.23076923076923078
14664,HyboNet,3,128,0.005,6,67,0.41732283464566927,1.0,0.23076923076923078
14665,HyboNet,3,128,0.005,6,68,0.41732283464566927,1.0,0.2692307692307692
14666,HyboNet,3,128,0.005,6,69,0.3700787401574803,1.0,0.23076923076923078
14667,HyboNet,3,128,0.005,6,7,0.5354330708661418,0.6,0.5769230769230769
14668,HyboNet,3,128,0.005,6,70,0.3228346456692913,1.0,0.23076923076923078
14669,HyboNet,3,128,0.005,6,71,0.3228346456692913,1.0,0.23076923076923078
14670,HyboNet,3,128,0.005,6,72,0.3464566929133858,1.0,0.23076923076923078
14671,HyboNet,3,128,0.005,6,73,0.3543307086614173,1.0,0.23076923076923078
14672,HyboNet,3,128,0.005,6,74,0.33070866141732286,1.0,0.19230769230769232
14673,HyboNet,3,128,0.005,6,75,0.4094488188976378,1.0,0.2692307692307692
14674,HyboNet,3,128,0.005,6,76,0.3937007874015748,1.0,0.23076923076923078
14675,HyboNet,3,128,0.005,6,77,0.3543307086614173,1.0,0.23076923076923078
14676,HyboNet,3,128,0.005,6,78,0.3228346456692913,1.0,0.15384615384615385
14677,HyboNet,3,128,0.005,6,79,0.3779527559055118,1.0,0.23076923076923078
14678,HyboNet,3,128,0.005,6,8,0.5354330708661418,0.6,0.5769230769230769
14679,HyboNet,3,128,0.005,6,80,0.3858267716535433,1.0,0.3076923076923077
14680,HyboNet,3,128,0.005,6,81,0.3937007874015748,1.0,0.3076923076923077
14681,HyboNet,3,128,0.005,6,82,0.3937007874015748,1.0,0.23076923076923078
14682,HyboNet,3,128,0.005,6,83,0.2992125984251969,1.0,0.15384615384615385
14683,HyboNet,3,128,0.005,6,84,0.4094488188976378,1.0,0.38461538461538464
14684,HyboNet,3,128,0.005,6,85,0.4330708661417323,1.0,0.46153846153846156
14685,HyboNet,3,128,0.005,6,86,0.4330708661417323,1.0,0.46153846153846156
14686,HyboNet,3,128,0.005,6,87,0.44881889763779526,1.0,0.46153846153846156
14687,HyboNet,3,128,0.005,6,88,0.4409448818897638,1.0,0.4230769230769231
14688,HyboNet,3,128,0.005,6,89,0.4566929133858268,1.0,0.38461538461538464
14689,HyboNet,3,128,0.005,6,9,0.5354330708661418,0.6,0.5769230769230769
14690,HyboNet,3,128,0.005,6,90,0.4094488188976378,1.0,0.3076923076923077
14691,HyboNet,3,128,0.005,6,91,0.36220472440944884,1.0,0.2692307692307692
14692,HyboNet,3,128,0.005,6,92,0.29133858267716534,1.0,0.23076923076923078
14693,HyboNet,3,128,0.005,6,93,0.33858267716535434,1.0,0.23076923076923078
14694,HyboNet,3,128,0.005,6,94,0.33070866141732286,1.0,0.23076923076923078
14695,HyboNet,3,128,0.005,6,95,0.3543307086614173,1.0,0.2692307692307692
14696,HyboNet,3,128,0.005,6,96,0.3937007874015748,1.0,0.2692307692307692
14697,HyboNet,3,128,0.005,6,97,0.4094488188976378,1.0,0.3076923076923077
14698,HyboNet,3,128,0.005,6,98,0.41732283464566927,1.0,0.34615384615384615
14699,HyboNet,3,128,0.005,6,99,0.41732283464566927,1.0,0.34615384615384615
14700,HyboNet,3,128,0.005,7,1,0.5354330708661418,0.6,0.5769230769230769
14701,HyboNet,3,128,0.005,7,10,0.5354330708661418,0.6,0.5769230769230769
14702,HyboNet,3,128,0.005,7,100,0.4251968503937008,1.0,0.34615384615384615
14703,HyboNet,3,128,0.005,7,11,0.5354330708661418,0.6,0.5769230769230769
14704,HyboNet,3,128,0.005,7,12,0.5354330708661418,0.6,0.5769230769230769
14705,HyboNet,3,128,0.005,7,13,0.5354330708661418,0.6,0.5769230769230769
14706,HyboNet,3,128,0.005,7,14,0.5354330708661418,0.6,0.5769230769230769
14707,HyboNet,3,128,0.005,7,15,0.5354330708661418,0.6,0.5769230769230769
14708,HyboNet,3,128,0.005,7,16,0.5354330708661418,0.6,0.5769230769230769
14709,HyboNet,3,128,0.005,7,17,0.5354330708661418,0.6,0.5769230769230769
14710,HyboNet,3,128,0.005,7,18,0.5354330708661418,0.6,0.5769230769230769
14711,HyboNet,3,128,0.005,7,19,0.5354330708661418,0.6,0.5769230769230769
14712,HyboNet,3,128,0.005,7,2,0.5354330708661418,0.6,0.5769230769230769
14713,HyboNet,3,128,0.005,7,20,0.5354330708661418,0.6,0.5769230769230769
14714,HyboNet,3,128,0.005,7,21,0.5354330708661418,0.6333333333333333,0.5769230769230769
14715,HyboNet,3,128,0.005,7,22,0.5433070866141733,0.6333333333333333,0.5769230769230769
14716,HyboNet,3,128,0.005,7,23,0.5433070866141733,0.6666666666666666,0.5769230769230769
14717,HyboNet,3,128,0.005,7,24,0.5354330708661418,0.7666666666666667,0.5769230769230769
14718,HyboNet,3,128,0.005,7,25,0.5433070866141733,0.7666666666666667,0.5384615384615384
14719,HyboNet,3,128,0.005,7,26,0.5354330708661418,0.7666666666666667,0.5384615384615384
14720,HyboNet,3,128,0.005,7,27,0.5433070866141733,0.7666666666666667,0.5384615384615384
14721,HyboNet,3,128,0.005,7,28,0.5511811023622047,0.7666666666666667,0.5384615384615384
14722,HyboNet,3,128,0.005,7,29,0.5590551181102362,0.7666666666666667,0.5
14723,HyboNet,3,128,0.005,7,3,0.5354330708661418,0.6,0.5769230769230769
14724,HyboNet,3,128,0.005,7,30,0.5669291338582677,0.7666666666666667,0.5
14725,HyboNet,3,128,0.005,7,31,0.5669291338582677,0.7666666666666667,0.5
14726,HyboNet,3,128,0.005,7,32,0.5196850393700787,0.8333333333333334,0.5384615384615384
14727,HyboNet,3,128,0.005,7,33,0.48031496062992124,0.8666666666666667,0.5
14728,HyboNet,3,128,0.005,7,34,0.4881889763779528,0.9,0.5
14729,HyboNet,3,128,0.005,7,35,0.4645669291338583,0.9333333333333333,0.5
14730,HyboNet,3,128,0.005,7,36,0.4645669291338583,0.9333333333333333,0.5384615384615384
14731,HyboNet,3,128,0.005,7,37,0.48031496062992124,0.9,0.5
14732,HyboNet,3,128,0.005,7,38,0.4566929133858268,0.8666666666666667,0.46153846153846156
14733,HyboNet,3,128,0.005,7,39,0.44881889763779526,0.8666666666666667,0.4230769230769231
14734,HyboNet,3,128,0.005,7,4,0.5354330708661418,0.6,0.5769230769230769
14735,HyboNet,3,128,0.005,7,40,0.4409448818897638,0.8666666666666667,0.4230769230769231
14736,HyboNet,3,128,0.005,7,41,0.4645669291338583,0.9333333333333333,0.4230769230769231
14737,HyboNet,3,128,0.005,7,42,0.48031496062992124,0.9333333333333333,0.46153846153846156
14738,HyboNet,3,128,0.005,7,43,0.4881889763779528,0.9333333333333333,0.5
14739,HyboNet,3,128,0.005,7,44,0.4409448818897638,0.9333333333333333,0.4230769230769231
14740,HyboNet,3,128,0.005,7,45,0.4566929133858268,0.9333333333333333,0.4230769230769231
14741,HyboNet,3,128,0.005,7,46,0.4566929133858268,0.9333333333333333,0.4230769230769231
14742,HyboNet,3,128,0.005,7,47,0.4094488188976378,0.9333333333333333,0.38461538461538464
14743,HyboNet,3,128,0.005,7,48,0.41732283464566927,0.9333333333333333,0.3076923076923077
14744,HyboNet,3,128,0.005,7,49,0.4015748031496063,0.9666666666666667,0.38461538461538464
14745,HyboNet,3,128,0.005,7,5,0.5354330708661418,0.6,0.5769230769230769
14746,HyboNet,3,128,0.005,7,50,0.4409448818897638,0.9333333333333333,0.4230769230769231
14747,HyboNet,3,128,0.005,7,51,0.48031496062992124,0.9333333333333333,0.4230769230769231
14748,HyboNet,3,128,0.005,7,52,0.4645669291338583,0.9333333333333333,0.46153846153846156
14749,HyboNet,3,128,0.005,7,53,0.4645669291338583,0.9666666666666667,0.4230769230769231
14750,HyboNet,3,128,0.005,7,54,0.4330708661417323,0.9666666666666667,0.38461538461538464
14751,HyboNet,3,128,0.005,7,55,0.4330708661417323,1.0,0.38461538461538464
14752,HyboNet,3,128,0.005,7,56,0.4330708661417323,1.0,0.38461538461538464
14753,HyboNet,3,128,0.005,7,57,0.4251968503937008,1.0,0.38461538461538464
14754,HyboNet,3,128,0.005,7,58,0.4645669291338583,0.9666666666666667,0.4230769230769231
14755,HyboNet,3,128,0.005,7,59,0.4645669291338583,0.9666666666666667,0.46153846153846156
14756,HyboNet,3,128,0.005,7,6,0.5354330708661418,0.6,0.5769230769230769
14757,HyboNet,3,128,0.005,7,60,0.4566929133858268,0.9666666666666667,0.46153846153846156
14758,HyboNet,3,128,0.005,7,61,0.44881889763779526,0.9666666666666667,0.4230769230769231
14759,HyboNet,3,128,0.005,7,62,0.44881889763779526,1.0,0.38461538461538464
14760,HyboNet,3,128,0.005,7,63,0.3937007874015748,1.0,0.34615384615384615
14761,HyboNet,3,128,0.005,7,64,0.4409448818897638,1.0,0.4230769230769231
14762,HyboNet,3,128,0.005,7,65,0.4409448818897638,1.0,0.46153846153846156
14763,HyboNet,3,128,0.005,7,66,0.44881889763779526,1.0,0.46153846153846156
14764,HyboNet,3,128,0.005,7,67,0.4330708661417323,1.0,0.46153846153846156
14765,HyboNet,3,128,0.005,7,68,0.4251968503937008,1.0,0.4230769230769231
14766,HyboNet,3,128,0.005,7,69,0.41732283464566927,1.0,0.4230769230769231
14767,HyboNet,3,128,0.005,7,7,0.5354330708661418,0.6,0.5769230769230769
14768,HyboNet,3,128,0.005,7,70,0.4094488188976378,1.0,0.38461538461538464
14769,HyboNet,3,128,0.005,7,71,0.41732283464566927,1.0,0.34615384615384615
14770,HyboNet,3,128,0.005,7,72,0.4251968503937008,1.0,0.34615384615384615
14771,HyboNet,3,128,0.005,7,73,0.4015748031496063,1.0,0.34615384615384615
14772,HyboNet,3,128,0.005,7,74,0.3858267716535433,1.0,0.38461538461538464
14773,HyboNet,3,128,0.005,7,75,0.3937007874015748,1.0,0.38461538461538464
14774,HyboNet,3,128,0.005,7,76,0.3937007874015748,1.0,0.38461538461538464
14775,HyboNet,3,128,0.005,7,77,0.4015748031496063,1.0,0.38461538461538464
14776,HyboNet,3,128,0.005,7,78,0.36220472440944884,1.0,0.34615384615384615
14777,HyboNet,3,128,0.005,7,79,0.3464566929133858,1.0,0.34615384615384615
14778,HyboNet,3,128,0.005,7,8,0.5354330708661418,0.6,0.5769230769230769
14779,HyboNet,3,128,0.005,7,80,0.36220472440944884,1.0,0.34615384615384615
14780,HyboNet,3,128,0.005,7,81,0.36220472440944884,1.0,0.34615384615384615
14781,HyboNet,3,128,0.005,7,82,0.36220472440944884,1.0,0.34615384615384615
14782,HyboNet,3,128,0.005,7,83,0.36220472440944884,1.0,0.34615384615384615
14783,HyboNet,3,128,0.005,7,84,0.3543307086614173,1.0,0.34615384615384615
14784,HyboNet,3,128,0.005,7,85,0.3464566929133858,1.0,0.34615384615384615
14785,HyboNet,3,128,0.005,7,86,0.3700787401574803,1.0,0.34615384615384615
14786,HyboNet,3,128,0.005,7,87,0.4015748031496063,1.0,0.34615384615384615
14787,HyboNet,3,128,0.005,7,88,0.4015748031496063,1.0,0.34615384615384615
14788,HyboNet,3,128,0.005,7,89,0.3779527559055118,1.0,0.34615384615384615
14789,HyboNet,3,128,0.005,7,9,0.5354330708661418,0.6,0.5769230769230769
14790,HyboNet,3,128,0.005,7,90,0.3937007874015748,1.0,0.38461538461538464
14791,HyboNet,3,128,0.005,7,91,0.4015748031496063,1.0,0.38461538461538464
14792,HyboNet,3,128,0.005,7,92,0.4015748031496063,1.0,0.38461538461538464
14793,HyboNet,3,128,0.005,7,93,0.4015748031496063,1.0,0.38461538461538464
14794,HyboNet,3,128,0.005,7,94,0.3937007874015748,1.0,0.38461538461538464
14795,HyboNet,3,128,0.005,7,95,0.3937007874015748,1.0,0.34615384615384615
14796,HyboNet,3,128,0.005,7,96,0.4015748031496063,1.0,0.38461538461538464
14797,HyboNet,3,128,0.005,7,97,0.4330708661417323,1.0,0.4230769230769231
14798,HyboNet,3,128,0.005,7,98,0.4330708661417323,1.0,0.4230769230769231
14799,HyboNet,3,128,0.005,7,99,0.4094488188976378,1.0,0.4230769230769231
14800,HyboNet,3,128,0.005,8,1,0.5354330708661418,0.6,0.5769230769230769
14801,HyboNet,3,128,0.005,8,10,0.5354330708661418,0.6,0.5769230769230769
14802,HyboNet,3,128,0.005,8,100,0.41732283464566927,1.0,0.2692307692307692
14803,HyboNet,3,128,0.005,8,11,0.5354330708661418,0.6333333333333333,0.5769230769230769
14804,HyboNet,3,128,0.005,8,12,0.5354330708661418,0.6333333333333333,0.5769230769230769
14805,HyboNet,3,128,0.005,8,13,0.5354330708661418,0.6333333333333333,0.5769230769230769
14806,HyboNet,3,128,0.005,8,14,0.5354330708661418,0.6333333333333333,0.5769230769230769
14807,HyboNet,3,128,0.005,8,15,0.5354330708661418,0.6,0.5769230769230769
14808,HyboNet,3,128,0.005,8,16,0.5354330708661418,0.6,0.5769230769230769
14809,HyboNet,3,128,0.005,8,17,0.5354330708661418,0.6,0.5769230769230769
14810,HyboNet,3,128,0.005,8,18,0.5354330708661418,0.6,0.5769230769230769
14811,HyboNet,3,128,0.005,8,19,0.5354330708661418,0.6,0.5769230769230769
14812,HyboNet,3,128,0.005,8,2,0.5354330708661418,0.6,0.5769230769230769
14813,HyboNet,3,128,0.005,8,20,0.5354330708661418,0.6,0.5769230769230769
14814,HyboNet,3,128,0.005,8,21,0.5354330708661418,0.6,0.5769230769230769
14815,HyboNet,3,128,0.005,8,22,0.5354330708661418,0.6,0.5769230769230769
14816,HyboNet,3,128,0.005,8,23,0.5354330708661418,0.6,0.5769230769230769
14817,HyboNet,3,128,0.005,8,24,0.5354330708661418,0.6333333333333333,0.5769230769230769
14818,HyboNet,3,128,0.005,8,25,0.5354330708661418,0.6666666666666666,0.5769230769230769
14819,HyboNet,3,128,0.005,8,26,0.5433070866141733,0.7,0.5769230769230769
14820,HyboNet,3,128,0.005,8,27,0.5354330708661418,0.7666666666666667,0.5384615384615384
14821,HyboNet,3,128,0.005,8,28,0.5433070866141733,0.7666666666666667,0.5384615384615384
14822,HyboNet,3,128,0.005,8,29,0.5433070866141733,0.7666666666666667,0.5384615384615384
14823,HyboNet,3,128,0.005,8,3,0.5354330708661418,0.6,0.5769230769230769
14824,HyboNet,3,128,0.005,8,30,0.5433070866141733,0.7666666666666667,0.5384615384615384
14825,HyboNet,3,128,0.005,8,31,0.5433070866141733,0.7666666666666667,0.5384615384615384
14826,HyboNet,3,128,0.005,8,32,0.5433070866141733,0.7666666666666667,0.5384615384615384
14827,HyboNet,3,128,0.005,8,33,0.5433070866141733,0.7666666666666667,0.5384615384615384
14828,HyboNet,3,128,0.005,8,34,0.5511811023622047,0.7666666666666667,0.5384615384615384
14829,HyboNet,3,128,0.005,8,35,0.5748031496062992,0.8,0.5384615384615384
14830,HyboNet,3,128,0.005,8,36,0.5590551181102362,0.8333333333333334,0.5
14831,HyboNet,3,128,0.005,8,37,0.5354330708661418,0.8333333333333334,0.5384615384615384
14832,HyboNet,3,128,0.005,8,38,0.5354330708661418,0.8333333333333334,0.5384615384615384
14833,HyboNet,3,128,0.005,8,39,0.5433070866141733,0.8333333333333334,0.5
14834,HyboNet,3,128,0.005,8,4,0.5354330708661418,0.6,0.5769230769230769
14835,HyboNet,3,128,0.005,8,40,0.5275590551181102,0.8333333333333334,0.5
14836,HyboNet,3,128,0.005,8,41,0.4881889763779528,0.8333333333333334,0.5384615384615384
14837,HyboNet,3,128,0.005,8,42,0.4645669291338583,0.8666666666666667,0.5
14838,HyboNet,3,128,0.005,8,43,0.4566929133858268,0.8666666666666667,0.5
14839,HyboNet,3,128,0.005,8,44,0.48031496062992124,0.9,0.5
14840,HyboNet,3,128,0.005,8,45,0.49606299212598426,0.9333333333333333,0.5
14841,HyboNet,3,128,0.005,8,46,0.48031496062992124,0.9,0.46153846153846156
14842,HyboNet,3,128,0.005,8,47,0.48031496062992124,0.9333333333333333,0.46153846153846156
14843,HyboNet,3,128,0.005,8,48,0.44881889763779526,0.9333333333333333,0.38461538461538464
14844,HyboNet,3,128,0.005,8,49,0.4645669291338583,0.9333333333333333,0.38461538461538464
14845,HyboNet,3,128,0.005,8,5,0.5354330708661418,0.6,0.5769230769230769
14846,HyboNet,3,128,0.005,8,50,0.4330708661417323,0.9333333333333333,0.3076923076923077
14847,HyboNet,3,128,0.005,8,51,0.4094488188976378,0.9333333333333333,0.3076923076923077
14848,HyboNet,3,128,0.005,8,52,0.4094488188976378,0.9666666666666667,0.3076923076923077
14849,HyboNet,3,128,0.005,8,53,0.3464566929133858,0.9666666666666667,0.2692307692307692
14850,HyboNet,3,128,0.005,8,54,0.3543307086614173,0.9666666666666667,0.23076923076923078
14851,HyboNet,3,128,0.005,8,55,0.3779527559055118,0.9666666666666667,0.23076923076923078
14852,HyboNet,3,128,0.005,8,56,0.41732283464566927,0.9666666666666667,0.23076923076923078
14853,HyboNet,3,128,0.005,8,57,0.4015748031496063,0.9666666666666667,0.23076923076923078
14854,HyboNet,3,128,0.005,8,58,0.3464566929133858,0.9666666666666667,0.23076923076923078
14855,HyboNet,3,128,0.005,8,59,0.36220472440944884,0.9666666666666667,0.23076923076923078
14856,HyboNet,3,128,0.005,8,6,0.5354330708661418,0.6,0.5769230769230769
14857,HyboNet,3,128,0.005,8,60,0.36220472440944884,0.9666666666666667,0.23076923076923078
14858,HyboNet,3,128,0.005,8,61,0.33858267716535434,0.9666666666666667,0.19230769230769232
14859,HyboNet,3,128,0.005,8,62,0.33070866141732286,1.0,0.19230769230769232
14860,HyboNet,3,128,0.005,8,63,0.3228346456692913,1.0,0.19230769230769232
14861,HyboNet,3,128,0.005,8,64,0.3858267716535433,1.0,0.23076923076923078
14862,HyboNet,3,128,0.005,8,65,0.4015748031496063,1.0,0.23076923076923078
14863,HyboNet,3,128,0.005,8,66,0.4015748031496063,1.0,0.23076923076923078
14864,HyboNet,3,128,0.005,8,67,0.3700787401574803,1.0,0.23076923076923078
14865,HyboNet,3,128,0.005,8,68,0.3228346456692913,1.0,0.19230769230769232
14866,HyboNet,3,128,0.005,8,69,0.30708661417322836,1.0,0.19230769230769232
14867,HyboNet,3,128,0.005,8,7,0.5354330708661418,0.6,0.5769230769230769
14868,HyboNet,3,128,0.005,8,70,0.25984251968503935,0.9666666666666667,0.19230769230769232
14869,HyboNet,3,128,0.005,8,71,0.4015748031496063,1.0,0.3076923076923077
14870,HyboNet,3,128,0.005,8,72,0.44881889763779526,1.0,0.5
14871,HyboNet,3,128,0.005,8,73,0.49606299212598426,1.0,0.5
14872,HyboNet,3,128,0.005,8,74,0.47244094488188976,1.0,0.5384615384615384
14873,HyboNet,3,128,0.005,8,75,0.47244094488188976,1.0,0.5
14874,HyboNet,3,128,0.005,8,76,0.4409448818897638,1.0,0.46153846153846156
14875,HyboNet,3,128,0.005,8,77,0.4330708661417323,1.0,0.46153846153846156
14876,HyboNet,3,128,0.005,8,78,0.4251968503937008,1.0,0.46153846153846156
14877,HyboNet,3,128,0.005,8,79,0.4094488188976378,1.0,0.38461538461538464
14878,HyboNet,3,128,0.005,8,8,0.5354330708661418,0.6,0.5769230769230769
14879,HyboNet,3,128,0.005,8,80,0.4015748031496063,1.0,0.38461538461538464
14880,HyboNet,3,128,0.005,8,81,0.36220472440944884,1.0,0.2692307692307692
14881,HyboNet,3,128,0.005,8,82,0.3464566929133858,1.0,0.19230769230769232
14882,HyboNet,3,128,0.005,8,83,0.33070866141732286,1.0,0.19230769230769232
14883,HyboNet,3,128,0.005,8,84,0.29133858267716534,1.0,0.19230769230769232
14884,HyboNet,3,128,0.005,8,85,0.28346456692913385,1.0,0.19230769230769232
14885,HyboNet,3,128,0.005,8,86,0.2992125984251969,1.0,0.19230769230769232
14886,HyboNet,3,128,0.005,8,87,0.3228346456692913,1.0,0.19230769230769232
14887,HyboNet,3,128,0.005,8,88,0.36220472440944884,1.0,0.23076923076923078
14888,HyboNet,3,128,0.005,8,89,0.3700787401574803,1.0,0.2692307692307692
14889,HyboNet,3,128,0.005,8,9,0.5354330708661418,0.6,0.5769230769230769
14890,HyboNet,3,128,0.005,8,90,0.3779527559055118,1.0,0.3076923076923077
14891,HyboNet,3,128,0.005,8,91,0.41732283464566927,1.0,0.3076923076923077
14892,HyboNet,3,128,0.005,8,92,0.4251968503937008,1.0,0.34615384615384615
14893,HyboNet,3,128,0.005,8,93,0.4330708661417323,1.0,0.34615384615384615
14894,HyboNet,3,128,0.005,8,94,0.4330708661417323,1.0,0.34615384615384615
14895,HyboNet,3,128,0.005,8,95,0.4015748031496063,1.0,0.3076923076923077
14896,HyboNet,3,128,0.005,8,96,0.3779527559055118,1.0,0.3076923076923077
14897,HyboNet,3,128,0.005,8,97,0.36220472440944884,1.0,0.23076923076923078
14898,HyboNet,3,128,0.005,8,98,0.4015748031496063,1.0,0.3076923076923077
14899,HyboNet,3,128,0.005,8,99,0.41732283464566927,1.0,0.3076923076923077
14900,HyboNet,3,128,0.005,9,1,0.5354330708661418,0.6,0.5769230769230769
14901,HyboNet,3,128,0.005,9,10,0.5354330708661418,0.6,0.5769230769230769
14902,HyboNet,3,128,0.005,9,100,0.30708661417322836,1.0,0.23076923076923078
14903,HyboNet,3,128,0.005,9,11,0.5354330708661418,0.6,0.5769230769230769
14904,HyboNet,3,128,0.005,9,12,0.5354330708661418,0.6,0.5769230769230769
14905,HyboNet,3,128,0.005,9,13,0.5354330708661418,0.6,0.5769230769230769
14906,HyboNet,3,128,0.005,9,14,0.5354330708661418,0.6,0.5769230769230769
14907,HyboNet,3,128,0.005,9,15,0.5354330708661418,0.6,0.5769230769230769
14908,HyboNet,3,128,0.005,9,16,0.5354330708661418,0.6,0.5769230769230769
14909,HyboNet,3,128,0.005,9,17,0.5354330708661418,0.6,0.5769230769230769
14910,HyboNet,3,128,0.005,9,18,0.5354330708661418,0.6,0.5769230769230769
14911,HyboNet,3,128,0.005,9,19,0.5354330708661418,0.6,0.5769230769230769
14912,HyboNet,3,128,0.005,9,2,0.5354330708661418,0.6,0.5769230769230769
14913,HyboNet,3,128,0.005,9,20,0.5354330708661418,0.6,0.5769230769230769
14914,HyboNet,3,128,0.005,9,21,0.5354330708661418,0.6,0.5769230769230769
14915,HyboNet,3,128,0.005,9,22,0.5354330708661418,0.6,0.5769230769230769
14916,HyboNet,3,128,0.005,9,23,0.5354330708661418,0.6,0.5769230769230769
14917,HyboNet,3,128,0.005,9,24,0.5354330708661418,0.6,0.5769230769230769
14918,HyboNet,3,128,0.005,9,25,0.5354330708661418,0.6,0.5769230769230769
14919,HyboNet,3,128,0.005,9,26,0.5354330708661418,0.6,0.5769230769230769
14920,HyboNet,3,128,0.005,9,27,0.5354330708661418,0.6,0.5769230769230769
14921,HyboNet,3,128,0.005,9,28,0.5354330708661418,0.6333333333333333,0.5769230769230769
14922,HyboNet,3,128,0.005,9,29,0.5354330708661418,0.6333333333333333,0.5769230769230769
14923,HyboNet,3,128,0.005,9,3,0.5354330708661418,0.6,0.5769230769230769
14924,HyboNet,3,128,0.005,9,30,0.5354330708661418,0.6333333333333333,0.5769230769230769
14925,HyboNet,3,128,0.005,9,31,0.5354330708661418,0.6333333333333333,0.5769230769230769
14926,HyboNet,3,128,0.005,9,32,0.5354330708661418,0.6333333333333333,0.5769230769230769
14927,HyboNet,3,128,0.005,9,33,0.5433070866141733,0.6666666666666666,0.5769230769230769
14928,HyboNet,3,128,0.005,9,34,0.5354330708661418,0.6666666666666666,0.5769230769230769
14929,HyboNet,3,128,0.005,9,35,0.5196850393700787,0.7333333333333333,0.5769230769230769
14930,HyboNet,3,128,0.005,9,36,0.5354330708661418,0.7333333333333333,0.5769230769230769
14931,HyboNet,3,128,0.005,9,37,0.5354330708661418,0.7666666666666667,0.5384615384615384
14932,HyboNet,3,128,0.005,9,38,0.5275590551181102,0.7666666666666667,0.5384615384615384
14933,HyboNet,3,128,0.005,9,39,0.5354330708661418,0.7666666666666667,0.5384615384615384
14934,HyboNet,3,128,0.005,9,4,0.5354330708661418,0.6,0.5769230769230769
14935,HyboNet,3,128,0.005,9,40,0.5433070866141733,0.7666666666666667,0.5384615384615384
14936,HyboNet,3,128,0.005,9,41,0.5433070866141733,0.7666666666666667,0.5384615384615384
14937,HyboNet,3,128,0.005,9,42,0.5433070866141733,0.7666666666666667,0.5769230769230769
14938,HyboNet,3,128,0.005,9,43,0.5669291338582677,0.8,0.5384615384615384
14939,HyboNet,3,128,0.005,9,44,0.5590551181102362,0.8,0.5769230769230769
14940,HyboNet,3,128,0.005,9,45,0.5275590551181102,0.8333333333333334,0.5
14941,HyboNet,3,128,0.005,9,46,0.5039370078740157,0.8333333333333334,0.5
14942,HyboNet,3,128,0.005,9,47,0.49606299212598426,0.8333333333333334,0.5
14943,HyboNet,3,128,0.005,9,48,0.48031496062992124,0.8333333333333334,0.5
14944,HyboNet,3,128,0.005,9,49,0.48031496062992124,0.9333333333333333,0.5384615384615384
14945,HyboNet,3,128,0.005,9,5,0.5354330708661418,0.6,0.5769230769230769
14946,HyboNet,3,128,0.005,9,50,0.4645669291338583,0.9333333333333333,0.5
14947,HyboNet,3,128,0.005,9,51,0.4566929133858268,0.9333333333333333,0.46153846153846156
14948,HyboNet,3,128,0.005,9,52,0.4645669291338583,0.9333333333333333,0.46153846153846156
14949,HyboNet,3,128,0.005,9,53,0.4566929133858268,0.9333333333333333,0.4230769230769231
14950,HyboNet,3,128,0.005,9,54,0.4566929133858268,0.9333333333333333,0.46153846153846156
14951,HyboNet,3,128,0.005,9,55,0.47244094488188976,0.9333333333333333,0.46153846153846156
14952,HyboNet,3,128,0.005,9,56,0.4645669291338583,0.9666666666666667,0.46153846153846156
14953,HyboNet,3,128,0.005,9,57,0.4566929133858268,0.9666666666666667,0.46153846153846156
14954,HyboNet,3,128,0.005,9,58,0.44881889763779526,0.9666666666666667,0.4230769230769231
14955,HyboNet,3,128,0.005,9,59,0.4094488188976378,0.9666666666666667,0.4230769230769231
14956,HyboNet,3,128,0.005,9,6,0.5354330708661418,0.6,0.5769230769230769
14957,HyboNet,3,128,0.005,9,60,0.4330708661417323,0.9666666666666667,0.4230769230769231
14958,HyboNet,3,128,0.005,9,61,0.4330708661417323,0.9666666666666667,0.4230769230769231
14959,HyboNet,3,128,0.005,9,62,0.41732283464566927,0.9666666666666667,0.34615384615384615
14960,HyboNet,3,128,0.005,9,63,0.3779527559055118,0.9666666666666667,0.2692307692307692
14961,HyboNet,3,128,0.005,9,64,0.3464566929133858,0.9666666666666667,0.23076923076923078
14962,HyboNet,3,128,0.005,9,65,0.33070866141732286,0.9666666666666667,0.23076923076923078
14963,HyboNet,3,128,0.005,9,66,0.33070866141732286,0.9666666666666667,0.23076923076923078
14964,HyboNet,3,128,0.005,9,67,0.3700787401574803,0.9333333333333333,0.2692307692307692
14965,HyboNet,3,128,0.005,9,68,0.3700787401574803,1.0,0.2692307692307692
14966,HyboNet,3,128,0.005,9,69,0.3543307086614173,1.0,0.23076923076923078
14967,HyboNet,3,128,0.005,9,7,0.5354330708661418,0.6,0.5769230769230769
14968,HyboNet,3,128,0.005,9,70,0.33070866141732286,1.0,0.23076923076923078
14969,HyboNet,3,128,0.005,9,71,0.4094488188976378,0.9666666666666667,0.34615384615384615
14970,HyboNet,3,128,0.005,9,72,0.4566929133858268,0.9666666666666667,0.38461538461538464
14971,HyboNet,3,128,0.005,9,73,0.4881889763779528,0.9666666666666667,0.46153846153846156
14972,HyboNet,3,128,0.005,9,74,0.4645669291338583,0.9666666666666667,0.46153846153846156
14973,HyboNet,3,128,0.005,9,75,0.4251968503937008,1.0,0.38461538461538464
14974,HyboNet,3,128,0.005,9,76,0.3543307086614173,1.0,0.3076923076923077
14975,HyboNet,3,128,0.005,9,77,0.31496062992125984,0.9333333333333333,0.19230769230769232
14976,HyboNet,3,128,0.005,9,78,0.33070866141732286,1.0,0.2692307692307692
14977,HyboNet,3,128,0.005,9,79,0.41732283464566927,1.0,0.38461538461538464
14978,HyboNet,3,128,0.005,9,8,0.5354330708661418,0.6,0.5769230769230769
14979,HyboNet,3,128,0.005,9,80,0.44881889763779526,0.9666666666666667,0.38461538461538464
14980,HyboNet,3,128,0.005,9,81,0.4645669291338583,1.0,0.4230769230769231
14981,HyboNet,3,128,0.005,9,82,0.44881889763779526,1.0,0.38461538461538464
14982,HyboNet,3,128,0.005,9,83,0.44881889763779526,1.0,0.4230769230769231
14983,HyboNet,3,128,0.005,9,84,0.4251968503937008,1.0,0.4230769230769231
14984,HyboNet,3,128,0.005,9,85,0.3779527559055118,1.0,0.34615384615384615
14985,HyboNet,3,128,0.005,9,86,0.3464566929133858,1.0,0.23076923076923078
14986,HyboNet,3,128,0.005,9,87,0.31496062992125984,1.0,0.23076923076923078
14987,HyboNet,3,128,0.005,9,88,0.31496062992125984,1.0,0.23076923076923078
14988,HyboNet,3,128,0.005,9,89,0.3543307086614173,1.0,0.23076923076923078
14989,HyboNet,3,128,0.005,9,9,0.5354330708661418,0.6,0.5769230769230769
14990,HyboNet,3,128,0.005,9,90,0.3700787401574803,1.0,0.3076923076923077
14991,HyboNet,3,128,0.005,9,91,0.3543307086614173,1.0,0.3076923076923077
14992,HyboNet,3,128,0.005,9,92,0.3464566929133858,1.0,0.23076923076923078
14993,HyboNet,3,128,0.005,9,93,0.33858267716535434,1.0,0.23076923076923078
14994,HyboNet,3,128,0.005,9,94,0.31496062992125984,1.0,0.23076923076923078
14995,HyboNet,3,128,0.005,9,95,0.3543307086614173,1.0,0.23076923076923078
14996,HyboNet,3,128,0.005,9,96,0.3543307086614173,1.0,0.23076923076923078
14997,HyboNet,3,128,0.005,9,97,0.3543307086614173,1.0,0.23076923076923078
14998,HyboNet,3,128,0.005,9,98,0.33858267716535434,1.0,0.23076923076923078
14999,HyboNet,3,128,0.005,9,99,0.30708661417322836,1.0,0.23076923076923078
15000,HyboNet,3,256,0.0002,1,1,0.3700787401574803,0.43333333333333335,0.46153846153846156
15001,HyboNet,3,256,0.0002,1,10,0.5275590551181102,0.6333333333333333,0.5769230769230769
15002,HyboNet,3,256,0.0002,1,100,0.41732283464566927,1.0,0.3076923076923077
15003,HyboNet,3,256,0.0002,1,11,0.5354330708661418,0.6666666666666666,0.5769230769230769
15004,HyboNet,3,256,0.0002,1,12,0.5275590551181102,0.6666666666666666,0.5769230769230769
15005,HyboNet,3,256,0.0002,1,13,0.5511811023622047,0.7333333333333333,0.5384615384615384
15006,HyboNet,3,256,0.0002,1,14,0.5511811023622047,0.7666666666666667,0.5769230769230769
15007,HyboNet,3,256,0.0002,1,15,0.5590551181102362,0.7666666666666667,0.5769230769230769
15008,HyboNet,3,256,0.0002,1,16,0.5511811023622047,0.7666666666666667,0.5384615384615384
15009,HyboNet,3,256,0.0002,1,17,0.5433070866141733,0.7666666666666667,0.5384615384615384
15010,HyboNet,3,256,0.0002,1,18,0.5511811023622047,0.7666666666666667,0.5384615384615384
15011,HyboNet,3,256,0.0002,1,19,0.5511811023622047,0.7666666666666667,0.5384615384615384
15012,HyboNet,3,256,0.0002,1,2,0.5275590551181102,0.6,0.5769230769230769
15013,HyboNet,3,256,0.0002,1,20,0.5433070866141733,0.7666666666666667,0.5384615384615384
15014,HyboNet,3,256,0.0002,1,21,0.5748031496062992,0.7666666666666667,0.5384615384615384
15015,HyboNet,3,256,0.0002,1,22,0.5669291338582677,0.7666666666666667,0.5769230769230769
15016,HyboNet,3,256,0.0002,1,23,0.5748031496062992,0.8,0.6153846153846154
15017,HyboNet,3,256,0.0002,1,24,0.5669291338582677,0.8,0.5769230769230769
15018,HyboNet,3,256,0.0002,1,25,0.5511811023622047,0.8,0.5769230769230769
15019,HyboNet,3,256,0.0002,1,26,0.5511811023622047,0.8333333333333334,0.5769230769230769
15020,HyboNet,3,256,0.0002,1,27,0.5354330708661418,0.8333333333333334,0.5769230769230769
15021,HyboNet,3,256,0.0002,1,28,0.5354330708661418,0.8333333333333334,0.5384615384615384
15022,HyboNet,3,256,0.0002,1,29,0.5275590551181102,0.8333333333333334,0.5384615384615384
15023,HyboNet,3,256,0.0002,1,3,0.5354330708661418,0.6,0.5769230769230769
15024,HyboNet,3,256,0.0002,1,30,0.5275590551181102,0.8666666666666667,0.5769230769230769
15025,HyboNet,3,256,0.0002,1,31,0.5118110236220472,0.8666666666666667,0.5769230769230769
15026,HyboNet,3,256,0.0002,1,32,0.49606299212598426,0.8666666666666667,0.5769230769230769
15027,HyboNet,3,256,0.0002,1,33,0.49606299212598426,0.8666666666666667,0.5769230769230769
15028,HyboNet,3,256,0.0002,1,34,0.49606299212598426,0.8666666666666667,0.5769230769230769
15029,HyboNet,3,256,0.0002,1,35,0.49606299212598426,0.9,0.5384615384615384
15030,HyboNet,3,256,0.0002,1,36,0.49606299212598426,0.9333333333333333,0.5384615384615384
15031,HyboNet,3,256,0.0002,1,37,0.49606299212598426,0.9333333333333333,0.5
15032,HyboNet,3,256,0.0002,1,38,0.49606299212598426,0.9333333333333333,0.46153846153846156
15033,HyboNet,3,256,0.0002,1,39,0.49606299212598426,0.9333333333333333,0.4230769230769231
15034,HyboNet,3,256,0.0002,1,4,0.5354330708661418,0.6,0.5769230769230769
15035,HyboNet,3,256,0.0002,1,40,0.49606299212598426,0.9333333333333333,0.4230769230769231
15036,HyboNet,3,256,0.0002,1,41,0.48031496062992124,0.9333333333333333,0.38461538461538464
15037,HyboNet,3,256,0.0002,1,42,0.49606299212598426,0.9333333333333333,0.46153846153846156
15038,HyboNet,3,256,0.0002,1,43,0.49606299212598426,0.9333333333333333,0.46153846153846156
15039,HyboNet,3,256,0.0002,1,44,0.49606299212598426,0.9333333333333333,0.46153846153846156
15040,HyboNet,3,256,0.0002,1,45,0.49606299212598426,0.9333333333333333,0.46153846153846156
15041,HyboNet,3,256,0.0002,1,46,0.47244094488188976,0.9333333333333333,0.38461538461538464
15042,HyboNet,3,256,0.0002,1,47,0.4645669291338583,0.9333333333333333,0.38461538461538464
15043,HyboNet,3,256,0.0002,1,48,0.4881889763779528,0.9333333333333333,0.5
15044,HyboNet,3,256,0.0002,1,49,0.4881889763779528,0.9333333333333333,0.5
15045,HyboNet,3,256,0.0002,1,5,0.5354330708661418,0.6,0.5769230769230769
15046,HyboNet,3,256,0.0002,1,50,0.48031496062992124,0.9333333333333333,0.5
15047,HyboNet,3,256,0.0002,1,51,0.48031496062992124,0.9333333333333333,0.5
15048,HyboNet,3,256,0.0002,1,52,0.48031496062992124,0.9333333333333333,0.46153846153846156
15049,HyboNet,3,256,0.0002,1,53,0.48031496062992124,0.9333333333333333,0.46153846153846156
15050,HyboNet,3,256,0.0002,1,54,0.47244094488188976,0.9333333333333333,0.46153846153846156
15051,HyboNet,3,256,0.0002,1,55,0.47244094488188976,0.9333333333333333,0.4230769230769231
15052,HyboNet,3,256,0.0002,1,56,0.47244094488188976,0.9333333333333333,0.4230769230769231
15053,HyboNet,3,256,0.0002,1,57,0.47244094488188976,0.9333333333333333,0.4230769230769231
15054,HyboNet,3,256,0.0002,1,58,0.4645669291338583,0.9333333333333333,0.4230769230769231
15055,HyboNet,3,256,0.0002,1,59,0.4645669291338583,0.9333333333333333,0.5
15056,HyboNet,3,256,0.0002,1,6,0.5354330708661418,0.6,0.5769230769230769
15057,HyboNet,3,256,0.0002,1,60,0.4645669291338583,0.9333333333333333,0.5
15058,HyboNet,3,256,0.0002,1,61,0.47244094488188976,0.9333333333333333,0.5
15059,HyboNet,3,256,0.0002,1,62,0.4645669291338583,0.9333333333333333,0.5
15060,HyboNet,3,256,0.0002,1,63,0.47244094488188976,0.9333333333333333,0.5
15061,HyboNet,3,256,0.0002,1,64,0.4566929133858268,0.9333333333333333,0.46153846153846156
15062,HyboNet,3,256,0.0002,1,65,0.4645669291338583,0.9333333333333333,0.4230769230769231
15063,HyboNet,3,256,0.0002,1,66,0.4645669291338583,0.9666666666666667,0.4230769230769231
15064,HyboNet,3,256,0.0002,1,67,0.4566929133858268,0.9666666666666667,0.4230769230769231
15065,HyboNet,3,256,0.0002,1,68,0.4645669291338583,0.9666666666666667,0.46153846153846156
15066,HyboNet,3,256,0.0002,1,69,0.4566929133858268,0.9666666666666667,0.5
15067,HyboNet,3,256,0.0002,1,7,0.5354330708661418,0.6,0.5769230769230769
15068,HyboNet,3,256,0.0002,1,70,0.4566929133858268,0.9666666666666667,0.5
15069,HyboNet,3,256,0.0002,1,71,0.4645669291338583,0.9666666666666667,0.46153846153846156
15070,HyboNet,3,256,0.0002,1,72,0.4645669291338583,0.9666666666666667,0.46153846153846156
15071,HyboNet,3,256,0.0002,1,73,0.4645669291338583,0.9666666666666667,0.4230769230769231
15072,HyboNet,3,256,0.0002,1,74,0.4645669291338583,1.0,0.38461538461538464
15073,HyboNet,3,256,0.0002,1,75,0.4645669291338583,1.0,0.38461538461538464
15074,HyboNet,3,256,0.0002,1,76,0.4645669291338583,1.0,0.38461538461538464
15075,HyboNet,3,256,0.0002,1,77,0.47244094488188976,1.0,0.38461538461538464
15076,HyboNet,3,256,0.0002,1,78,0.47244094488188976,1.0,0.38461538461538464
15077,HyboNet,3,256,0.0002,1,79,0.47244094488188976,1.0,0.34615384615384615
15078,HyboNet,3,256,0.0002,1,8,0.5354330708661418,0.6,0.5769230769230769
15079,HyboNet,3,256,0.0002,1,80,0.4566929133858268,1.0,0.34615384615384615
15080,HyboNet,3,256,0.0002,1,81,0.4409448818897638,1.0,0.34615384615384615
15081,HyboNet,3,256,0.0002,1,82,0.4566929133858268,1.0,0.34615384615384615
15082,HyboNet,3,256,0.0002,1,83,0.4566929133858268,1.0,0.34615384615384615
15083,HyboNet,3,256,0.0002,1,84,0.4566929133858268,1.0,0.34615384615384615
15084,HyboNet,3,256,0.0002,1,85,0.44881889763779526,1.0,0.34615384615384615
15085,HyboNet,3,256,0.0002,1,86,0.44881889763779526,1.0,0.3076923076923077
15086,HyboNet,3,256,0.0002,1,87,0.4251968503937008,1.0,0.3076923076923077
15087,HyboNet,3,256,0.0002,1,88,0.4251968503937008,1.0,0.3076923076923077
15088,HyboNet,3,256,0.0002,1,89,0.4251968503937008,1.0,0.3076923076923077
15089,HyboNet,3,256,0.0002,1,9,0.5275590551181102,0.6333333333333333,0.5769230769230769
15090,HyboNet,3,256,0.0002,1,90,0.44881889763779526,1.0,0.3076923076923077
15091,HyboNet,3,256,0.0002,1,91,0.4409448818897638,1.0,0.34615384615384615
15092,HyboNet,3,256,0.0002,1,92,0.4330708661417323,1.0,0.3076923076923077
15093,HyboNet,3,256,0.0002,1,93,0.4251968503937008,1.0,0.3076923076923077
15094,HyboNet,3,256,0.0002,1,94,0.4330708661417323,1.0,0.3076923076923077
15095,HyboNet,3,256,0.0002,1,95,0.4251968503937008,1.0,0.3076923076923077
15096,HyboNet,3,256,0.0002,1,96,0.4251968503937008,1.0,0.3076923076923077
15097,HyboNet,3,256,0.0002,1,97,0.4251968503937008,1.0,0.3076923076923077
15098,HyboNet,3,256,0.0002,1,98,0.4330708661417323,1.0,0.3076923076923077
15099,HyboNet,3,256,0.0002,1,99,0.4330708661417323,1.0,0.3076923076923077
15100,HyboNet,3,256,0.0002,10,1,0.5354330708661418,0.6,0.5769230769230769
15101,HyboNet,3,256,0.0002,10,10,0.5275590551181102,0.7333333333333333,0.5384615384615384
15102,HyboNet,3,256,0.0002,10,100,0.4566929133858268,1.0,0.4230769230769231
15103,HyboNet,3,256,0.0002,10,11,0.5354330708661418,0.7333333333333333,0.5384615384615384
15104,HyboNet,3,256,0.0002,10,12,0.5354330708661418,0.7333333333333333,0.5384615384615384
15105,HyboNet,3,256,0.0002,10,13,0.5354330708661418,0.7333333333333333,0.5384615384615384
15106,HyboNet,3,256,0.0002,10,14,0.5354330708661418,0.7333333333333333,0.5384615384615384
15107,HyboNet,3,256,0.0002,10,15,0.5511811023622047,0.7333333333333333,0.5384615384615384
15108,HyboNet,3,256,0.0002,10,16,0.5511811023622047,0.7333333333333333,0.5384615384615384
15109,HyboNet,3,256,0.0002,10,17,0.5433070866141733,0.7666666666666667,0.5384615384615384
15110,HyboNet,3,256,0.0002,10,18,0.5433070866141733,0.7666666666666667,0.5384615384615384
15111,HyboNet,3,256,0.0002,10,19,0.5590551181102362,0.7666666666666667,0.5769230769230769
15112,HyboNet,3,256,0.0002,10,2,0.5354330708661418,0.6,0.5769230769230769
15113,HyboNet,3,256,0.0002,10,20,0.5275590551181102,0.8,0.5384615384615384
15114,HyboNet,3,256,0.0002,10,21,0.5196850393700787,0.8,0.5384615384615384
15115,HyboNet,3,256,0.0002,10,22,0.5196850393700787,0.8,0.5384615384615384
15116,HyboNet,3,256,0.0002,10,23,0.5196850393700787,0.8,0.5384615384615384
15117,HyboNet,3,256,0.0002,10,24,0.5039370078740157,0.8,0.5384615384615384
15118,HyboNet,3,256,0.0002,10,25,0.5039370078740157,0.8333333333333334,0.5384615384615384
15119,HyboNet,3,256,0.0002,10,26,0.5039370078740157,0.8333333333333334,0.5384615384615384
15120,HyboNet,3,256,0.0002,10,27,0.5039370078740157,0.8333333333333334,0.5384615384615384
15121,HyboNet,3,256,0.0002,10,28,0.5039370078740157,0.8333333333333334,0.5
15122,HyboNet,3,256,0.0002,10,29,0.5039370078740157,0.8333333333333334,0.5
15123,HyboNet,3,256,0.0002,10,3,0.5354330708661418,0.6,0.5769230769230769
15124,HyboNet,3,256,0.0002,10,30,0.49606299212598426,0.8333333333333334,0.5
15125,HyboNet,3,256,0.0002,10,31,0.49606299212598426,0.8666666666666667,0.5
15126,HyboNet,3,256,0.0002,10,32,0.49606299212598426,0.8666666666666667,0.5
15127,HyboNet,3,256,0.0002,10,33,0.5196850393700787,0.8666666666666667,0.5
15128,HyboNet,3,256,0.0002,10,34,0.5039370078740157,0.8666666666666667,0.5384615384615384
15129,HyboNet,3,256,0.0002,10,35,0.5039370078740157,0.9,0.5384615384615384
15130,HyboNet,3,256,0.0002,10,36,0.49606299212598426,0.9,0.5384615384615384
15131,HyboNet,3,256,0.0002,10,37,0.49606299212598426,0.9,0.5384615384615384
15132,HyboNet,3,256,0.0002,10,38,0.49606299212598426,0.9,0.5384615384615384
15133,HyboNet,3,256,0.0002,10,39,0.49606299212598426,0.9333333333333333,0.5384615384615384
15134,HyboNet,3,256,0.0002,10,4,0.5354330708661418,0.6,0.5769230769230769
15135,HyboNet,3,256,0.0002,10,40,0.49606299212598426,0.9333333333333333,0.5384615384615384
15136,HyboNet,3,256,0.0002,10,41,0.4881889763779528,0.9666666666666667,0.5384615384615384
15137,HyboNet,3,256,0.0002,10,42,0.4645669291338583,0.9666666666666667,0.5384615384615384
15138,HyboNet,3,256,0.0002,10,43,0.4645669291338583,0.9666666666666667,0.5384615384615384
15139,HyboNet,3,256,0.0002,10,44,0.4645669291338583,0.9666666666666667,0.5384615384615384
15140,HyboNet,3,256,0.0002,10,45,0.4566929133858268,0.9666666666666667,0.5384615384615384
15141,HyboNet,3,256,0.0002,10,46,0.4566929133858268,0.9666666666666667,0.5384615384615384
15142,HyboNet,3,256,0.0002,10,47,0.4645669291338583,0.9666666666666667,0.5384615384615384
15143,HyboNet,3,256,0.0002,10,48,0.48031496062992124,0.9666666666666667,0.5384615384615384
15144,HyboNet,3,256,0.0002,10,49,0.4881889763779528,0.9666666666666667,0.5384615384615384
15145,HyboNet,3,256,0.0002,10,5,0.5354330708661418,0.6,0.5769230769230769
15146,HyboNet,3,256,0.0002,10,50,0.4881889763779528,0.9666666666666667,0.5384615384615384
15147,HyboNet,3,256,0.0002,10,51,0.4881889763779528,0.9666666666666667,0.5
15148,HyboNet,3,256,0.0002,10,52,0.4881889763779528,0.9666666666666667,0.5
15149,HyboNet,3,256,0.0002,10,53,0.4881889763779528,0.9333333333333333,0.5
15150,HyboNet,3,256,0.0002,10,54,0.49606299212598426,0.9333333333333333,0.5
15151,HyboNet,3,256,0.0002,10,55,0.4881889763779528,0.9333333333333333,0.5
15152,HyboNet,3,256,0.0002,10,56,0.49606299212598426,0.9333333333333333,0.5
15153,HyboNet,3,256,0.0002,10,57,0.4881889763779528,0.9666666666666667,0.5
15154,HyboNet,3,256,0.0002,10,58,0.5039370078740157,1.0,0.5
15155,HyboNet,3,256,0.0002,10,59,0.49606299212598426,1.0,0.46153846153846156
15156,HyboNet,3,256,0.0002,10,6,0.5354330708661418,0.6,0.5769230769230769
15157,HyboNet,3,256,0.0002,10,60,0.4881889763779528,0.9666666666666667,0.5
15158,HyboNet,3,256,0.0002,10,61,0.4881889763779528,0.9666666666666667,0.5
15159,HyboNet,3,256,0.0002,10,62,0.48031496062992124,0.9666666666666667,0.5
15160,HyboNet,3,256,0.0002,10,63,0.5039370078740157,0.9666666666666667,0.5
15161,HyboNet,3,256,0.0002,10,64,0.5039370078740157,0.9666666666666667,0.5
15162,HyboNet,3,256,0.0002,10,65,0.4881889763779528,0.9666666666666667,0.46153846153846156
15163,HyboNet,3,256,0.0002,10,66,0.48031496062992124,1.0,0.46153846153846156
15164,HyboNet,3,256,0.0002,10,67,0.47244094488188976,1.0,0.4230769230769231
15165,HyboNet,3,256,0.0002,10,68,0.47244094488188976,1.0,0.4230769230769231
15166,HyboNet,3,256,0.0002,10,69,0.47244094488188976,1.0,0.4230769230769231
15167,HyboNet,3,256,0.0002,10,7,0.5354330708661418,0.6333333333333333,0.5769230769230769
15168,HyboNet,3,256,0.0002,10,70,0.47244094488188976,1.0,0.4230769230769231
15169,HyboNet,3,256,0.0002,10,71,0.4881889763779528,1.0,0.4230769230769231
15170,HyboNet,3,256,0.0002,10,72,0.4881889763779528,1.0,0.4230769230769231
15171,HyboNet,3,256,0.0002,10,73,0.4881889763779528,1.0,0.4230769230769231
15172,HyboNet,3,256,0.0002,10,74,0.48031496062992124,1.0,0.4230769230769231
15173,HyboNet,3,256,0.0002,10,75,0.48031496062992124,1.0,0.4230769230769231
15174,HyboNet,3,256,0.0002,10,76,0.48031496062992124,1.0,0.4230769230769231
15175,HyboNet,3,256,0.0002,10,77,0.48031496062992124,1.0,0.4230769230769231
15176,HyboNet,3,256,0.0002,10,78,0.4645669291338583,1.0,0.4230769230769231
15177,HyboNet,3,256,0.0002,10,79,0.4566929133858268,1.0,0.4230769230769231
15178,HyboNet,3,256,0.0002,10,8,0.5433070866141733,0.7,0.5769230769230769
15179,HyboNet,3,256,0.0002,10,80,0.4566929133858268,1.0,0.4230769230769231
15180,HyboNet,3,256,0.0002,10,81,0.4566929133858268,1.0,0.4230769230769231
15181,HyboNet,3,256,0.0002,10,82,0.4645669291338583,1.0,0.4230769230769231
15182,HyboNet,3,256,0.0002,10,83,0.4566929133858268,1.0,0.4230769230769231
15183,HyboNet,3,256,0.0002,10,84,0.4645669291338583,1.0,0.4230769230769231
15184,HyboNet,3,256,0.0002,10,85,0.47244094488188976,1.0,0.4230769230769231
15185,HyboNet,3,256,0.0002,10,86,0.4645669291338583,1.0,0.4230769230769231
15186,HyboNet,3,256,0.0002,10,87,0.4566929133858268,1.0,0.4230769230769231
15187,HyboNet,3,256,0.0002,10,88,0.4566929133858268,1.0,0.4230769230769231
15188,HyboNet,3,256,0.0002,10,89,0.4645669291338583,1.0,0.4230769230769231
15189,HyboNet,3,256,0.0002,10,9,0.5354330708661418,0.7,0.5384615384615384
15190,HyboNet,3,256,0.0002,10,90,0.4566929133858268,1.0,0.4230769230769231
15191,HyboNet,3,256,0.0002,10,91,0.4409448818897638,1.0,0.4230769230769231
15192,HyboNet,3,256,0.0002,10,92,0.4409448818897638,1.0,0.4230769230769231
15193,HyboNet,3,256,0.0002,10,93,0.4566929133858268,1.0,0.4230769230769231
15194,HyboNet,3,256,0.0002,10,94,0.4645669291338583,1.0,0.38461538461538464
15195,HyboNet,3,256,0.0002,10,95,0.4409448818897638,1.0,0.38461538461538464
15196,HyboNet,3,256,0.0002,10,96,0.44881889763779526,1.0,0.38461538461538464
15197,HyboNet,3,256,0.0002,10,97,0.4409448818897638,1.0,0.38461538461538464
15198,HyboNet,3,256,0.0002,10,98,0.44881889763779526,1.0,0.4230769230769231
15199,HyboNet,3,256,0.0002,10,99,0.4566929133858268,1.0,0.4230769230769231
15200,HyboNet,3,256,0.0002,2,1,0.49606299212598426,0.5333333333333333,0.5769230769230769
15201,HyboNet,3,256,0.0002,2,10,0.5354330708661418,0.7,0.5769230769230769
15202,HyboNet,3,256,0.0002,2,100,0.47244094488188976,1.0,0.46153846153846156
15203,HyboNet,3,256,0.0002,2,11,0.5433070866141733,0.7333333333333333,0.5769230769230769
15204,HyboNet,3,256,0.0002,2,12,0.5433070866141733,0.7333333333333333,0.5769230769230769
15205,HyboNet,3,256,0.0002,2,13,0.5433070866141733,0.7333333333333333,0.5769230769230769
15206,HyboNet,3,256,0.0002,2,14,0.5433070866141733,0.7,0.5769230769230769
15207,HyboNet,3,256,0.0002,2,15,0.5433070866141733,0.7333333333333333,0.5769230769230769
15208,HyboNet,3,256,0.0002,2,16,0.5433070866141733,0.7666666666666667,0.5769230769230769
15209,HyboNet,3,256,0.0002,2,17,0.5433070866141733,0.7666666666666667,0.5769230769230769
15210,HyboNet,3,256,0.0002,2,18,0.5354330708661418,0.7666666666666667,0.5769230769230769
15211,HyboNet,3,256,0.0002,2,19,0.5354330708661418,0.7666666666666667,0.5769230769230769
15212,HyboNet,3,256,0.0002,2,2,0.5354330708661418,0.6,0.5769230769230769
15213,HyboNet,3,256,0.0002,2,20,0.5590551181102362,0.7666666666666667,0.5769230769230769
15214,HyboNet,3,256,0.0002,2,21,0.5433070866141733,0.7666666666666667,0.5
15215,HyboNet,3,256,0.0002,2,22,0.5433070866141733,0.7333333333333333,0.5384615384615384
15216,HyboNet,3,256,0.0002,2,23,0.5433070866141733,0.7333333333333333,0.5769230769230769
15217,HyboNet,3,256,0.0002,2,24,0.5433070866141733,0.7333333333333333,0.5769230769230769
15218,HyboNet,3,256,0.0002,2,25,0.5433070866141733,0.7666666666666667,0.5769230769230769
15219,HyboNet,3,256,0.0002,2,26,0.5433070866141733,0.7333333333333333,0.5769230769230769
15220,HyboNet,3,256,0.0002,2,27,0.5354330708661418,0.7333333333333333,0.5769230769230769
15221,HyboNet,3,256,0.0002,2,28,0.5354330708661418,0.7333333333333333,0.5769230769230769
15222,HyboNet,3,256,0.0002,2,29,0.5275590551181102,0.8,0.5769230769230769
15223,HyboNet,3,256,0.0002,2,3,0.5354330708661418,0.6,0.5769230769230769
15224,HyboNet,3,256,0.0002,2,30,0.5354330708661418,0.8333333333333334,0.5769230769230769
15225,HyboNet,3,256,0.0002,2,31,0.5275590551181102,0.8333333333333334,0.5769230769230769
15226,HyboNet,3,256,0.0002,2,32,0.5275590551181102,0.8333333333333334,0.5769230769230769
15227,HyboNet,3,256,0.0002,2,33,0.5275590551181102,0.8333333333333334,0.5769230769230769
15228,HyboNet,3,256,0.0002,2,34,0.5354330708661418,0.8666666666666667,0.5769230769230769
15229,HyboNet,3,256,0.0002,2,35,0.5354330708661418,0.9,0.5769230769230769
15230,HyboNet,3,256,0.0002,2,36,0.5275590551181102,0.9,0.5769230769230769
15231,HyboNet,3,256,0.0002,2,37,0.5196850393700787,0.9,0.5769230769230769
15232,HyboNet,3,256,0.0002,2,38,0.5039370078740157,0.9,0.5384615384615384
15233,HyboNet,3,256,0.0002,2,39,0.5039370078740157,0.9,0.5
15234,HyboNet,3,256,0.0002,2,4,0.5354330708661418,0.6,0.5769230769230769
15235,HyboNet,3,256,0.0002,2,40,0.5118110236220472,0.9,0.5
15236,HyboNet,3,256,0.0002,2,41,0.5039370078740157,0.9,0.5
15237,HyboNet,3,256,0.0002,2,42,0.5039370078740157,0.9,0.5
15238,HyboNet,3,256,0.0002,2,43,0.49606299212598426,0.9333333333333333,0.5
15239,HyboNet,3,256,0.0002,2,44,0.4881889763779528,0.9333333333333333,0.5
15240,HyboNet,3,256,0.0002,2,45,0.48031496062992124,0.9333333333333333,0.5
15241,HyboNet,3,256,0.0002,2,46,0.48031496062992124,0.9333333333333333,0.5
15242,HyboNet,3,256,0.0002,2,47,0.48031496062992124,0.9333333333333333,0.5
15243,HyboNet,3,256,0.0002,2,48,0.48031496062992124,0.9333333333333333,0.5
15244,HyboNet,3,256,0.0002,2,49,0.48031496062992124,0.9333333333333333,0.5
15245,HyboNet,3,256,0.0002,2,5,0.5354330708661418,0.6,0.5769230769230769
15246,HyboNet,3,256,0.0002,2,50,0.48031496062992124,0.9333333333333333,0.5
15247,HyboNet,3,256,0.0002,2,51,0.4881889763779528,0.9333333333333333,0.5
15248,HyboNet,3,256,0.0002,2,52,0.47244094488188976,0.9333333333333333,0.5
15249,HyboNet,3,256,0.0002,2,53,0.48031496062992124,0.9333333333333333,0.5
15250,HyboNet,3,256,0.0002,2,54,0.47244094488188976,0.9333333333333333,0.5
15251,HyboNet,3,256,0.0002,2,55,0.4645669291338583,0.9333333333333333,0.5
15252,HyboNet,3,256,0.0002,2,56,0.4566929133858268,0.9333333333333333,0.5
15253,HyboNet,3,256,0.0002,2,57,0.4566929133858268,0.9666666666666667,0.5
15254,HyboNet,3,256,0.0002,2,58,0.47244094488188976,0.9666666666666667,0.5384615384615384
15255,HyboNet,3,256,0.0002,2,59,0.47244094488188976,0.9666666666666667,0.5384615384615384
15256,HyboNet,3,256,0.0002,2,6,0.5354330708661418,0.6,0.5769230769230769
15257,HyboNet,3,256,0.0002,2,60,0.48031496062992124,0.9666666666666667,0.5384615384615384
15258,HyboNet,3,256,0.0002,2,61,0.47244094488188976,0.9333333333333333,0.5384615384615384
15259,HyboNet,3,256,0.0002,2,62,0.47244094488188976,0.9333333333333333,0.5384615384615384
15260,HyboNet,3,256,0.0002,2,63,0.4881889763779528,0.9333333333333333,0.5384615384615384
15261,HyboNet,3,256,0.0002,2,64,0.49606299212598426,0.9666666666666667,0.5384615384615384
15262,HyboNet,3,256,0.0002,2,65,0.5039370078740157,1.0,0.5384615384615384
15263,HyboNet,3,256,0.0002,2,66,0.4881889763779528,1.0,0.5384615384615384
15264,HyboNet,3,256,0.0002,2,67,0.4881889763779528,1.0,0.5384615384615384
15265,HyboNet,3,256,0.0002,2,68,0.49606299212598426,1.0,0.5384615384615384
15266,HyboNet,3,256,0.0002,2,69,0.49606299212598426,1.0,0.5384615384615384
15267,HyboNet,3,256,0.0002,2,7,0.5354330708661418,0.6,0.5769230769230769
15268,HyboNet,3,256,0.0002,2,70,0.5039370078740157,1.0,0.5384615384615384
15269,HyboNet,3,256,0.0002,2,71,0.49606299212598426,1.0,0.5384615384615384
15270,HyboNet,3,256,0.0002,2,72,0.48031496062992124,1.0,0.5384615384615384
15271,HyboNet,3,256,0.0002,2,73,0.48031496062992124,1.0,0.5384615384615384
15272,HyboNet,3,256,0.0002,2,74,0.47244094488188976,1.0,0.5384615384615384
15273,HyboNet,3,256,0.0002,2,75,0.4881889763779528,1.0,0.5
15274,HyboNet,3,256,0.0002,2,76,0.48031496062992124,1.0,0.5
15275,HyboNet,3,256,0.0002,2,77,0.48031496062992124,1.0,0.5
15276,HyboNet,3,256,0.0002,2,78,0.48031496062992124,1.0,0.46153846153846156
15277,HyboNet,3,256,0.0002,2,79,0.47244094488188976,1.0,0.46153846153846156
15278,HyboNet,3,256,0.0002,2,8,0.5354330708661418,0.6333333333333333,0.5769230769230769
15279,HyboNet,3,256,0.0002,2,80,0.47244094488188976,1.0,0.46153846153846156
15280,HyboNet,3,256,0.0002,2,81,0.4881889763779528,1.0,0.5
15281,HyboNet,3,256,0.0002,2,82,0.4881889763779528,1.0,0.5
15282,HyboNet,3,256,0.0002,2,83,0.48031496062992124,1.0,0.5
15283,HyboNet,3,256,0.0002,2,84,0.4881889763779528,1.0,0.46153846153846156
15284,HyboNet,3,256,0.0002,2,85,0.4881889763779528,1.0,0.46153846153846156
15285,HyboNet,3,256,0.0002,2,86,0.49606299212598426,1.0,0.46153846153846156
15286,HyboNet,3,256,0.0002,2,87,0.48031496062992124,1.0,0.46153846153846156
15287,HyboNet,3,256,0.0002,2,88,0.48031496062992124,1.0,0.46153846153846156
15288,HyboNet,3,256,0.0002,2,89,0.47244094488188976,1.0,0.46153846153846156
15289,HyboNet,3,256,0.0002,2,9,0.5354330708661418,0.7,0.5769230769230769
15290,HyboNet,3,256,0.0002,2,90,0.4881889763779528,1.0,0.46153846153846156
15291,HyboNet,3,256,0.0002,2,91,0.48031496062992124,1.0,0.46153846153846156
15292,HyboNet,3,256,0.0002,2,92,0.48031496062992124,1.0,0.46153846153846156
15293,HyboNet,3,256,0.0002,2,93,0.4881889763779528,1.0,0.46153846153846156
15294,HyboNet,3,256,0.0002,2,94,0.49606299212598426,1.0,0.46153846153846156
15295,HyboNet,3,256,0.0002,2,95,0.5039370078740157,1.0,0.46153846153846156
15296,HyboNet,3,256,0.0002,2,96,0.5039370078740157,1.0,0.46153846153846156
15297,HyboNet,3,256,0.0002,2,97,0.49606299212598426,1.0,0.46153846153846156
15298,HyboNet,3,256,0.0002,2,98,0.4881889763779528,1.0,0.46153846153846156
15299,HyboNet,3,256,0.0002,2,99,0.48031496062992124,1.0,0.46153846153846156
15300,HyboNet,3,256,0.0002,3,1,0.5039370078740157,0.6,0.5769230769230769
15301,HyboNet,3,256,0.0002,3,10,0.5511811023622047,0.7666666666666667,0.6153846153846154
15302,HyboNet,3,256,0.0002,3,100,0.44881889763779526,1.0,0.4230769230769231
15303,HyboNet,3,256,0.0002,3,11,0.5275590551181102,0.7666666666666667,0.6153846153846154
15304,HyboNet,3,256,0.0002,3,12,0.5433070866141733,0.7666666666666667,0.5769230769230769
15305,HyboNet,3,256,0.0002,3,13,0.5354330708661418,0.7666666666666667,0.5769230769230769
15306,HyboNet,3,256,0.0002,3,14,0.5433070866141733,0.7666666666666667,0.5769230769230769
15307,HyboNet,3,256,0.0002,3,15,0.5433070866141733,0.7666666666666667,0.6153846153846154
15308,HyboNet,3,256,0.0002,3,16,0.5511811023622047,0.7666666666666667,0.5769230769230769
15309,HyboNet,3,256,0.0002,3,17,0.5511811023622047,0.7666666666666667,0.5769230769230769
15310,HyboNet,3,256,0.0002,3,18,0.5511811023622047,0.7666666666666667,0.5769230769230769
15311,HyboNet,3,256,0.0002,3,19,0.5354330708661418,0.7666666666666667,0.5769230769230769
15312,HyboNet,3,256,0.0002,3,2,0.5354330708661418,0.6,0.5769230769230769
15313,HyboNet,3,256,0.0002,3,20,0.5354330708661418,0.7666666666666667,0.5384615384615384
15314,HyboNet,3,256,0.0002,3,21,0.5354330708661418,0.7666666666666667,0.5384615384615384
15315,HyboNet,3,256,0.0002,3,22,0.5118110236220472,0.8,0.5769230769230769
15316,HyboNet,3,256,0.0002,3,23,0.5039370078740157,0.8,0.5
15317,HyboNet,3,256,0.0002,3,24,0.5039370078740157,0.8,0.46153846153846156
15318,HyboNet,3,256,0.0002,3,25,0.5118110236220472,0.8333333333333334,0.46153846153846156
15319,HyboNet,3,256,0.0002,3,26,0.5118110236220472,0.8666666666666667,0.46153846153846156
15320,HyboNet,3,256,0.0002,3,27,0.5118110236220472,0.8666666666666667,0.46153846153846156
15321,HyboNet,3,256,0.0002,3,28,0.5118110236220472,0.9,0.46153846153846156
15322,HyboNet,3,256,0.0002,3,29,0.5118110236220472,0.9,0.46153846153846156
15323,HyboNet,3,256,0.0002,3,3,0.5354330708661418,0.6,0.5769230769230769
15324,HyboNet,3,256,0.0002,3,30,0.4881889763779528,0.9,0.46153846153846156
15325,HyboNet,3,256,0.0002,3,31,0.4881889763779528,0.9,0.46153846153846156
15326,HyboNet,3,256,0.0002,3,32,0.4881889763779528,0.9,0.46153846153846156
15327,HyboNet,3,256,0.0002,3,33,0.48031496062992124,0.9333333333333333,0.46153846153846156
15328,HyboNet,3,256,0.0002,3,34,0.4881889763779528,0.9333333333333333,0.5
15329,HyboNet,3,256,0.0002,3,35,0.4881889763779528,0.9333333333333333,0.5
15330,HyboNet,3,256,0.0002,3,36,0.49606299212598426,0.9333333333333333,0.5
15331,HyboNet,3,256,0.0002,3,37,0.4881889763779528,0.9333333333333333,0.5
15332,HyboNet,3,256,0.0002,3,38,0.48031496062992124,0.9333333333333333,0.5
15333,HyboNet,3,256,0.0002,3,39,0.48031496062992124,0.9333333333333333,0.5
15334,HyboNet,3,256,0.0002,3,4,0.5354330708661418,0.6,0.5769230769230769
15335,HyboNet,3,256,0.0002,3,40,0.48031496062992124,0.9333333333333333,0.5384615384615384
15336,HyboNet,3,256,0.0002,3,41,0.48031496062992124,0.9333333333333333,0.5384615384615384
15337,HyboNet,3,256,0.0002,3,42,0.48031496062992124,0.9333333333333333,0.5384615384615384
15338,HyboNet,3,256,0.0002,3,43,0.47244094488188976,0.9333333333333333,0.5384615384615384
15339,HyboNet,3,256,0.0002,3,44,0.4645669291338583,0.9333333333333333,0.5
15340,HyboNet,3,256,0.0002,3,45,0.4645669291338583,0.9333333333333333,0.5384615384615384
15341,HyboNet,3,256,0.0002,3,46,0.4566929133858268,0.9333333333333333,0.5384615384615384
15342,HyboNet,3,256,0.0002,3,47,0.4566929133858268,0.9333333333333333,0.5384615384615384
15343,HyboNet,3,256,0.0002,3,48,0.4645669291338583,0.9333333333333333,0.5
15344,HyboNet,3,256,0.0002,3,49,0.4645669291338583,0.9333333333333333,0.5384615384615384
15345,HyboNet,3,256,0.0002,3,5,0.5354330708661418,0.6,0.5769230769230769
15346,HyboNet,3,256,0.0002,3,50,0.4566929133858268,0.9333333333333333,0.5384615384615384
15347,HyboNet,3,256,0.0002,3,51,0.47244094488188976,0.9333333333333333,0.5
15348,HyboNet,3,256,0.0002,3,52,0.47244094488188976,0.9333333333333333,0.5
15349,HyboNet,3,256,0.0002,3,53,0.47244094488188976,0.9333333333333333,0.5
15350,HyboNet,3,256,0.0002,3,54,0.48031496062992124,0.9333333333333333,0.5
15351,HyboNet,3,256,0.0002,3,55,0.48031496062992124,0.9333333333333333,0.5
15352,HyboNet,3,256,0.0002,3,56,0.48031496062992124,0.9333333333333333,0.46153846153846156
15353,HyboNet,3,256,0.0002,3,57,0.4881889763779528,0.9333333333333333,0.46153846153846156
15354,HyboNet,3,256,0.0002,3,58,0.48031496062992124,0.9333333333333333,0.46153846153846156
15355,HyboNet,3,256,0.0002,3,59,0.47244094488188976,0.9333333333333333,0.46153846153846156
15356,HyboNet,3,256,0.0002,3,6,0.5354330708661418,0.6333333333333333,0.5769230769230769
15357,HyboNet,3,256,0.0002,3,60,0.48031496062992124,0.9333333333333333,0.46153846153846156
15358,HyboNet,3,256,0.0002,3,61,0.47244094488188976,0.9666666666666667,0.46153846153846156
15359,HyboNet,3,256,0.0002,3,62,0.48031496062992124,0.9333333333333333,0.46153846153846156
15360,HyboNet,3,256,0.0002,3,63,0.4881889763779528,0.9666666666666667,0.46153846153846156
15361,HyboNet,3,256,0.0002,3,64,0.4881889763779528,0.9666666666666667,0.46153846153846156
15362,HyboNet,3,256,0.0002,3,65,0.4881889763779528,0.9666666666666667,0.46153846153846156
15363,HyboNet,3,256,0.0002,3,66,0.4881889763779528,0.9666666666666667,0.46153846153846156
15364,HyboNet,3,256,0.0002,3,67,0.4881889763779528,0.9666666666666667,0.46153846153846156
15365,HyboNet,3,256,0.0002,3,68,0.4881889763779528,0.9666666666666667,0.46153846153846156
15366,HyboNet,3,256,0.0002,3,69,0.4881889763779528,0.9666666666666667,0.46153846153846156
15367,HyboNet,3,256,0.0002,3,7,0.5354330708661418,0.6333333333333333,0.5769230769230769
15368,HyboNet,3,256,0.0002,3,70,0.4881889763779528,0.9666666666666667,0.46153846153846156
15369,HyboNet,3,256,0.0002,3,71,0.48031496062992124,0.9666666666666667,0.46153846153846156
15370,HyboNet,3,256,0.0002,3,72,0.4881889763779528,0.9666666666666667,0.46153846153846156
15371,HyboNet,3,256,0.0002,3,73,0.48031496062992124,1.0,0.46153846153846156
15372,HyboNet,3,256,0.0002,3,74,0.47244094488188976,1.0,0.46153846153846156
15373,HyboNet,3,256,0.0002,3,75,0.47244094488188976,1.0,0.46153846153846156
15374,HyboNet,3,256,0.0002,3,76,0.47244094488188976,1.0,0.46153846153846156
15375,HyboNet,3,256,0.0002,3,77,0.47244094488188976,1.0,0.46153846153846156
15376,HyboNet,3,256,0.0002,3,78,0.4645669291338583,1.0,0.46153846153846156
15377,HyboNet,3,256,0.0002,3,79,0.4645669291338583,1.0,0.4230769230769231
15378,HyboNet,3,256,0.0002,3,8,0.5354330708661418,0.6333333333333333,0.5769230769230769
15379,HyboNet,3,256,0.0002,3,80,0.4645669291338583,1.0,0.4230769230769231
15380,HyboNet,3,256,0.0002,3,81,0.4566929133858268,1.0,0.4230769230769231
15381,HyboNet,3,256,0.0002,3,82,0.4566929133858268,1.0,0.4230769230769231
15382,HyboNet,3,256,0.0002,3,83,0.4566929133858268,1.0,0.4230769230769231
15383,HyboNet,3,256,0.0002,3,84,0.4645669291338583,1.0,0.4230769230769231
15384,HyboNet,3,256,0.0002,3,85,0.4645669291338583,1.0,0.4230769230769231
15385,HyboNet,3,256,0.0002,3,86,0.47244094488188976,1.0,0.4230769230769231
15386,HyboNet,3,256,0.0002,3,87,0.47244094488188976,1.0,0.4230769230769231
15387,HyboNet,3,256,0.0002,3,88,0.4645669291338583,1.0,0.4230769230769231
15388,HyboNet,3,256,0.0002,3,89,0.4645669291338583,1.0,0.4230769230769231
15389,HyboNet,3,256,0.0002,3,9,0.5354330708661418,0.7333333333333333,0.5769230769230769
15390,HyboNet,3,256,0.0002,3,90,0.4645669291338583,1.0,0.4230769230769231
15391,HyboNet,3,256,0.0002,3,91,0.4645669291338583,1.0,0.4230769230769231
15392,HyboNet,3,256,0.0002,3,92,0.4645669291338583,1.0,0.4230769230769231
15393,HyboNet,3,256,0.0002,3,93,0.44881889763779526,1.0,0.4230769230769231
15394,HyboNet,3,256,0.0002,3,94,0.44881889763779526,1.0,0.4230769230769231
15395,HyboNet,3,256,0.0002,3,95,0.44881889763779526,1.0,0.4230769230769231
15396,HyboNet,3,256,0.0002,3,96,0.4330708661417323,1.0,0.4230769230769231
15397,HyboNet,3,256,0.0002,3,97,0.44881889763779526,1.0,0.4230769230769231
15398,HyboNet,3,256,0.0002,3,98,0.4566929133858268,1.0,0.4230769230769231
15399,HyboNet,3,256,0.0002,3,99,0.4566929133858268,1.0,0.4230769230769231
15400,HyboNet,3,256,0.0002,4,1,0.5196850393700787,0.6,0.5769230769230769
15401,HyboNet,3,256,0.0002,4,10,0.5275590551181102,0.7333333333333333,0.5769230769230769
15402,HyboNet,3,256,0.0002,4,100,0.4645669291338583,1.0,0.46153846153846156
15403,HyboNet,3,256,0.0002,4,11,0.5275590551181102,0.7333333333333333,0.5769230769230769
15404,HyboNet,3,256,0.0002,4,12,0.5275590551181102,0.7333333333333333,0.5769230769230769
15405,HyboNet,3,256,0.0002,4,13,0.5275590551181102,0.7333333333333333,0.5769230769230769
15406,HyboNet,3,256,0.0002,4,14,0.5275590551181102,0.7333333333333333,0.5769230769230769
15407,HyboNet,3,256,0.0002,4,15,0.5275590551181102,0.7333333333333333,0.5769230769230769
15408,HyboNet,3,256,0.0002,4,16,0.5275590551181102,0.7333333333333333,0.5769230769230769
15409,HyboNet,3,256,0.0002,4,17,0.5354330708661418,0.7333333333333333,0.5769230769230769
15410,HyboNet,3,256,0.0002,4,18,0.5590551181102362,0.7666666666666667,0.5769230769230769
15411,HyboNet,3,256,0.0002,4,19,0.5590551181102362,0.8,0.5769230769230769
15412,HyboNet,3,256,0.0002,4,2,0.5354330708661418,0.6333333333333333,0.5769230769230769
15413,HyboNet,3,256,0.0002,4,20,0.5590551181102362,0.8,0.5384615384615384
15414,HyboNet,3,256,0.0002,4,21,0.5511811023622047,0.8,0.5384615384615384
15415,HyboNet,3,256,0.0002,4,22,0.5433070866141733,0.8,0.5384615384615384
15416,HyboNet,3,256,0.0002,4,23,0.5511811023622047,0.8,0.5384615384615384
15417,HyboNet,3,256,0.0002,4,24,0.5511811023622047,0.8,0.5384615384615384
15418,HyboNet,3,256,0.0002,4,25,0.5511811023622047,0.8333333333333334,0.5384615384615384
15419,HyboNet,3,256,0.0002,4,26,0.5433070866141733,0.8333333333333334,0.5
15420,HyboNet,3,256,0.0002,4,27,0.5354330708661418,0.8333333333333334,0.5
15421,HyboNet,3,256,0.0002,4,28,0.5354330708661418,0.8333333333333334,0.5
15422,HyboNet,3,256,0.0002,4,29,0.5433070866141733,0.8333333333333334,0.5
15423,HyboNet,3,256,0.0002,4,3,0.5354330708661418,0.6333333333333333,0.5769230769230769
15424,HyboNet,3,256,0.0002,4,30,0.5354330708661418,0.8333333333333334,0.5384615384615384
15425,HyboNet,3,256,0.0002,4,31,0.5275590551181102,0.8333333333333334,0.5384615384615384
15426,HyboNet,3,256,0.0002,4,32,0.5275590551181102,0.8333333333333334,0.5769230769230769
15427,HyboNet,3,256,0.0002,4,33,0.5275590551181102,0.8666666666666667,0.5384615384615384
15428,HyboNet,3,256,0.0002,4,34,0.5118110236220472,0.8666666666666667,0.5384615384615384
15429,HyboNet,3,256,0.0002,4,35,0.5118110236220472,0.9,0.5384615384615384
15430,HyboNet,3,256,0.0002,4,36,0.5118110236220472,0.9333333333333333,0.5769230769230769
15431,HyboNet,3,256,0.0002,4,37,0.5118110236220472,0.9333333333333333,0.5769230769230769
15432,HyboNet,3,256,0.0002,4,38,0.5118110236220472,0.9333333333333333,0.5769230769230769
15433,HyboNet,3,256,0.0002,4,39,0.48031496062992124,0.9333333333333333,0.5384615384615384
15434,HyboNet,3,256,0.0002,4,4,0.5354330708661418,0.6333333333333333,0.5769230769230769
15435,HyboNet,3,256,0.0002,4,40,0.47244094488188976,0.9666666666666667,0.5384615384615384
15436,HyboNet,3,256,0.0002,4,41,0.48031496062992124,0.9666666666666667,0.5384615384615384
15437,HyboNet,3,256,0.0002,4,42,0.47244094488188976,0.9666666666666667,0.5384615384615384
15438,HyboNet,3,256,0.0002,4,43,0.47244094488188976,0.9666666666666667,0.5384615384615384
15439,HyboNet,3,256,0.0002,4,44,0.47244094488188976,0.9666666666666667,0.5384615384615384
15440,HyboNet,3,256,0.0002,4,45,0.47244094488188976,0.9666666666666667,0.5384615384615384
15441,HyboNet,3,256,0.0002,4,46,0.48031496062992124,0.9666666666666667,0.5384615384615384
15442,HyboNet,3,256,0.0002,4,47,0.48031496062992124,0.9666666666666667,0.5384615384615384
15443,HyboNet,3,256,0.0002,4,48,0.48031496062992124,0.9666666666666667,0.5384615384615384
15444,HyboNet,3,256,0.0002,4,49,0.48031496062992124,0.9666666666666667,0.5384615384615384
15445,HyboNet,3,256,0.0002,4,5,0.5354330708661418,0.6333333333333333,0.5769230769230769
15446,HyboNet,3,256,0.0002,4,50,0.47244094488188976,0.9333333333333333,0.5384615384615384
15447,HyboNet,3,256,0.0002,4,51,0.47244094488188976,0.9333333333333333,0.5384615384615384
15448,HyboNet,3,256,0.0002,4,52,0.48031496062992124,0.9333333333333333,0.5384615384615384
15449,HyboNet,3,256,0.0002,4,53,0.4566929133858268,0.9333333333333333,0.46153846153846156
15450,HyboNet,3,256,0.0002,4,54,0.4566929133858268,0.9666666666666667,0.46153846153846156
15451,HyboNet,3,256,0.0002,4,55,0.47244094488188976,0.9666666666666667,0.46153846153846156
15452,HyboNet,3,256,0.0002,4,56,0.48031496062992124,0.9666666666666667,0.46153846153846156
15453,HyboNet,3,256,0.0002,4,57,0.48031496062992124,0.9666666666666667,0.46153846153846156
15454,HyboNet,3,256,0.0002,4,58,0.48031496062992124,0.9666666666666667,0.46153846153846156
15455,HyboNet,3,256,0.0002,4,59,0.48031496062992124,1.0,0.4230769230769231
15456,HyboNet,3,256,0.0002,4,6,0.5354330708661418,0.6333333333333333,0.5769230769230769
15457,HyboNet,3,256,0.0002,4,60,0.48031496062992124,1.0,0.4230769230769231
15458,HyboNet,3,256,0.0002,4,61,0.49606299212598426,1.0,0.4230769230769231
15459,HyboNet,3,256,0.0002,4,62,0.49606299212598426,1.0,0.4230769230769231
15460,HyboNet,3,256,0.0002,4,63,0.4881889763779528,1.0,0.4230769230769231
15461,HyboNet,3,256,0.0002,4,64,0.4881889763779528,1.0,0.4230769230769231
15462,HyboNet,3,256,0.0002,4,65,0.4645669291338583,1.0,0.4230769230769231
15463,HyboNet,3,256,0.0002,4,66,0.4881889763779528,1.0,0.4230769230769231
15464,HyboNet,3,256,0.0002,4,67,0.47244094488188976,1.0,0.4230769230769231
15465,HyboNet,3,256,0.0002,4,68,0.47244094488188976,1.0,0.4230769230769231
15466,HyboNet,3,256,0.0002,4,69,0.47244094488188976,1.0,0.4230769230769231
15467,HyboNet,3,256,0.0002,4,7,0.5275590551181102,0.7,0.5769230769230769
15468,HyboNet,3,256,0.0002,4,70,0.48031496062992124,1.0,0.4230769230769231
15469,HyboNet,3,256,0.0002,4,71,0.4645669291338583,1.0,0.4230769230769231
15470,HyboNet,3,256,0.0002,4,72,0.4881889763779528,1.0,0.46153846153846156
15471,HyboNet,3,256,0.0002,4,73,0.47244094488188976,1.0,0.46153846153846156
15472,HyboNet,3,256,0.0002,4,74,0.47244094488188976,1.0,0.46153846153846156
15473,HyboNet,3,256,0.0002,4,75,0.47244094488188976,1.0,0.46153846153846156
15474,HyboNet,3,256,0.0002,4,76,0.4566929133858268,1.0,0.46153846153846156
15475,HyboNet,3,256,0.0002,4,77,0.4645669291338583,1.0,0.46153846153846156
15476,HyboNet,3,256,0.0002,4,78,0.4566929133858268,1.0,0.46153846153846156
15477,HyboNet,3,256,0.0002,4,79,0.4566929133858268,1.0,0.4230769230769231
15478,HyboNet,3,256,0.0002,4,8,0.5275590551181102,0.7,0.5769230769230769
15479,HyboNet,3,256,0.0002,4,80,0.4566929133858268,1.0,0.4230769230769231
15480,HyboNet,3,256,0.0002,4,81,0.4566929133858268,1.0,0.4230769230769231
15481,HyboNet,3,256,0.0002,4,82,0.4566929133858268,1.0,0.4230769230769231
15482,HyboNet,3,256,0.0002,4,83,0.4566929133858268,1.0,0.4230769230769231
15483,HyboNet,3,256,0.0002,4,84,0.4566929133858268,1.0,0.4230769230769231
15484,HyboNet,3,256,0.0002,4,85,0.4645669291338583,1.0,0.46153846153846156
15485,HyboNet,3,256,0.0002,4,86,0.47244094488188976,1.0,0.46153846153846156
15486,HyboNet,3,256,0.0002,4,87,0.47244094488188976,1.0,0.46153846153846156
15487,HyboNet,3,256,0.0002,4,88,0.4645669291338583,1.0,0.4230769230769231
15488,HyboNet,3,256,0.0002,4,89,0.4566929133858268,1.0,0.4230769230769231
15489,HyboNet,3,256,0.0002,4,9,0.5275590551181102,0.7333333333333333,0.5769230769230769
15490,HyboNet,3,256,0.0002,4,90,0.4409448818897638,1.0,0.4230769230769231
15491,HyboNet,3,256,0.0002,4,91,0.4409448818897638,1.0,0.4230769230769231
15492,HyboNet,3,256,0.0002,4,92,0.4330708661417323,1.0,0.4230769230769231
15493,HyboNet,3,256,0.0002,4,93,0.4409448818897638,1.0,0.4230769230769231
15494,HyboNet,3,256,0.0002,4,94,0.4566929133858268,1.0,0.46153846153846156
15495,HyboNet,3,256,0.0002,4,95,0.4645669291338583,1.0,0.46153846153846156
15496,HyboNet,3,256,0.0002,4,96,0.47244094488188976,1.0,0.46153846153846156
15497,HyboNet,3,256,0.0002,4,97,0.4645669291338583,1.0,0.46153846153846156
15498,HyboNet,3,256,0.0002,4,98,0.4645669291338583,1.0,0.46153846153846156
15499,HyboNet,3,256,0.0002,4,99,0.4645669291338583,1.0,0.46153846153846156
15500,HyboNet,3,256,0.0002,5,1,0.5275590551181102,0.6,0.5769230769230769
15501,HyboNet,3,256,0.0002,5,10,0.5354330708661418,0.7333333333333333,0.5769230769230769
15502,HyboNet,3,256,0.0002,5,100,0.3858267716535433,1.0,0.34615384615384615
15503,HyboNet,3,256,0.0002,5,11,0.5275590551181102,0.7333333333333333,0.5769230769230769
15504,HyboNet,3,256,0.0002,5,12,0.5354330708661418,0.7333333333333333,0.5769230769230769
15505,HyboNet,3,256,0.0002,5,13,0.5433070866141733,0.7333333333333333,0.5769230769230769
15506,HyboNet,3,256,0.0002,5,14,0.5433070866141733,0.7333333333333333,0.5769230769230769
15507,HyboNet,3,256,0.0002,5,15,0.5511811023622047,0.7666666666666667,0.5769230769230769
15508,HyboNet,3,256,0.0002,5,16,0.5590551181102362,0.7666666666666667,0.5769230769230769
15509,HyboNet,3,256,0.0002,5,17,0.5669291338582677,0.7666666666666667,0.5769230769230769
15510,HyboNet,3,256,0.0002,5,18,0.5590551181102362,0.8,0.6153846153846154
15511,HyboNet,3,256,0.0002,5,19,0.5669291338582677,0.8,0.6153846153846154
15512,HyboNet,3,256,0.0002,5,2,0.5354330708661418,0.6,0.5769230769230769
15513,HyboNet,3,256,0.0002,5,20,0.5511811023622047,0.8,0.5769230769230769
15514,HyboNet,3,256,0.0002,5,21,0.5511811023622047,0.8,0.5769230769230769
15515,HyboNet,3,256,0.0002,5,22,0.5590551181102362,0.8,0.5769230769230769
15516,HyboNet,3,256,0.0002,5,23,0.5590551181102362,0.8,0.5769230769230769
15517,HyboNet,3,256,0.0002,5,24,0.5511811023622047,0.8,0.5769230769230769
15518,HyboNet,3,256,0.0002,5,25,0.5590551181102362,0.8,0.5769230769230769
15519,HyboNet,3,256,0.0002,5,26,0.5511811023622047,0.8,0.5769230769230769
15520,HyboNet,3,256,0.0002,5,27,0.5433070866141733,0.8,0.5769230769230769
15521,HyboNet,3,256,0.0002,5,28,0.5354330708661418,0.8,0.5384615384615384
15522,HyboNet,3,256,0.0002,5,29,0.5275590551181102,0.8,0.5384615384615384
15523,HyboNet,3,256,0.0002,5,3,0.5354330708661418,0.6,0.5769230769230769
15524,HyboNet,3,256,0.0002,5,30,0.5118110236220472,0.8333333333333334,0.5769230769230769
15525,HyboNet,3,256,0.0002,5,31,0.5275590551181102,0.8333333333333334,0.5384615384615384
15526,HyboNet,3,256,0.0002,5,32,0.5196850393700787,0.8333333333333334,0.5384615384615384
15527,HyboNet,3,256,0.0002,5,33,0.5118110236220472,0.9,0.5384615384615384
15528,HyboNet,3,256,0.0002,5,34,0.5118110236220472,0.9,0.5769230769230769
15529,HyboNet,3,256,0.0002,5,35,0.5039370078740157,0.9333333333333333,0.5769230769230769
15530,HyboNet,3,256,0.0002,5,36,0.49606299212598426,0.9333333333333333,0.5769230769230769
15531,HyboNet,3,256,0.0002,5,37,0.48031496062992124,0.9333333333333333,0.5769230769230769
15532,HyboNet,3,256,0.0002,5,38,0.4881889763779528,0.9333333333333333,0.5769230769230769
15533,HyboNet,3,256,0.0002,5,39,0.49606299212598426,0.9333333333333333,0.5769230769230769
15534,HyboNet,3,256,0.0002,5,4,0.5354330708661418,0.6,0.5769230769230769
15535,HyboNet,3,256,0.0002,5,40,0.49606299212598426,0.9333333333333333,0.5769230769230769
15536,HyboNet,3,256,0.0002,5,41,0.49606299212598426,0.9333333333333333,0.5769230769230769
15537,HyboNet,3,256,0.0002,5,42,0.5039370078740157,0.9666666666666667,0.5769230769230769
15538,HyboNet,3,256,0.0002,5,43,0.49606299212598426,0.9666666666666667,0.5769230769230769
15539,HyboNet,3,256,0.0002,5,44,0.49606299212598426,0.9666666666666667,0.5769230769230769
15540,HyboNet,3,256,0.0002,5,45,0.48031496062992124,0.9666666666666667,0.5769230769230769
15541,HyboNet,3,256,0.0002,5,46,0.4881889763779528,0.9666666666666667,0.5769230769230769
15542,HyboNet,3,256,0.0002,5,47,0.48031496062992124,0.9666666666666667,0.5769230769230769
15543,HyboNet,3,256,0.0002,5,48,0.4881889763779528,0.9666666666666667,0.5769230769230769
15544,HyboNet,3,256,0.0002,5,49,0.48031496062992124,0.9666666666666667,0.5769230769230769
15545,HyboNet,3,256,0.0002,5,5,0.5354330708661418,0.6,0.5769230769230769
15546,HyboNet,3,256,0.0002,5,50,0.48031496062992124,0.9666666666666667,0.5769230769230769
15547,HyboNet,3,256,0.0002,5,51,0.4881889763779528,0.9666666666666667,0.5769230769230769
15548,HyboNet,3,256,0.0002,5,52,0.47244094488188976,0.9333333333333333,0.5769230769230769
15549,HyboNet,3,256,0.0002,5,53,0.4645669291338583,0.9333333333333333,0.5769230769230769
15550,HyboNet,3,256,0.0002,5,54,0.44881889763779526,0.9333333333333333,0.5769230769230769
15551,HyboNet,3,256,0.0002,5,55,0.4566929133858268,0.9333333333333333,0.5769230769230769
15552,HyboNet,3,256,0.0002,5,56,0.4566929133858268,0.9333333333333333,0.5769230769230769
15553,HyboNet,3,256,0.0002,5,57,0.4645669291338583,0.9333333333333333,0.5769230769230769
15554,HyboNet,3,256,0.0002,5,58,0.4645669291338583,0.9333333333333333,0.5769230769230769
15555,HyboNet,3,256,0.0002,5,59,0.4409448818897638,0.9333333333333333,0.5769230769230769
15556,HyboNet,3,256,0.0002,5,6,0.5275590551181102,0.6,0.5769230769230769
15557,HyboNet,3,256,0.0002,5,60,0.4409448818897638,0.9333333333333333,0.5769230769230769
15558,HyboNet,3,256,0.0002,5,61,0.4409448818897638,0.9333333333333333,0.5384615384615384
15559,HyboNet,3,256,0.0002,5,62,0.4330708661417323,0.9333333333333333,0.5384615384615384
15560,HyboNet,3,256,0.0002,5,63,0.4330708661417323,0.9333333333333333,0.5
15561,HyboNet,3,256,0.0002,5,64,0.4330708661417323,0.9333333333333333,0.46153846153846156
15562,HyboNet,3,256,0.0002,5,65,0.4330708661417323,0.9333333333333333,0.46153846153846156
15563,HyboNet,3,256,0.0002,5,66,0.4409448818897638,0.9666666666666667,0.4230769230769231
15564,HyboNet,3,256,0.0002,5,67,0.41732283464566927,0.9666666666666667,0.4230769230769231
15565,HyboNet,3,256,0.0002,5,68,0.4094488188976378,0.9666666666666667,0.4230769230769231
15566,HyboNet,3,256,0.0002,5,69,0.4015748031496063,0.9666666666666667,0.4230769230769231
15567,HyboNet,3,256,0.0002,5,7,0.5196850393700787,0.7,0.5769230769230769
15568,HyboNet,3,256,0.0002,5,70,0.4015748031496063,0.9666666666666667,0.4230769230769231
15569,HyboNet,3,256,0.0002,5,71,0.41732283464566927,0.9666666666666667,0.4230769230769231
15570,HyboNet,3,256,0.0002,5,72,0.4251968503937008,0.9666666666666667,0.4230769230769231
15571,HyboNet,3,256,0.0002,5,73,0.41732283464566927,0.9666666666666667,0.4230769230769231
15572,HyboNet,3,256,0.0002,5,74,0.41732283464566927,0.9666666666666667,0.38461538461538464
15573,HyboNet,3,256,0.0002,5,75,0.4015748031496063,0.9666666666666667,0.4230769230769231
15574,HyboNet,3,256,0.0002,5,76,0.3937007874015748,0.9666666666666667,0.4230769230769231
15575,HyboNet,3,256,0.0002,5,77,0.3937007874015748,0.9666666666666667,0.38461538461538464
15576,HyboNet,3,256,0.0002,5,78,0.4015748031496063,0.9666666666666667,0.34615384615384615
15577,HyboNet,3,256,0.0002,5,79,0.4015748031496063,0.9666666666666667,0.34615384615384615
15578,HyboNet,3,256,0.0002,5,8,0.5196850393700787,0.7,0.5769230769230769
15579,HyboNet,3,256,0.0002,5,80,0.4015748031496063,1.0,0.34615384615384615
15580,HyboNet,3,256,0.0002,5,81,0.4015748031496063,1.0,0.34615384615384615
15581,HyboNet,3,256,0.0002,5,82,0.4015748031496063,1.0,0.34615384615384615
15582,HyboNet,3,256,0.0002,5,83,0.4015748031496063,1.0,0.34615384615384615
15583,HyboNet,3,256,0.0002,5,84,0.3858267716535433,1.0,0.38461538461538464
15584,HyboNet,3,256,0.0002,5,85,0.3779527559055118,1.0,0.38461538461538464
15585,HyboNet,3,256,0.0002,5,86,0.3779527559055118,1.0,0.38461538461538464
15586,HyboNet,3,256,0.0002,5,87,0.3858267716535433,1.0,0.34615384615384615
15587,HyboNet,3,256,0.0002,5,88,0.3937007874015748,1.0,0.34615384615384615
15588,HyboNet,3,256,0.0002,5,89,0.3858267716535433,1.0,0.34615384615384615
15589,HyboNet,3,256,0.0002,5,9,0.5275590551181102,0.7333333333333333,0.5769230769230769
15590,HyboNet,3,256,0.0002,5,90,0.3858267716535433,1.0,0.34615384615384615
15591,HyboNet,3,256,0.0002,5,91,0.3937007874015748,1.0,0.34615384615384615
15592,HyboNet,3,256,0.0002,5,92,0.3858267716535433,1.0,0.34615384615384615
15593,HyboNet,3,256,0.0002,5,93,0.3858267716535433,1.0,0.34615384615384615
15594,HyboNet,3,256,0.0002,5,94,0.3700787401574803,1.0,0.34615384615384615
15595,HyboNet,3,256,0.0002,5,95,0.3858267716535433,1.0,0.34615384615384615
15596,HyboNet,3,256,0.0002,5,96,0.3937007874015748,1.0,0.34615384615384615
15597,HyboNet,3,256,0.0002,5,97,0.3937007874015748,1.0,0.34615384615384615
15598,HyboNet,3,256,0.0002,5,98,0.3858267716535433,1.0,0.34615384615384615
15599,HyboNet,3,256,0.0002,5,99,0.3937007874015748,1.0,0.34615384615384615
15600,HyboNet,3,256,0.0002,6,1,0.5118110236220472,0.6,0.5769230769230769
15601,HyboNet,3,256,0.0002,6,10,0.5669291338582677,0.7666666666666667,0.5769230769230769
15602,HyboNet,3,256,0.0002,6,100,0.4881889763779528,1.0,0.4230769230769231
15603,HyboNet,3,256,0.0002,6,11,0.5511811023622047,0.7666666666666667,0.5769230769230769
15604,HyboNet,3,256,0.0002,6,12,0.5433070866141733,0.7666666666666667,0.5769230769230769
15605,HyboNet,3,256,0.0002,6,13,0.5590551181102362,0.7666666666666667,0.5769230769230769
15606,HyboNet,3,256,0.0002,6,14,0.5590551181102362,0.7666666666666667,0.5769230769230769
15607,HyboNet,3,256,0.0002,6,15,0.5590551181102362,0.7666666666666667,0.5769230769230769
15608,HyboNet,3,256,0.0002,6,16,0.5590551181102362,0.7666666666666667,0.5769230769230769
15609,HyboNet,3,256,0.0002,6,17,0.5511811023622047,0.7666666666666667,0.5769230769230769
15610,HyboNet,3,256,0.0002,6,18,0.5511811023622047,0.7666666666666667,0.5769230769230769
15611,HyboNet,3,256,0.0002,6,19,0.5748031496062992,0.7666666666666667,0.6153846153846154
15612,HyboNet,3,256,0.0002,6,2,0.5354330708661418,0.6,0.5769230769230769
15613,HyboNet,3,256,0.0002,6,20,0.5748031496062992,0.8,0.6153846153846154
15614,HyboNet,3,256,0.0002,6,21,0.5748031496062992,0.8,0.5384615384615384
15615,HyboNet,3,256,0.0002,6,22,0.5748031496062992,0.8,0.5384615384615384
15616,HyboNet,3,256,0.0002,6,23,0.5748031496062992,0.8,0.5384615384615384
15617,HyboNet,3,256,0.0002,6,24,0.5748031496062992,0.8,0.5384615384615384
15618,HyboNet,3,256,0.0002,6,25,0.5748031496062992,0.8,0.5769230769230769
15619,HyboNet,3,256,0.0002,6,26,0.5748031496062992,0.8,0.5384615384615384
15620,HyboNet,3,256,0.0002,6,27,0.5669291338582677,0.8333333333333334,0.5
15621,HyboNet,3,256,0.0002,6,28,0.5669291338582677,0.8333333333333334,0.5
15622,HyboNet,3,256,0.0002,6,29,0.5275590551181102,0.8333333333333334,0.5
15623,HyboNet,3,256,0.0002,6,3,0.5354330708661418,0.6,0.5769230769230769
15624,HyboNet,3,256,0.0002,6,30,0.5354330708661418,0.8666666666666667,0.46153846153846156
15625,HyboNet,3,256,0.0002,6,31,0.5275590551181102,0.8666666666666667,0.46153846153846156
15626,HyboNet,3,256,0.0002,6,32,0.5118110236220472,0.8666666666666667,0.46153846153846156
15627,HyboNet,3,256,0.0002,6,33,0.5118110236220472,0.9,0.4230769230769231
15628,HyboNet,3,256,0.0002,6,34,0.5118110236220472,0.9,0.46153846153846156
15629,HyboNet,3,256,0.0002,6,35,0.5118110236220472,0.9,0.46153846153846156
15630,HyboNet,3,256,0.0002,6,36,0.5118110236220472,0.9,0.46153846153846156
15631,HyboNet,3,256,0.0002,6,37,0.5118110236220472,0.9,0.46153846153846156
15632,HyboNet,3,256,0.0002,6,38,0.5118110236220472,0.9,0.46153846153846156
15633,HyboNet,3,256,0.0002,6,39,0.5118110236220472,0.9,0.46153846153846156
15634,HyboNet,3,256,0.0002,6,4,0.5354330708661418,0.6,0.5769230769230769
15635,HyboNet,3,256,0.0002,6,40,0.49606299212598426,0.9,0.5
15636,HyboNet,3,256,0.0002,6,41,0.4881889763779528,0.9,0.5
15637,HyboNet,3,256,0.0002,6,42,0.4881889763779528,0.9,0.5
15638,HyboNet,3,256,0.0002,6,43,0.49606299212598426,0.9,0.5
15639,HyboNet,3,256,0.0002,6,44,0.4881889763779528,0.9333333333333333,0.5
15640,HyboNet,3,256,0.0002,6,45,0.4881889763779528,0.9333333333333333,0.5
15641,HyboNet,3,256,0.0002,6,46,0.47244094488188976,0.9333333333333333,0.5
15642,HyboNet,3,256,0.0002,6,47,0.4881889763779528,0.9333333333333333,0.5
15643,HyboNet,3,256,0.0002,6,48,0.49606299212598426,0.9333333333333333,0.5
15644,HyboNet,3,256,0.0002,6,49,0.49606299212598426,0.9333333333333333,0.5
15645,HyboNet,3,256,0.0002,6,5,0.5354330708661418,0.6,0.5769230769230769
15646,HyboNet,3,256,0.0002,6,50,0.49606299212598426,0.9333333333333333,0.5
15647,HyboNet,3,256,0.0002,6,51,0.4645669291338583,0.9333333333333333,0.5
15648,HyboNet,3,256,0.0002,6,52,0.4881889763779528,0.9333333333333333,0.5
15649,HyboNet,3,256,0.0002,6,53,0.4881889763779528,0.9333333333333333,0.46153846153846156
15650,HyboNet,3,256,0.0002,6,54,0.4881889763779528,0.9333333333333333,0.5
15651,HyboNet,3,256,0.0002,6,55,0.4881889763779528,0.9333333333333333,0.5
15652,HyboNet,3,256,0.0002,6,56,0.4881889763779528,0.9333333333333333,0.5
15653,HyboNet,3,256,0.0002,6,57,0.4881889763779528,0.9333333333333333,0.5
15654,HyboNet,3,256,0.0002,6,58,0.4881889763779528,0.9333333333333333,0.5
15655,HyboNet,3,256,0.0002,6,59,0.4881889763779528,0.9333333333333333,0.5
15656,HyboNet,3,256,0.0002,6,6,0.5354330708661418,0.6,0.5769230769230769
15657,HyboNet,3,256,0.0002,6,60,0.48031496062992124,0.9333333333333333,0.5
15658,HyboNet,3,256,0.0002,6,61,0.4645669291338583,0.9333333333333333,0.5
15659,HyboNet,3,256,0.0002,6,62,0.48031496062992124,0.9333333333333333,0.5
15660,HyboNet,3,256,0.0002,6,63,0.48031496062992124,0.9333333333333333,0.5
15661,HyboNet,3,256,0.0002,6,64,0.47244094488188976,0.9333333333333333,0.5
15662,HyboNet,3,256,0.0002,6,65,0.47244094488188976,0.9333333333333333,0.5
15663,HyboNet,3,256,0.0002,6,66,0.47244094488188976,0.9333333333333333,0.5
15664,HyboNet,3,256,0.0002,6,67,0.49606299212598426,0.9666666666666667,0.5
15665,HyboNet,3,256,0.0002,6,68,0.5118110236220472,0.9666666666666667,0.5
15666,HyboNet,3,256,0.0002,6,69,0.5118110236220472,1.0,0.46153846153846156
15667,HyboNet,3,256,0.0002,6,7,0.5433070866141733,0.6333333333333333,0.5769230769230769
15668,HyboNet,3,256,0.0002,6,70,0.5196850393700787,1.0,0.46153846153846156
15669,HyboNet,3,256,0.0002,6,71,0.5118110236220472,1.0,0.46153846153846156
15670,HyboNet,3,256,0.0002,6,72,0.5039370078740157,1.0,0.46153846153846156
15671,HyboNet,3,256,0.0002,6,73,0.5039370078740157,1.0,0.46153846153846156
15672,HyboNet,3,256,0.0002,6,74,0.49606299212598426,1.0,0.46153846153846156
15673,HyboNet,3,256,0.0002,6,75,0.4881889763779528,1.0,0.46153846153846156
15674,HyboNet,3,256,0.0002,6,76,0.4881889763779528,1.0,0.46153846153846156
15675,HyboNet,3,256,0.0002,6,77,0.48031496062992124,1.0,0.46153846153846156
15676,HyboNet,3,256,0.0002,6,78,0.49606299212598426,1.0,0.46153846153846156
15677,HyboNet,3,256,0.0002,6,79,0.4881889763779528,1.0,0.5
15678,HyboNet,3,256,0.0002,6,8,0.5433070866141733,0.6666666666666666,0.5769230769230769
15679,HyboNet,3,256,0.0002,6,80,0.49606299212598426,1.0,0.46153846153846156
15680,HyboNet,3,256,0.0002,6,81,0.5118110236220472,1.0,0.46153846153846156
15681,HyboNet,3,256,0.0002,6,82,0.5039370078740157,1.0,0.46153846153846156
15682,HyboNet,3,256,0.0002,6,83,0.5039370078740157,1.0,0.46153846153846156
15683,HyboNet,3,256,0.0002,6,84,0.49606299212598426,1.0,0.46153846153846156
15684,HyboNet,3,256,0.0002,6,85,0.5039370078740157,1.0,0.46153846153846156
15685,HyboNet,3,256,0.0002,6,86,0.5039370078740157,1.0,0.46153846153846156
15686,HyboNet,3,256,0.0002,6,87,0.5118110236220472,1.0,0.5
15687,HyboNet,3,256,0.0002,6,88,0.5039370078740157,1.0,0.5
15688,HyboNet,3,256,0.0002,6,89,0.5039370078740157,1.0,0.5
15689,HyboNet,3,256,0.0002,6,9,0.5669291338582677,0.7666666666666667,0.5769230769230769
15690,HyboNet,3,256,0.0002,6,90,0.5118110236220472,1.0,0.46153846153846156
15691,HyboNet,3,256,0.0002,6,91,0.5039370078740157,1.0,0.46153846153846156
15692,HyboNet,3,256,0.0002,6,92,0.49606299212598426,1.0,0.5
15693,HyboNet,3,256,0.0002,6,93,0.4881889763779528,1.0,0.5384615384615384
15694,HyboNet,3,256,0.0002,6,94,0.48031496062992124,1.0,0.5384615384615384
15695,HyboNet,3,256,0.0002,6,95,0.4881889763779528,1.0,0.5
15696,HyboNet,3,256,0.0002,6,96,0.48031496062992124,1.0,0.5
15697,HyboNet,3,256,0.0002,6,97,0.48031496062992124,1.0,0.5
15698,HyboNet,3,256,0.0002,6,98,0.4881889763779528,1.0,0.46153846153846156
15699,HyboNet,3,256,0.0002,6,99,0.48031496062992124,1.0,0.4230769230769231
15700,HyboNet,3,256,0.0002,7,1,0.4094488188976378,0.5666666666666667,0.4230769230769231
15701,HyboNet,3,256,0.0002,7,10,0.5354330708661418,0.7666666666666667,0.5769230769230769
15702,HyboNet,3,256,0.0002,7,100,0.4094488188976378,1.0,0.38461538461538464
15703,HyboNet,3,256,0.0002,7,11,0.5354330708661418,0.7666666666666667,0.6153846153846154
15704,HyboNet,3,256,0.0002,7,12,0.5275590551181102,0.7666666666666667,0.5
15705,HyboNet,3,256,0.0002,7,13,0.5275590551181102,0.8,0.46153846153846156
15706,HyboNet,3,256,0.0002,7,14,0.5196850393700787,0.8,0.46153846153846156
15707,HyboNet,3,256,0.0002,7,15,0.5354330708661418,0.7666666666666667,0.5
15708,HyboNet,3,256,0.0002,7,16,0.5354330708661418,0.7666666666666667,0.5769230769230769
15709,HyboNet,3,256,0.0002,7,17,0.5354330708661418,0.7666666666666667,0.5384615384615384
15710,HyboNet,3,256,0.0002,7,18,0.5354330708661418,0.7666666666666667,0.5384615384615384
15711,HyboNet,3,256,0.0002,7,19,0.5354330708661418,0.7666666666666667,0.5384615384615384
15712,HyboNet,3,256,0.0002,7,2,0.5354330708661418,0.6,0.5769230769230769
15713,HyboNet,3,256,0.0002,7,20,0.5354330708661418,0.7666666666666667,0.5384615384615384
15714,HyboNet,3,256,0.0002,7,21,0.5433070866141733,0.7666666666666667,0.5384615384615384
15715,HyboNet,3,256,0.0002,7,22,0.5354330708661418,0.8,0.5769230769230769
15716,HyboNet,3,256,0.0002,7,23,0.5196850393700787,0.8,0.5
15717,HyboNet,3,256,0.0002,7,24,0.5275590551181102,0.8,0.5
15718,HyboNet,3,256,0.0002,7,25,0.5433070866141733,0.8,0.5
15719,HyboNet,3,256,0.0002,7,26,0.5354330708661418,0.8,0.5
15720,HyboNet,3,256,0.0002,7,27,0.5354330708661418,0.8,0.5
15721,HyboNet,3,256,0.0002,7,28,0.5433070866141733,0.8,0.5
15722,HyboNet,3,256,0.0002,7,29,0.5354330708661418,0.8,0.5
15723,HyboNet,3,256,0.0002,7,3,0.5354330708661418,0.6,0.5769230769230769
15724,HyboNet,3,256,0.0002,7,30,0.5433070866141733,0.8,0.5
15725,HyboNet,3,256,0.0002,7,31,0.5433070866141733,0.8,0.5
15726,HyboNet,3,256,0.0002,7,32,0.5354330708661418,0.8333333333333334,0.46153846153846156
15727,HyboNet,3,256,0.0002,7,33,0.5275590551181102,0.8666666666666667,0.46153846153846156
15728,HyboNet,3,256,0.0002,7,34,0.5196850393700787,0.8666666666666667,0.46153846153846156
15729,HyboNet,3,256,0.0002,7,35,0.5039370078740157,0.9,0.46153846153846156
15730,HyboNet,3,256,0.0002,7,36,0.5039370078740157,0.9,0.46153846153846156
15731,HyboNet,3,256,0.0002,7,37,0.49606299212598426,0.9333333333333333,0.46153846153846156
15732,HyboNet,3,256,0.0002,7,38,0.49606299212598426,0.9333333333333333,0.46153846153846156
15733,HyboNet,3,256,0.0002,7,39,0.49606299212598426,0.9333333333333333,0.46153846153846156
15734,HyboNet,3,256,0.0002,7,4,0.5354330708661418,0.6,0.5769230769230769
15735,HyboNet,3,256,0.0002,7,40,0.5039370078740157,0.9333333333333333,0.46153846153846156
15736,HyboNet,3,256,0.0002,7,41,0.49606299212598426,0.9333333333333333,0.46153846153846156
15737,HyboNet,3,256,0.0002,7,42,0.49606299212598426,0.9666666666666667,0.46153846153846156
15738,HyboNet,3,256,0.0002,7,43,0.49606299212598426,0.9666666666666667,0.46153846153846156
15739,HyboNet,3,256,0.0002,7,44,0.4881889763779528,0.9666666666666667,0.46153846153846156
15740,HyboNet,3,256,0.0002,7,45,0.47244094488188976,0.9666666666666667,0.5
15741,HyboNet,3,256,0.0002,7,46,0.47244094488188976,0.9666666666666667,0.5
15742,HyboNet,3,256,0.0002,7,47,0.47244094488188976,0.9666666666666667,0.5
15743,HyboNet,3,256,0.0002,7,48,0.47244094488188976,0.9666666666666667,0.5
15744,HyboNet,3,256,0.0002,7,49,0.47244094488188976,0.9666666666666667,0.5
15745,HyboNet,3,256,0.0002,7,5,0.5354330708661418,0.6,0.5769230769230769
15746,HyboNet,3,256,0.0002,7,50,0.48031496062992124,0.9666666666666667,0.5
15747,HyboNet,3,256,0.0002,7,51,0.48031496062992124,0.9666666666666667,0.5
15748,HyboNet,3,256,0.0002,7,52,0.4881889763779528,0.9666666666666667,0.5
15749,HyboNet,3,256,0.0002,7,53,0.4881889763779528,0.9666666666666667,0.5
15750,HyboNet,3,256,0.0002,7,54,0.4881889763779528,0.9666666666666667,0.5
15751,HyboNet,3,256,0.0002,7,55,0.48031496062992124,0.9666666666666667,0.5
15752,HyboNet,3,256,0.0002,7,56,0.49606299212598426,0.9666666666666667,0.5
15753,HyboNet,3,256,0.0002,7,57,0.48031496062992124,0.9333333333333333,0.5
15754,HyboNet,3,256,0.0002,7,58,0.48031496062992124,0.9333333333333333,0.5
15755,HyboNet,3,256,0.0002,7,59,0.48031496062992124,0.9333333333333333,0.5
15756,HyboNet,3,256,0.0002,7,6,0.5354330708661418,0.6,0.5769230769230769
15757,HyboNet,3,256,0.0002,7,60,0.47244094488188976,0.9333333333333333,0.5
15758,HyboNet,3,256,0.0002,7,61,0.47244094488188976,0.9666666666666667,0.5
15759,HyboNet,3,256,0.0002,7,62,0.48031496062992124,0.9666666666666667,0.5
15760,HyboNet,3,256,0.0002,7,63,0.47244094488188976,1.0,0.5
15761,HyboNet,3,256,0.0002,7,64,0.48031496062992124,1.0,0.5
15762,HyboNet,3,256,0.0002,7,65,0.48031496062992124,1.0,0.5
15763,HyboNet,3,256,0.0002,7,66,0.4645669291338583,1.0,0.5
15764,HyboNet,3,256,0.0002,7,67,0.4645669291338583,1.0,0.5
15765,HyboNet,3,256,0.0002,7,68,0.47244094488188976,1.0,0.5
15766,HyboNet,3,256,0.0002,7,69,0.48031496062992124,1.0,0.5
15767,HyboNet,3,256,0.0002,7,7,0.5354330708661418,0.6,0.5769230769230769
15768,HyboNet,3,256,0.0002,7,70,0.48031496062992124,1.0,0.5
15769,HyboNet,3,256,0.0002,7,71,0.47244094488188976,1.0,0.5
15770,HyboNet,3,256,0.0002,7,72,0.47244094488188976,1.0,0.5
15771,HyboNet,3,256,0.0002,7,73,0.47244094488188976,1.0,0.5
15772,HyboNet,3,256,0.0002,7,74,0.47244094488188976,1.0,0.5
15773,HyboNet,3,256,0.0002,7,75,0.4566929133858268,1.0,0.5
15774,HyboNet,3,256,0.0002,7,76,0.48031496062992124,1.0,0.5
15775,HyboNet,3,256,0.0002,7,77,0.4881889763779528,1.0,0.5
15776,HyboNet,3,256,0.0002,7,78,0.48031496062992124,1.0,0.5
15777,HyboNet,3,256,0.0002,7,79,0.4645669291338583,1.0,0.5
15778,HyboNet,3,256,0.0002,7,8,0.5354330708661418,0.6333333333333333,0.5769230769230769
15779,HyboNet,3,256,0.0002,7,80,0.47244094488188976,1.0,0.5
15780,HyboNet,3,256,0.0002,7,81,0.4566929133858268,1.0,0.5
15781,HyboNet,3,256,0.0002,7,82,0.4566929133858268,1.0,0.5
15782,HyboNet,3,256,0.0002,7,83,0.4566929133858268,1.0,0.5
15783,HyboNet,3,256,0.0002,7,84,0.44881889763779526,1.0,0.5
15784,HyboNet,3,256,0.0002,7,85,0.4566929133858268,1.0,0.5
15785,HyboNet,3,256,0.0002,7,86,0.4566929133858268,1.0,0.5
15786,HyboNet,3,256,0.0002,7,87,0.4409448818897638,1.0,0.46153846153846156
15787,HyboNet,3,256,0.0002,7,88,0.44881889763779526,1.0,0.46153846153846156
15788,HyboNet,3,256,0.0002,7,89,0.4330708661417323,1.0,0.46153846153846156
15789,HyboNet,3,256,0.0002,7,9,0.5354330708661418,0.6666666666666666,0.5769230769230769
15790,HyboNet,3,256,0.0002,7,90,0.41732283464566927,1.0,0.46153846153846156
15791,HyboNet,3,256,0.0002,7,91,0.4330708661417323,1.0,0.46153846153846156
15792,HyboNet,3,256,0.0002,7,92,0.4251968503937008,1.0,0.46153846153846156
15793,HyboNet,3,256,0.0002,7,93,0.41732283464566927,1.0,0.4230769230769231
15794,HyboNet,3,256,0.0002,7,94,0.4015748031496063,1.0,0.4230769230769231
15795,HyboNet,3,256,0.0002,7,95,0.4094488188976378,1.0,0.4230769230769231
15796,HyboNet,3,256,0.0002,7,96,0.4330708661417323,1.0,0.4230769230769231
15797,HyboNet,3,256,0.0002,7,97,0.4409448818897638,1.0,0.4230769230769231
15798,HyboNet,3,256,0.0002,7,98,0.4409448818897638,1.0,0.4230769230769231
15799,HyboNet,3,256,0.0002,7,99,0.4015748031496063,1.0,0.4230769230769231
15800,HyboNet,3,256,0.0002,8,1,0.49606299212598426,0.6333333333333333,0.5
15801,HyboNet,3,256,0.0002,8,10,0.5275590551181102,0.7333333333333333,0.5769230769230769
15802,HyboNet,3,256,0.0002,8,100,0.44881889763779526,1.0,0.5
15803,HyboNet,3,256,0.0002,8,11,0.5354330708661418,0.7333333333333333,0.5769230769230769
15804,HyboNet,3,256,0.0002,8,12,0.5354330708661418,0.7333333333333333,0.5384615384615384
15805,HyboNet,3,256,0.0002,8,13,0.5354330708661418,0.7333333333333333,0.5384615384615384
15806,HyboNet,3,256,0.0002,8,14,0.5354330708661418,0.7333333333333333,0.5384615384615384
15807,HyboNet,3,256,0.0002,8,15,0.5354330708661418,0.7333333333333333,0.5384615384615384
15808,HyboNet,3,256,0.0002,8,16,0.5354330708661418,0.7333333333333333,0.5384615384615384
15809,HyboNet,3,256,0.0002,8,17,0.5275590551181102,0.7333333333333333,0.5384615384615384
15810,HyboNet,3,256,0.0002,8,18,0.5354330708661418,0.7666666666666667,0.5384615384615384
15811,HyboNet,3,256,0.0002,8,19,0.5433070866141733,0.7666666666666667,0.5384615384615384
15812,HyboNet,3,256,0.0002,8,2,0.5354330708661418,0.6,0.5769230769230769
15813,HyboNet,3,256,0.0002,8,20,0.5433070866141733,0.7666666666666667,0.5
15814,HyboNet,3,256,0.0002,8,21,0.5511811023622047,0.7666666666666667,0.46153846153846156
15815,HyboNet,3,256,0.0002,8,22,0.5275590551181102,0.7666666666666667,0.46153846153846156
15816,HyboNet,3,256,0.0002,8,23,0.5354330708661418,0.7666666666666667,0.5
15817,HyboNet,3,256,0.0002,8,24,0.5275590551181102,0.7666666666666667,0.5
15818,HyboNet,3,256,0.0002,8,25,0.5275590551181102,0.8,0.5
15819,HyboNet,3,256,0.0002,8,26,0.5433070866141733,0.8,0.5
15820,HyboNet,3,256,0.0002,8,27,0.5433070866141733,0.8333333333333334,0.46153846153846156
15821,HyboNet,3,256,0.0002,8,28,0.5590551181102362,0.8333333333333334,0.5
15822,HyboNet,3,256,0.0002,8,29,0.5511811023622047,0.8333333333333334,0.5384615384615384
15823,HyboNet,3,256,0.0002,8,3,0.5354330708661418,0.6,0.5769230769230769
15824,HyboNet,3,256,0.0002,8,30,0.5354330708661418,0.8333333333333334,0.5384615384615384
15825,HyboNet,3,256,0.0002,8,31,0.5354330708661418,0.8333333333333334,0.5
15826,HyboNet,3,256,0.0002,8,32,0.5354330708661418,0.8333333333333334,0.5
15827,HyboNet,3,256,0.0002,8,33,0.5354330708661418,0.8333333333333334,0.5
15828,HyboNet,3,256,0.0002,8,34,0.5433070866141733,0.9,0.5384615384615384
15829,HyboNet,3,256,0.0002,8,35,0.5433070866141733,0.9333333333333333,0.5384615384615384
15830,HyboNet,3,256,0.0002,8,36,0.5433070866141733,0.9333333333333333,0.5384615384615384
15831,HyboNet,3,256,0.0002,8,37,0.5354330708661418,0.9333333333333333,0.5384615384615384
15832,HyboNet,3,256,0.0002,8,38,0.5354330708661418,0.9666666666666667,0.5
15833,HyboNet,3,256,0.0002,8,39,0.5354330708661418,0.9666666666666667,0.5
15834,HyboNet,3,256,0.0002,8,4,0.5354330708661418,0.6,0.5769230769230769
15835,HyboNet,3,256,0.0002,8,40,0.5275590551181102,0.9666666666666667,0.5
15836,HyboNet,3,256,0.0002,8,41,0.5196850393700787,0.9666666666666667,0.5
15837,HyboNet,3,256,0.0002,8,42,0.5196850393700787,0.9666666666666667,0.5
15838,HyboNet,3,256,0.0002,8,43,0.5039370078740157,0.9666666666666667,0.5
15839,HyboNet,3,256,0.0002,8,44,0.4881889763779528,0.9666666666666667,0.5384615384615384
15840,HyboNet,3,256,0.0002,8,45,0.5039370078740157,0.9333333333333333,0.5384615384615384
15841,HyboNet,3,256,0.0002,8,46,0.5039370078740157,0.9333333333333333,0.5
15842,HyboNet,3,256,0.0002,8,47,0.5039370078740157,0.9333333333333333,0.5
15843,HyboNet,3,256,0.0002,8,48,0.5039370078740157,0.9333333333333333,0.5384615384615384
15844,HyboNet,3,256,0.0002,8,49,0.4881889763779528,0.9333333333333333,0.5384615384615384
15845,HyboNet,3,256,0.0002,8,5,0.5354330708661418,0.6,0.5769230769230769
15846,HyboNet,3,256,0.0002,8,50,0.4881889763779528,0.9333333333333333,0.5384615384615384
15847,HyboNet,3,256,0.0002,8,51,0.49606299212598426,0.9333333333333333,0.5384615384615384
15848,HyboNet,3,256,0.0002,8,52,0.49606299212598426,0.9666666666666667,0.5384615384615384
15849,HyboNet,3,256,0.0002,8,53,0.49606299212598426,0.9666666666666667,0.5384615384615384
15850,HyboNet,3,256,0.0002,8,54,0.49606299212598426,0.9666666666666667,0.5384615384615384
15851,HyboNet,3,256,0.0002,8,55,0.49606299212598426,0.9666666666666667,0.5384615384615384
15852,HyboNet,3,256,0.0002,8,56,0.49606299212598426,0.9666666666666667,0.5384615384615384
15853,HyboNet,3,256,0.0002,8,57,0.49606299212598426,0.9666666666666667,0.5
15854,HyboNet,3,256,0.0002,8,58,0.49606299212598426,0.9666666666666667,0.5
15855,HyboNet,3,256,0.0002,8,59,0.4881889763779528,0.9666666666666667,0.5
15856,HyboNet,3,256,0.0002,8,6,0.5354330708661418,0.6,0.5769230769230769
15857,HyboNet,3,256,0.0002,8,60,0.4881889763779528,0.9666666666666667,0.5
15858,HyboNet,3,256,0.0002,8,61,0.48031496062992124,0.9666666666666667,0.5
15859,HyboNet,3,256,0.0002,8,62,0.48031496062992124,0.9666666666666667,0.5384615384615384
15860,HyboNet,3,256,0.0002,8,63,0.48031496062992124,0.9666666666666667,0.5384615384615384
15861,HyboNet,3,256,0.0002,8,64,0.48031496062992124,0.9666666666666667,0.5384615384615384
15862,HyboNet,3,256,0.0002,8,65,0.48031496062992124,0.9666666666666667,0.5384615384615384
15863,HyboNet,3,256,0.0002,8,66,0.48031496062992124,0.9666666666666667,0.5384615384615384
15864,HyboNet,3,256,0.0002,8,67,0.48031496062992124,0.9666666666666667,0.5
15865,HyboNet,3,256,0.0002,8,68,0.48031496062992124,0.9666666666666667,0.5
15866,HyboNet,3,256,0.0002,8,69,0.4566929133858268,1.0,0.5
15867,HyboNet,3,256,0.0002,8,7,0.5354330708661418,0.6333333333333333,0.5769230769230769
15868,HyboNet,3,256,0.0002,8,70,0.4566929133858268,1.0,0.5384615384615384
15869,HyboNet,3,256,0.0002,8,71,0.4645669291338583,1.0,0.5384615384615384
15870,HyboNet,3,256,0.0002,8,72,0.4645669291338583,1.0,0.5384615384615384
15871,HyboNet,3,256,0.0002,8,73,0.4645669291338583,1.0,0.5384615384615384
15872,HyboNet,3,256,0.0002,8,74,0.47244094488188976,1.0,0.5384615384615384
15873,HyboNet,3,256,0.0002,8,75,0.47244094488188976,1.0,0.5384615384615384
15874,HyboNet,3,256,0.0002,8,76,0.4566929133858268,1.0,0.5384615384615384
15875,HyboNet,3,256,0.0002,8,77,0.4566929133858268,1.0,0.46153846153846156
15876,HyboNet,3,256,0.0002,8,78,0.44881889763779526,1.0,0.46153846153846156
15877,HyboNet,3,256,0.0002,8,79,0.44881889763779526,1.0,0.5
15878,HyboNet,3,256,0.0002,8,8,0.5275590551181102,0.6333333333333333,0.5769230769230769
15879,HyboNet,3,256,0.0002,8,80,0.4566929133858268,1.0,0.5384615384615384
15880,HyboNet,3,256,0.0002,8,81,0.4566929133858268,1.0,0.5384615384615384
15881,HyboNet,3,256,0.0002,8,82,0.4566929133858268,1.0,0.5
15882,HyboNet,3,256,0.0002,8,83,0.4645669291338583,1.0,0.5
15883,HyboNet,3,256,0.0002,8,84,0.4645669291338583,1.0,0.5384615384615384
15884,HyboNet,3,256,0.0002,8,85,0.4566929133858268,1.0,0.5
15885,HyboNet,3,256,0.0002,8,86,0.4409448818897638,1.0,0.5
15886,HyboNet,3,256,0.0002,8,87,0.44881889763779526,1.0,0.46153846153846156
15887,HyboNet,3,256,0.0002,8,88,0.44881889763779526,1.0,0.46153846153846156
15888,HyboNet,3,256,0.0002,8,89,0.47244094488188976,1.0,0.5
15889,HyboNet,3,256,0.0002,8,9,0.5354330708661418,0.7,0.5769230769230769
15890,HyboNet,3,256,0.0002,8,90,0.4566929133858268,1.0,0.5
15891,HyboNet,3,256,0.0002,8,91,0.47244094488188976,1.0,0.46153846153846156
15892,HyboNet,3,256,0.0002,8,92,0.4645669291338583,1.0,0.46153846153846156
15893,HyboNet,3,256,0.0002,8,93,0.47244094488188976,1.0,0.46153846153846156
15894,HyboNet,3,256,0.0002,8,94,0.4566929133858268,1.0,0.5
15895,HyboNet,3,256,0.0002,8,95,0.4566929133858268,1.0,0.5384615384615384
15896,HyboNet,3,256,0.0002,8,96,0.4566929133858268,1.0,0.5384615384615384
15897,HyboNet,3,256,0.0002,8,97,0.4645669291338583,1.0,0.5384615384615384
15898,HyboNet,3,256,0.0002,8,98,0.4566929133858268,1.0,0.5
15899,HyboNet,3,256,0.0002,8,99,0.4566929133858268,1.0,0.5
15900,HyboNet,3,256,0.0002,9,1,0.47244094488188976,0.6333333333333333,0.5769230769230769
15901,HyboNet,3,256,0.0002,9,10,0.5275590551181102,0.7333333333333333,0.5384615384615384
15902,HyboNet,3,256,0.0002,9,100,0.4409448818897638,1.0,0.34615384615384615
15903,HyboNet,3,256,0.0002,9,11,0.5433070866141733,0.7666666666666667,0.5384615384615384
15904,HyboNet,3,256,0.0002,9,12,0.5354330708661418,0.7666666666666667,0.5769230769230769
15905,HyboNet,3,256,0.0002,9,13,0.5354330708661418,0.7666666666666667,0.5769230769230769
15906,HyboNet,3,256,0.0002,9,14,0.5433070866141733,0.7666666666666667,0.5769230769230769
15907,HyboNet,3,256,0.0002,9,15,0.5433070866141733,0.7666666666666667,0.5769230769230769
15908,HyboNet,3,256,0.0002,9,16,0.5433070866141733,0.7666666666666667,0.5769230769230769
15909,HyboNet,3,256,0.0002,9,17,0.5433070866141733,0.7666666666666667,0.5769230769230769
15910,HyboNet,3,256,0.0002,9,18,0.5433070866141733,0.7666666666666667,0.5769230769230769
15911,HyboNet,3,256,0.0002,9,19,0.5433070866141733,0.8,0.5769230769230769
15912,HyboNet,3,256,0.0002,9,2,0.5354330708661418,0.6,0.5769230769230769
15913,HyboNet,3,256,0.0002,9,20,0.5433070866141733,0.8,0.5769230769230769
15914,HyboNet,3,256,0.0002,9,21,0.5354330708661418,0.8,0.5769230769230769
15915,HyboNet,3,256,0.0002,9,22,0.5511811023622047,0.8,0.5769230769230769
15916,HyboNet,3,256,0.0002,9,23,0.5511811023622047,0.8,0.5769230769230769
15917,HyboNet,3,256,0.0002,9,24,0.5354330708661418,0.8,0.5769230769230769
15918,HyboNet,3,256,0.0002,9,25,0.5354330708661418,0.8,0.5769230769230769
15919,HyboNet,3,256,0.0002,9,26,0.5275590551181102,0.8333333333333334,0.5769230769230769
15920,HyboNet,3,256,0.0002,9,27,0.5275590551181102,0.8333333333333334,0.5769230769230769
15921,HyboNet,3,256,0.0002,9,28,0.5039370078740157,0.8666666666666667,0.6153846153846154
15922,HyboNet,3,256,0.0002,9,29,0.5039370078740157,0.8666666666666667,0.6153846153846154
15923,HyboNet,3,256,0.0002,9,3,0.5354330708661418,0.6,0.5769230769230769
15924,HyboNet,3,256,0.0002,9,30,0.49606299212598426,0.9,0.6153846153846154
15925,HyboNet,3,256,0.0002,9,31,0.49606299212598426,0.9,0.6153846153846154
15926,HyboNet,3,256,0.0002,9,32,0.5039370078740157,0.9,0.5384615384615384
15927,HyboNet,3,256,0.0002,9,33,0.49606299212598426,0.8666666666666667,0.5384615384615384
15928,HyboNet,3,256,0.0002,9,34,0.5039370078740157,0.9,0.5384615384615384
15929,HyboNet,3,256,0.0002,9,35,0.48031496062992124,0.9,0.5384615384615384
15930,HyboNet,3,256,0.0002,9,36,0.48031496062992124,0.9333333333333333,0.5384615384615384
15931,HyboNet,3,256,0.0002,9,37,0.4645669291338583,0.9333333333333333,0.5384615384615384
15932,HyboNet,3,256,0.0002,9,38,0.4645669291338583,0.9333333333333333,0.5384615384615384
15933,HyboNet,3,256,0.0002,9,39,0.4645669291338583,0.9333333333333333,0.5384615384615384
15934,HyboNet,3,256,0.0002,9,4,0.5354330708661418,0.6,0.5769230769230769
15935,HyboNet,3,256,0.0002,9,40,0.4645669291338583,0.9333333333333333,0.5384615384615384
15936,HyboNet,3,256,0.0002,9,41,0.44881889763779526,0.9666666666666667,0.5384615384615384
15937,HyboNet,3,256,0.0002,9,42,0.44881889763779526,0.9666666666666667,0.5384615384615384
15938,HyboNet,3,256,0.0002,9,43,0.44881889763779526,0.9666666666666667,0.5
15939,HyboNet,3,256,0.0002,9,44,0.44881889763779526,1.0,0.5
15940,HyboNet,3,256,0.0002,9,45,0.4409448818897638,1.0,0.5384615384615384
15941,HyboNet,3,256,0.0002,9,46,0.4330708661417323,1.0,0.5384615384615384
15942,HyboNet,3,256,0.0002,9,47,0.4330708661417323,0.9666666666666667,0.5
15943,HyboNet,3,256,0.0002,9,48,0.4251968503937008,0.9666666666666667,0.5
15944,HyboNet,3,256,0.0002,9,49,0.4251968503937008,0.9666666666666667,0.5
15945,HyboNet,3,256,0.0002,9,5,0.5354330708661418,0.6,0.5769230769230769
15946,HyboNet,3,256,0.0002,9,50,0.4409448818897638,0.9666666666666667,0.5
15947,HyboNet,3,256,0.0002,9,51,0.4330708661417323,0.9333333333333333,0.5
15948,HyboNet,3,256,0.0002,9,52,0.4251968503937008,0.9333333333333333,0.5
15949,HyboNet,3,256,0.0002,9,53,0.41732283464566927,0.9333333333333333,0.46153846153846156
15950,HyboNet,3,256,0.0002,9,54,0.4251968503937008,0.9333333333333333,0.5
15951,HyboNet,3,256,0.0002,9,55,0.4330708661417323,1.0,0.46153846153846156
15952,HyboNet,3,256,0.0002,9,56,0.4330708661417323,1.0,0.46153846153846156
15953,HyboNet,3,256,0.0002,9,57,0.4251968503937008,1.0,0.46153846153846156
15954,HyboNet,3,256,0.0002,9,58,0.4251968503937008,1.0,0.46153846153846156
15955,HyboNet,3,256,0.0002,9,59,0.4330708661417323,1.0,0.46153846153846156
15956,HyboNet,3,256,0.0002,9,6,0.5354330708661418,0.6333333333333333,0.5769230769230769
15957,HyboNet,3,256,0.0002,9,60,0.4330708661417323,1.0,0.46153846153846156
15958,HyboNet,3,256,0.0002,9,61,0.44881889763779526,1.0,0.46153846153846156
15959,HyboNet,3,256,0.0002,9,62,0.4566929133858268,1.0,0.46153846153846156
15960,HyboNet,3,256,0.0002,9,63,0.44881889763779526,1.0,0.46153846153846156
15961,HyboNet,3,256,0.0002,9,64,0.44881889763779526,1.0,0.46153846153846156
15962,HyboNet,3,256,0.0002,9,65,0.44881889763779526,1.0,0.4230769230769231
15963,HyboNet,3,256,0.0002,9,66,0.44881889763779526,1.0,0.4230769230769231
15964,HyboNet,3,256,0.0002,9,67,0.4645669291338583,1.0,0.4230769230769231
15965,HyboNet,3,256,0.0002,9,68,0.4566929133858268,1.0,0.38461538461538464
15966,HyboNet,3,256,0.0002,9,69,0.44881889763779526,1.0,0.38461538461538464
15967,HyboNet,3,256,0.0002,9,7,0.5354330708661418,0.6666666666666666,0.5769230769230769
15968,HyboNet,3,256,0.0002,9,70,0.44881889763779526,1.0,0.4230769230769231
15969,HyboNet,3,256,0.0002,9,71,0.4566929133858268,1.0,0.4230769230769231
15970,HyboNet,3,256,0.0002,9,72,0.44881889763779526,1.0,0.4230769230769231
15971,HyboNet,3,256,0.0002,9,73,0.4409448818897638,1.0,0.4230769230769231
15972,HyboNet,3,256,0.0002,9,74,0.44881889763779526,1.0,0.38461538461538464
15973,HyboNet,3,256,0.0002,9,75,0.4566929133858268,1.0,0.34615384615384615
15974,HyboNet,3,256,0.0002,9,76,0.4566929133858268,1.0,0.34615384615384615
15975,HyboNet,3,256,0.0002,9,77,0.4566929133858268,1.0,0.34615384615384615
15976,HyboNet,3,256,0.0002,9,78,0.47244094488188976,1.0,0.34615384615384615
15977,HyboNet,3,256,0.0002,9,79,0.47244094488188976,1.0,0.34615384615384615
15978,HyboNet,3,256,0.0002,9,8,0.5433070866141733,0.6666666666666666,0.5769230769230769
15979,HyboNet,3,256,0.0002,9,80,0.44881889763779526,1.0,0.3076923076923077
15980,HyboNet,3,256,0.0002,9,81,0.4251968503937008,1.0,0.3076923076923077
15981,HyboNet,3,256,0.0002,9,82,0.4251968503937008,1.0,0.3076923076923077
15982,HyboNet,3,256,0.0002,9,83,0.4251968503937008,1.0,0.3076923076923077
15983,HyboNet,3,256,0.0002,9,84,0.4251968503937008,1.0,0.3076923076923077
15984,HyboNet,3,256,0.0002,9,85,0.4330708661417323,1.0,0.3076923076923077
15985,HyboNet,3,256,0.0002,9,86,0.4409448818897638,1.0,0.3076923076923077
15986,HyboNet,3,256,0.0002,9,87,0.4330708661417323,1.0,0.3076923076923077
15987,HyboNet,3,256,0.0002,9,88,0.4330708661417323,1.0,0.3076923076923077
15988,HyboNet,3,256,0.0002,9,89,0.4251968503937008,1.0,0.3076923076923077
15989,HyboNet,3,256,0.0002,9,9,0.5275590551181102,0.7,0.5384615384615384
15990,HyboNet,3,256,0.0002,9,90,0.4094488188976378,1.0,0.3076923076923077
15991,HyboNet,3,256,0.0002,9,91,0.4015748031496063,1.0,0.3076923076923077
15992,HyboNet,3,256,0.0002,9,92,0.4094488188976378,1.0,0.3076923076923077
15993,HyboNet,3,256,0.0002,9,93,0.4330708661417323,1.0,0.34615384615384615
15994,HyboNet,3,256,0.0002,9,94,0.4330708661417323,1.0,0.3076923076923077
15995,HyboNet,3,256,0.0002,9,95,0.4251968503937008,1.0,0.3076923076923077
15996,HyboNet,3,256,0.0002,9,96,0.4094488188976378,1.0,0.3076923076923077
15997,HyboNet,3,256,0.0002,9,97,0.41732283464566927,1.0,0.3076923076923077
15998,HyboNet,3,256,0.0002,9,98,0.41732283464566927,1.0,0.34615384615384615
15999,HyboNet,3,256,0.0002,9,99,0.4409448818897638,1.0,0.3076923076923077
16000,HyboNet,3,256,0.001,1,1,0.5354330708661418,0.6,0.5769230769230769
16001,HyboNet,3,256,0.001,1,10,0.5354330708661418,0.7666666666666667,0.5384615384615384
16002,HyboNet,3,256,0.001,1,100,0.3700787401574803,1.0,0.38461538461538464
16003,HyboNet,3,256,0.001,1,11,0.5433070866141733,0.8333333333333334,0.4230769230769231
16004,HyboNet,3,256,0.001,1,12,0.5118110236220472,0.7666666666666667,0.4230769230769231
16005,HyboNet,3,256,0.001,1,13,0.5039370078740157,0.8,0.4230769230769231
16006,HyboNet,3,256,0.001,1,14,0.5196850393700787,0.8333333333333334,0.46153846153846156
16007,HyboNet,3,256,0.001,1,15,0.5118110236220472,0.8333333333333334,0.5384615384615384
16008,HyboNet,3,256,0.001,1,16,0.5039370078740157,0.8666666666666667,0.46153846153846156
16009,HyboNet,3,256,0.001,1,17,0.49606299212598426,0.9,0.46153846153846156
16010,HyboNet,3,256,0.001,1,18,0.4881889763779528,0.9333333333333333,0.46153846153846156
16011,HyboNet,3,256,0.001,1,19,0.4881889763779528,0.9,0.46153846153846156
16012,HyboNet,3,256,0.001,1,2,0.5354330708661418,0.6,0.5769230769230769
16013,HyboNet,3,256,0.001,1,20,0.4881889763779528,0.9333333333333333,0.46153846153846156
16014,HyboNet,3,256,0.001,1,21,0.4881889763779528,0.9333333333333333,0.46153846153846156
16015,HyboNet,3,256,0.001,1,22,0.5039370078740157,0.9333333333333333,0.46153846153846156
16016,HyboNet,3,256,0.001,1,23,0.5118110236220472,0.9333333333333333,0.46153846153846156
16017,HyboNet,3,256,0.001,1,24,0.5039370078740157,0.9333333333333333,0.46153846153846156
16018,HyboNet,3,256,0.001,1,25,0.49606299212598426,0.9333333333333333,0.46153846153846156
16019,HyboNet,3,256,0.001,1,26,0.48031496062992124,0.9333333333333333,0.46153846153846156
16020,HyboNet,3,256,0.001,1,27,0.4645669291338583,0.9666666666666667,0.46153846153846156
16021,HyboNet,3,256,0.001,1,28,0.47244094488188976,0.9666666666666667,0.46153846153846156
16022,HyboNet,3,256,0.001,1,29,0.5039370078740157,0.9666666666666667,0.5
16023,HyboNet,3,256,0.001,1,3,0.5354330708661418,0.6333333333333333,0.5769230769230769
16024,HyboNet,3,256,0.001,1,30,0.4881889763779528,0.9333333333333333,0.5
16025,HyboNet,3,256,0.001,1,31,0.4881889763779528,0.9333333333333333,0.5384615384615384
16026,HyboNet,3,256,0.001,1,32,0.47244094488188976,0.9333333333333333,0.5384615384615384
16027,HyboNet,3,256,0.001,1,33,0.49606299212598426,0.9333333333333333,0.5384615384615384
16028,HyboNet,3,256,0.001,1,34,0.5039370078740157,0.9333333333333333,0.5384615384615384
16029,HyboNet,3,256,0.001,1,35,0.5196850393700787,0.9666666666666667,0.46153846153846156
16030,HyboNet,3,256,0.001,1,36,0.5196850393700787,0.9333333333333333,0.46153846153846156
16031,HyboNet,3,256,0.001,1,37,0.5118110236220472,0.9333333333333333,0.5
16032,HyboNet,3,256,0.001,1,38,0.5039370078740157,0.9333333333333333,0.46153846153846156
16033,HyboNet,3,256,0.001,1,39,0.47244094488188976,0.9666666666666667,0.4230769230769231
16034,HyboNet,3,256,0.001,1,4,0.5354330708661418,0.6666666666666666,0.5769230769230769
16035,HyboNet,3,256,0.001,1,40,0.48031496062992124,0.9666666666666667,0.46153846153846156
16036,HyboNet,3,256,0.001,1,41,0.47244094488188976,1.0,0.46153846153846156
16037,HyboNet,3,256,0.001,1,42,0.4566929133858268,1.0,0.46153846153846156
16038,HyboNet,3,256,0.001,1,43,0.4409448818897638,1.0,0.46153846153846156
16039,HyboNet,3,256,0.001,1,44,0.44881889763779526,1.0,0.46153846153846156
16040,HyboNet,3,256,0.001,1,45,0.4566929133858268,1.0,0.46153846153846156
16041,HyboNet,3,256,0.001,1,46,0.4251968503937008,1.0,0.46153846153846156
16042,HyboNet,3,256,0.001,1,47,0.4015748031496063,1.0,0.34615384615384615
16043,HyboNet,3,256,0.001,1,48,0.4015748031496063,1.0,0.34615384615384615
16044,HyboNet,3,256,0.001,1,49,0.4094488188976378,1.0,0.46153846153846156
16045,HyboNet,3,256,0.001,1,5,0.5354330708661418,0.7666666666666667,0.5384615384615384
16046,HyboNet,3,256,0.001,1,50,0.4330708661417323,1.0,0.5
16047,HyboNet,3,256,0.001,1,51,0.4409448818897638,1.0,0.5
16048,HyboNet,3,256,0.001,1,52,0.4094488188976378,1.0,0.4230769230769231
16049,HyboNet,3,256,0.001,1,53,0.3858267716535433,1.0,0.34615384615384615
16050,HyboNet,3,256,0.001,1,54,0.3779527559055118,1.0,0.3076923076923077
16051,HyboNet,3,256,0.001,1,55,0.4015748031496063,1.0,0.38461538461538464
16052,HyboNet,3,256,0.001,1,56,0.3937007874015748,1.0,0.38461538461538464
16053,HyboNet,3,256,0.001,1,57,0.41732283464566927,1.0,0.4230769230769231
16054,HyboNet,3,256,0.001,1,58,0.41732283464566927,1.0,0.4230769230769231
16055,HyboNet,3,256,0.001,1,59,0.4015748031496063,1.0,0.4230769230769231
16056,HyboNet,3,256,0.001,1,6,0.5433070866141733,0.7333333333333333,0.5769230769230769
16057,HyboNet,3,256,0.001,1,60,0.4015748031496063,1.0,0.4230769230769231
16058,HyboNet,3,256,0.001,1,61,0.4094488188976378,1.0,0.4230769230769231
16059,HyboNet,3,256,0.001,1,62,0.41732283464566927,1.0,0.4230769230769231
16060,HyboNet,3,256,0.001,1,63,0.4015748031496063,1.0,0.38461538461538464
16061,HyboNet,3,256,0.001,1,64,0.4330708661417323,1.0,0.4230769230769231
16062,HyboNet,3,256,0.001,1,65,0.4251968503937008,1.0,0.4230769230769231
16063,HyboNet,3,256,0.001,1,66,0.41732283464566927,1.0,0.4230769230769231
16064,HyboNet,3,256,0.001,1,67,0.3937007874015748,1.0,0.38461538461538464
16065,HyboNet,3,256,0.001,1,68,0.41732283464566927,1.0,0.46153846153846156
16066,HyboNet,3,256,0.001,1,69,0.4015748031496063,1.0,0.38461538461538464
16067,HyboNet,3,256,0.001,1,7,0.5433070866141733,0.7333333333333333,0.5769230769230769
16068,HyboNet,3,256,0.001,1,70,0.3700787401574803,1.0,0.46153846153846156
16069,HyboNet,3,256,0.001,1,71,0.3464566929133858,1.0,0.38461538461538464
16070,HyboNet,3,256,0.001,1,72,0.3464566929133858,1.0,0.38461538461538464
16071,HyboNet,3,256,0.001,1,73,0.3543307086614173,1.0,0.34615384615384615
16072,HyboNet,3,256,0.001,1,74,0.3779527559055118,1.0,0.34615384615384615
16073,HyboNet,3,256,0.001,1,75,0.4015748031496063,1.0,0.34615384615384615
16074,HyboNet,3,256,0.001,1,76,0.3858267716535433,1.0,0.3076923076923077
16075,HyboNet,3,256,0.001,1,77,0.3858267716535433,1.0,0.3076923076923077
16076,HyboNet,3,256,0.001,1,78,0.3858267716535433,1.0,0.3076923076923077
16077,HyboNet,3,256,0.001,1,79,0.3543307086614173,1.0,0.3076923076923077
16078,HyboNet,3,256,0.001,1,8,0.5433070866141733,0.7333333333333333,0.5769230769230769
16079,HyboNet,3,256,0.001,1,80,0.33858267716535434,1.0,0.3076923076923077
16080,HyboNet,3,256,0.001,1,81,0.3937007874015748,1.0,0.4230769230769231
16081,HyboNet,3,256,0.001,1,82,0.41732283464566927,1.0,0.46153846153846156
16082,HyboNet,3,256,0.001,1,83,0.4094488188976378,1.0,0.4230769230769231
16083,HyboNet,3,256,0.001,1,84,0.4015748031496063,1.0,0.5
16084,HyboNet,3,256,0.001,1,85,0.3858267716535433,1.0,0.38461538461538464
16085,HyboNet,3,256,0.001,1,86,0.3858267716535433,1.0,0.38461538461538464
16086,HyboNet,3,256,0.001,1,87,0.3937007874015748,1.0,0.38461538461538464
16087,HyboNet,3,256,0.001,1,88,0.3858267716535433,1.0,0.4230769230769231
16088,HyboNet,3,256,0.001,1,89,0.3937007874015748,1.0,0.4230769230769231
16089,HyboNet,3,256,0.001,1,9,0.5433070866141733,0.7333333333333333,0.5769230769230769
16090,HyboNet,3,256,0.001,1,90,0.4094488188976378,1.0,0.46153846153846156
16091,HyboNet,3,256,0.001,1,91,0.3858267716535433,1.0,0.4230769230769231
16092,HyboNet,3,256,0.001,1,92,0.3779527559055118,1.0,0.4230769230769231
16093,HyboNet,3,256,0.001,1,93,0.3937007874015748,1.0,0.4230769230769231
16094,HyboNet,3,256,0.001,1,94,0.41732283464566927,1.0,0.4230769230769231
16095,HyboNet,3,256,0.001,1,95,0.4015748031496063,1.0,0.4230769230769231
16096,HyboNet,3,256,0.001,1,96,0.4015748031496063,1.0,0.4230769230769231
16097,HyboNet,3,256,0.001,1,97,0.3700787401574803,1.0,0.38461538461538464
16098,HyboNet,3,256,0.001,1,98,0.3700787401574803,1.0,0.34615384615384615
16099,HyboNet,3,256,0.001,1,99,0.36220472440944884,1.0,0.38461538461538464
16100,HyboNet,3,256,0.001,10,1,0.5354330708661418,0.6,0.5769230769230769
16101,HyboNet,3,256,0.001,10,10,0.5433070866141733,0.7333333333333333,0.5769230769230769
16102,HyboNet,3,256,0.001,10,100,0.41732283464566927,1.0,0.38461538461538464
16103,HyboNet,3,256,0.001,10,11,0.5433070866141733,0.7666666666666667,0.5769230769230769
16104,HyboNet,3,256,0.001,10,12,0.5669291338582677,0.8,0.5769230769230769
16105,HyboNet,3,256,0.001,10,13,0.5669291338582677,0.8,0.5769230769230769
16106,HyboNet,3,256,0.001,10,14,0.5590551181102362,0.8,0.5384615384615384
16107,HyboNet,3,256,0.001,10,15,0.5669291338582677,0.8333333333333334,0.5769230769230769
16108,HyboNet,3,256,0.001,10,16,0.5669291338582677,0.8333333333333334,0.5384615384615384
16109,HyboNet,3,256,0.001,10,17,0.5511811023622047,0.8666666666666667,0.5
16110,HyboNet,3,256,0.001,10,18,0.5118110236220472,0.8666666666666667,0.5384615384615384
16111,HyboNet,3,256,0.001,10,19,0.49606299212598426,0.8666666666666667,0.5384615384615384
16112,HyboNet,3,256,0.001,10,2,0.5354330708661418,0.6,0.5769230769230769
16113,HyboNet,3,256,0.001,10,20,0.5196850393700787,0.9333333333333333,0.5
16114,HyboNet,3,256,0.001,10,21,0.4881889763779528,0.9333333333333333,0.46153846153846156
16115,HyboNet,3,256,0.001,10,22,0.4881889763779528,0.9,0.46153846153846156
16116,HyboNet,3,256,0.001,10,23,0.48031496062992124,0.9,0.5
16117,HyboNet,3,256,0.001,10,24,0.4645669291338583,0.9333333333333333,0.5
16118,HyboNet,3,256,0.001,10,25,0.47244094488188976,0.9333333333333333,0.5
16119,HyboNet,3,256,0.001,10,26,0.4881889763779528,0.9666666666666667,0.5
16120,HyboNet,3,256,0.001,10,27,0.4881889763779528,1.0,0.5
16121,HyboNet,3,256,0.001,10,28,0.5039370078740157,1.0,0.5
16122,HyboNet,3,256,0.001,10,29,0.49606299212598426,0.9333333333333333,0.5384615384615384
16123,HyboNet,3,256,0.001,10,3,0.5354330708661418,0.6,0.5769230769230769
16124,HyboNet,3,256,0.001,10,30,0.4881889763779528,0.9333333333333333,0.5384615384615384
16125,HyboNet,3,256,0.001,10,31,0.49606299212598426,0.9333333333333333,0.5384615384615384
16126,HyboNet,3,256,0.001,10,32,0.4881889763779528,0.9333333333333333,0.5384615384615384
16127,HyboNet,3,256,0.001,10,33,0.48031496062992124,0.9333333333333333,0.5384615384615384
16128,HyboNet,3,256,0.001,10,34,0.5039370078740157,0.9333333333333333,0.5
16129,HyboNet,3,256,0.001,10,35,0.5196850393700787,0.9333333333333333,0.5
16130,HyboNet,3,256,0.001,10,36,0.5118110236220472,0.9333333333333333,0.5
16131,HyboNet,3,256,0.001,10,37,0.5039370078740157,0.9666666666666667,0.5
16132,HyboNet,3,256,0.001,10,38,0.44881889763779526,0.9666666666666667,0.5
16133,HyboNet,3,256,0.001,10,39,0.4409448818897638,0.9666666666666667,0.5
16134,HyboNet,3,256,0.001,10,4,0.5354330708661418,0.6333333333333333,0.5769230769230769
16135,HyboNet,3,256,0.001,10,40,0.44881889763779526,0.9666666666666667,0.5
16136,HyboNet,3,256,0.001,10,41,0.4645669291338583,0.9666666666666667,0.5
16137,HyboNet,3,256,0.001,10,42,0.47244094488188976,0.9666666666666667,0.46153846153846156
16138,HyboNet,3,256,0.001,10,43,0.4566929133858268,1.0,0.46153846153846156
16139,HyboNet,3,256,0.001,10,44,0.4645669291338583,1.0,0.46153846153846156
16140,HyboNet,3,256,0.001,10,45,0.4566929133858268,1.0,0.46153846153846156
16141,HyboNet,3,256,0.001,10,46,0.4881889763779528,1.0,0.46153846153846156
16142,HyboNet,3,256,0.001,10,47,0.4881889763779528,1.0,0.46153846153846156
16143,HyboNet,3,256,0.001,10,48,0.49606299212598426,1.0,0.46153846153846156
16144,HyboNet,3,256,0.001,10,49,0.48031496062992124,1.0,0.4230769230769231
16145,HyboNet,3,256,0.001,10,5,0.5354330708661418,0.7,0.5769230769230769
16146,HyboNet,3,256,0.001,10,50,0.4645669291338583,1.0,0.4230769230769231
16147,HyboNet,3,256,0.001,10,51,0.4566929133858268,1.0,0.4230769230769231
16148,HyboNet,3,256,0.001,10,52,0.4330708661417323,1.0,0.38461538461538464
16149,HyboNet,3,256,0.001,10,53,0.4409448818897638,1.0,0.34615384615384615
16150,HyboNet,3,256,0.001,10,54,0.48031496062992124,1.0,0.46153846153846156
16151,HyboNet,3,256,0.001,10,55,0.4881889763779528,1.0,0.5384615384615384
16152,HyboNet,3,256,0.001,10,56,0.4566929133858268,1.0,0.5384615384615384
16153,HyboNet,3,256,0.001,10,57,0.4645669291338583,1.0,0.5384615384615384
16154,HyboNet,3,256,0.001,10,58,0.48031496062992124,1.0,0.5
16155,HyboNet,3,256,0.001,10,59,0.48031496062992124,1.0,0.5
16156,HyboNet,3,256,0.001,10,6,0.5433070866141733,0.6666666666666666,0.5769230769230769
16157,HyboNet,3,256,0.001,10,60,0.47244094488188976,1.0,0.46153846153846156
16158,HyboNet,3,256,0.001,10,61,0.4566929133858268,1.0,0.4230769230769231
16159,HyboNet,3,256,0.001,10,62,0.4645669291338583,1.0,0.4230769230769231
16160,HyboNet,3,256,0.001,10,63,0.4015748031496063,1.0,0.4230769230769231
16161,HyboNet,3,256,0.001,10,64,0.4330708661417323,1.0,0.38461538461538464
16162,HyboNet,3,256,0.001,10,65,0.4409448818897638,1.0,0.4230769230769231
16163,HyboNet,3,256,0.001,10,66,0.4566929133858268,1.0,0.4230769230769231
16164,HyboNet,3,256,0.001,10,67,0.4330708661417323,1.0,0.4230769230769231
16165,HyboNet,3,256,0.001,10,68,0.4566929133858268,1.0,0.46153846153846156
16166,HyboNet,3,256,0.001,10,69,0.4645669291338583,1.0,0.46153846153846156
16167,HyboNet,3,256,0.001,10,7,0.5354330708661418,0.6333333333333333,0.5769230769230769
16168,HyboNet,3,256,0.001,10,70,0.44881889763779526,1.0,0.46153846153846156
16169,HyboNet,3,256,0.001,10,71,0.4251968503937008,1.0,0.4230769230769231
16170,HyboNet,3,256,0.001,10,72,0.4330708661417323,1.0,0.4230769230769231
16171,HyboNet,3,256,0.001,10,73,0.4409448818897638,1.0,0.4230769230769231
16172,HyboNet,3,256,0.001,10,74,0.44881889763779526,1.0,0.46153846153846156
16173,HyboNet,3,256,0.001,10,75,0.4409448818897638,1.0,0.46153846153846156
16174,HyboNet,3,256,0.001,10,76,0.4330708661417323,1.0,0.38461538461538464
16175,HyboNet,3,256,0.001,10,77,0.4251968503937008,1.0,0.4230769230769231
16176,HyboNet,3,256,0.001,10,78,0.41732283464566927,1.0,0.34615384615384615
16177,HyboNet,3,256,0.001,10,79,0.4251968503937008,1.0,0.38461538461538464
16178,HyboNet,3,256,0.001,10,8,0.5354330708661418,0.6333333333333333,0.5769230769230769
16179,HyboNet,3,256,0.001,10,80,0.4330708661417323,1.0,0.4230769230769231
16180,HyboNet,3,256,0.001,10,81,0.4330708661417323,1.0,0.46153846153846156
16181,HyboNet,3,256,0.001,10,82,0.4409448818897638,1.0,0.38461538461538464
16182,HyboNet,3,256,0.001,10,83,0.41732283464566927,1.0,0.38461538461538464
16183,HyboNet,3,256,0.001,10,84,0.4330708661417323,1.0,0.38461538461538464
16184,HyboNet,3,256,0.001,10,85,0.4409448818897638,1.0,0.46153846153846156
16185,HyboNet,3,256,0.001,10,86,0.4409448818897638,1.0,0.46153846153846156
16186,HyboNet,3,256,0.001,10,87,0.4409448818897638,1.0,0.46153846153846156
16187,HyboNet,3,256,0.001,10,88,0.4251968503937008,1.0,0.38461538461538464
16188,HyboNet,3,256,0.001,10,89,0.4094488188976378,1.0,0.38461538461538464
16189,HyboNet,3,256,0.001,10,9,0.5354330708661418,0.6333333333333333,0.5769230769230769
16190,HyboNet,3,256,0.001,10,90,0.4015748031496063,1.0,0.38461538461538464
16191,HyboNet,3,256,0.001,10,91,0.41732283464566927,1.0,0.38461538461538464
16192,HyboNet,3,256,0.001,10,92,0.4330708661417323,1.0,0.46153846153846156
16193,HyboNet,3,256,0.001,10,93,0.4251968503937008,1.0,0.46153846153846156
16194,HyboNet,3,256,0.001,10,94,0.4251968503937008,1.0,0.4230769230769231
16195,HyboNet,3,256,0.001,10,95,0.4094488188976378,1.0,0.38461538461538464
16196,HyboNet,3,256,0.001,10,96,0.4094488188976378,1.0,0.34615384615384615
16197,HyboNet,3,256,0.001,10,97,0.4094488188976378,1.0,0.38461538461538464
16198,HyboNet,3,256,0.001,10,98,0.4251968503937008,1.0,0.38461538461538464
16199,HyboNet,3,256,0.001,10,99,0.41732283464566927,1.0,0.4230769230769231
16200,HyboNet,3,256,0.001,2,1,0.5354330708661418,0.6,0.5769230769230769
16201,HyboNet,3,256,0.001,2,10,0.5354330708661418,0.7,0.5769230769230769
16202,HyboNet,3,256,0.001,2,100,0.4409448818897638,1.0,0.46153846153846156
16203,HyboNet,3,256,0.001,2,11,0.5433070866141733,0.7666666666666667,0.5384615384615384
16204,HyboNet,3,256,0.001,2,12,0.5590551181102362,0.7666666666666667,0.5384615384615384
16205,HyboNet,3,256,0.001,2,13,0.5354330708661418,0.8,0.46153846153846156
16206,HyboNet,3,256,0.001,2,14,0.49606299212598426,0.8666666666666667,0.5
16207,HyboNet,3,256,0.001,2,15,0.4881889763779528,0.8666666666666667,0.46153846153846156
16208,HyboNet,3,256,0.001,2,16,0.49606299212598426,0.8333333333333334,0.46153846153846156
16209,HyboNet,3,256,0.001,2,17,0.49606299212598426,0.8666666666666667,0.4230769230769231
16210,HyboNet,3,256,0.001,2,18,0.49606299212598426,0.8666666666666667,0.5
16211,HyboNet,3,256,0.001,2,19,0.4881889763779528,0.9,0.5
16212,HyboNet,3,256,0.001,2,2,0.5354330708661418,0.6,0.5769230769230769
16213,HyboNet,3,256,0.001,2,20,0.4566929133858268,0.9666666666666667,0.5
16214,HyboNet,3,256,0.001,2,21,0.47244094488188976,0.9666666666666667,0.5
16215,HyboNet,3,256,0.001,2,22,0.4094488188976378,0.9333333333333333,0.34615384615384615
16216,HyboNet,3,256,0.001,2,23,0.41732283464566927,0.9,0.38461538461538464
16217,HyboNet,3,256,0.001,2,24,0.48031496062992124,0.9333333333333333,0.5
16218,HyboNet,3,256,0.001,2,25,0.5039370078740157,0.9333333333333333,0.5
16219,HyboNet,3,256,0.001,2,26,0.5275590551181102,0.9333333333333333,0.5
16220,HyboNet,3,256,0.001,2,27,0.5196850393700787,0.9333333333333333,0.5384615384615384
16221,HyboNet,3,256,0.001,2,28,0.49606299212598426,0.9333333333333333,0.5
16222,HyboNet,3,256,0.001,2,29,0.48031496062992124,0.9333333333333333,0.5
16223,HyboNet,3,256,0.001,2,3,0.5354330708661418,0.6,0.5769230769230769
16224,HyboNet,3,256,0.001,2,30,0.4645669291338583,0.9666666666666667,0.5
16225,HyboNet,3,256,0.001,2,31,0.4409448818897638,0.9666666666666667,0.5
16226,HyboNet,3,256,0.001,2,32,0.44881889763779526,0.9666666666666667,0.5
16227,HyboNet,3,256,0.001,2,33,0.4330708661417323,0.9666666666666667,0.5
16228,HyboNet,3,256,0.001,2,34,0.4409448818897638,0.9666666666666667,0.5
16229,HyboNet,3,256,0.001,2,35,0.4251968503937008,0.9666666666666667,0.5
16230,HyboNet,3,256,0.001,2,36,0.44881889763779526,0.9666666666666667,0.5
16231,HyboNet,3,256,0.001,2,37,0.4409448818897638,0.9666666666666667,0.5
16232,HyboNet,3,256,0.001,2,38,0.44881889763779526,0.9666666666666667,0.46153846153846156
16233,HyboNet,3,256,0.001,2,39,0.4409448818897638,0.9666666666666667,0.46153846153846156
16234,HyboNet,3,256,0.001,2,4,0.5354330708661418,0.6333333333333333,0.5769230769230769
16235,HyboNet,3,256,0.001,2,40,0.4645669291338583,0.9333333333333333,0.5
16236,HyboNet,3,256,0.001,2,41,0.44881889763779526,0.9333333333333333,0.5
16237,HyboNet,3,256,0.001,2,42,0.44881889763779526,0.9333333333333333,0.5
16238,HyboNet,3,256,0.001,2,43,0.4409448818897638,0.9333333333333333,0.5
16239,HyboNet,3,256,0.001,2,44,0.41732283464566927,0.9666666666666667,0.46153846153846156
16240,HyboNet,3,256,0.001,2,45,0.3937007874015748,1.0,0.46153846153846156
16241,HyboNet,3,256,0.001,2,46,0.3937007874015748,1.0,0.46153846153846156
16242,HyboNet,3,256,0.001,2,47,0.4094488188976378,1.0,0.5
16243,HyboNet,3,256,0.001,2,48,0.41732283464566927,1.0,0.5
16244,HyboNet,3,256,0.001,2,49,0.4566929133858268,1.0,0.5
16245,HyboNet,3,256,0.001,2,5,0.5826771653543307,0.7666666666666667,0.5384615384615384
16246,HyboNet,3,256,0.001,2,50,0.47244094488188976,1.0,0.5
16247,HyboNet,3,256,0.001,2,51,0.4645669291338583,1.0,0.5
16248,HyboNet,3,256,0.001,2,52,0.4409448818897638,1.0,0.46153846153846156
16249,HyboNet,3,256,0.001,2,53,0.4409448818897638,1.0,0.46153846153846156
16250,HyboNet,3,256,0.001,2,54,0.4409448818897638,1.0,0.5
16251,HyboNet,3,256,0.001,2,55,0.4330708661417323,1.0,0.5
16252,HyboNet,3,256,0.001,2,56,0.4330708661417323,1.0,0.5
16253,HyboNet,3,256,0.001,2,57,0.4409448818897638,1.0,0.5
16254,HyboNet,3,256,0.001,2,58,0.4330708661417323,1.0,0.5
16255,HyboNet,3,256,0.001,2,59,0.4330708661417323,1.0,0.5
16256,HyboNet,3,256,0.001,2,6,0.5669291338582677,0.7666666666666667,0.5384615384615384
16257,HyboNet,3,256,0.001,2,60,0.41732283464566927,1.0,0.38461538461538464
16258,HyboNet,3,256,0.001,2,61,0.4330708661417323,1.0,0.38461538461538464
16259,HyboNet,3,256,0.001,2,62,0.4330708661417323,1.0,0.34615384615384615
16260,HyboNet,3,256,0.001,2,63,0.4094488188976378,1.0,0.3076923076923077
16261,HyboNet,3,256,0.001,2,64,0.4094488188976378,1.0,0.3076923076923077
16262,HyboNet,3,256,0.001,2,65,0.41732283464566927,1.0,0.3076923076923077
16263,HyboNet,3,256,0.001,2,66,0.4015748031496063,1.0,0.2692307692307692
16264,HyboNet,3,256,0.001,2,67,0.3858267716535433,1.0,0.2692307692307692
16265,HyboNet,3,256,0.001,2,68,0.4251968503937008,1.0,0.38461538461538464
16266,HyboNet,3,256,0.001,2,69,0.41732283464566927,1.0,0.38461538461538464
16267,HyboNet,3,256,0.001,2,7,0.5511811023622047,0.7666666666666667,0.5384615384615384
16268,HyboNet,3,256,0.001,2,70,0.3937007874015748,1.0,0.34615384615384615
16269,HyboNet,3,256,0.001,2,71,0.3858267716535433,1.0,0.3076923076923077
16270,HyboNet,3,256,0.001,2,72,0.3779527559055118,1.0,0.2692307692307692
16271,HyboNet,3,256,0.001,2,73,0.3858267716535433,1.0,0.2692307692307692
16272,HyboNet,3,256,0.001,2,74,0.3937007874015748,1.0,0.2692307692307692
16273,HyboNet,3,256,0.001,2,75,0.3858267716535433,1.0,0.3076923076923077
16274,HyboNet,3,256,0.001,2,76,0.3937007874015748,1.0,0.3076923076923077
16275,HyboNet,3,256,0.001,2,77,0.3858267716535433,1.0,0.3076923076923077
16276,HyboNet,3,256,0.001,2,78,0.3858267716535433,1.0,0.3076923076923077
16277,HyboNet,3,256,0.001,2,79,0.3937007874015748,1.0,0.2692307692307692
16278,HyboNet,3,256,0.001,2,8,0.5354330708661418,0.7,0.5769230769230769
16279,HyboNet,3,256,0.001,2,80,0.3700787401574803,1.0,0.2692307692307692
16280,HyboNet,3,256,0.001,2,81,0.3700787401574803,1.0,0.2692307692307692
16281,HyboNet,3,256,0.001,2,82,0.36220472440944884,1.0,0.2692307692307692
16282,HyboNet,3,256,0.001,2,83,0.3858267716535433,1.0,0.2692307692307692
16283,HyboNet,3,256,0.001,2,84,0.3937007874015748,1.0,0.2692307692307692
16284,HyboNet,3,256,0.001,2,85,0.4094488188976378,1.0,0.2692307692307692
16285,HyboNet,3,256,0.001,2,86,0.4094488188976378,1.0,0.2692307692307692
16286,HyboNet,3,256,0.001,2,87,0.41732283464566927,1.0,0.2692307692307692
16287,HyboNet,3,256,0.001,2,88,0.41732283464566927,1.0,0.3076923076923077
16288,HyboNet,3,256,0.001,2,89,0.41732283464566927,1.0,0.3076923076923077
16289,HyboNet,3,256,0.001,2,9,0.5433070866141733,0.6666666666666666,0.5769230769230769
16290,HyboNet,3,256,0.001,2,90,0.4251968503937008,1.0,0.3076923076923077
16291,HyboNet,3,256,0.001,2,91,0.41732283464566927,1.0,0.3076923076923077
16292,HyboNet,3,256,0.001,2,92,0.4251968503937008,1.0,0.3076923076923077
16293,HyboNet,3,256,0.001,2,93,0.4251968503937008,1.0,0.38461538461538464
16294,HyboNet,3,256,0.001,2,94,0.4409448818897638,1.0,0.38461538461538464
16295,HyboNet,3,256,0.001,2,95,0.44881889763779526,1.0,0.4230769230769231
16296,HyboNet,3,256,0.001,2,96,0.4330708661417323,1.0,0.38461538461538464
16297,HyboNet,3,256,0.001,2,97,0.4330708661417323,1.0,0.46153846153846156
16298,HyboNet,3,256,0.001,2,98,0.4251968503937008,1.0,0.4230769230769231
16299,HyboNet,3,256,0.001,2,99,0.4251968503937008,1.0,0.46153846153846156
16300,HyboNet,3,256,0.001,3,1,0.5354330708661418,0.6,0.5769230769230769
16301,HyboNet,3,256,0.001,3,10,0.5354330708661418,0.7,0.5769230769230769
16302,HyboNet,3,256,0.001,3,100,0.3543307086614173,1.0,0.3076923076923077
16303,HyboNet,3,256,0.001,3,11,0.5354330708661418,0.7,0.5769230769230769
16304,HyboNet,3,256,0.001,3,12,0.5354330708661418,0.7333333333333333,0.5769230769230769
16305,HyboNet,3,256,0.001,3,13,0.5590551181102362,0.7666666666666667,0.5384615384615384
16306,HyboNet,3,256,0.001,3,14,0.5669291338582677,0.7666666666666667,0.5769230769230769
16307,HyboNet,3,256,0.001,3,15,0.5433070866141733,0.8,0.5769230769230769
16308,HyboNet,3,256,0.001,3,16,0.5590551181102362,0.8333333333333334,0.5769230769230769
16309,HyboNet,3,256,0.001,3,17,0.5669291338582677,0.8333333333333334,0.5769230769230769
16310,HyboNet,3,256,0.001,3,18,0.5354330708661418,0.8333333333333334,0.5384615384615384
16311,HyboNet,3,256,0.001,3,19,0.5196850393700787,0.8666666666666667,0.5384615384615384
16312,HyboNet,3,256,0.001,3,2,0.5354330708661418,0.6,0.5769230769230769
16313,HyboNet,3,256,0.001,3,20,0.5275590551181102,0.9,0.5384615384615384
16314,HyboNet,3,256,0.001,3,21,0.48031496062992124,0.9333333333333333,0.5384615384615384
16315,HyboNet,3,256,0.001,3,22,0.5039370078740157,0.9666666666666667,0.46153846153846156
16316,HyboNet,3,256,0.001,3,23,0.44881889763779526,0.9333333333333333,0.38461538461538464
16317,HyboNet,3,256,0.001,3,24,0.41732283464566927,0.8666666666666667,0.38461538461538464
16318,HyboNet,3,256,0.001,3,25,0.4566929133858268,0.8666666666666667,0.4230769230769231
16319,HyboNet,3,256,0.001,3,26,0.4881889763779528,0.8333333333333334,0.46153846153846156
16320,HyboNet,3,256,0.001,3,27,0.49606299212598426,0.9,0.5
16321,HyboNet,3,256,0.001,3,28,0.4881889763779528,0.9666666666666667,0.5
16322,HyboNet,3,256,0.001,3,29,0.49606299212598426,0.9666666666666667,0.5
16323,HyboNet,3,256,0.001,3,3,0.5354330708661418,0.6,0.5769230769230769
16324,HyboNet,3,256,0.001,3,30,0.49606299212598426,0.9666666666666667,0.5
16325,HyboNet,3,256,0.001,3,31,0.4881889763779528,0.9666666666666667,0.5
16326,HyboNet,3,256,0.001,3,32,0.49606299212598426,0.9666666666666667,0.5
16327,HyboNet,3,256,0.001,3,33,0.4645669291338583,0.9666666666666667,0.4230769230769231
16328,HyboNet,3,256,0.001,3,34,0.4645669291338583,0.9666666666666667,0.38461538461538464
16329,HyboNet,3,256,0.001,3,35,0.49606299212598426,0.9333333333333333,0.5
16330,HyboNet,3,256,0.001,3,36,0.48031496062992124,0.9333333333333333,0.5
16331,HyboNet,3,256,0.001,3,37,0.4645669291338583,0.9666666666666667,0.5
16332,HyboNet,3,256,0.001,3,38,0.4881889763779528,0.9666666666666667,0.5
16333,HyboNet,3,256,0.001,3,39,0.5039370078740157,0.9666666666666667,0.5
16334,HyboNet,3,256,0.001,3,4,0.5354330708661418,0.6,0.5769230769230769
16335,HyboNet,3,256,0.001,3,40,0.48031496062992124,1.0,0.5
16336,HyboNet,3,256,0.001,3,41,0.4881889763779528,1.0,0.46153846153846156
16337,HyboNet,3,256,0.001,3,42,0.47244094488188976,1.0,0.46153846153846156
16338,HyboNet,3,256,0.001,3,43,0.47244094488188976,1.0,0.4230769230769231
16339,HyboNet,3,256,0.001,3,44,0.4645669291338583,1.0,0.38461538461538464
16340,HyboNet,3,256,0.001,3,45,0.41732283464566927,1.0,0.34615384615384615
16341,HyboNet,3,256,0.001,3,46,0.4330708661417323,1.0,0.34615384615384615
16342,HyboNet,3,256,0.001,3,47,0.44881889763779526,1.0,0.34615384615384615
16343,HyboNet,3,256,0.001,3,48,0.4251968503937008,1.0,0.34615384615384615
16344,HyboNet,3,256,0.001,3,49,0.41732283464566927,1.0,0.38461538461538464
16345,HyboNet,3,256,0.001,3,5,0.5354330708661418,0.6333333333333333,0.5769230769230769
16346,HyboNet,3,256,0.001,3,50,0.3937007874015748,1.0,0.34615384615384615
16347,HyboNet,3,256,0.001,3,51,0.3858267716535433,1.0,0.34615384615384615
16348,HyboNet,3,256,0.001,3,52,0.4015748031496063,1.0,0.34615384615384615
16349,HyboNet,3,256,0.001,3,53,0.3779527559055118,1.0,0.34615384615384615
16350,HyboNet,3,256,0.001,3,54,0.4094488188976378,1.0,0.34615384615384615
16351,HyboNet,3,256,0.001,3,55,0.41732283464566927,1.0,0.38461538461538464
16352,HyboNet,3,256,0.001,3,56,0.4330708661417323,1.0,0.38461538461538464
16353,HyboNet,3,256,0.001,3,57,0.41732283464566927,1.0,0.34615384615384615
16354,HyboNet,3,256,0.001,3,58,0.3464566929133858,1.0,0.34615384615384615
16355,HyboNet,3,256,0.001,3,59,0.3543307086614173,1.0,0.3076923076923077
16356,HyboNet,3,256,0.001,3,6,0.5354330708661418,0.7333333333333333,0.5769230769230769
16357,HyboNet,3,256,0.001,3,60,0.3228346456692913,1.0,0.2692307692307692
16358,HyboNet,3,256,0.001,3,61,0.3228346456692913,1.0,0.3076923076923077
16359,HyboNet,3,256,0.001,3,62,0.3464566929133858,1.0,0.34615384615384615
16360,HyboNet,3,256,0.001,3,63,0.3779527559055118,1.0,0.34615384615384615
16361,HyboNet,3,256,0.001,3,64,0.3700787401574803,1.0,0.34615384615384615
16362,HyboNet,3,256,0.001,3,65,0.3700787401574803,1.0,0.34615384615384615
16363,HyboNet,3,256,0.001,3,66,0.3700787401574803,1.0,0.34615384615384615
16364,HyboNet,3,256,0.001,3,67,0.3700787401574803,1.0,0.3076923076923077
16365,HyboNet,3,256,0.001,3,68,0.3779527559055118,1.0,0.3076923076923077
16366,HyboNet,3,256,0.001,3,69,0.3700787401574803,1.0,0.3076923076923077
16367,HyboNet,3,256,0.001,3,7,0.5826771653543307,0.7333333333333333,0.5769230769230769
16368,HyboNet,3,256,0.001,3,70,0.41732283464566927,1.0,0.34615384615384615
16369,HyboNet,3,256,0.001,3,71,0.4330708661417323,1.0,0.34615384615384615
16370,HyboNet,3,256,0.001,3,72,0.4015748031496063,1.0,0.34615384615384615
16371,HyboNet,3,256,0.001,3,73,0.3700787401574803,1.0,0.3076923076923077
16372,HyboNet,3,256,0.001,3,74,0.3700787401574803,1.0,0.2692307692307692
16373,HyboNet,3,256,0.001,3,75,0.3779527559055118,1.0,0.3076923076923077
16374,HyboNet,3,256,0.001,3,76,0.3779527559055118,1.0,0.3076923076923077
16375,HyboNet,3,256,0.001,3,77,0.3700787401574803,1.0,0.3076923076923077
16376,HyboNet,3,256,0.001,3,78,0.3543307086614173,1.0,0.2692307692307692
16377,HyboNet,3,256,0.001,3,79,0.3464566929133858,1.0,0.2692307692307692
16378,HyboNet,3,256,0.001,3,8,0.5354330708661418,0.7333333333333333,0.5769230769230769
16379,HyboNet,3,256,0.001,3,80,0.33858267716535434,1.0,0.2692307692307692
16380,HyboNet,3,256,0.001,3,81,0.3858267716535433,1.0,0.3076923076923077
16381,HyboNet,3,256,0.001,3,82,0.4094488188976378,1.0,0.38461538461538464
16382,HyboNet,3,256,0.001,3,83,0.4015748031496063,1.0,0.38461538461538464
16383,HyboNet,3,256,0.001,3,84,0.3858267716535433,1.0,0.34615384615384615
16384,HyboNet,3,256,0.001,3,85,0.36220472440944884,1.0,0.34615384615384615
16385,HyboNet,3,256,0.001,3,86,0.36220472440944884,1.0,0.34615384615384615
16386,HyboNet,3,256,0.001,3,87,0.3779527559055118,1.0,0.3076923076923077
16387,HyboNet,3,256,0.001,3,88,0.3779527559055118,1.0,0.2692307692307692
16388,HyboNet,3,256,0.001,3,89,0.3700787401574803,1.0,0.2692307692307692
16389,HyboNet,3,256,0.001,3,9,0.5354330708661418,0.7333333333333333,0.5769230769230769
16390,HyboNet,3,256,0.001,3,90,0.36220472440944884,1.0,0.2692307692307692
16391,HyboNet,3,256,0.001,3,91,0.3464566929133858,1.0,0.2692307692307692
16392,HyboNet,3,256,0.001,3,92,0.3464566929133858,1.0,0.2692307692307692
16393,HyboNet,3,256,0.001,3,93,0.3779527559055118,1.0,0.3076923076923077
16394,HyboNet,3,256,0.001,3,94,0.3700787401574803,1.0,0.34615384615384615
16395,HyboNet,3,256,0.001,3,95,0.3779527559055118,1.0,0.34615384615384615
16396,HyboNet,3,256,0.001,3,96,0.3779527559055118,1.0,0.3076923076923077
16397,HyboNet,3,256,0.001,3,97,0.3858267716535433,1.0,0.34615384615384615
16398,HyboNet,3,256,0.001,3,98,0.3937007874015748,1.0,0.34615384615384615
16399,HyboNet,3,256,0.001,3,99,0.3858267716535433,1.0,0.3076923076923077
16400,HyboNet,3,256,0.001,4,1,0.5354330708661418,0.6,0.5769230769230769
16401,HyboNet,3,256,0.001,4,10,0.5433070866141733,0.7666666666666667,0.5769230769230769
16402,HyboNet,3,256,0.001,4,100,0.3779527559055118,1.0,0.34615384615384615
16403,HyboNet,3,256,0.001,4,11,0.5433070866141733,0.7666666666666667,0.5769230769230769
16404,HyboNet,3,256,0.001,4,12,0.5748031496062992,0.7666666666666667,0.6153846153846154
16405,HyboNet,3,256,0.001,4,13,0.5511811023622047,0.8,0.5
16406,HyboNet,3,256,0.001,4,14,0.5275590551181102,0.8333333333333334,0.5384615384615384
16407,HyboNet,3,256,0.001,4,15,0.5118110236220472,0.8333333333333334,0.5384615384615384
16408,HyboNet,3,256,0.001,4,16,0.49606299212598426,0.9,0.5384615384615384
16409,HyboNet,3,256,0.001,4,17,0.47244094488188976,0.8333333333333334,0.5384615384615384
16410,HyboNet,3,256,0.001,4,18,0.47244094488188976,0.8333333333333334,0.5384615384615384
16411,HyboNet,3,256,0.001,4,19,0.4881889763779528,0.9,0.5384615384615384
16412,HyboNet,3,256,0.001,4,2,0.5354330708661418,0.6,0.5769230769230769
16413,HyboNet,3,256,0.001,4,20,0.49606299212598426,0.9666666666666667,0.5384615384615384
16414,HyboNet,3,256,0.001,4,21,0.4881889763779528,0.9666666666666667,0.5384615384615384
16415,HyboNet,3,256,0.001,4,22,0.48031496062992124,0.9333333333333333,0.5
16416,HyboNet,3,256,0.001,4,23,0.48031496062992124,0.9333333333333333,0.5
16417,HyboNet,3,256,0.001,4,24,0.5039370078740157,0.9333333333333333,0.5384615384615384
16418,HyboNet,3,256,0.001,4,25,0.5118110236220472,0.9333333333333333,0.5384615384615384
16419,HyboNet,3,256,0.001,4,26,0.5118110236220472,0.9333333333333333,0.5384615384615384
16420,HyboNet,3,256,0.001,4,27,0.5039370078740157,0.9333333333333333,0.5384615384615384
16421,HyboNet,3,256,0.001,4,28,0.49606299212598426,0.9333333333333333,0.5384615384615384
16422,HyboNet,3,256,0.001,4,29,0.49606299212598426,0.9333333333333333,0.5384615384615384
16423,HyboNet,3,256,0.001,4,3,0.5354330708661418,0.6,0.5769230769230769
16424,HyboNet,3,256,0.001,4,30,0.4881889763779528,0.9333333333333333,0.5384615384615384
16425,HyboNet,3,256,0.001,4,31,0.4881889763779528,0.9333333333333333,0.5384615384615384
16426,HyboNet,3,256,0.001,4,32,0.49606299212598426,0.9333333333333333,0.5384615384615384
16427,HyboNet,3,256,0.001,4,33,0.49606299212598426,0.9333333333333333,0.5384615384615384
16428,HyboNet,3,256,0.001,4,34,0.5039370078740157,0.9333333333333333,0.5384615384615384
16429,HyboNet,3,256,0.001,4,35,0.5039370078740157,0.9333333333333333,0.5384615384615384
16430,HyboNet,3,256,0.001,4,36,0.49606299212598426,0.9333333333333333,0.5384615384615384
16431,HyboNet,3,256,0.001,4,37,0.48031496062992124,0.9333333333333333,0.5
16432,HyboNet,3,256,0.001,4,38,0.4881889763779528,0.9333333333333333,0.5
16433,HyboNet,3,256,0.001,4,39,0.49606299212598426,0.9333333333333333,0.5384615384615384
16434,HyboNet,3,256,0.001,4,4,0.5354330708661418,0.6,0.5769230769230769
16435,HyboNet,3,256,0.001,4,40,0.5039370078740157,0.9333333333333333,0.5384615384615384
16436,HyboNet,3,256,0.001,4,41,0.5039370078740157,0.9333333333333333,0.5384615384615384
16437,HyboNet,3,256,0.001,4,42,0.4881889763779528,1.0,0.5384615384615384
16438,HyboNet,3,256,0.001,4,43,0.4881889763779528,1.0,0.5384615384615384
16439,HyboNet,3,256,0.001,4,44,0.4645669291338583,1.0,0.5384615384615384
16440,HyboNet,3,256,0.001,4,45,0.48031496062992124,1.0,0.5384615384615384
16441,HyboNet,3,256,0.001,4,46,0.47244094488188976,1.0,0.46153846153846156
16442,HyboNet,3,256,0.001,4,47,0.4645669291338583,1.0,0.4230769230769231
16443,HyboNet,3,256,0.001,4,48,0.48031496062992124,1.0,0.5
16444,HyboNet,3,256,0.001,4,49,0.4645669291338583,1.0,0.46153846153846156
16445,HyboNet,3,256,0.001,4,5,0.5433070866141733,0.7666666666666667,0.5769230769230769
16446,HyboNet,3,256,0.001,4,50,0.4566929133858268,1.0,0.46153846153846156
16447,HyboNet,3,256,0.001,4,51,0.4566929133858268,1.0,0.4230769230769231
16448,HyboNet,3,256,0.001,4,52,0.4645669291338583,1.0,0.4230769230769231
16449,HyboNet,3,256,0.001,4,53,0.4566929133858268,1.0,0.5
16450,HyboNet,3,256,0.001,4,54,0.4566929133858268,1.0,0.5
16451,HyboNet,3,256,0.001,4,55,0.44881889763779526,1.0,0.34615384615384615
16452,HyboNet,3,256,0.001,4,56,0.4251968503937008,1.0,0.34615384615384615
16453,HyboNet,3,256,0.001,4,57,0.4330708661417323,1.0,0.38461538461538464
16454,HyboNet,3,256,0.001,4,58,0.4645669291338583,1.0,0.4230769230769231
16455,HyboNet,3,256,0.001,4,59,0.4330708661417323,1.0,0.4230769230769231
16456,HyboNet,3,256,0.001,4,6,0.5511811023622047,0.8,0.5769230769230769
16457,HyboNet,3,256,0.001,4,60,0.41732283464566927,1.0,0.38461538461538464
16458,HyboNet,3,256,0.001,4,61,0.41732283464566927,1.0,0.34615384615384615
16459,HyboNet,3,256,0.001,4,62,0.4251968503937008,1.0,0.38461538461538464
16460,HyboNet,3,256,0.001,4,63,0.4094488188976378,1.0,0.34615384615384615
16461,HyboNet,3,256,0.001,4,64,0.4015748031496063,1.0,0.34615384615384615
16462,HyboNet,3,256,0.001,4,65,0.3858267716535433,1.0,0.3076923076923077
16463,HyboNet,3,256,0.001,4,66,0.4015748031496063,1.0,0.34615384615384615
16464,HyboNet,3,256,0.001,4,67,0.3937007874015748,1.0,0.34615384615384615
16465,HyboNet,3,256,0.001,4,68,0.4094488188976378,1.0,0.34615384615384615
16466,HyboNet,3,256,0.001,4,69,0.41732283464566927,1.0,0.34615384615384615
16467,HyboNet,3,256,0.001,4,7,0.5590551181102362,0.8,0.5769230769230769
16468,HyboNet,3,256,0.001,4,70,0.4015748031496063,1.0,0.34615384615384615
16469,HyboNet,3,256,0.001,4,71,0.41732283464566927,1.0,0.34615384615384615
16470,HyboNet,3,256,0.001,4,72,0.3937007874015748,1.0,0.38461538461538464
16471,HyboNet,3,256,0.001,4,73,0.4330708661417323,1.0,0.46153846153846156
16472,HyboNet,3,256,0.001,4,74,0.4330708661417323,1.0,0.5
16473,HyboNet,3,256,0.001,4,75,0.4330708661417323,1.0,0.38461538461538464
16474,HyboNet,3,256,0.001,4,76,0.3700787401574803,1.0,0.34615384615384615
16475,HyboNet,3,256,0.001,4,77,0.3779527559055118,1.0,0.3076923076923077
16476,HyboNet,3,256,0.001,4,78,0.36220472440944884,1.0,0.3076923076923077
16477,HyboNet,3,256,0.001,4,79,0.3700787401574803,1.0,0.3076923076923077
16478,HyboNet,3,256,0.001,4,8,0.5433070866141733,0.7666666666666667,0.5769230769230769
16479,HyboNet,3,256,0.001,4,80,0.3779527559055118,1.0,0.3076923076923077
16480,HyboNet,3,256,0.001,4,81,0.3779527559055118,1.0,0.3076923076923077
16481,HyboNet,3,256,0.001,4,82,0.3937007874015748,1.0,0.34615384615384615
16482,HyboNet,3,256,0.001,4,83,0.3858267716535433,1.0,0.34615384615384615
16483,HyboNet,3,256,0.001,4,84,0.3858267716535433,1.0,0.3076923076923077
16484,HyboNet,3,256,0.001,4,85,0.3858267716535433,1.0,0.3076923076923077
16485,HyboNet,3,256,0.001,4,86,0.3858267716535433,1.0,0.3076923076923077
16486,HyboNet,3,256,0.001,4,87,0.3779527559055118,1.0,0.3076923076923077
16487,HyboNet,3,256,0.001,4,88,0.3700787401574803,1.0,0.3076923076923077
16488,HyboNet,3,256,0.001,4,89,0.3543307086614173,1.0,0.34615384615384615
16489,HyboNet,3,256,0.001,4,9,0.5433070866141733,0.7666666666666667,0.5769230769230769
16490,HyboNet,3,256,0.001,4,90,0.36220472440944884,1.0,0.34615384615384615
16491,HyboNet,3,256,0.001,4,91,0.3858267716535433,1.0,0.34615384615384615
16492,HyboNet,3,256,0.001,4,92,0.3858267716535433,1.0,0.3076923076923077
16493,HyboNet,3,256,0.001,4,93,0.3700787401574803,1.0,0.3076923076923077
16494,HyboNet,3,256,0.001,4,94,0.3779527559055118,1.0,0.3076923076923077
16495,HyboNet,3,256,0.001,4,95,0.3464566929133858,1.0,0.3076923076923077
16496,HyboNet,3,256,0.001,4,96,0.3464566929133858,1.0,0.3076923076923077
16497,HyboNet,3,256,0.001,4,97,0.3464566929133858,1.0,0.3076923076923077
16498,HyboNet,3,256,0.001,4,98,0.36220472440944884,1.0,0.3076923076923077
16499,HyboNet,3,256,0.001,4,99,0.36220472440944884,1.0,0.34615384615384615
16500,HyboNet,3,256,0.001,5,1,0.5354330708661418,0.6,0.5769230769230769
16501,HyboNet,3,256,0.001,5,10,0.5354330708661418,0.7333333333333333,0.5769230769230769
16502,HyboNet,3,256,0.001,5,100,0.3779527559055118,1.0,0.34615384615384615
16503,HyboNet,3,256,0.001,5,11,0.5275590551181102,0.7333333333333333,0.5769230769230769
16504,HyboNet,3,256,0.001,5,12,0.5354330708661418,0.7333333333333333,0.5769230769230769
16505,HyboNet,3,256,0.001,5,13,0.5433070866141733,0.7333333333333333,0.5384615384615384
16506,HyboNet,3,256,0.001,5,14,0.5590551181102362,0.8333333333333334,0.5769230769230769
16507,HyboNet,3,256,0.001,5,15,0.5196850393700787,0.8333333333333334,0.5384615384615384
16508,HyboNet,3,256,0.001,5,16,0.48031496062992124,0.8666666666666667,0.5384615384615384
16509,HyboNet,3,256,0.001,5,17,0.4881889763779528,0.8333333333333334,0.5
16510,HyboNet,3,256,0.001,5,18,0.5118110236220472,0.8333333333333334,0.5384615384615384
16511,HyboNet,3,256,0.001,5,19,0.5275590551181102,0.9,0.5384615384615384
16512,HyboNet,3,256,0.001,5,2,0.5354330708661418,0.6,0.5769230769230769
16513,HyboNet,3,256,0.001,5,20,0.5275590551181102,0.8666666666666667,0.5384615384615384
16514,HyboNet,3,256,0.001,5,21,0.5196850393700787,0.8333333333333334,0.5384615384615384
16515,HyboNet,3,256,0.001,5,22,0.5275590551181102,0.8333333333333334,0.5
16516,HyboNet,3,256,0.001,5,23,0.47244094488188976,0.9333333333333333,0.5384615384615384
16517,HyboNet,3,256,0.001,5,24,0.48031496062992124,0.9333333333333333,0.46153846153846156
16518,HyboNet,3,256,0.001,5,25,0.47244094488188976,0.9333333333333333,0.46153846153846156
16519,HyboNet,3,256,0.001,5,26,0.48031496062992124,0.9333333333333333,0.5384615384615384
16520,HyboNet,3,256,0.001,5,27,0.5039370078740157,0.9333333333333333,0.5384615384615384
16521,HyboNet,3,256,0.001,5,28,0.5039370078740157,0.9333333333333333,0.5
16522,HyboNet,3,256,0.001,5,29,0.5039370078740157,0.9333333333333333,0.5
16523,HyboNet,3,256,0.001,5,3,0.5354330708661418,0.6,0.5769230769230769
16524,HyboNet,3,256,0.001,5,30,0.5039370078740157,0.9333333333333333,0.5
16525,HyboNet,3,256,0.001,5,31,0.4881889763779528,0.9666666666666667,0.5384615384615384
16526,HyboNet,3,256,0.001,5,32,0.47244094488188976,0.9666666666666667,0.5384615384615384
16527,HyboNet,3,256,0.001,5,33,0.47244094488188976,0.9666666666666667,0.5384615384615384
16528,HyboNet,3,256,0.001,5,34,0.4566929133858268,1.0,0.4230769230769231
16529,HyboNet,3,256,0.001,5,35,0.4409448818897638,1.0,0.4230769230769231
16530,HyboNet,3,256,0.001,5,36,0.4566929133858268,0.9666666666666667,0.5
16531,HyboNet,3,256,0.001,5,37,0.4645669291338583,0.9666666666666667,0.5384615384615384
16532,HyboNet,3,256,0.001,5,38,0.4566929133858268,0.9666666666666667,0.5384615384615384
16533,HyboNet,3,256,0.001,5,39,0.48031496062992124,0.9666666666666667,0.5384615384615384
16534,HyboNet,3,256,0.001,5,4,0.5354330708661418,0.6,0.5769230769230769
16535,HyboNet,3,256,0.001,5,40,0.49606299212598426,0.9666666666666667,0.5384615384615384
16536,HyboNet,3,256,0.001,5,41,0.48031496062992124,0.9666666666666667,0.5384615384615384
16537,HyboNet,3,256,0.001,5,42,0.4645669291338583,1.0,0.5
16538,HyboNet,3,256,0.001,5,43,0.4409448818897638,1.0,0.4230769230769231
16539,HyboNet,3,256,0.001,5,44,0.4330708661417323,1.0,0.4230769230769231
16540,HyboNet,3,256,0.001,5,45,0.4251968503937008,1.0,0.4230769230769231
16541,HyboNet,3,256,0.001,5,46,0.4251968503937008,1.0,0.46153846153846156
16542,HyboNet,3,256,0.001,5,47,0.4330708661417323,1.0,0.46153846153846156
16543,HyboNet,3,256,0.001,5,48,0.4251968503937008,1.0,0.4230769230769231
16544,HyboNet,3,256,0.001,5,49,0.3858267716535433,1.0,0.4230769230769231
16545,HyboNet,3,256,0.001,5,5,0.5354330708661418,0.6,0.5769230769230769
16546,HyboNet,3,256,0.001,5,50,0.36220472440944884,1.0,0.34615384615384615
16547,HyboNet,3,256,0.001,5,51,0.3700787401574803,1.0,0.38461538461538464
16548,HyboNet,3,256,0.001,5,52,0.3858267716535433,1.0,0.4230769230769231
16549,HyboNet,3,256,0.001,5,53,0.4251968503937008,1.0,0.4230769230769231
16550,HyboNet,3,256,0.001,5,54,0.4409448818897638,1.0,0.5
16551,HyboNet,3,256,0.001,5,55,0.44881889763779526,1.0,0.46153846153846156
16552,HyboNet,3,256,0.001,5,56,0.41732283464566927,1.0,0.4230769230769231
16553,HyboNet,3,256,0.001,5,57,0.4330708661417323,1.0,0.38461538461538464
16554,HyboNet,3,256,0.001,5,58,0.4094488188976378,1.0,0.3076923076923077
16555,HyboNet,3,256,0.001,5,59,0.4094488188976378,1.0,0.3076923076923077
16556,HyboNet,3,256,0.001,5,6,0.5354330708661418,0.6,0.5769230769230769
16557,HyboNet,3,256,0.001,5,60,0.4251968503937008,1.0,0.4230769230769231
16558,HyboNet,3,256,0.001,5,61,0.4015748031496063,1.0,0.4230769230769231
16559,HyboNet,3,256,0.001,5,62,0.4094488188976378,1.0,0.38461538461538464
16560,HyboNet,3,256,0.001,5,63,0.3858267716535433,1.0,0.34615384615384615
16561,HyboNet,3,256,0.001,5,64,0.3700787401574803,1.0,0.3076923076923077
16562,HyboNet,3,256,0.001,5,65,0.33858267716535434,1.0,0.3076923076923077
16563,HyboNet,3,256,0.001,5,66,0.33070866141732286,1.0,0.34615384615384615
16564,HyboNet,3,256,0.001,5,67,0.30708661417322836,1.0,0.3076923076923077
16565,HyboNet,3,256,0.001,5,68,0.3464566929133858,1.0,0.3076923076923077
16566,HyboNet,3,256,0.001,5,69,0.4094488188976378,1.0,0.34615384615384615
16567,HyboNet,3,256,0.001,5,7,0.5275590551181102,0.7333333333333333,0.5769230769230769
16568,HyboNet,3,256,0.001,5,70,0.41732283464566927,1.0,0.34615384615384615
16569,HyboNet,3,256,0.001,5,71,0.4094488188976378,1.0,0.34615384615384615
16570,HyboNet,3,256,0.001,5,72,0.4094488188976378,1.0,0.34615384615384615
16571,HyboNet,3,256,0.001,5,73,0.3700787401574803,1.0,0.34615384615384615
16572,HyboNet,3,256,0.001,5,74,0.3464566929133858,1.0,0.3076923076923077
16573,HyboNet,3,256,0.001,5,75,0.3464566929133858,1.0,0.3076923076923077
16574,HyboNet,3,256,0.001,5,76,0.3464566929133858,1.0,0.34615384615384615
16575,HyboNet,3,256,0.001,5,77,0.3700787401574803,1.0,0.38461538461538464
16576,HyboNet,3,256,0.001,5,78,0.36220472440944884,1.0,0.34615384615384615
16577,HyboNet,3,256,0.001,5,79,0.33858267716535434,1.0,0.34615384615384615
16578,HyboNet,3,256,0.001,5,8,0.5511811023622047,0.7666666666666667,0.5769230769230769
16579,HyboNet,3,256,0.001,5,80,0.33858267716535434,1.0,0.34615384615384615
16580,HyboNet,3,256,0.001,5,81,0.3858267716535433,1.0,0.3076923076923077
16581,HyboNet,3,256,0.001,5,82,0.3700787401574803,1.0,0.34615384615384615
16582,HyboNet,3,256,0.001,5,83,0.3543307086614173,1.0,0.38461538461538464
16583,HyboNet,3,256,0.001,5,84,0.33858267716535434,1.0,0.34615384615384615
16584,HyboNet,3,256,0.001,5,85,0.3779527559055118,1.0,0.34615384615384615
16585,HyboNet,3,256,0.001,5,86,0.3858267716535433,1.0,0.34615384615384615
16586,HyboNet,3,256,0.001,5,87,0.3937007874015748,1.0,0.34615384615384615
16587,HyboNet,3,256,0.001,5,88,0.3464566929133858,1.0,0.34615384615384615
16588,HyboNet,3,256,0.001,5,89,0.3543307086614173,1.0,0.34615384615384615
16589,HyboNet,3,256,0.001,5,9,0.5511811023622047,0.7333333333333333,0.5769230769230769
16590,HyboNet,3,256,0.001,5,90,0.3543307086614173,1.0,0.38461538461538464
16591,HyboNet,3,256,0.001,5,91,0.3858267716535433,1.0,0.34615384615384615
16592,HyboNet,3,256,0.001,5,92,0.41732283464566927,1.0,0.4230769230769231
16593,HyboNet,3,256,0.001,5,93,0.4015748031496063,1.0,0.4230769230769231
16594,HyboNet,3,256,0.001,5,94,0.3858267716535433,1.0,0.46153846153846156
16595,HyboNet,3,256,0.001,5,95,0.3700787401574803,1.0,0.38461538461538464
16596,HyboNet,3,256,0.001,5,96,0.3228346456692913,1.0,0.34615384615384615
16597,HyboNet,3,256,0.001,5,97,0.3228346456692913,1.0,0.3076923076923077
16598,HyboNet,3,256,0.001,5,98,0.3543307086614173,1.0,0.3076923076923077
16599,HyboNet,3,256,0.001,5,99,0.3543307086614173,1.0,0.38461538461538464
16600,HyboNet,3,256,0.001,6,1,0.5354330708661418,0.6,0.5769230769230769
16601,HyboNet,3,256,0.001,6,10,0.5275590551181102,0.7,0.5769230769230769
16602,HyboNet,3,256,0.001,6,100,0.3858267716535433,1.0,0.34615384615384615
16603,HyboNet,3,256,0.001,6,11,0.5275590551181102,0.7666666666666667,0.5384615384615384
16604,HyboNet,3,256,0.001,6,12,0.5590551181102362,0.8,0.5769230769230769
16605,HyboNet,3,256,0.001,6,13,0.5590551181102362,0.8333333333333334,0.5
16606,HyboNet,3,256,0.001,6,14,0.5354330708661418,0.8333333333333334,0.46153846153846156
16607,HyboNet,3,256,0.001,6,15,0.5433070866141733,0.8333333333333334,0.5
16608,HyboNet,3,256,0.001,6,16,0.5275590551181102,0.8666666666666667,0.5
16609,HyboNet,3,256,0.001,6,17,0.5196850393700787,0.8666666666666667,0.5
16610,HyboNet,3,256,0.001,6,18,0.5039370078740157,0.9,0.5384615384615384
16611,HyboNet,3,256,0.001,6,19,0.5039370078740157,0.9,0.5384615384615384
16612,HyboNet,3,256,0.001,6,2,0.5354330708661418,0.6,0.5769230769230769
16613,HyboNet,3,256,0.001,6,20,0.4645669291338583,0.9,0.38461538461538464
16614,HyboNet,3,256,0.001,6,21,0.4881889763779528,0.9333333333333333,0.46153846153846156
16615,HyboNet,3,256,0.001,6,22,0.5118110236220472,0.9,0.5384615384615384
16616,HyboNet,3,256,0.001,6,23,0.5039370078740157,0.9333333333333333,0.5384615384615384
16617,HyboNet,3,256,0.001,6,24,0.5118110236220472,0.9333333333333333,0.5
16618,HyboNet,3,256,0.001,6,25,0.5118110236220472,0.9333333333333333,0.5384615384615384
16619,HyboNet,3,256,0.001,6,26,0.5039370078740157,0.9333333333333333,0.5384615384615384
16620,HyboNet,3,256,0.001,6,27,0.5039370078740157,0.9333333333333333,0.5384615384615384
16621,HyboNet,3,256,0.001,6,28,0.5118110236220472,0.9333333333333333,0.5384615384615384
16622,HyboNet,3,256,0.001,6,29,0.5039370078740157,0.9666666666666667,0.5384615384615384
16623,HyboNet,3,256,0.001,6,3,0.5354330708661418,0.6,0.5769230769230769
16624,HyboNet,3,256,0.001,6,30,0.5039370078740157,0.9666666666666667,0.5384615384615384
16625,HyboNet,3,256,0.001,6,31,0.5118110236220472,0.9666666666666667,0.5384615384615384
16626,HyboNet,3,256,0.001,6,32,0.48031496062992124,0.9666666666666667,0.5384615384615384
16627,HyboNet,3,256,0.001,6,33,0.4566929133858268,0.9666666666666667,0.5
16628,HyboNet,3,256,0.001,6,34,0.44881889763779526,1.0,0.5
16629,HyboNet,3,256,0.001,6,35,0.4566929133858268,1.0,0.5384615384615384
16630,HyboNet,3,256,0.001,6,36,0.47244094488188976,1.0,0.5384615384615384
16631,HyboNet,3,256,0.001,6,37,0.47244094488188976,1.0,0.5384615384615384
16632,HyboNet,3,256,0.001,6,38,0.47244094488188976,1.0,0.5384615384615384
16633,HyboNet,3,256,0.001,6,39,0.44881889763779526,1.0,0.5384615384615384
16634,HyboNet,3,256,0.001,6,4,0.5354330708661418,0.6,0.5769230769230769
16635,HyboNet,3,256,0.001,6,40,0.4409448818897638,1.0,0.5
16636,HyboNet,3,256,0.001,6,41,0.4251968503937008,1.0,0.46153846153846156
16637,HyboNet,3,256,0.001,6,42,0.4409448818897638,1.0,0.5
16638,HyboNet,3,256,0.001,6,43,0.44881889763779526,1.0,0.5
16639,HyboNet,3,256,0.001,6,44,0.48031496062992124,1.0,0.5384615384615384
16640,HyboNet,3,256,0.001,6,45,0.4566929133858268,1.0,0.5384615384615384
16641,HyboNet,3,256,0.001,6,46,0.4094488188976378,1.0,0.46153846153846156
16642,HyboNet,3,256,0.001,6,47,0.4330708661417323,1.0,0.4230769230769231
16643,HyboNet,3,256,0.001,6,48,0.4251968503937008,1.0,0.38461538461538464
16644,HyboNet,3,256,0.001,6,49,0.4251968503937008,1.0,0.34615384615384615
16645,HyboNet,3,256,0.001,6,5,0.5275590551181102,0.7,0.5769230769230769
16646,HyboNet,3,256,0.001,6,50,0.4251968503937008,1.0,0.34615384615384615
16647,HyboNet,3,256,0.001,6,51,0.4251968503937008,1.0,0.38461538461538464
16648,HyboNet,3,256,0.001,6,52,0.44881889763779526,1.0,0.38461538461538464
16649,HyboNet,3,256,0.001,6,53,0.4330708661417323,1.0,0.38461538461538464
16650,HyboNet,3,256,0.001,6,54,0.4330708661417323,1.0,0.38461538461538464
16651,HyboNet,3,256,0.001,6,55,0.4409448818897638,1.0,0.4230769230769231
16652,HyboNet,3,256,0.001,6,56,0.4409448818897638,1.0,0.38461538461538464
16653,HyboNet,3,256,0.001,6,57,0.41732283464566927,1.0,0.38461538461538464
16654,HyboNet,3,256,0.001,6,58,0.4251968503937008,1.0,0.38461538461538464
16655,HyboNet,3,256,0.001,6,59,0.41732283464566927,1.0,0.38461538461538464
16656,HyboNet,3,256,0.001,6,6,0.5590551181102362,0.8,0.5384615384615384
16657,HyboNet,3,256,0.001,6,60,0.4015748031496063,1.0,0.38461538461538464
16658,HyboNet,3,256,0.001,6,61,0.3937007874015748,1.0,0.38461538461538464
16659,HyboNet,3,256,0.001,6,62,0.3937007874015748,1.0,0.34615384615384615
16660,HyboNet,3,256,0.001,6,63,0.3937007874015748,1.0,0.34615384615384615
16661,HyboNet,3,256,0.001,6,64,0.3937007874015748,1.0,0.34615384615384615
16662,HyboNet,3,256,0.001,6,65,0.3858267716535433,1.0,0.34615384615384615
16663,HyboNet,3,256,0.001,6,66,0.3937007874015748,1.0,0.34615384615384615
16664,HyboNet,3,256,0.001,6,67,0.3779527559055118,1.0,0.38461538461538464
16665,HyboNet,3,256,0.001,6,68,0.3779527559055118,1.0,0.34615384615384615
16666,HyboNet,3,256,0.001,6,69,0.3858267716535433,1.0,0.38461538461538464
16667,HyboNet,3,256,0.001,6,7,0.5275590551181102,0.7333333333333333,0.5769230769230769
16668,HyboNet,3,256,0.001,6,70,0.3700787401574803,1.0,0.34615384615384615
16669,HyboNet,3,256,0.001,6,71,0.33070866141732286,1.0,0.38461538461538464
16670,HyboNet,3,256,0.001,6,72,0.33858267716535434,1.0,0.38461538461538464
16671,HyboNet,3,256,0.001,6,73,0.3464566929133858,1.0,0.34615384615384615
16672,HyboNet,3,256,0.001,6,74,0.33070866141732286,1.0,0.34615384615384615
16673,HyboNet,3,256,0.001,6,75,0.3700787401574803,1.0,0.38461538461538464
16674,HyboNet,3,256,0.001,6,76,0.3543307086614173,1.0,0.38461538461538464
16675,HyboNet,3,256,0.001,6,77,0.3464566929133858,1.0,0.38461538461538464
16676,HyboNet,3,256,0.001,6,78,0.3700787401574803,1.0,0.38461538461538464
16677,HyboNet,3,256,0.001,6,79,0.36220472440944884,1.0,0.34615384615384615
16678,HyboNet,3,256,0.001,6,8,0.5354330708661418,0.6666666666666666,0.5769230769230769
16679,HyboNet,3,256,0.001,6,80,0.3464566929133858,1.0,0.34615384615384615
16680,HyboNet,3,256,0.001,6,81,0.36220472440944884,1.0,0.38461538461538464
16681,HyboNet,3,256,0.001,6,82,0.3779527559055118,1.0,0.38461538461538464
16682,HyboNet,3,256,0.001,6,83,0.3543307086614173,1.0,0.38461538461538464
16683,HyboNet,3,256,0.001,6,84,0.3779527559055118,1.0,0.38461538461538464
16684,HyboNet,3,256,0.001,6,85,0.36220472440944884,1.0,0.38461538461538464
16685,HyboNet,3,256,0.001,6,86,0.3700787401574803,1.0,0.38461538461538464
16686,HyboNet,3,256,0.001,6,87,0.36220472440944884,1.0,0.38461538461538464
16687,HyboNet,3,256,0.001,6,88,0.3543307086614173,1.0,0.34615384615384615
16688,HyboNet,3,256,0.001,6,89,0.3543307086614173,1.0,0.34615384615384615
16689,HyboNet,3,256,0.001,6,9,0.5433070866141733,0.6666666666666666,0.5769230769230769
16690,HyboNet,3,256,0.001,6,90,0.36220472440944884,1.0,0.34615384615384615
16691,HyboNet,3,256,0.001,6,91,0.3543307086614173,1.0,0.38461538461538464
16692,HyboNet,3,256,0.001,6,92,0.3700787401574803,1.0,0.38461538461538464
16693,HyboNet,3,256,0.001,6,93,0.3700787401574803,1.0,0.38461538461538464
16694,HyboNet,3,256,0.001,6,94,0.33858267716535434,1.0,0.38461538461538464
16695,HyboNet,3,256,0.001,6,95,0.3464566929133858,1.0,0.34615384615384615
16696,HyboNet,3,256,0.001,6,96,0.36220472440944884,1.0,0.34615384615384615
16697,HyboNet,3,256,0.001,6,97,0.36220472440944884,1.0,0.38461538461538464
16698,HyboNet,3,256,0.001,6,98,0.3543307086614173,1.0,0.34615384615384615
16699,HyboNet,3,256,0.001,6,99,0.3700787401574803,1.0,0.34615384615384615
16700,HyboNet,3,256,0.001,7,1,0.5354330708661418,0.6,0.5769230769230769
16701,HyboNet,3,256,0.001,7,10,0.5354330708661418,0.7333333333333333,0.5769230769230769
16702,HyboNet,3,256,0.001,7,100,0.44881889763779526,1.0,0.5
16703,HyboNet,3,256,0.001,7,11,0.5433070866141733,0.7666666666666667,0.5769230769230769
16704,HyboNet,3,256,0.001,7,12,0.5590551181102362,0.8,0.5
16705,HyboNet,3,256,0.001,7,13,0.5669291338582677,0.8,0.5384615384615384
16706,HyboNet,3,256,0.001,7,14,0.5275590551181102,0.7666666666666667,0.46153846153846156
16707,HyboNet,3,256,0.001,7,15,0.5433070866141733,0.7666666666666667,0.5384615384615384
16708,HyboNet,3,256,0.001,7,16,0.5196850393700787,0.8333333333333334,0.5384615384615384
16709,HyboNet,3,256,0.001,7,17,0.48031496062992124,0.8666666666666667,0.5
16710,HyboNet,3,256,0.001,7,18,0.4645669291338583,0.9,0.5
16711,HyboNet,3,256,0.001,7,19,0.47244094488188976,0.9333333333333333,0.5384615384615384
16712,HyboNet,3,256,0.001,7,2,0.5354330708661418,0.6,0.5769230769230769
16713,HyboNet,3,256,0.001,7,20,0.48031496062992124,0.9333333333333333,0.5
16714,HyboNet,3,256,0.001,7,21,0.49606299212598426,0.9,0.5
16715,HyboNet,3,256,0.001,7,22,0.5039370078740157,0.9,0.5384615384615384
16716,HyboNet,3,256,0.001,7,23,0.49606299212598426,0.9333333333333333,0.5384615384615384
16717,HyboNet,3,256,0.001,7,24,0.4881889763779528,0.9333333333333333,0.5384615384615384
16718,HyboNet,3,256,0.001,7,25,0.5039370078740157,0.9666666666666667,0.46153846153846156
16719,HyboNet,3,256,0.001,7,26,0.5039370078740157,0.9666666666666667,0.46153846153846156
16720,HyboNet,3,256,0.001,7,27,0.5039370078740157,0.9333333333333333,0.46153846153846156
16721,HyboNet,3,256,0.001,7,28,0.49606299212598426,0.9333333333333333,0.5
16722,HyboNet,3,256,0.001,7,29,0.49606299212598426,0.9333333333333333,0.5384615384615384
16723,HyboNet,3,256,0.001,7,3,0.5354330708661418,0.6,0.5769230769230769
16724,HyboNet,3,256,0.001,7,30,0.4881889763779528,0.9333333333333333,0.5384615384615384
16725,HyboNet,3,256,0.001,7,31,0.4881889763779528,0.9333333333333333,0.5384615384615384
16726,HyboNet,3,256,0.001,7,32,0.5039370078740157,0.9333333333333333,0.46153846153846156
16727,HyboNet,3,256,0.001,7,33,0.48031496062992124,0.9666666666666667,0.46153846153846156
16728,HyboNet,3,256,0.001,7,34,0.4881889763779528,0.9666666666666667,0.5
16729,HyboNet,3,256,0.001,7,35,0.47244094488188976,0.9666666666666667,0.46153846153846156
16730,HyboNet,3,256,0.001,7,36,0.47244094488188976,1.0,0.4230769230769231
16731,HyboNet,3,256,0.001,7,37,0.44881889763779526,1.0,0.46153846153846156
16732,HyboNet,3,256,0.001,7,38,0.44881889763779526,1.0,0.46153846153846156
16733,HyboNet,3,256,0.001,7,39,0.4330708661417323,1.0,0.46153846153846156
16734,HyboNet,3,256,0.001,7,4,0.5354330708661418,0.6333333333333333,0.5769230769230769
16735,HyboNet,3,256,0.001,7,40,0.4566929133858268,1.0,0.46153846153846156
16736,HyboNet,3,256,0.001,7,41,0.47244094488188976,1.0,0.46153846153846156
16737,HyboNet,3,256,0.001,7,42,0.4881889763779528,1.0,0.46153846153846156
16738,HyboNet,3,256,0.001,7,43,0.49606299212598426,1.0,0.46153846153846156
16739,HyboNet,3,256,0.001,7,44,0.4409448818897638,1.0,0.38461538461538464
16740,HyboNet,3,256,0.001,7,45,0.4645669291338583,1.0,0.38461538461538464
16741,HyboNet,3,256,0.001,7,46,0.44881889763779526,1.0,0.4230769230769231
16742,HyboNet,3,256,0.001,7,47,0.4409448818897638,1.0,0.46153846153846156
16743,HyboNet,3,256,0.001,7,48,0.4409448818897638,1.0,0.4230769230769231
16744,HyboNet,3,256,0.001,7,49,0.4409448818897638,1.0,0.38461538461538464
16745,HyboNet,3,256,0.001,7,5,0.5354330708661418,0.7666666666666667,0.5769230769230769
16746,HyboNet,3,256,0.001,7,50,0.41732283464566927,1.0,0.38461538461538464
16747,HyboNet,3,256,0.001,7,51,0.4251968503937008,1.0,0.38461538461538464
16748,HyboNet,3,256,0.001,7,52,0.4330708661417323,1.0,0.38461538461538464
16749,HyboNet,3,256,0.001,7,53,0.3937007874015748,1.0,0.3076923076923077
16750,HyboNet,3,256,0.001,7,54,0.3858267716535433,1.0,0.3076923076923077
16751,HyboNet,3,256,0.001,7,55,0.3937007874015748,1.0,0.3076923076923077
16752,HyboNet,3,256,0.001,7,56,0.3858267716535433,1.0,0.3076923076923077
16753,HyboNet,3,256,0.001,7,57,0.3779527559055118,1.0,0.3076923076923077
16754,HyboNet,3,256,0.001,7,58,0.3700787401574803,1.0,0.3076923076923077
16755,HyboNet,3,256,0.001,7,59,0.3543307086614173,1.0,0.3076923076923077
16756,HyboNet,3,256,0.001,7,6,0.5433070866141733,0.7666666666666667,0.5384615384615384
16757,HyboNet,3,256,0.001,7,60,0.3543307086614173,1.0,0.34615384615384615
16758,HyboNet,3,256,0.001,7,61,0.4094488188976378,1.0,0.3076923076923077
16759,HyboNet,3,256,0.001,7,62,0.4094488188976378,1.0,0.3076923076923077
16760,HyboNet,3,256,0.001,7,63,0.4251968503937008,1.0,0.3076923076923077
16761,HyboNet,3,256,0.001,7,64,0.3779527559055118,1.0,0.34615384615384615
16762,HyboNet,3,256,0.001,7,65,0.3779527559055118,1.0,0.34615384615384615
16763,HyboNet,3,256,0.001,7,66,0.3779527559055118,1.0,0.34615384615384615
16764,HyboNet,3,256,0.001,7,67,0.33858267716535434,1.0,0.34615384615384615
16765,HyboNet,3,256,0.001,7,68,0.33070866141732286,1.0,0.34615384615384615
16766,HyboNet,3,256,0.001,7,69,0.36220472440944884,1.0,0.38461538461538464
16767,HyboNet,3,256,0.001,7,7,0.5511811023622047,0.7666666666666667,0.5769230769230769
16768,HyboNet,3,256,0.001,7,70,0.3937007874015748,1.0,0.38461538461538464
16769,HyboNet,3,256,0.001,7,71,0.4094488188976378,1.0,0.34615384615384615
16770,HyboNet,3,256,0.001,7,72,0.3937007874015748,1.0,0.38461538461538464
16771,HyboNet,3,256,0.001,7,73,0.3779527559055118,1.0,0.38461538461538464
16772,HyboNet,3,256,0.001,7,74,0.36220472440944884,1.0,0.34615384615384615
16773,HyboNet,3,256,0.001,7,75,0.3937007874015748,1.0,0.38461538461538464
16774,HyboNet,3,256,0.001,7,76,0.4015748031496063,1.0,0.34615384615384615
16775,HyboNet,3,256,0.001,7,77,0.4094488188976378,1.0,0.34615384615384615
16776,HyboNet,3,256,0.001,7,78,0.4015748031496063,1.0,0.34615384615384615
16777,HyboNet,3,256,0.001,7,79,0.4015748031496063,1.0,0.34615384615384615
16778,HyboNet,3,256,0.001,7,8,0.5354330708661418,0.7333333333333333,0.5769230769230769
16779,HyboNet,3,256,0.001,7,80,0.4015748031496063,1.0,0.34615384615384615
16780,HyboNet,3,256,0.001,7,81,0.41732283464566927,1.0,0.34615384615384615
16781,HyboNet,3,256,0.001,7,82,0.4251968503937008,1.0,0.4230769230769231
16782,HyboNet,3,256,0.001,7,83,0.4251968503937008,1.0,0.4230769230769231
16783,HyboNet,3,256,0.001,7,84,0.4251968503937008,1.0,0.4230769230769231
16784,HyboNet,3,256,0.001,7,85,0.4330708661417323,1.0,0.38461538461538464
16785,HyboNet,3,256,0.001,7,86,0.4330708661417323,1.0,0.4230769230769231
16786,HyboNet,3,256,0.001,7,87,0.4330708661417323,1.0,0.4230769230769231
16787,HyboNet,3,256,0.001,7,88,0.4330708661417323,1.0,0.38461538461538464
16788,HyboNet,3,256,0.001,7,89,0.4330708661417323,1.0,0.4230769230769231
16789,HyboNet,3,256,0.001,7,9,0.5433070866141733,0.7333333333333333,0.5769230769230769
16790,HyboNet,3,256,0.001,7,90,0.4330708661417323,1.0,0.4230769230769231
16791,HyboNet,3,256,0.001,7,91,0.4330708661417323,1.0,0.46153846153846156
16792,HyboNet,3,256,0.001,7,92,0.4330708661417323,1.0,0.46153846153846156
16793,HyboNet,3,256,0.001,7,93,0.44881889763779526,1.0,0.46153846153846156
16794,HyboNet,3,256,0.001,7,94,0.4330708661417323,1.0,0.38461538461538464
16795,HyboNet,3,256,0.001,7,95,0.4330708661417323,1.0,0.38461538461538464
16796,HyboNet,3,256,0.001,7,96,0.4251968503937008,1.0,0.38461538461538464
16797,HyboNet,3,256,0.001,7,97,0.41732283464566927,1.0,0.38461538461538464
16798,HyboNet,3,256,0.001,7,98,0.4330708661417323,1.0,0.38461538461538464
16799,HyboNet,3,256,0.001,7,99,0.4251968503937008,1.0,0.4230769230769231
16800,HyboNet,3,256,0.001,8,1,0.5354330708661418,0.6,0.5769230769230769
16801,HyboNet,3,256,0.001,8,10,0.5433070866141733,0.7666666666666667,0.5769230769230769
16802,HyboNet,3,256,0.001,8,100,0.4645669291338583,1.0,0.5384615384615384
16803,HyboNet,3,256,0.001,8,11,0.5433070866141733,0.7666666666666667,0.5769230769230769
16804,HyboNet,3,256,0.001,8,12,0.5511811023622047,0.8,0.5769230769230769
16805,HyboNet,3,256,0.001,8,13,0.5118110236220472,0.8,0.46153846153846156
16806,HyboNet,3,256,0.001,8,14,0.4881889763779528,0.9,0.5
16807,HyboNet,3,256,0.001,8,15,0.49606299212598426,0.9,0.5384615384615384
16808,HyboNet,3,256,0.001,8,16,0.49606299212598426,0.9333333333333333,0.5384615384615384
16809,HyboNet,3,256,0.001,8,17,0.49606299212598426,0.9,0.5769230769230769
16810,HyboNet,3,256,0.001,8,18,0.49606299212598426,0.9333333333333333,0.5384615384615384
16811,HyboNet,3,256,0.001,8,19,0.48031496062992124,0.9333333333333333,0.5384615384615384
16812,HyboNet,3,256,0.001,8,2,0.5354330708661418,0.6,0.5769230769230769
16813,HyboNet,3,256,0.001,8,20,0.48031496062992124,0.9333333333333333,0.5384615384615384
16814,HyboNet,3,256,0.001,8,21,0.48031496062992124,0.9666666666666667,0.5384615384615384
16815,HyboNet,3,256,0.001,8,22,0.4881889763779528,0.9666666666666667,0.5384615384615384
16816,HyboNet,3,256,0.001,8,23,0.49606299212598426,0.9333333333333333,0.5769230769230769
16817,HyboNet,3,256,0.001,8,24,0.48031496062992124,0.9333333333333333,0.5769230769230769
16818,HyboNet,3,256,0.001,8,25,0.4566929133858268,0.9333333333333333,0.5769230769230769
16819,HyboNet,3,256,0.001,8,26,0.48031496062992124,0.9333333333333333,0.5384615384615384
16820,HyboNet,3,256,0.001,8,27,0.4881889763779528,0.9333333333333333,0.5769230769230769
16821,HyboNet,3,256,0.001,8,28,0.48031496062992124,0.9333333333333333,0.5769230769230769
16822,HyboNet,3,256,0.001,8,29,0.5039370078740157,0.9333333333333333,0.5384615384615384
16823,HyboNet,3,256,0.001,8,3,0.5354330708661418,0.6,0.5769230769230769
16824,HyboNet,3,256,0.001,8,30,0.49606299212598426,0.9333333333333333,0.5384615384615384
16825,HyboNet,3,256,0.001,8,31,0.49606299212598426,0.9333333333333333,0.5384615384615384
16826,HyboNet,3,256,0.001,8,32,0.49606299212598426,0.9333333333333333,0.5384615384615384
16827,HyboNet,3,256,0.001,8,33,0.49606299212598426,0.9666666666666667,0.5384615384615384
16828,HyboNet,3,256,0.001,8,34,0.49606299212598426,1.0,0.5384615384615384
16829,HyboNet,3,256,0.001,8,35,0.44881889763779526,1.0,0.5
16830,HyboNet,3,256,0.001,8,36,0.4645669291338583,1.0,0.5384615384615384
16831,HyboNet,3,256,0.001,8,37,0.4566929133858268,0.9666666666666667,0.5384615384615384
16832,HyboNet,3,256,0.001,8,38,0.4645669291338583,0.9666666666666667,0.5769230769230769
16833,HyboNet,3,256,0.001,8,39,0.4645669291338583,0.9333333333333333,0.5769230769230769
16834,HyboNet,3,256,0.001,8,4,0.5354330708661418,0.6333333333333333,0.5769230769230769
16835,HyboNet,3,256,0.001,8,40,0.5039370078740157,0.9333333333333333,0.5384615384615384
16836,HyboNet,3,256,0.001,8,41,0.47244094488188976,0.9333333333333333,0.5
16837,HyboNet,3,256,0.001,8,42,0.48031496062992124,0.9333333333333333,0.46153846153846156
16838,HyboNet,3,256,0.001,8,43,0.5039370078740157,0.9333333333333333,0.5
16839,HyboNet,3,256,0.001,8,44,0.4881889763779528,1.0,0.5769230769230769
16840,HyboNet,3,256,0.001,8,45,0.47244094488188976,1.0,0.5384615384615384
16841,HyboNet,3,256,0.001,8,46,0.44881889763779526,1.0,0.5384615384615384
16842,HyboNet,3,256,0.001,8,47,0.4566929133858268,1.0,0.5384615384615384
16843,HyboNet,3,256,0.001,8,48,0.4645669291338583,1.0,0.5384615384615384
16844,HyboNet,3,256,0.001,8,49,0.4881889763779528,1.0,0.5384615384615384
16845,HyboNet,3,256,0.001,8,5,0.5511811023622047,0.7333333333333333,0.5769230769230769
16846,HyboNet,3,256,0.001,8,50,0.4566929133858268,1.0,0.46153846153846156
16847,HyboNet,3,256,0.001,8,51,0.4409448818897638,1.0,0.4230769230769231
16848,HyboNet,3,256,0.001,8,52,0.4094488188976378,1.0,0.3076923076923077
16849,HyboNet,3,256,0.001,8,53,0.4330708661417323,1.0,0.38461538461538464
16850,HyboNet,3,256,0.001,8,54,0.44881889763779526,1.0,0.46153846153846156
16851,HyboNet,3,256,0.001,8,55,0.4566929133858268,1.0,0.4230769230769231
16852,HyboNet,3,256,0.001,8,56,0.4330708661417323,1.0,0.4230769230769231
16853,HyboNet,3,256,0.001,8,57,0.4330708661417323,1.0,0.4230769230769231
16854,HyboNet,3,256,0.001,8,58,0.4251968503937008,1.0,0.4230769230769231
16855,HyboNet,3,256,0.001,8,59,0.4330708661417323,1.0,0.4230769230769231
16856,HyboNet,3,256,0.001,8,6,0.5669291338582677,0.7666666666666667,0.5384615384615384
16857,HyboNet,3,256,0.001,8,60,0.4330708661417323,1.0,0.4230769230769231
16858,HyboNet,3,256,0.001,8,61,0.4251968503937008,1.0,0.4230769230769231
16859,HyboNet,3,256,0.001,8,62,0.4409448818897638,1.0,0.38461538461538464
16860,HyboNet,3,256,0.001,8,63,0.41732283464566927,1.0,0.34615384615384615
16861,HyboNet,3,256,0.001,8,64,0.41732283464566927,1.0,0.2692307692307692
16862,HyboNet,3,256,0.001,8,65,0.4251968503937008,1.0,0.34615384615384615
16863,HyboNet,3,256,0.001,8,66,0.44881889763779526,1.0,0.38461538461538464
16864,HyboNet,3,256,0.001,8,67,0.4409448818897638,1.0,0.38461538461538464
16865,HyboNet,3,256,0.001,8,68,0.4645669291338583,1.0,0.38461538461538464
16866,HyboNet,3,256,0.001,8,69,0.4330708661417323,1.0,0.34615384615384615
16867,HyboNet,3,256,0.001,8,7,0.5433070866141733,0.7666666666666667,0.5769230769230769
16868,HyboNet,3,256,0.001,8,70,0.4251968503937008,1.0,0.3076923076923077
16869,HyboNet,3,256,0.001,8,71,0.4015748031496063,1.0,0.2692307692307692
16870,HyboNet,3,256,0.001,8,72,0.4330708661417323,1.0,0.34615384615384615
16871,HyboNet,3,256,0.001,8,73,0.44881889763779526,1.0,0.4230769230769231
16872,HyboNet,3,256,0.001,8,74,0.44881889763779526,1.0,0.46153846153846156
16873,HyboNet,3,256,0.001,8,75,0.4330708661417323,1.0,0.34615384615384615
16874,HyboNet,3,256,0.001,8,76,0.3937007874015748,1.0,0.23076923076923078
16875,HyboNet,3,256,0.001,8,77,0.4251968503937008,1.0,0.2692307692307692
16876,HyboNet,3,256,0.001,8,78,0.44881889763779526,1.0,0.34615384615384615
16877,HyboNet,3,256,0.001,8,79,0.41732283464566927,1.0,0.4230769230769231
16878,HyboNet,3,256,0.001,8,8,0.5354330708661418,0.7333333333333333,0.5769230769230769
16879,HyboNet,3,256,0.001,8,80,0.41732283464566927,1.0,0.4230769230769231
16880,HyboNet,3,256,0.001,8,81,0.4094488188976378,1.0,0.3076923076923077
16881,HyboNet,3,256,0.001,8,82,0.41732283464566927,1.0,0.3076923076923077
16882,HyboNet,3,256,0.001,8,83,0.4094488188976378,1.0,0.3076923076923077
16883,HyboNet,3,256,0.001,8,84,0.41732283464566927,1.0,0.34615384615384615
16884,HyboNet,3,256,0.001,8,85,0.41732283464566927,1.0,0.46153846153846156
16885,HyboNet,3,256,0.001,8,86,0.41732283464566927,1.0,0.46153846153846156
16886,HyboNet,3,256,0.001,8,87,0.4251968503937008,1.0,0.46153846153846156
16887,HyboNet,3,256,0.001,8,88,0.4094488188976378,1.0,0.34615384615384615
16888,HyboNet,3,256,0.001,8,89,0.4251968503937008,1.0,0.4230769230769231
16889,HyboNet,3,256,0.001,8,9,0.5354330708661418,0.7333333333333333,0.5769230769230769
16890,HyboNet,3,256,0.001,8,90,0.4409448818897638,1.0,0.46153846153846156
16891,HyboNet,3,256,0.001,8,91,0.4566929133858268,1.0,0.46153846153846156
16892,HyboNet,3,256,0.001,8,92,0.44881889763779526,1.0,0.46153846153846156
16893,HyboNet,3,256,0.001,8,93,0.4409448818897638,1.0,0.46153846153846156
16894,HyboNet,3,256,0.001,8,94,0.4330708661417323,1.0,0.46153846153846156
16895,HyboNet,3,256,0.001,8,95,0.4645669291338583,1.0,0.46153846153846156
16896,HyboNet,3,256,0.001,8,96,0.4566929133858268,1.0,0.5
16897,HyboNet,3,256,0.001,8,97,0.4566929133858268,1.0,0.5
16898,HyboNet,3,256,0.001,8,98,0.4251968503937008,1.0,0.5
16899,HyboNet,3,256,0.001,8,99,0.4566929133858268,1.0,0.5
16900,HyboNet,3,256,0.001,9,1,0.5354330708661418,0.6,0.5769230769230769
16901,HyboNet,3,256,0.001,9,10,0.5511811023622047,0.7666666666666667,0.5769230769230769
16902,HyboNet,3,256,0.001,9,100,0.3543307086614173,1.0,0.2692307692307692
16903,HyboNet,3,256,0.001,9,11,0.5354330708661418,0.7666666666666667,0.5384615384615384
16904,HyboNet,3,256,0.001,9,12,0.5354330708661418,0.7666666666666667,0.5384615384615384
16905,HyboNet,3,256,0.001,9,13,0.5354330708661418,0.7666666666666667,0.5384615384615384
16906,HyboNet,3,256,0.001,9,14,0.5748031496062992,0.8333333333333334,0.5769230769230769
16907,HyboNet,3,256,0.001,9,15,0.5590551181102362,0.8333333333333334,0.6153846153846154
16908,HyboNet,3,256,0.001,9,16,0.5118110236220472,0.8333333333333334,0.5
16909,HyboNet,3,256,0.001,9,17,0.47244094488188976,0.9,0.46153846153846156
16910,HyboNet,3,256,0.001,9,18,0.47244094488188976,0.9,0.5
16911,HyboNet,3,256,0.001,9,19,0.47244094488188976,0.9333333333333333,0.5384615384615384
16912,HyboNet,3,256,0.001,9,2,0.5354330708661418,0.6,0.5769230769230769
16913,HyboNet,3,256,0.001,9,20,0.47244094488188976,0.9,0.5384615384615384
16914,HyboNet,3,256,0.001,9,21,0.47244094488188976,0.9333333333333333,0.5384615384615384
16915,HyboNet,3,256,0.001,9,22,0.4330708661417323,0.9333333333333333,0.46153846153846156
16916,HyboNet,3,256,0.001,9,23,0.44881889763779526,0.9333333333333333,0.46153846153846156
16917,HyboNet,3,256,0.001,9,24,0.47244094488188976,0.9333333333333333,0.46153846153846156
16918,HyboNet,3,256,0.001,9,25,0.47244094488188976,0.9333333333333333,0.5384615384615384
16919,HyboNet,3,256,0.001,9,26,0.47244094488188976,0.9666666666666667,0.5384615384615384
16920,HyboNet,3,256,0.001,9,27,0.47244094488188976,1.0,0.5384615384615384
16921,HyboNet,3,256,0.001,9,28,0.48031496062992124,0.9333333333333333,0.5384615384615384
16922,HyboNet,3,256,0.001,9,29,0.47244094488188976,0.9333333333333333,0.5384615384615384
16923,HyboNet,3,256,0.001,9,3,0.5354330708661418,0.6,0.5769230769230769
16924,HyboNet,3,256,0.001,9,30,0.4645669291338583,0.9333333333333333,0.5384615384615384
16925,HyboNet,3,256,0.001,9,31,0.48031496062992124,0.9333333333333333,0.5384615384615384
16926,HyboNet,3,256,0.001,9,32,0.4881889763779528,0.9333333333333333,0.5384615384615384
16927,HyboNet,3,256,0.001,9,33,0.4881889763779528,0.9333333333333333,0.5384615384615384
16928,HyboNet,3,256,0.001,9,34,0.4645669291338583,0.9333333333333333,0.5769230769230769
16929,HyboNet,3,256,0.001,9,35,0.4566929133858268,0.9333333333333333,0.5769230769230769
16930,HyboNet,3,256,0.001,9,36,0.44881889763779526,0.9333333333333333,0.5384615384615384
16931,HyboNet,3,256,0.001,9,37,0.4566929133858268,0.9666666666666667,0.46153846153846156
16932,HyboNet,3,256,0.001,9,38,0.4409448818897638,1.0,0.5
16933,HyboNet,3,256,0.001,9,39,0.44881889763779526,1.0,0.5384615384615384
16934,HyboNet,3,256,0.001,9,4,0.5354330708661418,0.6,0.5769230769230769
16935,HyboNet,3,256,0.001,9,40,0.4645669291338583,1.0,0.5384615384615384
16936,HyboNet,3,256,0.001,9,41,0.4566929133858268,0.9333333333333333,0.5384615384615384
16937,HyboNet,3,256,0.001,9,42,0.4566929133858268,0.9666666666666667,0.5
16938,HyboNet,3,256,0.001,9,43,0.4566929133858268,1.0,0.5
16939,HyboNet,3,256,0.001,9,44,0.4566929133858268,1.0,0.5
16940,HyboNet,3,256,0.001,9,45,0.4566929133858268,1.0,0.5
16941,HyboNet,3,256,0.001,9,46,0.47244094488188976,1.0,0.5384615384615384
16942,HyboNet,3,256,0.001,9,47,0.48031496062992124,1.0,0.5384615384615384
16943,HyboNet,3,256,0.001,9,48,0.4645669291338583,1.0,0.46153846153846156
16944,HyboNet,3,256,0.001,9,49,0.4566929133858268,1.0,0.4230769230769231
16945,HyboNet,3,256,0.001,9,5,0.5354330708661418,0.6333333333333333,0.5769230769230769
16946,HyboNet,3,256,0.001,9,50,0.4330708661417323,1.0,0.4230769230769231
16947,HyboNet,3,256,0.001,9,51,0.44881889763779526,1.0,0.38461538461538464
16948,HyboNet,3,256,0.001,9,52,0.44881889763779526,1.0,0.4230769230769231
16949,HyboNet,3,256,0.001,9,53,0.4409448818897638,1.0,0.4230769230769231
16950,HyboNet,3,256,0.001,9,54,0.4409448818897638,1.0,0.4230769230769231
16951,HyboNet,3,256,0.001,9,55,0.4251968503937008,1.0,0.38461538461538464
16952,HyboNet,3,256,0.001,9,56,0.41732283464566927,1.0,0.34615384615384615
16953,HyboNet,3,256,0.001,9,57,0.3779527559055118,1.0,0.34615384615384615
16954,HyboNet,3,256,0.001,9,58,0.3779527559055118,1.0,0.34615384615384615
16955,HyboNet,3,256,0.001,9,59,0.3858267716535433,1.0,0.34615384615384615
16956,HyboNet,3,256,0.001,9,6,0.5511811023622047,0.7666666666666667,0.5769230769230769
16957,HyboNet,3,256,0.001,9,60,0.3937007874015748,1.0,0.34615384615384615
16958,HyboNet,3,256,0.001,9,61,0.4094488188976378,1.0,0.34615384615384615
16959,HyboNet,3,256,0.001,9,62,0.41732283464566927,1.0,0.3076923076923077
16960,HyboNet,3,256,0.001,9,63,0.36220472440944884,1.0,0.3076923076923077
16961,HyboNet,3,256,0.001,9,64,0.3858267716535433,1.0,0.38461538461538464
16962,HyboNet,3,256,0.001,9,65,0.3779527559055118,1.0,0.38461538461538464
16963,HyboNet,3,256,0.001,9,66,0.3700787401574803,1.0,0.34615384615384615
16964,HyboNet,3,256,0.001,9,67,0.3543307086614173,1.0,0.34615384615384615
16965,HyboNet,3,256,0.001,9,68,0.3543307086614173,1.0,0.2692307692307692
16966,HyboNet,3,256,0.001,9,69,0.3858267716535433,1.0,0.34615384615384615
16967,HyboNet,3,256,0.001,9,7,0.5590551181102362,0.8,0.5
16968,HyboNet,3,256,0.001,9,70,0.3779527559055118,1.0,0.34615384615384615
16969,HyboNet,3,256,0.001,9,71,0.3779527559055118,1.0,0.34615384615384615
16970,HyboNet,3,256,0.001,9,72,0.33858267716535434,1.0,0.3076923076923077
16971,HyboNet,3,256,0.001,9,73,0.33070866141732286,1.0,0.2692307692307692
16972,HyboNet,3,256,0.001,9,74,0.33858267716535434,1.0,0.3076923076923077
16973,HyboNet,3,256,0.001,9,75,0.3700787401574803,1.0,0.34615384615384615
16974,HyboNet,3,256,0.001,9,76,0.3700787401574803,1.0,0.3076923076923077
16975,HyboNet,3,256,0.001,9,77,0.33858267716535434,1.0,0.2692307692307692
16976,HyboNet,3,256,0.001,9,78,0.33070866141732286,1.0,0.2692307692307692
16977,HyboNet,3,256,0.001,9,79,0.3228346456692913,1.0,0.2692307692307692
16978,HyboNet,3,256,0.001,9,8,0.5590551181102362,0.8,0.5
16979,HyboNet,3,256,0.001,9,80,0.3700787401574803,1.0,0.3076923076923077
16980,HyboNet,3,256,0.001,9,81,0.3779527559055118,1.0,0.3076923076923077
16981,HyboNet,3,256,0.001,9,82,0.36220472440944884,1.0,0.2692307692307692
16982,HyboNet,3,256,0.001,9,83,0.3543307086614173,1.0,0.2692307692307692
16983,HyboNet,3,256,0.001,9,84,0.2992125984251969,1.0,0.23076923076923078
16984,HyboNet,3,256,0.001,9,85,0.3779527559055118,1.0,0.34615384615384615
16985,HyboNet,3,256,0.001,9,86,0.3858267716535433,1.0,0.38461538461538464
16986,HyboNet,3,256,0.001,9,87,0.36220472440944884,1.0,0.38461538461538464
16987,HyboNet,3,256,0.001,9,88,0.36220472440944884,1.0,0.38461538461538464
16988,HyboNet,3,256,0.001,9,89,0.3937007874015748,1.0,0.4230769230769231
16989,HyboNet,3,256,0.001,9,9,0.5590551181102362,0.8,0.6153846153846154
16990,HyboNet,3,256,0.001,9,90,0.4566929133858268,1.0,0.5
16991,HyboNet,3,256,0.001,9,91,0.4251968503937008,1.0,0.46153846153846156
16992,HyboNet,3,256,0.001,9,92,0.4251968503937008,1.0,0.46153846153846156
16993,HyboNet,3,256,0.001,9,93,0.3779527559055118,1.0,0.34615384615384615
16994,HyboNet,3,256,0.001,9,94,0.3937007874015748,1.0,0.34615384615384615
16995,HyboNet,3,256,0.001,9,95,0.4015748031496063,1.0,0.3076923076923077
16996,HyboNet,3,256,0.001,9,96,0.3779527559055118,1.0,0.2692307692307692
16997,HyboNet,3,256,0.001,9,97,0.33070866141732286,1.0,0.2692307692307692
16998,HyboNet,3,256,0.001,9,98,0.33858267716535434,1.0,0.2692307692307692
16999,HyboNet,3,256,0.001,9,99,0.3464566929133858,1.0,0.2692307692307692
17000,HyboNet,3,256,0.005,1,1,0.5354330708661418,0.6,0.5769230769230769
17001,HyboNet,3,256,0.005,1,10,0.5354330708661418,0.6,0.5769230769230769
17002,HyboNet,3,256,0.005,1,100,0.3543307086614173,1.0,0.2692307692307692
17003,HyboNet,3,256,0.005,1,11,0.5354330708661418,0.6,0.5769230769230769
17004,HyboNet,3,256,0.005,1,12,0.5354330708661418,0.6,0.5769230769230769
17005,HyboNet,3,256,0.005,1,13,0.5354330708661418,0.6,0.5769230769230769
17006,HyboNet,3,256,0.005,1,14,0.5354330708661418,0.6,0.5769230769230769
17007,HyboNet,3,256,0.005,1,15,0.5354330708661418,0.6,0.5769230769230769
17008,HyboNet,3,256,0.005,1,16,0.5354330708661418,0.6,0.5769230769230769
17009,HyboNet,3,256,0.005,1,17,0.5354330708661418,0.6,0.5769230769230769
17010,HyboNet,3,256,0.005,1,18,0.5354330708661418,0.6,0.5769230769230769
17011,HyboNet,3,256,0.005,1,19,0.5354330708661418,0.6,0.5769230769230769
17012,HyboNet,3,256,0.005,1,2,0.5354330708661418,0.6,0.5769230769230769
17013,HyboNet,3,256,0.005,1,20,0.5354330708661418,0.6,0.5769230769230769
17014,HyboNet,3,256,0.005,1,21,0.5354330708661418,0.6,0.5769230769230769
17015,HyboNet,3,256,0.005,1,22,0.5354330708661418,0.6,0.5769230769230769
17016,HyboNet,3,256,0.005,1,23,0.5354330708661418,0.6,0.5769230769230769
17017,HyboNet,3,256,0.005,1,24,0.5354330708661418,0.6,0.5769230769230769
17018,HyboNet,3,256,0.005,1,25,0.5354330708661418,0.6,0.5769230769230769
17019,HyboNet,3,256,0.005,1,26,0.5354330708661418,0.6,0.5769230769230769
17020,HyboNet,3,256,0.005,1,27,0.5354330708661418,0.6,0.5769230769230769
17021,HyboNet,3,256,0.005,1,28,0.5354330708661418,0.6,0.5769230769230769
17022,HyboNet,3,256,0.005,1,29,0.5354330708661418,0.6,0.5769230769230769
17023,HyboNet,3,256,0.005,1,3,0.5354330708661418,0.6,0.5769230769230769
17024,HyboNet,3,256,0.005,1,30,0.5354330708661418,0.6,0.5769230769230769
17025,HyboNet,3,256,0.005,1,31,0.5354330708661418,0.6,0.5769230769230769
17026,HyboNet,3,256,0.005,1,32,0.5354330708661418,0.6,0.5769230769230769
17027,HyboNet,3,256,0.005,1,33,0.5354330708661418,0.6,0.5769230769230769
17028,HyboNet,3,256,0.005,1,34,0.5354330708661418,0.6,0.5769230769230769
17029,HyboNet,3,256,0.005,1,35,0.5354330708661418,0.6,0.5769230769230769
17030,HyboNet,3,256,0.005,1,36,0.5354330708661418,0.6333333333333333,0.5769230769230769
17031,HyboNet,3,256,0.005,1,37,0.5354330708661418,0.6333333333333333,0.5769230769230769
17032,HyboNet,3,256,0.005,1,38,0.5354330708661418,0.6333333333333333,0.5769230769230769
17033,HyboNet,3,256,0.005,1,39,0.5433070866141733,0.6333333333333333,0.5769230769230769
17034,HyboNet,3,256,0.005,1,4,0.5354330708661418,0.6,0.5769230769230769
17035,HyboNet,3,256,0.005,1,40,0.5433070866141733,0.7,0.5769230769230769
17036,HyboNet,3,256,0.005,1,41,0.5275590551181102,0.7333333333333333,0.5769230769230769
17037,HyboNet,3,256,0.005,1,42,0.5354330708661418,0.7666666666666667,0.5384615384615384
17038,HyboNet,3,256,0.005,1,43,0.5354330708661418,0.7666666666666667,0.5384615384615384
17039,HyboNet,3,256,0.005,1,44,0.5354330708661418,0.7666666666666667,0.5384615384615384
17040,HyboNet,3,256,0.005,1,45,0.5354330708661418,0.7666666666666667,0.5384615384615384
17041,HyboNet,3,256,0.005,1,46,0.5354330708661418,0.7666666666666667,0.5384615384615384
17042,HyboNet,3,256,0.005,1,47,0.5354330708661418,0.7666666666666667,0.5384615384615384
17043,HyboNet,3,256,0.005,1,48,0.5433070866141733,0.7666666666666667,0.5384615384615384
17044,HyboNet,3,256,0.005,1,49,0.5511811023622047,0.7666666666666667,0.5384615384615384
17045,HyboNet,3,256,0.005,1,5,0.5354330708661418,0.6,0.5769230769230769
17046,HyboNet,3,256,0.005,1,50,0.5748031496062992,0.8,0.5769230769230769
17047,HyboNet,3,256,0.005,1,51,0.5826771653543307,0.8,0.5384615384615384
17048,HyboNet,3,256,0.005,1,52,0.5748031496062992,0.8333333333333334,0.5384615384615384
17049,HyboNet,3,256,0.005,1,53,0.5511811023622047,0.8333333333333334,0.5384615384615384
17050,HyboNet,3,256,0.005,1,54,0.5354330708661418,0.8333333333333334,0.5
17051,HyboNet,3,256,0.005,1,55,0.5196850393700787,0.8333333333333334,0.5
17052,HyboNet,3,256,0.005,1,56,0.5039370078740157,0.8333333333333334,0.5384615384615384
17053,HyboNet,3,256,0.005,1,57,0.4881889763779528,0.8333333333333334,0.5384615384615384
17054,HyboNet,3,256,0.005,1,58,0.4881889763779528,0.8666666666666667,0.5384615384615384
17055,HyboNet,3,256,0.005,1,59,0.47244094488188976,0.9,0.5384615384615384
17056,HyboNet,3,256,0.005,1,6,0.5354330708661418,0.6,0.5769230769230769
17057,HyboNet,3,256,0.005,1,60,0.47244094488188976,0.9333333333333333,0.5
17058,HyboNet,3,256,0.005,1,61,0.41732283464566927,0.9333333333333333,0.4230769230769231
17059,HyboNet,3,256,0.005,1,62,0.4015748031496063,0.9333333333333333,0.38461538461538464
17060,HyboNet,3,256,0.005,1,63,0.4330708661417323,0.9666666666666667,0.4230769230769231
17061,HyboNet,3,256,0.005,1,64,0.4409448818897638,0.9666666666666667,0.46153846153846156
17062,HyboNet,3,256,0.005,1,65,0.47244094488188976,0.9666666666666667,0.5
17063,HyboNet,3,256,0.005,1,66,0.47244094488188976,0.9333333333333333,0.46153846153846156
17064,HyboNet,3,256,0.005,1,67,0.4645669291338583,0.9333333333333333,0.5
17065,HyboNet,3,256,0.005,1,68,0.47244094488188976,0.9333333333333333,0.46153846153846156
17066,HyboNet,3,256,0.005,1,69,0.44881889763779526,0.9666666666666667,0.4230769230769231
17067,HyboNet,3,256,0.005,1,7,0.5354330708661418,0.6,0.5769230769230769
17068,HyboNet,3,256,0.005,1,70,0.4409448818897638,0.9666666666666667,0.4230769230769231
17069,HyboNet,3,256,0.005,1,71,0.48031496062992124,0.9666666666666667,0.5
17070,HyboNet,3,256,0.005,1,72,0.48031496062992124,0.9666666666666667,0.5
17071,HyboNet,3,256,0.005,1,73,0.47244094488188976,0.9666666666666667,0.5
17072,HyboNet,3,256,0.005,1,74,0.4645669291338583,0.9666666666666667,0.5
17073,HyboNet,3,256,0.005,1,75,0.4566929133858268,0.9666666666666667,0.4230769230769231
17074,HyboNet,3,256,0.005,1,76,0.4566929133858268,0.9666666666666667,0.4230769230769231
17075,HyboNet,3,256,0.005,1,77,0.4566929133858268,0.9666666666666667,0.4230769230769231
17076,HyboNet,3,256,0.005,1,78,0.4330708661417323,1.0,0.38461538461538464
17077,HyboNet,3,256,0.005,1,79,0.4251968503937008,1.0,0.3076923076923077
17078,HyboNet,3,256,0.005,1,8,0.5354330708661418,0.6,0.5769230769230769
17079,HyboNet,3,256,0.005,1,80,0.4330708661417323,1.0,0.34615384615384615
17080,HyboNet,3,256,0.005,1,81,0.4330708661417323,1.0,0.34615384615384615
17081,HyboNet,3,256,0.005,1,82,0.4251968503937008,1.0,0.3076923076923077
17082,HyboNet,3,256,0.005,1,83,0.4015748031496063,1.0,0.34615384615384615
17083,HyboNet,3,256,0.005,1,84,0.3779527559055118,1.0,0.3076923076923077
17084,HyboNet,3,256,0.005,1,85,0.3700787401574803,1.0,0.2692307692307692
17085,HyboNet,3,256,0.005,1,86,0.3700787401574803,1.0,0.2692307692307692
17086,HyboNet,3,256,0.005,1,87,0.3779527559055118,1.0,0.2692307692307692
17087,HyboNet,3,256,0.005,1,88,0.3779527559055118,1.0,0.2692307692307692
17088,HyboNet,3,256,0.005,1,89,0.3543307086614173,1.0,0.3076923076923077
17089,HyboNet,3,256,0.005,1,9,0.5354330708661418,0.6,0.5769230769230769
17090,HyboNet,3,256,0.005,1,90,0.3779527559055118,1.0,0.3076923076923077
17091,HyboNet,3,256,0.005,1,91,0.36220472440944884,1.0,0.3076923076923077
17092,HyboNet,3,256,0.005,1,92,0.3464566929133858,1.0,0.3076923076923077
17093,HyboNet,3,256,0.005,1,93,0.3228346456692913,1.0,0.3076923076923077
17094,HyboNet,3,256,0.005,1,94,0.3464566929133858,1.0,0.2692307692307692
17095,HyboNet,3,256,0.005,1,95,0.31496062992125984,1.0,0.23076923076923078
17096,HyboNet,3,256,0.005,1,96,0.33070866141732286,1.0,0.23076923076923078
17097,HyboNet,3,256,0.005,1,97,0.33070866141732286,1.0,0.23076923076923078
17098,HyboNet,3,256,0.005,1,98,0.33070866141732286,1.0,0.23076923076923078
17099,HyboNet,3,256,0.005,1,99,0.3464566929133858,1.0,0.19230769230769232
17100,HyboNet,3,256,0.005,10,1,0.5354330708661418,0.6,0.5769230769230769
17101,HyboNet,3,256,0.005,10,10,0.5354330708661418,0.6,0.5769230769230769
17102,HyboNet,3,256,0.005,10,100,0.2755905511811024,1.0,0.19230769230769232
17103,HyboNet,3,256,0.005,10,11,0.5354330708661418,0.6,0.5769230769230769
17104,HyboNet,3,256,0.005,10,12,0.5354330708661418,0.6,0.5769230769230769
17105,HyboNet,3,256,0.005,10,13,0.5354330708661418,0.6,0.5769230769230769
17106,HyboNet,3,256,0.005,10,14,0.5354330708661418,0.6,0.5769230769230769
17107,HyboNet,3,256,0.005,10,15,0.5354330708661418,0.6,0.5769230769230769
17108,HyboNet,3,256,0.005,10,16,0.5354330708661418,0.6,0.5769230769230769
17109,HyboNet,3,256,0.005,10,17,0.5354330708661418,0.6,0.5769230769230769
17110,HyboNet,3,256,0.005,10,18,0.5354330708661418,0.6,0.5769230769230769
17111,HyboNet,3,256,0.005,10,19,0.5354330708661418,0.6,0.5769230769230769
17112,HyboNet,3,256,0.005,10,2,0.5354330708661418,0.6,0.5769230769230769
17113,HyboNet,3,256,0.005,10,20,0.5354330708661418,0.6,0.5769230769230769
17114,HyboNet,3,256,0.005,10,21,0.5354330708661418,0.6,0.5769230769230769
17115,HyboNet,3,256,0.005,10,22,0.5354330708661418,0.6,0.5769230769230769
17116,HyboNet,3,256,0.005,10,23,0.5354330708661418,0.6,0.5769230769230769
17117,HyboNet,3,256,0.005,10,24,0.5354330708661418,0.6,0.5769230769230769
17118,HyboNet,3,256,0.005,10,25,0.5354330708661418,0.6,0.5769230769230769
17119,HyboNet,3,256,0.005,10,26,0.5354330708661418,0.6,0.5769230769230769
17120,HyboNet,3,256,0.005,10,27,0.5354330708661418,0.6,0.5769230769230769
17121,HyboNet,3,256,0.005,10,28,0.5354330708661418,0.6,0.5769230769230769
17122,HyboNet,3,256,0.005,10,29,0.5354330708661418,0.6333333333333333,0.5769230769230769
17123,HyboNet,3,256,0.005,10,3,0.5354330708661418,0.6,0.5769230769230769
17124,HyboNet,3,256,0.005,10,30,0.5354330708661418,0.6333333333333333,0.5769230769230769
17125,HyboNet,3,256,0.005,10,31,0.5433070866141733,0.6333333333333333,0.5769230769230769
17126,HyboNet,3,256,0.005,10,32,0.5433070866141733,0.6666666666666666,0.5769230769230769
17127,HyboNet,3,256,0.005,10,33,0.5433070866141733,0.6666666666666666,0.5769230769230769
17128,HyboNet,3,256,0.005,10,34,0.5433070866141733,0.7,0.5769230769230769
17129,HyboNet,3,256,0.005,10,35,0.5354330708661418,0.7,0.5769230769230769
17130,HyboNet,3,256,0.005,10,36,0.5196850393700787,0.7333333333333333,0.5769230769230769
17131,HyboNet,3,256,0.005,10,37,0.5275590551181102,0.7333333333333333,0.5769230769230769
17132,HyboNet,3,256,0.005,10,38,0.5275590551181102,0.7666666666666667,0.5384615384615384
17133,HyboNet,3,256,0.005,10,39,0.5354330708661418,0.7666666666666667,0.5384615384615384
17134,HyboNet,3,256,0.005,10,4,0.5354330708661418,0.6,0.5769230769230769
17135,HyboNet,3,256,0.005,10,40,0.5354330708661418,0.7666666666666667,0.5384615384615384
17136,HyboNet,3,256,0.005,10,41,0.5433070866141733,0.7666666666666667,0.5384615384615384
17137,HyboNet,3,256,0.005,10,42,0.5590551181102362,0.8,0.5769230769230769
17138,HyboNet,3,256,0.005,10,43,0.5669291338582677,0.8,0.5769230769230769
17139,HyboNet,3,256,0.005,10,44,0.5748031496062992,0.8333333333333334,0.5384615384615384
17140,HyboNet,3,256,0.005,10,45,0.5748031496062992,0.8333333333333334,0.5384615384615384
17141,HyboNet,3,256,0.005,10,46,0.5669291338582677,0.8333333333333334,0.5384615384615384
17142,HyboNet,3,256,0.005,10,47,0.5669291338582677,0.8333333333333334,0.5384615384615384
17143,HyboNet,3,256,0.005,10,48,0.5669291338582677,0.8333333333333334,0.5384615384615384
17144,HyboNet,3,256,0.005,10,49,0.5669291338582677,0.8333333333333334,0.5384615384615384
17145,HyboNet,3,256,0.005,10,5,0.5354330708661418,0.6,0.5769230769230769
17146,HyboNet,3,256,0.005,10,50,0.5669291338582677,0.8333333333333334,0.5384615384615384
17147,HyboNet,3,256,0.005,10,51,0.5354330708661418,0.8333333333333334,0.5384615384615384
17148,HyboNet,3,256,0.005,10,52,0.5196850393700787,0.8333333333333334,0.5384615384615384
17149,HyboNet,3,256,0.005,10,53,0.5118110236220472,0.8666666666666667,0.5384615384615384
17150,HyboNet,3,256,0.005,10,54,0.49606299212598426,0.8666666666666667,0.5384615384615384
17151,HyboNet,3,256,0.005,10,55,0.5118110236220472,0.9,0.5384615384615384
17152,HyboNet,3,256,0.005,10,56,0.4881889763779528,0.9,0.5
17153,HyboNet,3,256,0.005,10,57,0.4330708661417323,0.9,0.5
17154,HyboNet,3,256,0.005,10,58,0.3937007874015748,0.9666666666666667,0.38461538461538464
17155,HyboNet,3,256,0.005,10,59,0.4094488188976378,0.9666666666666667,0.38461538461538464
17156,HyboNet,3,256,0.005,10,6,0.5354330708661418,0.6,0.5769230769230769
17157,HyboNet,3,256,0.005,10,60,0.41732283464566927,0.9666666666666667,0.34615384615384615
17158,HyboNet,3,256,0.005,10,61,0.4251968503937008,0.9666666666666667,0.4230769230769231
17159,HyboNet,3,256,0.005,10,62,0.4330708661417323,0.9666666666666667,0.46153846153846156
17160,HyboNet,3,256,0.005,10,63,0.44881889763779526,0.9666666666666667,0.46153846153846156
17161,HyboNet,3,256,0.005,10,64,0.4566929133858268,0.9666666666666667,0.4230769230769231
17162,HyboNet,3,256,0.005,10,65,0.4409448818897638,0.9666666666666667,0.46153846153846156
17163,HyboNet,3,256,0.005,10,66,0.4409448818897638,0.9666666666666667,0.4230769230769231
17164,HyboNet,3,256,0.005,10,67,0.41732283464566927,0.9333333333333333,0.34615384615384615
17165,HyboNet,3,256,0.005,10,68,0.4015748031496063,0.9333333333333333,0.34615384615384615
17166,HyboNet,3,256,0.005,10,69,0.4015748031496063,0.9333333333333333,0.34615384615384615
17167,HyboNet,3,256,0.005,10,7,0.5354330708661418,0.6,0.5769230769230769
17168,HyboNet,3,256,0.005,10,70,0.4015748031496063,0.9666666666666667,0.3076923076923077
17169,HyboNet,3,256,0.005,10,71,0.4094488188976378,0.9666666666666667,0.34615384615384615
17170,HyboNet,3,256,0.005,10,72,0.4094488188976378,0.9666666666666667,0.3076923076923077
17171,HyboNet,3,256,0.005,10,73,0.41732283464566927,0.9666666666666667,0.34615384615384615
17172,HyboNet,3,256,0.005,10,74,0.4251968503937008,0.9666666666666667,0.34615384615384615
17173,HyboNet,3,256,0.005,10,75,0.4409448818897638,0.9666666666666667,0.34615384615384615
17174,HyboNet,3,256,0.005,10,76,0.4094488188976378,0.9666666666666667,0.34615384615384615
17175,HyboNet,3,256,0.005,10,77,0.4015748031496063,0.9666666666666667,0.34615384615384615
17176,HyboNet,3,256,0.005,10,78,0.3937007874015748,1.0,0.3076923076923077
17177,HyboNet,3,256,0.005,10,79,0.30708661417322836,1.0,0.19230769230769232
17178,HyboNet,3,256,0.005,10,8,0.5354330708661418,0.6,0.5769230769230769
17179,HyboNet,3,256,0.005,10,80,0.31496062992125984,1.0,0.2692307692307692
17180,HyboNet,3,256,0.005,10,81,0.33070866141732286,1.0,0.3076923076923077
17181,HyboNet,3,256,0.005,10,82,0.3779527559055118,1.0,0.34615384615384615
17182,HyboNet,3,256,0.005,10,83,0.3858267716535433,1.0,0.3076923076923077
17183,HyboNet,3,256,0.005,10,84,0.3464566929133858,1.0,0.23076923076923078
17184,HyboNet,3,256,0.005,10,85,0.31496062992125984,1.0,0.15384615384615385
17185,HyboNet,3,256,0.005,10,86,0.31496062992125984,1.0,0.3076923076923077
17186,HyboNet,3,256,0.005,10,87,0.31496062992125984,1.0,0.2692307692307692
17187,HyboNet,3,256,0.005,10,88,0.30708661417322836,1.0,0.2692307692307692
17188,HyboNet,3,256,0.005,10,89,0.30708661417322836,1.0,0.2692307692307692
17189,HyboNet,3,256,0.005,10,9,0.5354330708661418,0.6,0.5769230769230769
17190,HyboNet,3,256,0.005,10,90,0.30708661417322836,1.0,0.23076923076923078
17191,HyboNet,3,256,0.005,10,91,0.28346456692913385,1.0,0.23076923076923078
17192,HyboNet,3,256,0.005,10,92,0.30708661417322836,1.0,0.2692307692307692
17193,HyboNet,3,256,0.005,10,93,0.3228346456692913,1.0,0.3076923076923077
17194,HyboNet,3,256,0.005,10,94,0.31496062992125984,1.0,0.3076923076923077
17195,HyboNet,3,256,0.005,10,95,0.30708661417322836,1.0,0.2692307692307692
17196,HyboNet,3,256,0.005,10,96,0.2755905511811024,1.0,0.23076923076923078
17197,HyboNet,3,256,0.005,10,97,0.3228346456692913,1.0,0.23076923076923078
17198,HyboNet,3,256,0.005,10,98,0.30708661417322836,1.0,0.15384615384615385
17199,HyboNet,3,256,0.005,10,99,0.29133858267716534,1.0,0.15384615384615385
17200,HyboNet,3,256,0.005,2,1,0.5354330708661418,0.6,0.5769230769230769
17201,HyboNet,3,256,0.005,2,10,0.5354330708661418,0.6,0.5769230769230769
17202,HyboNet,3,256,0.005,2,100,0.29133858267716534,1.0,0.2692307692307692
17203,HyboNet,3,256,0.005,2,11,0.5354330708661418,0.6,0.5769230769230769
17204,HyboNet,3,256,0.005,2,12,0.5354330708661418,0.6,0.5769230769230769
17205,HyboNet,3,256,0.005,2,13,0.5354330708661418,0.6,0.5769230769230769
17206,HyboNet,3,256,0.005,2,14,0.5354330708661418,0.6,0.5769230769230769
17207,HyboNet,3,256,0.005,2,15,0.5354330708661418,0.6,0.5769230769230769
17208,HyboNet,3,256,0.005,2,16,0.5354330708661418,0.6,0.5769230769230769
17209,HyboNet,3,256,0.005,2,17,0.5354330708661418,0.6,0.5769230769230769
17210,HyboNet,3,256,0.005,2,18,0.5354330708661418,0.6,0.5769230769230769
17211,HyboNet,3,256,0.005,2,19,0.5354330708661418,0.6,0.5769230769230769
17212,HyboNet,3,256,0.005,2,2,0.5354330708661418,0.6,0.5769230769230769
17213,HyboNet,3,256,0.005,2,20,0.5354330708661418,0.6,0.5769230769230769
17214,HyboNet,3,256,0.005,2,21,0.5354330708661418,0.6,0.5769230769230769
17215,HyboNet,3,256,0.005,2,22,0.5354330708661418,0.6,0.5769230769230769
17216,HyboNet,3,256,0.005,2,23,0.5354330708661418,0.6,0.5769230769230769
17217,HyboNet,3,256,0.005,2,24,0.5354330708661418,0.6,0.5769230769230769
17218,HyboNet,3,256,0.005,2,25,0.5354330708661418,0.6,0.5769230769230769
17219,HyboNet,3,256,0.005,2,26,0.5354330708661418,0.6,0.5769230769230769
17220,HyboNet,3,256,0.005,2,27,0.5354330708661418,0.6,0.5769230769230769
17221,HyboNet,3,256,0.005,2,28,0.5354330708661418,0.6,0.5769230769230769
17222,HyboNet,3,256,0.005,2,29,0.5354330708661418,0.6,0.5769230769230769
17223,HyboNet,3,256,0.005,2,3,0.5354330708661418,0.6,0.5769230769230769
17224,HyboNet,3,256,0.005,2,30,0.5354330708661418,0.6,0.5769230769230769
17225,HyboNet,3,256,0.005,2,31,0.5354330708661418,0.6,0.5769230769230769
17226,HyboNet,3,256,0.005,2,32,0.5354330708661418,0.6,0.5769230769230769
17227,HyboNet,3,256,0.005,2,33,0.5354330708661418,0.6,0.5769230769230769
17228,HyboNet,3,256,0.005,2,34,0.5354330708661418,0.6333333333333333,0.5769230769230769
17229,HyboNet,3,256,0.005,2,35,0.5354330708661418,0.6333333333333333,0.5769230769230769
17230,HyboNet,3,256,0.005,2,36,0.5354330708661418,0.6333333333333333,0.5769230769230769
17231,HyboNet,3,256,0.005,2,37,0.5433070866141733,0.6666666666666666,0.5769230769230769
17232,HyboNet,3,256,0.005,2,38,0.5354330708661418,0.7,0.5769230769230769
17233,HyboNet,3,256,0.005,2,39,0.5354330708661418,0.7666666666666667,0.5769230769230769
17234,HyboNet,3,256,0.005,2,4,0.5354330708661418,0.6,0.5769230769230769
17235,HyboNet,3,256,0.005,2,40,0.5433070866141733,0.7666666666666667,0.5384615384615384
17236,HyboNet,3,256,0.005,2,41,0.5354330708661418,0.7666666666666667,0.5384615384615384
17237,HyboNet,3,256,0.005,2,42,0.5354330708661418,0.7666666666666667,0.5384615384615384
17238,HyboNet,3,256,0.005,2,43,0.5511811023622047,0.7666666666666667,0.5384615384615384
17239,HyboNet,3,256,0.005,2,44,0.5511811023622047,0.7666666666666667,0.5384615384615384
17240,HyboNet,3,256,0.005,2,45,0.5669291338582677,0.7666666666666667,0.5
17241,HyboNet,3,256,0.005,2,46,0.5748031496062992,0.8,0.5384615384615384
17242,HyboNet,3,256,0.005,2,47,0.5748031496062992,0.8,0.5384615384615384
17243,HyboNet,3,256,0.005,2,48,0.5748031496062992,0.8,0.5384615384615384
17244,HyboNet,3,256,0.005,2,49,0.5826771653543307,0.8,0.5384615384615384
17245,HyboNet,3,256,0.005,2,5,0.5354330708661418,0.6,0.5769230769230769
17246,HyboNet,3,256,0.005,2,50,0.5669291338582677,0.8,0.5384615384615384
17247,HyboNet,3,256,0.005,2,51,0.5511811023622047,0.8333333333333334,0.5384615384615384
17248,HyboNet,3,256,0.005,2,52,0.5196850393700787,0.8333333333333334,0.5384615384615384
17249,HyboNet,3,256,0.005,2,53,0.49606299212598426,0.8333333333333334,0.5384615384615384
17250,HyboNet,3,256,0.005,2,54,0.4881889763779528,0.8666666666666667,0.5384615384615384
17251,HyboNet,3,256,0.005,2,55,0.4881889763779528,0.9,0.5
17252,HyboNet,3,256,0.005,2,56,0.4881889763779528,0.9,0.46153846153846156
17253,HyboNet,3,256,0.005,2,57,0.48031496062992124,0.9,0.4230769230769231
17254,HyboNet,3,256,0.005,2,58,0.48031496062992124,0.9333333333333333,0.4230769230769231
17255,HyboNet,3,256,0.005,2,59,0.4645669291338583,0.9333333333333333,0.4230769230769231
17256,HyboNet,3,256,0.005,2,6,0.5354330708661418,0.6,0.5769230769230769
17257,HyboNet,3,256,0.005,2,60,0.44881889763779526,0.9333333333333333,0.4230769230769231
17258,HyboNet,3,256,0.005,2,61,0.4251968503937008,0.9333333333333333,0.4230769230769231
17259,HyboNet,3,256,0.005,2,62,0.4251968503937008,0.9333333333333333,0.4230769230769231
17260,HyboNet,3,256,0.005,2,63,0.41732283464566927,0.9333333333333333,0.4230769230769231
17261,HyboNet,3,256,0.005,2,64,0.4015748031496063,0.9333333333333333,0.38461538461538464
17262,HyboNet,3,256,0.005,2,65,0.3937007874015748,0.9333333333333333,0.38461538461538464
17263,HyboNet,3,256,0.005,2,66,0.4566929133858268,0.9333333333333333,0.4230769230769231
17264,HyboNet,3,256,0.005,2,67,0.4566929133858268,0.9333333333333333,0.46153846153846156
17265,HyboNet,3,256,0.005,2,68,0.4566929133858268,0.9333333333333333,0.4230769230769231
17266,HyboNet,3,256,0.005,2,69,0.44881889763779526,0.9666666666666667,0.4230769230769231
17267,HyboNet,3,256,0.005,2,7,0.5354330708661418,0.6,0.5769230769230769
17268,HyboNet,3,256,0.005,2,70,0.4015748031496063,0.9666666666666667,0.4230769230769231
17269,HyboNet,3,256,0.005,2,71,0.3858267716535433,1.0,0.34615384615384615
17270,HyboNet,3,256,0.005,2,72,0.3937007874015748,1.0,0.34615384615384615
17271,HyboNet,3,256,0.005,2,73,0.3937007874015748,1.0,0.34615384615384615
17272,HyboNet,3,256,0.005,2,74,0.4015748031496063,1.0,0.34615384615384615
17273,HyboNet,3,256,0.005,2,75,0.3937007874015748,1.0,0.34615384615384615
17274,HyboNet,3,256,0.005,2,76,0.3858267716535433,1.0,0.34615384615384615
17275,HyboNet,3,256,0.005,2,77,0.3858267716535433,1.0,0.3076923076923077
17276,HyboNet,3,256,0.005,2,78,0.3858267716535433,1.0,0.3076923076923077
17277,HyboNet,3,256,0.005,2,79,0.41732283464566927,1.0,0.34615384615384615
17278,HyboNet,3,256,0.005,2,8,0.5354330708661418,0.6,0.5769230769230769
17279,HyboNet,3,256,0.005,2,80,0.4330708661417323,1.0,0.34615384615384615
17280,HyboNet,3,256,0.005,2,81,0.41732283464566927,1.0,0.34615384615384615
17281,HyboNet,3,256,0.005,2,82,0.4251968503937008,1.0,0.34615384615384615
17282,HyboNet,3,256,0.005,2,83,0.4015748031496063,1.0,0.34615384615384615
17283,HyboNet,3,256,0.005,2,84,0.3858267716535433,1.0,0.3076923076923077
17284,HyboNet,3,256,0.005,2,85,0.33858267716535434,1.0,0.23076923076923078
17285,HyboNet,3,256,0.005,2,86,0.33858267716535434,1.0,0.23076923076923078
17286,HyboNet,3,256,0.005,2,87,0.3464566929133858,1.0,0.23076923076923078
17287,HyboNet,3,256,0.005,2,88,0.3464566929133858,1.0,0.23076923076923078
17288,HyboNet,3,256,0.005,2,89,0.33070866141732286,1.0,0.2692307692307692
17289,HyboNet,3,256,0.005,2,9,0.5354330708661418,0.6,0.5769230769230769
17290,HyboNet,3,256,0.005,2,90,0.29133858267716534,1.0,0.23076923076923078
17291,HyboNet,3,256,0.005,2,91,0.30708661417322836,1.0,0.2692307692307692
17292,HyboNet,3,256,0.005,2,92,0.31496062992125984,1.0,0.2692307692307692
17293,HyboNet,3,256,0.005,2,93,0.2992125984251969,1.0,0.2692307692307692
17294,HyboNet,3,256,0.005,2,94,0.3464566929133858,1.0,0.23076923076923078
17295,HyboNet,3,256,0.005,2,95,0.3543307086614173,1.0,0.23076923076923078
17296,HyboNet,3,256,0.005,2,96,0.33858267716535434,1.0,0.23076923076923078
17297,HyboNet,3,256,0.005,2,97,0.33070866141732286,1.0,0.23076923076923078
17298,HyboNet,3,256,0.005,2,98,0.33070866141732286,1.0,0.2692307692307692
17299,HyboNet,3,256,0.005,2,99,0.33070866141732286,1.0,0.2692307692307692
17300,HyboNet,3,256,0.005,3,1,0.5354330708661418,0.6,0.5769230769230769
17301,HyboNet,3,256,0.005,3,10,0.5354330708661418,0.6,0.5769230769230769
17302,HyboNet,3,256,0.005,3,100,0.4409448818897638,1.0,0.38461538461538464
17303,HyboNet,3,256,0.005,3,11,0.5354330708661418,0.6,0.5769230769230769
17304,HyboNet,3,256,0.005,3,12,0.5354330708661418,0.6,0.5769230769230769
17305,HyboNet,3,256,0.005,3,13,0.5354330708661418,0.6,0.5769230769230769
17306,HyboNet,3,256,0.005,3,14,0.5354330708661418,0.6,0.5769230769230769
17307,HyboNet,3,256,0.005,3,15,0.5354330708661418,0.6,0.5769230769230769
17308,HyboNet,3,256,0.005,3,16,0.5354330708661418,0.6,0.5769230769230769
17309,HyboNet,3,256,0.005,3,17,0.5354330708661418,0.6,0.5769230769230769
17310,HyboNet,3,256,0.005,3,18,0.5354330708661418,0.6,0.5769230769230769
17311,HyboNet,3,256,0.005,3,19,0.5354330708661418,0.6,0.5769230769230769
17312,HyboNet,3,256,0.005,3,2,0.5354330708661418,0.6,0.5769230769230769
17313,HyboNet,3,256,0.005,3,20,0.5354330708661418,0.6,0.5769230769230769
17314,HyboNet,3,256,0.005,3,21,0.5354330708661418,0.6,0.5769230769230769
17315,HyboNet,3,256,0.005,3,22,0.5354330708661418,0.6,0.5769230769230769
17316,HyboNet,3,256,0.005,3,23,0.5354330708661418,0.6,0.5769230769230769
17317,HyboNet,3,256,0.005,3,24,0.5354330708661418,0.6,0.5769230769230769
17318,HyboNet,3,256,0.005,3,25,0.5354330708661418,0.6,0.5769230769230769
17319,HyboNet,3,256,0.005,3,26,0.5354330708661418,0.6,0.5769230769230769
17320,HyboNet,3,256,0.005,3,27,0.5354330708661418,0.6,0.5769230769230769
17321,HyboNet,3,256,0.005,3,28,0.5354330708661418,0.6,0.5769230769230769
17322,HyboNet,3,256,0.005,3,29,0.5354330708661418,0.6,0.5769230769230769
17323,HyboNet,3,256,0.005,3,3,0.5354330708661418,0.6,0.5769230769230769
17324,HyboNet,3,256,0.005,3,30,0.5354330708661418,0.6,0.5769230769230769
17325,HyboNet,3,256,0.005,3,31,0.5354330708661418,0.6333333333333333,0.5769230769230769
17326,HyboNet,3,256,0.005,3,32,0.5354330708661418,0.6333333333333333,0.5769230769230769
17327,HyboNet,3,256,0.005,3,33,0.5354330708661418,0.6666666666666666,0.5769230769230769
17328,HyboNet,3,256,0.005,3,34,0.5433070866141733,0.6666666666666666,0.5769230769230769
17329,HyboNet,3,256,0.005,3,35,0.5433070866141733,0.6666666666666666,0.5769230769230769
17330,HyboNet,3,256,0.005,3,36,0.5354330708661418,0.6666666666666666,0.5769230769230769
17331,HyboNet,3,256,0.005,3,37,0.5354330708661418,0.6666666666666666,0.5769230769230769
17332,HyboNet,3,256,0.005,3,38,0.5275590551181102,0.7,0.5769230769230769
17333,HyboNet,3,256,0.005,3,39,0.5354330708661418,0.7333333333333333,0.5769230769230769
17334,HyboNet,3,256,0.005,3,4,0.5354330708661418,0.6,0.5769230769230769
17335,HyboNet,3,256,0.005,3,40,0.5354330708661418,0.7666666666666667,0.5384615384615384
17336,HyboNet,3,256,0.005,3,41,0.5354330708661418,0.7666666666666667,0.5384615384615384
17337,HyboNet,3,256,0.005,3,42,0.5433070866141733,0.7666666666666667,0.5384615384615384
17338,HyboNet,3,256,0.005,3,43,0.5511811023622047,0.8,0.5384615384615384
17339,HyboNet,3,256,0.005,3,44,0.5748031496062992,0.8333333333333334,0.5384615384615384
17340,HyboNet,3,256,0.005,3,45,0.5826771653543307,0.8333333333333334,0.5384615384615384
17341,HyboNet,3,256,0.005,3,46,0.5826771653543307,0.8333333333333334,0.5384615384615384
17342,HyboNet,3,256,0.005,3,47,0.5748031496062992,0.8333333333333334,0.5384615384615384
17343,HyboNet,3,256,0.005,3,48,0.5826771653543307,0.8333333333333334,0.5384615384615384
17344,HyboNet,3,256,0.005,3,49,0.5826771653543307,0.8333333333333334,0.5384615384615384
17345,HyboNet,3,256,0.005,3,5,0.5354330708661418,0.6,0.5769230769230769
17346,HyboNet,3,256,0.005,3,50,0.5669291338582677,0.8333333333333334,0.5384615384615384
17347,HyboNet,3,256,0.005,3,51,0.5748031496062992,0.8333333333333334,0.5
17348,HyboNet,3,256,0.005,3,52,0.5433070866141733,0.8666666666666667,0.5
17349,HyboNet,3,256,0.005,3,53,0.5039370078740157,0.8666666666666667,0.5
17350,HyboNet,3,256,0.005,3,54,0.5118110236220472,0.8333333333333334,0.5
17351,HyboNet,3,256,0.005,3,55,0.49606299212598426,0.8333333333333334,0.5
17352,HyboNet,3,256,0.005,3,56,0.49606299212598426,0.8333333333333334,0.5
17353,HyboNet,3,256,0.005,3,57,0.49606299212598426,0.8666666666666667,0.5
17354,HyboNet,3,256,0.005,3,58,0.4881889763779528,0.8666666666666667,0.5
17355,HyboNet,3,256,0.005,3,59,0.49606299212598426,0.9,0.5
17356,HyboNet,3,256,0.005,3,6,0.5354330708661418,0.6,0.5769230769230769
17357,HyboNet,3,256,0.005,3,60,0.5039370078740157,0.8666666666666667,0.5
17358,HyboNet,3,256,0.005,3,61,0.44881889763779526,0.8666666666666667,0.38461538461538464
17359,HyboNet,3,256,0.005,3,62,0.3937007874015748,0.9,0.2692307692307692
17360,HyboNet,3,256,0.005,3,63,0.3858267716535433,0.9,0.2692307692307692
17361,HyboNet,3,256,0.005,3,64,0.41732283464566927,0.9333333333333333,0.34615384615384615
17362,HyboNet,3,256,0.005,3,65,0.4330708661417323,0.9333333333333333,0.38461538461538464
17363,HyboNet,3,256,0.005,3,66,0.4409448818897638,0.9333333333333333,0.38461538461538464
17364,HyboNet,3,256,0.005,3,67,0.4094488188976378,0.9333333333333333,0.3076923076923077
17365,HyboNet,3,256,0.005,3,68,0.3858267716535433,0.9666666666666667,0.2692307692307692
17366,HyboNet,3,256,0.005,3,69,0.4015748031496063,0.9666666666666667,0.3076923076923077
17367,HyboNet,3,256,0.005,3,7,0.5354330708661418,0.6,0.5769230769230769
17368,HyboNet,3,256,0.005,3,70,0.4251968503937008,0.9666666666666667,0.4230769230769231
17369,HyboNet,3,256,0.005,3,71,0.41732283464566927,0.9666666666666667,0.4230769230769231
17370,HyboNet,3,256,0.005,3,72,0.44881889763779526,0.9666666666666667,0.4230769230769231
17371,HyboNet,3,256,0.005,3,73,0.4251968503937008,0.9666666666666667,0.3076923076923077
17372,HyboNet,3,256,0.005,3,74,0.3779527559055118,0.9666666666666667,0.23076923076923078
17373,HyboNet,3,256,0.005,3,75,0.36220472440944884,1.0,0.19230769230769232
17374,HyboNet,3,256,0.005,3,76,0.36220472440944884,1.0,0.23076923076923078
17375,HyboNet,3,256,0.005,3,77,0.3937007874015748,1.0,0.23076923076923078
17376,HyboNet,3,256,0.005,3,78,0.3858267716535433,1.0,0.23076923076923078
17377,HyboNet,3,256,0.005,3,79,0.3858267716535433,1.0,0.2692307692307692
17378,HyboNet,3,256,0.005,3,8,0.5354330708661418,0.6,0.5769230769230769
17379,HyboNet,3,256,0.005,3,80,0.3937007874015748,1.0,0.3076923076923077
17380,HyboNet,3,256,0.005,3,81,0.3858267716535433,1.0,0.3076923076923077
17381,HyboNet,3,256,0.005,3,82,0.3858267716535433,1.0,0.34615384615384615
17382,HyboNet,3,256,0.005,3,83,0.3937007874015748,1.0,0.34615384615384615
17383,HyboNet,3,256,0.005,3,84,0.3858267716535433,1.0,0.3076923076923077
17384,HyboNet,3,256,0.005,3,85,0.36220472440944884,1.0,0.2692307692307692
17385,HyboNet,3,256,0.005,3,86,0.36220472440944884,1.0,0.3076923076923077
17386,HyboNet,3,256,0.005,3,87,0.3858267716535433,1.0,0.3076923076923077
17387,HyboNet,3,256,0.005,3,88,0.3543307086614173,1.0,0.2692307692307692
17388,HyboNet,3,256,0.005,3,89,0.3543307086614173,1.0,0.2692307692307692
17389,HyboNet,3,256,0.005,3,9,0.5354330708661418,0.6,0.5769230769230769
17390,HyboNet,3,256,0.005,3,90,0.3464566929133858,1.0,0.3076923076923077
17391,HyboNet,3,256,0.005,3,91,0.36220472440944884,1.0,0.2692307692307692
17392,HyboNet,3,256,0.005,3,92,0.41732283464566927,1.0,0.38461538461538464
17393,HyboNet,3,256,0.005,3,93,0.4330708661417323,1.0,0.34615384615384615
17394,HyboNet,3,256,0.005,3,94,0.4409448818897638,1.0,0.34615384615384615
17395,HyboNet,3,256,0.005,3,95,0.41732283464566927,1.0,0.34615384615384615
17396,HyboNet,3,256,0.005,3,96,0.3779527559055118,1.0,0.23076923076923078
17397,HyboNet,3,256,0.005,3,97,0.3858267716535433,1.0,0.2692307692307692
17398,HyboNet,3,256,0.005,3,98,0.4330708661417323,1.0,0.3076923076923077
17399,HyboNet,3,256,0.005,3,99,0.4330708661417323,1.0,0.34615384615384615
17400,HyboNet,3,256,0.005,4,1,0.5354330708661418,0.6,0.5769230769230769
17401,HyboNet,3,256,0.005,4,10,0.5354330708661418,0.6,0.5769230769230769
17402,HyboNet,3,256,0.005,4,100,0.2755905511811024,1.0,0.19230769230769232
17403,HyboNet,3,256,0.005,4,11,0.5354330708661418,0.6,0.5769230769230769
17404,HyboNet,3,256,0.005,4,12,0.5354330708661418,0.6,0.5769230769230769
17405,HyboNet,3,256,0.005,4,13,0.5354330708661418,0.6,0.5769230769230769
17406,HyboNet,3,256,0.005,4,14,0.5354330708661418,0.6,0.5769230769230769
17407,HyboNet,3,256,0.005,4,15,0.5354330708661418,0.6,0.5769230769230769
17408,HyboNet,3,256,0.005,4,16,0.5354330708661418,0.6,0.5769230769230769
17409,HyboNet,3,256,0.005,4,17,0.5354330708661418,0.6,0.5769230769230769
17410,HyboNet,3,256,0.005,4,18,0.5354330708661418,0.6,0.5769230769230769
17411,HyboNet,3,256,0.005,4,19,0.5354330708661418,0.6,0.5769230769230769
17412,HyboNet,3,256,0.005,4,2,0.5354330708661418,0.6,0.5769230769230769
17413,HyboNet,3,256,0.005,4,20,0.5354330708661418,0.6,0.5769230769230769
17414,HyboNet,3,256,0.005,4,21,0.5354330708661418,0.6,0.5769230769230769
17415,HyboNet,3,256,0.005,4,22,0.5354330708661418,0.6,0.5769230769230769
17416,HyboNet,3,256,0.005,4,23,0.5354330708661418,0.6,0.5769230769230769
17417,HyboNet,3,256,0.005,4,24,0.5354330708661418,0.6,0.5769230769230769
17418,HyboNet,3,256,0.005,4,25,0.5354330708661418,0.6,0.5769230769230769
17419,HyboNet,3,256,0.005,4,26,0.5354330708661418,0.6,0.5769230769230769
17420,HyboNet,3,256,0.005,4,27,0.5354330708661418,0.6,0.5769230769230769
17421,HyboNet,3,256,0.005,4,28,0.5354330708661418,0.6,0.5769230769230769
17422,HyboNet,3,256,0.005,4,29,0.5354330708661418,0.6,0.5769230769230769
17423,HyboNet,3,256,0.005,4,3,0.5354330708661418,0.6,0.5769230769230769
17424,HyboNet,3,256,0.005,4,30,0.5354330708661418,0.6,0.5769230769230769
17425,HyboNet,3,256,0.005,4,31,0.5354330708661418,0.6,0.5769230769230769
17426,HyboNet,3,256,0.005,4,32,0.5354330708661418,0.6,0.5769230769230769
17427,HyboNet,3,256,0.005,4,33,0.5354330708661418,0.6,0.5769230769230769
17428,HyboNet,3,256,0.005,4,34,0.5354330708661418,0.6,0.5769230769230769
17429,HyboNet,3,256,0.005,4,35,0.5354330708661418,0.6,0.5769230769230769
17430,HyboNet,3,256,0.005,4,36,0.5354330708661418,0.6,0.5769230769230769
17431,HyboNet,3,256,0.005,4,37,0.5354330708661418,0.6,0.5769230769230769
17432,HyboNet,3,256,0.005,4,38,0.5354330708661418,0.6,0.5769230769230769
17433,HyboNet,3,256,0.005,4,39,0.5354330708661418,0.6,0.5769230769230769
17434,HyboNet,3,256,0.005,4,4,0.5354330708661418,0.6,0.5769230769230769
17435,HyboNet,3,256,0.005,4,40,0.5354330708661418,0.6,0.5769230769230769
17436,HyboNet,3,256,0.005,4,41,0.5354330708661418,0.6,0.5769230769230769
17437,HyboNet,3,256,0.005,4,42,0.5354330708661418,0.6,0.5769230769230769
17438,HyboNet,3,256,0.005,4,43,0.5354330708661418,0.6,0.5769230769230769
17439,HyboNet,3,256,0.005,4,44,0.5354330708661418,0.6,0.5769230769230769
17440,HyboNet,3,256,0.005,4,45,0.5354330708661418,0.6333333333333333,0.5769230769230769
17441,HyboNet,3,256,0.005,4,46,0.5354330708661418,0.6333333333333333,0.5769230769230769
17442,HyboNet,3,256,0.005,4,47,0.5433070866141733,0.6666666666666666,0.5769230769230769
17443,HyboNet,3,256,0.005,4,48,0.5354330708661418,0.6666666666666666,0.5769230769230769
17444,HyboNet,3,256,0.005,4,49,0.5354330708661418,0.7,0.5769230769230769
17445,HyboNet,3,256,0.005,4,5,0.5354330708661418,0.6,0.5769230769230769
17446,HyboNet,3,256,0.005,4,50,0.5354330708661418,0.7,0.5384615384615384
17447,HyboNet,3,256,0.005,4,51,0.5354330708661418,0.7666666666666667,0.5384615384615384
17448,HyboNet,3,256,0.005,4,52,0.5354330708661418,0.7666666666666667,0.5384615384615384
17449,HyboNet,3,256,0.005,4,53,0.5354330708661418,0.7666666666666667,0.5384615384615384
17450,HyboNet,3,256,0.005,4,54,0.5433070866141733,0.7666666666666667,0.5384615384615384
17451,HyboNet,3,256,0.005,4,55,0.5511811023622047,0.7666666666666667,0.5384615384615384
17452,HyboNet,3,256,0.005,4,56,0.5669291338582677,0.7666666666666667,0.5769230769230769
17453,HyboNet,3,256,0.005,4,57,0.5669291338582677,0.7666666666666667,0.5384615384615384
17454,HyboNet,3,256,0.005,4,58,0.5590551181102362,0.8,0.5384615384615384
17455,HyboNet,3,256,0.005,4,59,0.5669291338582677,0.8333333333333334,0.5384615384615384
17456,HyboNet,3,256,0.005,4,6,0.5354330708661418,0.6,0.5769230769230769
17457,HyboNet,3,256,0.005,4,60,0.5354330708661418,0.8333333333333334,0.46153846153846156
17458,HyboNet,3,256,0.005,4,61,0.5118110236220472,0.8333333333333334,0.5
17459,HyboNet,3,256,0.005,4,62,0.47244094488188976,0.8666666666666667,0.5
17460,HyboNet,3,256,0.005,4,63,0.4330708661417323,0.9,0.38461538461538464
17461,HyboNet,3,256,0.005,4,64,0.41732283464566927,0.9,0.38461538461538464
17462,HyboNet,3,256,0.005,4,65,0.4409448818897638,0.9,0.4230769230769231
17463,HyboNet,3,256,0.005,4,66,0.4409448818897638,0.9,0.46153846153846156
17464,HyboNet,3,256,0.005,4,67,0.4251968503937008,0.9,0.4230769230769231
17465,HyboNet,3,256,0.005,4,68,0.3228346456692913,0.9,0.2692307692307692
17466,HyboNet,3,256,0.005,4,69,0.2283464566929134,0.9333333333333333,0.23076923076923078
17467,HyboNet,3,256,0.005,4,7,0.5354330708661418,0.6,0.5769230769230769
17468,HyboNet,3,256,0.005,4,70,0.29133858267716534,0.9666666666666667,0.2692307692307692
17469,HyboNet,3,256,0.005,4,71,0.33858267716535434,0.9666666666666667,0.3076923076923077
17470,HyboNet,3,256,0.005,4,72,0.3937007874015748,0.9333333333333333,0.34615384615384615
17471,HyboNet,3,256,0.005,4,73,0.3937007874015748,0.9333333333333333,0.2692307692307692
17472,HyboNet,3,256,0.005,4,74,0.36220472440944884,0.9333333333333333,0.2692307692307692
17473,HyboNet,3,256,0.005,4,75,0.3779527559055118,0.9333333333333333,0.2692307692307692
17474,HyboNet,3,256,0.005,4,76,0.3858267716535433,0.9666666666666667,0.38461538461538464
17475,HyboNet,3,256,0.005,4,77,0.3700787401574803,0.9666666666666667,0.34615384615384615
17476,HyboNet,3,256,0.005,4,78,0.33858267716535434,1.0,0.2692307692307692
17477,HyboNet,3,256,0.005,4,79,0.28346456692913385,0.9333333333333333,0.19230769230769232
17478,HyboNet,3,256,0.005,4,8,0.5354330708661418,0.6,0.5769230769230769
17479,HyboNet,3,256,0.005,4,80,0.25984251968503935,0.9333333333333333,0.15384615384615385
17480,HyboNet,3,256,0.005,4,81,0.2677165354330709,0.9666666666666667,0.15384615384615385
17481,HyboNet,3,256,0.005,4,82,0.33858267716535434,1.0,0.23076923076923078
17482,HyboNet,3,256,0.005,4,83,0.4015748031496063,1.0,0.34615384615384615
17483,HyboNet,3,256,0.005,4,84,0.41732283464566927,0.9333333333333333,0.38461538461538464
17484,HyboNet,3,256,0.005,4,85,0.41732283464566927,0.9333333333333333,0.38461538461538464
17485,HyboNet,3,256,0.005,4,86,0.3779527559055118,1.0,0.3076923076923077
17486,HyboNet,3,256,0.005,4,87,0.3543307086614173,1.0,0.23076923076923078
17487,HyboNet,3,256,0.005,4,88,0.3543307086614173,1.0,0.23076923076923078
17488,HyboNet,3,256,0.005,4,89,0.3700787401574803,1.0,0.2692307692307692
17489,HyboNet,3,256,0.005,4,9,0.5354330708661418,0.6,0.5769230769230769
17490,HyboNet,3,256,0.005,4,90,0.3779527559055118,1.0,0.3076923076923077
17491,HyboNet,3,256,0.005,4,91,0.3700787401574803,1.0,0.2692307692307692
17492,HyboNet,3,256,0.005,4,92,0.3543307086614173,1.0,0.23076923076923078
17493,HyboNet,3,256,0.005,4,93,0.31496062992125984,1.0,0.19230769230769232
17494,HyboNet,3,256,0.005,4,94,0.28346456692913385,1.0,0.19230769230769232
17495,HyboNet,3,256,0.005,4,95,0.31496062992125984,1.0,0.23076923076923078
17496,HyboNet,3,256,0.005,4,96,0.3464566929133858,1.0,0.23076923076923078
17497,HyboNet,3,256,0.005,4,97,0.36220472440944884,1.0,0.23076923076923078
17498,HyboNet,3,256,0.005,4,98,0.3228346456692913,1.0,0.23076923076923078
17499,HyboNet,3,256,0.005,4,99,0.29133858267716534,1.0,0.19230769230769232
17500,HyboNet,3,256,0.005,5,1,0.5354330708661418,0.6,0.5769230769230769
17501,HyboNet,3,256,0.005,5,10,0.5354330708661418,0.6,0.5769230769230769
17502,HyboNet,3,256,0.005,5,100,0.3700787401574803,1.0,0.2692307692307692
17503,HyboNet,3,256,0.005,5,11,0.5354330708661418,0.6,0.5769230769230769
17504,HyboNet,3,256,0.005,5,12,0.5354330708661418,0.6,0.5769230769230769
17505,HyboNet,3,256,0.005,5,13,0.5354330708661418,0.6,0.5769230769230769
17506,HyboNet,3,256,0.005,5,14,0.5354330708661418,0.6,0.5769230769230769
17507,HyboNet,3,256,0.005,5,15,0.5354330708661418,0.6,0.5769230769230769
17508,HyboNet,3,256,0.005,5,16,0.5354330708661418,0.6,0.5769230769230769
17509,HyboNet,3,256,0.005,5,17,0.5354330708661418,0.6,0.5769230769230769
17510,HyboNet,3,256,0.005,5,18,0.5354330708661418,0.6,0.5769230769230769
17511,HyboNet,3,256,0.005,5,19,0.5354330708661418,0.6,0.5769230769230769
17512,HyboNet,3,256,0.005,5,2,0.5354330708661418,0.6,0.5769230769230769
17513,HyboNet,3,256,0.005,5,20,0.5354330708661418,0.6,0.5769230769230769
17514,HyboNet,3,256,0.005,5,21,0.5354330708661418,0.6,0.5769230769230769
17515,HyboNet,3,256,0.005,5,22,0.5354330708661418,0.6,0.5769230769230769
17516,HyboNet,3,256,0.005,5,23,0.5354330708661418,0.6,0.5769230769230769
17517,HyboNet,3,256,0.005,5,24,0.5354330708661418,0.6333333333333333,0.5769230769230769
17518,HyboNet,3,256,0.005,5,25,0.5433070866141733,0.6666666666666666,0.5769230769230769
17519,HyboNet,3,256,0.005,5,26,0.5354330708661418,0.7,0.5769230769230769
17520,HyboNet,3,256,0.005,5,27,0.5354330708661418,0.7333333333333333,0.5769230769230769
17521,HyboNet,3,256,0.005,5,28,0.5354330708661418,0.7333333333333333,0.5769230769230769
17522,HyboNet,3,256,0.005,5,29,0.5433070866141733,0.7333333333333333,0.5769230769230769
17523,HyboNet,3,256,0.005,5,3,0.5354330708661418,0.6,0.5769230769230769
17524,HyboNet,3,256,0.005,5,30,0.5433070866141733,0.7333333333333333,0.5769230769230769
17525,HyboNet,3,256,0.005,5,31,0.5433070866141733,0.7333333333333333,0.5769230769230769
17526,HyboNet,3,256,0.005,5,32,0.5433070866141733,0.7666666666666667,0.5769230769230769
17527,HyboNet,3,256,0.005,5,33,0.5275590551181102,0.7666666666666667,0.5384615384615384
17528,HyboNet,3,256,0.005,5,34,0.5354330708661418,0.7666666666666667,0.5384615384615384
17529,HyboNet,3,256,0.005,5,35,0.5511811023622047,0.7666666666666667,0.5769230769230769
17530,HyboNet,3,256,0.005,5,36,0.5826771653543307,0.8,0.5384615384615384
17531,HyboNet,3,256,0.005,5,37,0.5590551181102362,0.8,0.5384615384615384
17532,HyboNet,3,256,0.005,5,38,0.5511811023622047,0.8,0.5384615384615384
17533,HyboNet,3,256,0.005,5,39,0.5511811023622047,0.8,0.5384615384615384
17534,HyboNet,3,256,0.005,5,4,0.5354330708661418,0.6333333333333333,0.5769230769230769
17535,HyboNet,3,256,0.005,5,40,0.5511811023622047,0.7666666666666667,0.5384615384615384
17536,HyboNet,3,256,0.005,5,41,0.5275590551181102,0.8,0.5
17537,HyboNet,3,256,0.005,5,42,0.5039370078740157,0.8666666666666667,0.5
17538,HyboNet,3,256,0.005,5,43,0.4645669291338583,0.8666666666666667,0.5
17539,HyboNet,3,256,0.005,5,44,0.4645669291338583,0.9,0.4230769230769231
17540,HyboNet,3,256,0.005,5,45,0.4251968503937008,0.9,0.4230769230769231
17541,HyboNet,3,256,0.005,5,46,0.3937007874015748,0.9333333333333333,0.34615384615384615
17542,HyboNet,3,256,0.005,5,47,0.4330708661417323,0.9333333333333333,0.38461538461538464
17543,HyboNet,3,256,0.005,5,48,0.4645669291338583,0.9333333333333333,0.4230769230769231
17544,HyboNet,3,256,0.005,5,49,0.47244094488188976,0.9333333333333333,0.5
17545,HyboNet,3,256,0.005,5,5,0.5354330708661418,0.6,0.5769230769230769
17546,HyboNet,3,256,0.005,5,50,0.47244094488188976,0.9333333333333333,0.46153846153846156
17547,HyboNet,3,256,0.005,5,51,0.44881889763779526,0.9333333333333333,0.4230769230769231
17548,HyboNet,3,256,0.005,5,52,0.4409448818897638,0.9333333333333333,0.4230769230769231
17549,HyboNet,3,256,0.005,5,53,0.41732283464566927,0.9333333333333333,0.4230769230769231
17550,HyboNet,3,256,0.005,5,54,0.41732283464566927,0.9333333333333333,0.38461538461538464
17551,HyboNet,3,256,0.005,5,55,0.44881889763779526,0.9666666666666667,0.4230769230769231
17552,HyboNet,3,256,0.005,5,56,0.48031496062992124,0.9666666666666667,0.4230769230769231
17553,HyboNet,3,256,0.005,5,57,0.5039370078740157,1.0,0.4230769230769231
17554,HyboNet,3,256,0.005,5,58,0.4881889763779528,0.9666666666666667,0.4230769230769231
17555,HyboNet,3,256,0.005,5,59,0.47244094488188976,0.9666666666666667,0.4230769230769231
17556,HyboNet,3,256,0.005,5,6,0.5354330708661418,0.6,0.5769230769230769
17557,HyboNet,3,256,0.005,5,60,0.41732283464566927,0.9666666666666667,0.38461538461538464
17558,HyboNet,3,256,0.005,5,61,0.4094488188976378,0.9666666666666667,0.34615384615384615
17559,HyboNet,3,256,0.005,5,62,0.4251968503937008,0.9666666666666667,0.34615384615384615
17560,HyboNet,3,256,0.005,5,63,0.44881889763779526,1.0,0.38461538461538464
17561,HyboNet,3,256,0.005,5,64,0.4409448818897638,1.0,0.38461538461538464
17562,HyboNet,3,256,0.005,5,65,0.4330708661417323,1.0,0.38461538461538464
17563,HyboNet,3,256,0.005,5,66,0.4330708661417323,1.0,0.38461538461538464
17564,HyboNet,3,256,0.005,5,67,0.4330708661417323,1.0,0.38461538461538464
17565,HyboNet,3,256,0.005,5,68,0.4330708661417323,1.0,0.34615384615384615
17566,HyboNet,3,256,0.005,5,69,0.41732283464566927,1.0,0.34615384615384615
17567,HyboNet,3,256,0.005,5,7,0.5354330708661418,0.6,0.5769230769230769
17568,HyboNet,3,256,0.005,5,70,0.4330708661417323,1.0,0.34615384615384615
17569,HyboNet,3,256,0.005,5,71,0.4409448818897638,1.0,0.34615384615384615
17570,HyboNet,3,256,0.005,5,72,0.4330708661417323,1.0,0.34615384615384615
17571,HyboNet,3,256,0.005,5,73,0.41732283464566927,1.0,0.34615384615384615
17572,HyboNet,3,256,0.005,5,74,0.4015748031496063,1.0,0.3076923076923077
17573,HyboNet,3,256,0.005,5,75,0.4094488188976378,1.0,0.34615384615384615
17574,HyboNet,3,256,0.005,5,76,0.41732283464566927,1.0,0.34615384615384615
17575,HyboNet,3,256,0.005,5,77,0.41732283464566927,1.0,0.34615384615384615
17576,HyboNet,3,256,0.005,5,78,0.3779527559055118,1.0,0.23076923076923078
17577,HyboNet,3,256,0.005,5,79,0.4094488188976378,1.0,0.34615384615384615
17578,HyboNet,3,256,0.005,5,8,0.5354330708661418,0.6,0.5769230769230769
17579,HyboNet,3,256,0.005,5,80,0.4251968503937008,1.0,0.34615384615384615
17580,HyboNet,3,256,0.005,5,81,0.4015748031496063,1.0,0.34615384615384615
17581,HyboNet,3,256,0.005,5,82,0.4094488188976378,1.0,0.2692307692307692
17582,HyboNet,3,256,0.005,5,83,0.3937007874015748,1.0,0.2692307692307692
17583,HyboNet,3,256,0.005,5,84,0.36220472440944884,1.0,0.23076923076923078
17584,HyboNet,3,256,0.005,5,85,0.33070866141732286,1.0,0.2692307692307692
17585,HyboNet,3,256,0.005,5,86,0.3858267716535433,1.0,0.2692307692307692
17586,HyboNet,3,256,0.005,5,87,0.4094488188976378,1.0,0.34615384615384615
17587,HyboNet,3,256,0.005,5,88,0.4251968503937008,1.0,0.4230769230769231
17588,HyboNet,3,256,0.005,5,89,0.4330708661417323,1.0,0.38461538461538464
17589,HyboNet,3,256,0.005,5,9,0.5354330708661418,0.6,0.5769230769230769
17590,HyboNet,3,256,0.005,5,90,0.4094488188976378,1.0,0.3076923076923077
17591,HyboNet,3,256,0.005,5,91,0.3937007874015748,1.0,0.3076923076923077
17592,HyboNet,3,256,0.005,5,92,0.4015748031496063,1.0,0.3076923076923077
17593,HyboNet,3,256,0.005,5,93,0.4094488188976378,1.0,0.34615384615384615
17594,HyboNet,3,256,0.005,5,94,0.4094488188976378,1.0,0.3076923076923077
17595,HyboNet,3,256,0.005,5,95,0.4094488188976378,1.0,0.2692307692307692
17596,HyboNet,3,256,0.005,5,96,0.3700787401574803,1.0,0.2692307692307692
17597,HyboNet,3,256,0.005,5,97,0.3779527559055118,1.0,0.2692307692307692
17598,HyboNet,3,256,0.005,5,98,0.36220472440944884,1.0,0.2692307692307692
17599,HyboNet,3,256,0.005,5,99,0.33858267716535434,1.0,0.2692307692307692
17600,HyboNet,3,256,0.005,6,1,0.5354330708661418,0.6,0.5769230769230769
17601,HyboNet,3,256,0.005,6,10,0.5354330708661418,0.6,0.5769230769230769
17602,HyboNet,3,256,0.005,6,100,0.33070866141732286,1.0,0.23076923076923078
17603,HyboNet,3,256,0.005,6,11,0.5354330708661418,0.6,0.5769230769230769
17604,HyboNet,3,256,0.005,6,12,0.5354330708661418,0.6,0.5769230769230769
17605,HyboNet,3,256,0.005,6,13,0.5354330708661418,0.6,0.5769230769230769
17606,HyboNet,3,256,0.005,6,14,0.5354330708661418,0.6,0.5769230769230769
17607,HyboNet,3,256,0.005,6,15,0.5354330708661418,0.6,0.5769230769230769
17608,HyboNet,3,256,0.005,6,16,0.5354330708661418,0.6,0.5769230769230769
17609,HyboNet,3,256,0.005,6,17,0.5354330708661418,0.6,0.5769230769230769
17610,HyboNet,3,256,0.005,6,18,0.5354330708661418,0.6,0.5769230769230769
17611,HyboNet,3,256,0.005,6,19,0.5354330708661418,0.6,0.5769230769230769
17612,HyboNet,3,256,0.005,6,2,0.5354330708661418,0.6,0.5769230769230769
17613,HyboNet,3,256,0.005,6,20,0.5354330708661418,0.6,0.5769230769230769
17614,HyboNet,3,256,0.005,6,21,0.5354330708661418,0.6,0.5769230769230769
17615,HyboNet,3,256,0.005,6,22,0.5354330708661418,0.6,0.5769230769230769
17616,HyboNet,3,256,0.005,6,23,0.5354330708661418,0.6,0.5769230769230769
17617,HyboNet,3,256,0.005,6,24,0.5354330708661418,0.6,0.5769230769230769
17618,HyboNet,3,256,0.005,6,25,0.5354330708661418,0.6,0.5769230769230769
17619,HyboNet,3,256,0.005,6,26,0.5354330708661418,0.6,0.5769230769230769
17620,HyboNet,3,256,0.005,6,27,0.5354330708661418,0.6,0.5769230769230769
17621,HyboNet,3,256,0.005,6,28,0.5354330708661418,0.6,0.5769230769230769
17622,HyboNet,3,256,0.005,6,29,0.5354330708661418,0.6,0.5769230769230769
17623,HyboNet,3,256,0.005,6,3,0.5354330708661418,0.6,0.5769230769230769
17624,HyboNet,3,256,0.005,6,30,0.5354330708661418,0.6,0.5769230769230769
17625,HyboNet,3,256,0.005,6,31,0.5354330708661418,0.6,0.5769230769230769
17626,HyboNet,3,256,0.005,6,32,0.5354330708661418,0.6,0.5769230769230769
17627,HyboNet,3,256,0.005,6,33,0.5354330708661418,0.6,0.5769230769230769
17628,HyboNet,3,256,0.005,6,34,0.5354330708661418,0.6,0.5769230769230769
17629,HyboNet,3,256,0.005,6,35,0.5354330708661418,0.6,0.5769230769230769
17630,HyboNet,3,256,0.005,6,36,0.5354330708661418,0.6,0.5769230769230769
17631,HyboNet,3,256,0.005,6,37,0.5354330708661418,0.6,0.5769230769230769
17632,HyboNet,3,256,0.005,6,38,0.5354330708661418,0.6,0.5769230769230769
17633,HyboNet,3,256,0.005,6,39,0.5354330708661418,0.6333333333333333,0.5769230769230769
17634,HyboNet,3,256,0.005,6,4,0.5354330708661418,0.6,0.5769230769230769
17635,HyboNet,3,256,0.005,6,40,0.5354330708661418,0.6333333333333333,0.5769230769230769
17636,HyboNet,3,256,0.005,6,41,0.5354330708661418,0.6333333333333333,0.5769230769230769
17637,HyboNet,3,256,0.005,6,42,0.5354330708661418,0.6666666666666666,0.5769230769230769
17638,HyboNet,3,256,0.005,6,43,0.5354330708661418,0.6666666666666666,0.5769230769230769
17639,HyboNet,3,256,0.005,6,44,0.5275590551181102,0.7333333333333333,0.5769230769230769
17640,HyboNet,3,256,0.005,6,45,0.5354330708661418,0.7333333333333333,0.5384615384615384
17641,HyboNet,3,256,0.005,6,46,0.5354330708661418,0.7666666666666667,0.5384615384615384
17642,HyboNet,3,256,0.005,6,47,0.5354330708661418,0.7666666666666667,0.5384615384615384
17643,HyboNet,3,256,0.005,6,48,0.5354330708661418,0.7666666666666667,0.5384615384615384
17644,HyboNet,3,256,0.005,6,49,0.5354330708661418,0.7666666666666667,0.5384615384615384
17645,HyboNet,3,256,0.005,6,5,0.5354330708661418,0.6,0.5769230769230769
17646,HyboNet,3,256,0.005,6,50,0.5511811023622047,0.8,0.5384615384615384
17647,HyboNet,3,256,0.005,6,51,0.5511811023622047,0.8,0.5769230769230769
17648,HyboNet,3,256,0.005,6,52,0.5511811023622047,0.8333333333333334,0.5769230769230769
17649,HyboNet,3,256,0.005,6,53,0.5511811023622047,0.8333333333333334,0.5384615384615384
17650,HyboNet,3,256,0.005,6,54,0.5511811023622047,0.8333333333333334,0.5384615384615384
17651,HyboNet,3,256,0.005,6,55,0.5511811023622047,0.8333333333333334,0.5384615384615384
17652,HyboNet,3,256,0.005,6,56,0.5433070866141733,0.8333333333333334,0.5384615384615384
17653,HyboNet,3,256,0.005,6,57,0.5590551181102362,0.8666666666666667,0.5384615384615384
17654,HyboNet,3,256,0.005,6,58,0.5590551181102362,0.8666666666666667,0.5384615384615384
17655,HyboNet,3,256,0.005,6,59,0.5433070866141733,0.8666666666666667,0.5769230769230769
17656,HyboNet,3,256,0.005,6,6,0.5354330708661418,0.6,0.5769230769230769
17657,HyboNet,3,256,0.005,6,60,0.5196850393700787,0.9,0.5
17658,HyboNet,3,256,0.005,6,61,0.47244094488188976,0.9,0.5
17659,HyboNet,3,256,0.005,6,62,0.4645669291338583,0.9,0.5
17660,HyboNet,3,256,0.005,6,63,0.47244094488188976,0.9,0.5
17661,HyboNet,3,256,0.005,6,64,0.4566929133858268,0.9,0.5
17662,HyboNet,3,256,0.005,6,65,0.4645669291338583,0.9,0.5
17663,HyboNet,3,256,0.005,6,66,0.4566929133858268,0.9,0.5
17664,HyboNet,3,256,0.005,6,67,0.4251968503937008,0.9,0.38461538461538464
17665,HyboNet,3,256,0.005,6,68,0.30708661417322836,0.9333333333333333,0.2692307692307692
17666,HyboNet,3,256,0.005,6,69,0.28346456692913385,0.9333333333333333,0.23076923076923078
17667,HyboNet,3,256,0.005,6,7,0.5354330708661418,0.6,0.5769230769230769
17668,HyboNet,3,256,0.005,6,70,0.28346456692913385,0.9333333333333333,0.2692307692307692
17669,HyboNet,3,256,0.005,6,71,0.3700787401574803,0.9666666666666667,0.3076923076923077
17670,HyboNet,3,256,0.005,6,72,0.4251968503937008,0.9666666666666667,0.4230769230769231
17671,HyboNet,3,256,0.005,6,73,0.4409448818897638,0.9333333333333333,0.46153846153846156
17672,HyboNet,3,256,0.005,6,74,0.4409448818897638,0.9333333333333333,0.4230769230769231
17673,HyboNet,3,256,0.005,6,75,0.4409448818897638,0.9333333333333333,0.4230769230769231
17674,HyboNet,3,256,0.005,6,76,0.4330708661417323,0.9333333333333333,0.38461538461538464
17675,HyboNet,3,256,0.005,6,77,0.4251968503937008,0.9333333333333333,0.34615384615384615
17676,HyboNet,3,256,0.005,6,78,0.4251968503937008,0.9666666666666667,0.2692307692307692
17677,HyboNet,3,256,0.005,6,79,0.3779527559055118,0.9666666666666667,0.19230769230769232
17678,HyboNet,3,256,0.005,6,8,0.5354330708661418,0.6,0.5769230769230769
17679,HyboNet,3,256,0.005,6,80,0.3937007874015748,1.0,0.19230769230769232
17680,HyboNet,3,256,0.005,6,81,0.3937007874015748,1.0,0.19230769230769232
17681,HyboNet,3,256,0.005,6,82,0.3543307086614173,1.0,0.19230769230769232
17682,HyboNet,3,256,0.005,6,83,0.3543307086614173,1.0,0.15384615384615385
17683,HyboNet,3,256,0.005,6,84,0.3543307086614173,1.0,0.19230769230769232
17684,HyboNet,3,256,0.005,6,85,0.33858267716535434,1.0,0.19230769230769232
17685,HyboNet,3,256,0.005,6,86,0.29133858267716534,1.0,0.15384615384615385
17686,HyboNet,3,256,0.005,6,87,0.29133858267716534,1.0,0.15384615384615385
17687,HyboNet,3,256,0.005,6,88,0.30708661417322836,1.0,0.15384615384615385
17688,HyboNet,3,256,0.005,6,89,0.28346456692913385,1.0,0.15384615384615385
17689,HyboNet,3,256,0.005,6,9,0.5354330708661418,0.6,0.5769230769230769
17690,HyboNet,3,256,0.005,6,90,0.28346456692913385,1.0,0.19230769230769232
17691,HyboNet,3,256,0.005,6,91,0.2992125984251969,1.0,0.15384615384615385
17692,HyboNet,3,256,0.005,6,92,0.33070866141732286,1.0,0.19230769230769232
17693,HyboNet,3,256,0.005,6,93,0.33070866141732286,1.0,0.19230769230769232
17694,HyboNet,3,256,0.005,6,94,0.33070866141732286,1.0,0.19230769230769232
17695,HyboNet,3,256,0.005,6,95,0.3464566929133858,1.0,0.19230769230769232
17696,HyboNet,3,256,0.005,6,96,0.3228346456692913,1.0,0.19230769230769232
17697,HyboNet,3,256,0.005,6,97,0.2992125984251969,1.0,0.19230769230769232
17698,HyboNet,3,256,0.005,6,98,0.33070866141732286,1.0,0.19230769230769232
17699,HyboNet,3,256,0.005,6,99,0.36220472440944884,1.0,0.19230769230769232
17700,HyboNet,3,256,0.005,7,1,0.5354330708661418,0.6,0.5769230769230769
17701,HyboNet,3,256,0.005,7,10,0.5354330708661418,0.6,0.5769230769230769
17702,HyboNet,3,256,0.005,7,100,0.3700787401574803,1.0,0.2692307692307692
17703,HyboNet,3,256,0.005,7,11,0.5354330708661418,0.6,0.5769230769230769
17704,HyboNet,3,256,0.005,7,12,0.5354330708661418,0.6,0.5769230769230769
17705,HyboNet,3,256,0.005,7,13,0.5354330708661418,0.6,0.5769230769230769
17706,HyboNet,3,256,0.005,7,14,0.5354330708661418,0.6,0.5769230769230769
17707,HyboNet,3,256,0.005,7,15,0.5354330708661418,0.6,0.5769230769230769
17708,HyboNet,3,256,0.005,7,16,0.5354330708661418,0.6,0.5769230769230769
17709,HyboNet,3,256,0.005,7,17,0.5354330708661418,0.6,0.5769230769230769
17710,HyboNet,3,256,0.005,7,18,0.5354330708661418,0.6,0.5769230769230769
17711,HyboNet,3,256,0.005,7,19,0.5354330708661418,0.6,0.5769230769230769
17712,HyboNet,3,256,0.005,7,2,0.5354330708661418,0.6,0.5769230769230769
17713,HyboNet,3,256,0.005,7,20,0.5354330708661418,0.6,0.5769230769230769
17714,HyboNet,3,256,0.005,7,21,0.5354330708661418,0.6,0.5769230769230769
17715,HyboNet,3,256,0.005,7,22,0.5354330708661418,0.6,0.5769230769230769
17716,HyboNet,3,256,0.005,7,23,0.5354330708661418,0.6,0.5769230769230769
17717,HyboNet,3,256,0.005,7,24,0.5354330708661418,0.6,0.5769230769230769
17718,HyboNet,3,256,0.005,7,25,0.5354330708661418,0.6,0.5769230769230769
17719,HyboNet,3,256,0.005,7,26,0.5354330708661418,0.6,0.5769230769230769
17720,HyboNet,3,256,0.005,7,27,0.5354330708661418,0.6333333333333333,0.5769230769230769
17721,HyboNet,3,256,0.005,7,28,0.5354330708661418,0.6333333333333333,0.5769230769230769
17722,HyboNet,3,256,0.005,7,29,0.5354330708661418,0.6333333333333333,0.5769230769230769
17723,HyboNet,3,256,0.005,7,3,0.5590551181102362,0.7666666666666667,0.5769230769230769
17724,HyboNet,3,256,0.005,7,30,0.5354330708661418,0.6333333333333333,0.5769230769230769
17725,HyboNet,3,256,0.005,7,31,0.5354330708661418,0.6333333333333333,0.5769230769230769
17726,HyboNet,3,256,0.005,7,32,0.5433070866141733,0.6333333333333333,0.5769230769230769
17727,HyboNet,3,256,0.005,7,33,0.5433070866141733,0.6666666666666666,0.5769230769230769
17728,HyboNet,3,256,0.005,7,34,0.5433070866141733,0.6666666666666666,0.5769230769230769
17729,HyboNet,3,256,0.005,7,35,0.5433070866141733,0.6666666666666666,0.5769230769230769
17730,HyboNet,3,256,0.005,7,36,0.5433070866141733,0.6666666666666666,0.5769230769230769
17731,HyboNet,3,256,0.005,7,37,0.5433070866141733,0.7,0.5769230769230769
17732,HyboNet,3,256,0.005,7,38,0.5354330708661418,0.7666666666666667,0.5769230769230769
17733,HyboNet,3,256,0.005,7,39,0.5354330708661418,0.7666666666666667,0.5769230769230769
17734,HyboNet,3,256,0.005,7,4,0.5433070866141733,0.7666666666666667,0.5769230769230769
17735,HyboNet,3,256,0.005,7,40,0.5433070866141733,0.7666666666666667,0.5384615384615384
17736,HyboNet,3,256,0.005,7,41,0.5354330708661418,0.7666666666666667,0.5384615384615384
17737,HyboNet,3,256,0.005,7,42,0.5354330708661418,0.7666666666666667,0.5384615384615384
17738,HyboNet,3,256,0.005,7,43,0.5433070866141733,0.7666666666666667,0.5384615384615384
17739,HyboNet,3,256,0.005,7,44,0.5669291338582677,0.8,0.5769230769230769
17740,HyboNet,3,256,0.005,7,45,0.5748031496062992,0.8,0.5
17741,HyboNet,3,256,0.005,7,46,0.5669291338582677,0.8,0.5
17742,HyboNet,3,256,0.005,7,47,0.5433070866141733,0.8,0.5
17743,HyboNet,3,256,0.005,7,48,0.5275590551181102,0.8,0.5
17744,HyboNet,3,256,0.005,7,49,0.5196850393700787,0.8333333333333334,0.5384615384615384
17745,HyboNet,3,256,0.005,7,5,0.5354330708661418,0.6,0.5769230769230769
17746,HyboNet,3,256,0.005,7,50,0.5196850393700787,0.8333333333333334,0.5384615384615384
17747,HyboNet,3,256,0.005,7,51,0.49606299212598426,0.8333333333333334,0.5384615384615384
17748,HyboNet,3,256,0.005,7,52,0.49606299212598426,0.8666666666666667,0.5
17749,HyboNet,3,256,0.005,7,53,0.4881889763779528,0.9,0.5
17750,HyboNet,3,256,0.005,7,54,0.4881889763779528,0.8666666666666667,0.5
17751,HyboNet,3,256,0.005,7,55,0.4881889763779528,0.8666666666666667,0.46153846153846156
17752,HyboNet,3,256,0.005,7,56,0.4881889763779528,0.9,0.5
17753,HyboNet,3,256,0.005,7,57,0.48031496062992124,0.9,0.5
17754,HyboNet,3,256,0.005,7,58,0.4645669291338583,0.9,0.46153846153846156
17755,HyboNet,3,256,0.005,7,59,0.4409448818897638,0.9666666666666667,0.46153846153846156
17756,HyboNet,3,256,0.005,7,6,0.5354330708661418,0.6,0.5769230769230769
17757,HyboNet,3,256,0.005,7,60,0.4566929133858268,0.9666666666666667,0.4230769230769231
17758,HyboNet,3,256,0.005,7,61,0.4566929133858268,0.9666666666666667,0.4230769230769231
17759,HyboNet,3,256,0.005,7,62,0.4645669291338583,0.9333333333333333,0.46153846153846156
17760,HyboNet,3,256,0.005,7,63,0.4645669291338583,0.9333333333333333,0.46153846153846156
17761,HyboNet,3,256,0.005,7,64,0.4645669291338583,0.9333333333333333,0.5
17762,HyboNet,3,256,0.005,7,65,0.47244094488188976,0.9333333333333333,0.4230769230769231
17763,HyboNet,3,256,0.005,7,66,0.48031496062992124,0.9666666666666667,0.4230769230769231
17764,HyboNet,3,256,0.005,7,67,0.48031496062992124,0.9666666666666667,0.5
17765,HyboNet,3,256,0.005,7,68,0.4881889763779528,0.9666666666666667,0.46153846153846156
17766,HyboNet,3,256,0.005,7,69,0.4330708661417323,0.9666666666666667,0.4230769230769231
17767,HyboNet,3,256,0.005,7,7,0.5354330708661418,0.6,0.5769230769230769
17768,HyboNet,3,256,0.005,7,70,0.41732283464566927,0.9666666666666667,0.38461538461538464
17769,HyboNet,3,256,0.005,7,71,0.3858267716535433,1.0,0.34615384615384615
17770,HyboNet,3,256,0.005,7,72,0.3937007874015748,1.0,0.34615384615384615
17771,HyboNet,3,256,0.005,7,73,0.3937007874015748,1.0,0.34615384615384615
17772,HyboNet,3,256,0.005,7,74,0.3700787401574803,1.0,0.34615384615384615
17773,HyboNet,3,256,0.005,7,75,0.3700787401574803,1.0,0.2692307692307692
17774,HyboNet,3,256,0.005,7,76,0.3700787401574803,1.0,0.34615384615384615
17775,HyboNet,3,256,0.005,7,77,0.3858267716535433,1.0,0.34615384615384615
17776,HyboNet,3,256,0.005,7,78,0.3779527559055118,1.0,0.3076923076923077
17777,HyboNet,3,256,0.005,7,79,0.36220472440944884,1.0,0.23076923076923078
17778,HyboNet,3,256,0.005,7,8,0.5354330708661418,0.6,0.5769230769230769
17779,HyboNet,3,256,0.005,7,80,0.33858267716535434,1.0,0.2692307692307692
17780,HyboNet,3,256,0.005,7,81,0.3937007874015748,1.0,0.34615384615384615
17781,HyboNet,3,256,0.005,7,82,0.4251968503937008,1.0,0.38461538461538464
17782,HyboNet,3,256,0.005,7,83,0.41732283464566927,1.0,0.38461538461538464
17783,HyboNet,3,256,0.005,7,84,0.3937007874015748,1.0,0.34615384615384615
17784,HyboNet,3,256,0.005,7,85,0.3543307086614173,1.0,0.34615384615384615
17785,HyboNet,3,256,0.005,7,86,0.3779527559055118,1.0,0.34615384615384615
17786,HyboNet,3,256,0.005,7,87,0.3937007874015748,1.0,0.34615384615384615
17787,HyboNet,3,256,0.005,7,88,0.3779527559055118,1.0,0.2692307692307692
17788,HyboNet,3,256,0.005,7,89,0.3779527559055118,1.0,0.2692307692307692
17789,HyboNet,3,256,0.005,7,9,0.5354330708661418,0.6,0.5769230769230769
17790,HyboNet,3,256,0.005,7,90,0.3779527559055118,1.0,0.34615384615384615
17791,HyboNet,3,256,0.005,7,91,0.3700787401574803,1.0,0.34615384615384615
17792,HyboNet,3,256,0.005,7,92,0.3937007874015748,1.0,0.38461538461538464
17793,HyboNet,3,256,0.005,7,93,0.3937007874015748,1.0,0.34615384615384615
17794,HyboNet,3,256,0.005,7,94,0.4015748031496063,1.0,0.34615384615384615
17795,HyboNet,3,256,0.005,7,95,0.3937007874015748,1.0,0.3076923076923077
17796,HyboNet,3,256,0.005,7,96,0.36220472440944884,1.0,0.2692307692307692
17797,HyboNet,3,256,0.005,7,97,0.36220472440944884,1.0,0.2692307692307692
17798,HyboNet,3,256,0.005,7,98,0.3464566929133858,1.0,0.2692307692307692
17799,HyboNet,3,256,0.005,7,99,0.3543307086614173,1.0,0.2692307692307692
17800,HyboNet,3,256,0.005,8,1,0.5354330708661418,0.6,0.5769230769230769
17801,HyboNet,3,256,0.005,8,10,0.5354330708661418,0.6,0.5769230769230769
17802,HyboNet,3,256,0.005,8,100,0.31496062992125984,1.0,0.23076923076923078
17803,HyboNet,3,256,0.005,8,11,0.5354330708661418,0.6,0.5769230769230769
17804,HyboNet,3,256,0.005,8,12,0.5354330708661418,0.6,0.5769230769230769
17805,HyboNet,3,256,0.005,8,13,0.5354330708661418,0.6,0.5769230769230769
17806,HyboNet,3,256,0.005,8,14,0.5354330708661418,0.6,0.5769230769230769
17807,HyboNet,3,256,0.005,8,15,0.5354330708661418,0.6,0.5769230769230769
17808,HyboNet,3,256,0.005,8,16,0.5354330708661418,0.6,0.5769230769230769
17809,HyboNet,3,256,0.005,8,17,0.5354330708661418,0.6,0.5769230769230769
17810,HyboNet,3,256,0.005,8,18,0.5354330708661418,0.6,0.5769230769230769
17811,HyboNet,3,256,0.005,8,19,0.5354330708661418,0.6,0.5769230769230769
17812,HyboNet,3,256,0.005,8,2,0.5354330708661418,0.6,0.5769230769230769
17813,HyboNet,3,256,0.005,8,20,0.5354330708661418,0.6,0.5769230769230769
17814,HyboNet,3,256,0.005,8,21,0.5354330708661418,0.6,0.5769230769230769
17815,HyboNet,3,256,0.005,8,22,0.5354330708661418,0.6,0.5769230769230769
17816,HyboNet,3,256,0.005,8,23,0.5354330708661418,0.6,0.5769230769230769
17817,HyboNet,3,256,0.005,8,24,0.5354330708661418,0.6,0.5769230769230769
17818,HyboNet,3,256,0.005,8,25,0.5354330708661418,0.6,0.5769230769230769
17819,HyboNet,3,256,0.005,8,26,0.5354330708661418,0.6,0.5769230769230769
17820,HyboNet,3,256,0.005,8,27,0.5354330708661418,0.6,0.5769230769230769
17821,HyboNet,3,256,0.005,8,28,0.5354330708661418,0.6,0.5769230769230769
17822,HyboNet,3,256,0.005,8,29,0.5354330708661418,0.6,0.5769230769230769
17823,HyboNet,3,256,0.005,8,3,0.5354330708661418,0.6,0.5769230769230769
17824,HyboNet,3,256,0.005,8,30,0.5354330708661418,0.6,0.5769230769230769
17825,HyboNet,3,256,0.005,8,31,0.5354330708661418,0.6,0.5769230769230769
17826,HyboNet,3,256,0.005,8,32,0.5354330708661418,0.6,0.5769230769230769
17827,HyboNet,3,256,0.005,8,33,0.5354330708661418,0.6,0.5769230769230769
17828,HyboNet,3,256,0.005,8,34,0.5354330708661418,0.6,0.5769230769230769
17829,HyboNet,3,256,0.005,8,35,0.5354330708661418,0.6,0.5769230769230769
17830,HyboNet,3,256,0.005,8,36,0.5354330708661418,0.6,0.5769230769230769
17831,HyboNet,3,256,0.005,8,37,0.5354330708661418,0.6,0.5769230769230769
17832,HyboNet,3,256,0.005,8,38,0.5354330708661418,0.6,0.5769230769230769
17833,HyboNet,3,256,0.005,8,39,0.5354330708661418,0.6,0.5769230769230769
17834,HyboNet,3,256,0.005,8,4,0.5354330708661418,0.6,0.5769230769230769
17835,HyboNet,3,256,0.005,8,40,0.5354330708661418,0.6333333333333333,0.5769230769230769
17836,HyboNet,3,256,0.005,8,41,0.5354330708661418,0.6333333333333333,0.5769230769230769
17837,HyboNet,3,256,0.005,8,42,0.5354330708661418,0.6333333333333333,0.5769230769230769
17838,HyboNet,3,256,0.005,8,43,0.5354330708661418,0.6666666666666666,0.5769230769230769
17839,HyboNet,3,256,0.005,8,44,0.5433070866141733,0.6666666666666666,0.5769230769230769
17840,HyboNet,3,256,0.005,8,45,0.5433070866141733,0.6666666666666666,0.5769230769230769
17841,HyboNet,3,256,0.005,8,46,0.5433070866141733,0.6666666666666666,0.5769230769230769
17842,HyboNet,3,256,0.005,8,47,0.5433070866141733,0.6666666666666666,0.5769230769230769
17843,HyboNet,3,256,0.005,8,48,0.5354330708661418,0.6666666666666666,0.5769230769230769
17844,HyboNet,3,256,0.005,8,49,0.5354330708661418,0.7,0.5769230769230769
17845,HyboNet,3,256,0.005,8,5,0.5354330708661418,0.6,0.5769230769230769
17846,HyboNet,3,256,0.005,8,50,0.5196850393700787,0.7333333333333333,0.5769230769230769
17847,HyboNet,3,256,0.005,8,51,0.5354330708661418,0.7666666666666667,0.5384615384615384
17848,HyboNet,3,256,0.005,8,52,0.5275590551181102,0.7666666666666667,0.5384615384615384
17849,HyboNet,3,256,0.005,8,53,0.5354330708661418,0.7666666666666667,0.5384615384615384
17850,HyboNet,3,256,0.005,8,54,0.5433070866141733,0.7666666666666667,0.5384615384615384
17851,HyboNet,3,256,0.005,8,55,0.5433070866141733,0.7666666666666667,0.5384615384615384
17852,HyboNet,3,256,0.005,8,56,0.5511811023622047,0.7666666666666667,0.5384615384615384
17853,HyboNet,3,256,0.005,8,57,0.5748031496062992,0.7666666666666667,0.5384615384615384
17854,HyboNet,3,256,0.005,8,58,0.5748031496062992,0.7666666666666667,0.5384615384615384
17855,HyboNet,3,256,0.005,8,59,0.5748031496062992,0.8,0.5384615384615384
17856,HyboNet,3,256,0.005,8,6,0.5354330708661418,0.6,0.5769230769230769
17857,HyboNet,3,256,0.005,8,60,0.5590551181102362,0.8,0.5
17858,HyboNet,3,256,0.005,8,61,0.5590551181102362,0.8333333333333334,0.5
17859,HyboNet,3,256,0.005,8,62,0.5511811023622047,0.8333333333333334,0.5
17860,HyboNet,3,256,0.005,8,63,0.5433070866141733,0.8333333333333334,0.46153846153846156
17861,HyboNet,3,256,0.005,8,64,0.5433070866141733,0.8333333333333334,0.5
17862,HyboNet,3,256,0.005,8,65,0.5433070866141733,0.8333333333333334,0.5
17863,HyboNet,3,256,0.005,8,66,0.5275590551181102,0.8333333333333334,0.5
17864,HyboNet,3,256,0.005,8,67,0.5196850393700787,0.8333333333333334,0.46153846153846156
17865,HyboNet,3,256,0.005,8,68,0.4881889763779528,0.8333333333333334,0.5
17866,HyboNet,3,256,0.005,8,69,0.49606299212598426,0.8666666666666667,0.5
17867,HyboNet,3,256,0.005,8,7,0.5354330708661418,0.6,0.5769230769230769
17868,HyboNet,3,256,0.005,8,70,0.47244094488188976,0.9,0.5
17869,HyboNet,3,256,0.005,8,71,0.4645669291338583,0.9,0.4230769230769231
17870,HyboNet,3,256,0.005,8,72,0.4645669291338583,0.9,0.4230769230769231
17871,HyboNet,3,256,0.005,8,73,0.4645669291338583,0.8666666666666667,0.46153846153846156
17872,HyboNet,3,256,0.005,8,74,0.48031496062992124,0.8666666666666667,0.5
17873,HyboNet,3,256,0.005,8,75,0.48031496062992124,0.8666666666666667,0.5
17874,HyboNet,3,256,0.005,8,76,0.48031496062992124,0.9,0.5
17875,HyboNet,3,256,0.005,8,77,0.4566929133858268,0.9,0.46153846153846156
17876,HyboNet,3,256,0.005,8,78,0.4566929133858268,0.9,0.4230769230769231
17877,HyboNet,3,256,0.005,8,79,0.4330708661417323,0.9,0.4230769230769231
17878,HyboNet,3,256,0.005,8,8,0.5354330708661418,0.6,0.5769230769230769
17879,HyboNet,3,256,0.005,8,80,0.4094488188976378,0.9333333333333333,0.38461538461538464
17880,HyboNet,3,256,0.005,8,81,0.41732283464566927,0.9333333333333333,0.38461538461538464
17881,HyboNet,3,256,0.005,8,82,0.4094488188976378,0.9333333333333333,0.38461538461538464
17882,HyboNet,3,256,0.005,8,83,0.4094488188976378,0.9333333333333333,0.34615384615384615
17883,HyboNet,3,256,0.005,8,84,0.4094488188976378,0.9333333333333333,0.34615384615384615
17884,HyboNet,3,256,0.005,8,85,0.4094488188976378,0.9333333333333333,0.34615384615384615
17885,HyboNet,3,256,0.005,8,86,0.41732283464566927,0.9333333333333333,0.4230769230769231
17886,HyboNet,3,256,0.005,8,87,0.4094488188976378,0.9333333333333333,0.4230769230769231
17887,HyboNet,3,256,0.005,8,88,0.4094488188976378,0.9333333333333333,0.4230769230769231
17888,HyboNet,3,256,0.005,8,89,0.4015748031496063,0.9333333333333333,0.34615384615384615
17889,HyboNet,3,256,0.005,8,9,0.5354330708661418,0.6,0.5769230769230769
17890,HyboNet,3,256,0.005,8,90,0.4094488188976378,0.9333333333333333,0.34615384615384615
17891,HyboNet,3,256,0.005,8,91,0.3937007874015748,0.9333333333333333,0.34615384615384615
17892,HyboNet,3,256,0.005,8,92,0.3858267716535433,0.9666666666666667,0.3076923076923077
17893,HyboNet,3,256,0.005,8,93,0.36220472440944884,0.9666666666666667,0.2692307692307692
17894,HyboNet,3,256,0.005,8,94,0.3543307086614173,1.0,0.23076923076923078
17895,HyboNet,3,256,0.005,8,95,0.3464566929133858,1.0,0.23076923076923078
17896,HyboNet,3,256,0.005,8,96,0.3543307086614173,1.0,0.23076923076923078
17897,HyboNet,3,256,0.005,8,97,0.33858267716535434,1.0,0.23076923076923078
17898,HyboNet,3,256,0.005,8,98,0.3228346456692913,1.0,0.23076923076923078
17899,HyboNet,3,256,0.005,8,99,0.31496062992125984,1.0,0.19230769230769232
17900,HyboNet,3,256,0.005,9,1,0.5354330708661418,0.6,0.5769230769230769
17901,HyboNet,3,256,0.005,9,10,0.5354330708661418,0.6,0.5769230769230769
17902,HyboNet,3,256,0.005,9,100,0.4645669291338583,1.0,0.4230769230769231
17903,HyboNet,3,256,0.005,9,11,0.5354330708661418,0.6,0.5769230769230769
17904,HyboNet,3,256,0.005,9,12,0.5354330708661418,0.6,0.5769230769230769
17905,HyboNet,3,256,0.005,9,13,0.5354330708661418,0.6,0.5769230769230769
17906,HyboNet,3,256,0.005,9,14,0.5354330708661418,0.6,0.5769230769230769
17907,HyboNet,3,256,0.005,9,15,0.5354330708661418,0.6,0.5769230769230769
17908,HyboNet,3,256,0.005,9,16,0.5354330708661418,0.6,0.5769230769230769
17909,HyboNet,3,256,0.005,9,17,0.5354330708661418,0.6,0.5769230769230769
17910,HyboNet,3,256,0.005,9,18,0.5354330708661418,0.6,0.5769230769230769
17911,HyboNet,3,256,0.005,9,19,0.5354330708661418,0.6,0.5769230769230769
17912,HyboNet,3,256,0.005,9,2,0.5354330708661418,0.6,0.5769230769230769
17913,HyboNet,3,256,0.005,9,20,0.5354330708661418,0.6,0.5769230769230769
17914,HyboNet,3,256,0.005,9,21,0.5354330708661418,0.6,0.5769230769230769
17915,HyboNet,3,256,0.005,9,22,0.5354330708661418,0.6,0.5769230769230769
17916,HyboNet,3,256,0.005,9,23,0.5354330708661418,0.6,0.5769230769230769
17917,HyboNet,3,256,0.005,9,24,0.5354330708661418,0.6,0.5769230769230769
17918,HyboNet,3,256,0.005,9,25,0.5354330708661418,0.6,0.5769230769230769
17919,HyboNet,3,256,0.005,9,26,0.5354330708661418,0.6,0.5769230769230769
17920,HyboNet,3,256,0.005,9,27,0.5354330708661418,0.6,0.5769230769230769
17921,HyboNet,3,256,0.005,9,28,0.5354330708661418,0.6,0.5769230769230769
17922,HyboNet,3,256,0.005,9,29,0.5354330708661418,0.6,0.5769230769230769
17923,HyboNet,3,256,0.005,9,3,0.5354330708661418,0.6,0.5769230769230769
17924,HyboNet,3,256,0.005,9,30,0.5354330708661418,0.6,0.5769230769230769
17925,HyboNet,3,256,0.005,9,31,0.5354330708661418,0.6,0.5769230769230769
17926,HyboNet,3,256,0.005,9,32,0.5354330708661418,0.6,0.5769230769230769
17927,HyboNet,3,256,0.005,9,33,0.5354330708661418,0.6,0.5769230769230769
17928,HyboNet,3,256,0.005,9,34,0.5354330708661418,0.6,0.5769230769230769
17929,HyboNet,3,256,0.005,9,35,0.5354330708661418,0.6,0.5769230769230769
17930,HyboNet,3,256,0.005,9,36,0.5354330708661418,0.6,0.5769230769230769
17931,HyboNet,3,256,0.005,9,37,0.5354330708661418,0.6,0.5769230769230769
17932,HyboNet,3,256,0.005,9,38,0.5354330708661418,0.6,0.5769230769230769
17933,HyboNet,3,256,0.005,9,39,0.5354330708661418,0.6,0.5769230769230769
17934,HyboNet,3,256,0.005,9,4,0.5354330708661418,0.6,0.5769230769230769
17935,HyboNet,3,256,0.005,9,40,0.5354330708661418,0.6,0.5769230769230769
17936,HyboNet,3,256,0.005,9,41,0.5354330708661418,0.6,0.5769230769230769
17937,HyboNet,3,256,0.005,9,42,0.5354330708661418,0.6,0.5769230769230769
17938,HyboNet,3,256,0.005,9,43,0.5354330708661418,0.6,0.5769230769230769
17939,HyboNet,3,256,0.005,9,44,0.5354330708661418,0.6,0.5769230769230769
17940,HyboNet,3,256,0.005,9,45,0.5354330708661418,0.6,0.5769230769230769
17941,HyboNet,3,256,0.005,9,46,0.5354330708661418,0.6,0.5769230769230769
17942,HyboNet,3,256,0.005,9,47,0.5354330708661418,0.6333333333333333,0.5769230769230769
17943,HyboNet,3,256,0.005,9,48,0.5354330708661418,0.6333333333333333,0.5769230769230769
17944,HyboNet,3,256,0.005,9,49,0.5354330708661418,0.6333333333333333,0.5769230769230769
17945,HyboNet,3,256,0.005,9,5,0.5354330708661418,0.6,0.5769230769230769
17946,HyboNet,3,256,0.005,9,50,0.5354330708661418,0.6333333333333333,0.5769230769230769
17947,HyboNet,3,256,0.005,9,51,0.5354330708661418,0.6666666666666666,0.5769230769230769
17948,HyboNet,3,256,0.005,9,52,0.5354330708661418,0.7,0.5769230769230769
17949,HyboNet,3,256,0.005,9,53,0.5275590551181102,0.7,0.5769230769230769
17950,HyboNet,3,256,0.005,9,54,0.5275590551181102,0.7666666666666667,0.5769230769230769
17951,HyboNet,3,256,0.005,9,55,0.5354330708661418,0.7666666666666667,0.5384615384615384
17952,HyboNet,3,256,0.005,9,56,0.5433070866141733,0.7666666666666667,0.5384615384615384
17953,HyboNet,3,256,0.005,9,57,0.5433070866141733,0.7666666666666667,0.5384615384615384
17954,HyboNet,3,256,0.005,9,58,0.5433070866141733,0.7666666666666667,0.5384615384615384
17955,HyboNet,3,256,0.005,9,59,0.5669291338582677,0.8,0.5384615384615384
17956,HyboNet,3,256,0.005,9,6,0.5354330708661418,0.6,0.5769230769230769
17957,HyboNet,3,256,0.005,9,60,0.5748031496062992,0.8333333333333334,0.5
17958,HyboNet,3,256,0.005,9,61,0.5511811023622047,0.8333333333333334,0.5384615384615384
17959,HyboNet,3,256,0.005,9,62,0.5275590551181102,0.8333333333333334,0.5
17960,HyboNet,3,256,0.005,9,63,0.5196850393700787,0.8333333333333334,0.5
17961,HyboNet,3,256,0.005,9,64,0.5196850393700787,0.8333333333333334,0.5
17962,HyboNet,3,256,0.005,9,65,0.5196850393700787,0.8333333333333334,0.5
17963,HyboNet,3,256,0.005,9,66,0.5196850393700787,0.8333333333333334,0.5
17964,HyboNet,3,256,0.005,9,67,0.49606299212598426,0.8333333333333334,0.5
17965,HyboNet,3,256,0.005,9,68,0.4881889763779528,0.8333333333333334,0.5384615384615384
17966,HyboNet,3,256,0.005,9,69,0.49606299212598426,0.8666666666666667,0.5384615384615384
17967,HyboNet,3,256,0.005,9,7,0.5354330708661418,0.6,0.5769230769230769
17968,HyboNet,3,256,0.005,9,70,0.4881889763779528,0.8333333333333334,0.5
17969,HyboNet,3,256,0.005,9,71,0.4881889763779528,0.8333333333333334,0.5
17970,HyboNet,3,256,0.005,9,72,0.47244094488188976,0.8666666666666667,0.5
17971,HyboNet,3,256,0.005,9,73,0.4566929133858268,0.8666666666666667,0.38461538461538464
17972,HyboNet,3,256,0.005,9,74,0.4566929133858268,0.8666666666666667,0.38461538461538464
17973,HyboNet,3,256,0.005,9,75,0.4566929133858268,0.8666666666666667,0.4230769230769231
17974,HyboNet,3,256,0.005,9,76,0.4645669291338583,0.9,0.4230769230769231
17975,HyboNet,3,256,0.005,9,77,0.47244094488188976,0.9,0.46153846153846156
17976,HyboNet,3,256,0.005,9,78,0.47244094488188976,0.9,0.46153846153846156
17977,HyboNet,3,256,0.005,9,79,0.47244094488188976,0.9,0.4230769230769231
17978,HyboNet,3,256,0.005,9,8,0.5354330708661418,0.6,0.5769230769230769
17979,HyboNet,3,256,0.005,9,80,0.4645669291338583,0.9,0.4230769230769231
17980,HyboNet,3,256,0.005,9,81,0.47244094488188976,0.9,0.4230769230769231
17981,HyboNet,3,256,0.005,9,82,0.47244094488188976,0.9333333333333333,0.4230769230769231
17982,HyboNet,3,256,0.005,9,83,0.47244094488188976,0.9333333333333333,0.4230769230769231
17983,HyboNet,3,256,0.005,9,84,0.4645669291338583,0.9666666666666667,0.4230769230769231
17984,HyboNet,3,256,0.005,9,85,0.4566929133858268,1.0,0.4230769230769231
17985,HyboNet,3,256,0.005,9,86,0.4251968503937008,1.0,0.38461538461538464
17986,HyboNet,3,256,0.005,9,87,0.3858267716535433,1.0,0.3076923076923077
17987,HyboNet,3,256,0.005,9,88,0.36220472440944884,0.9666666666666667,0.3076923076923077
17988,HyboNet,3,256,0.005,9,89,0.3543307086614173,0.9666666666666667,0.2692307692307692
17989,HyboNet,3,256,0.005,9,9,0.5354330708661418,0.6,0.5769230769230769
17990,HyboNet,3,256,0.005,9,90,0.3779527559055118,1.0,0.23076923076923078
17991,HyboNet,3,256,0.005,9,91,0.44881889763779526,0.9666666666666667,0.4230769230769231
17992,HyboNet,3,256,0.005,9,92,0.47244094488188976,1.0,0.5
17993,HyboNet,3,256,0.005,9,93,0.4566929133858268,1.0,0.5
17994,HyboNet,3,256,0.005,9,94,0.4330708661417323,1.0,0.4230769230769231
17995,HyboNet,3,256,0.005,9,95,0.4330708661417323,1.0,0.46153846153846156
17996,HyboNet,3,256,0.005,9,96,0.41732283464566927,1.0,0.38461538461538464
17997,HyboNet,3,256,0.005,9,97,0.4330708661417323,1.0,0.38461538461538464
17998,HyboNet,3,256,0.005,9,98,0.4409448818897638,1.0,0.38461538461538464
17999,HyboNet,3,256,0.005,9,99,0.4645669291338583,1.0,0.4230769230769231
18000,HyboNet,3,32,0.0002,1,1,0.29133858267716534,0.36666666666666664,0.19230769230769232
18001,HyboNet,3,32,0.0002,1,10,0.5275590551181102,0.6333333333333333,0.5384615384615384
18002,HyboNet,3,32,0.0002,1,100,0.47244094488188976,0.9666666666666667,0.46153846153846156
18003,HyboNet,3,32,0.0002,1,11,0.5354330708661418,0.6666666666666666,0.5769230769230769
18004,HyboNet,3,32,0.0002,1,12,0.5354330708661418,0.6666666666666666,0.5769230769230769
18005,HyboNet,3,32,0.0002,1,13,0.5354330708661418,0.6666666666666666,0.5769230769230769
18006,HyboNet,3,32,0.0002,1,14,0.5354330708661418,0.6666666666666666,0.5769230769230769
18007,HyboNet,3,32,0.0002,1,15,0.5354330708661418,0.6666666666666666,0.5769230769230769
18008,HyboNet,3,32,0.0002,1,16,0.5354330708661418,0.6666666666666666,0.5769230769230769
18009,HyboNet,3,32,0.0002,1,17,0.5354330708661418,0.6666666666666666,0.5769230769230769
18010,HyboNet,3,32,0.0002,1,18,0.5354330708661418,0.6666666666666666,0.5769230769230769
18011,HyboNet,3,32,0.0002,1,19,0.5354330708661418,0.6666666666666666,0.5769230769230769
18012,HyboNet,3,32,0.0002,1,2,0.3464566929133858,0.4666666666666667,0.34615384615384615
18013,HyboNet,3,32,0.0002,1,20,0.5354330708661418,0.6666666666666666,0.5769230769230769
18014,HyboNet,3,32,0.0002,1,21,0.5275590551181102,0.6666666666666666,0.5769230769230769
18015,HyboNet,3,32,0.0002,1,22,0.5275590551181102,0.6666666666666666,0.5769230769230769
18016,HyboNet,3,32,0.0002,1,23,0.5354330708661418,0.7,0.5769230769230769
18017,HyboNet,3,32,0.0002,1,24,0.5354330708661418,0.7,0.5769230769230769
18018,HyboNet,3,32,0.0002,1,25,0.5354330708661418,0.7,0.5769230769230769
18019,HyboNet,3,32,0.0002,1,26,0.5275590551181102,0.7,0.5769230769230769
18020,HyboNet,3,32,0.0002,1,27,0.5196850393700787,0.7,0.5769230769230769
18021,HyboNet,3,32,0.0002,1,28,0.5196850393700787,0.7,0.5769230769230769
18022,HyboNet,3,32,0.0002,1,29,0.5275590551181102,0.7,0.5769230769230769
18023,HyboNet,3,32,0.0002,1,3,0.3543307086614173,0.6333333333333333,0.38461538461538464
18024,HyboNet,3,32,0.0002,1,30,0.5354330708661418,0.7,0.5769230769230769
18025,HyboNet,3,32,0.0002,1,31,0.5433070866141733,0.7,0.5769230769230769
18026,HyboNet,3,32,0.0002,1,32,0.5433070866141733,0.7,0.5769230769230769
18027,HyboNet,3,32,0.0002,1,33,0.5354330708661418,0.7,0.5769230769230769
18028,HyboNet,3,32,0.0002,1,34,0.5354330708661418,0.7,0.5769230769230769
18029,HyboNet,3,32,0.0002,1,35,0.5433070866141733,0.7,0.5769230769230769
18030,HyboNet,3,32,0.0002,1,36,0.5354330708661418,0.7,0.5769230769230769
18031,HyboNet,3,32,0.0002,1,37,0.5275590551181102,0.7,0.5769230769230769
18032,HyboNet,3,32,0.0002,1,38,0.5118110236220472,0.7333333333333333,0.5769230769230769
18033,HyboNet,3,32,0.0002,1,39,0.5118110236220472,0.7666666666666667,0.5769230769230769
18034,HyboNet,3,32,0.0002,1,4,0.3937007874015748,0.6333333333333333,0.38461538461538464
18035,HyboNet,3,32,0.0002,1,40,0.4881889763779528,0.7666666666666667,0.46153846153846156
18036,HyboNet,3,32,0.0002,1,41,0.4881889763779528,0.7666666666666667,0.46153846153846156
18037,HyboNet,3,32,0.0002,1,42,0.48031496062992124,0.7666666666666667,0.46153846153846156
18038,HyboNet,3,32,0.0002,1,43,0.48031496062992124,0.7666666666666667,0.46153846153846156
18039,HyboNet,3,32,0.0002,1,44,0.48031496062992124,0.7666666666666667,0.46153846153846156
18040,HyboNet,3,32,0.0002,1,45,0.48031496062992124,0.7666666666666667,0.46153846153846156
18041,HyboNet,3,32,0.0002,1,46,0.48031496062992124,0.7666666666666667,0.46153846153846156
18042,HyboNet,3,32,0.0002,1,47,0.47244094488188976,0.7666666666666667,0.46153846153846156
18043,HyboNet,3,32,0.0002,1,48,0.48031496062992124,0.7666666666666667,0.46153846153846156
18044,HyboNet,3,32,0.0002,1,49,0.4881889763779528,0.7666666666666667,0.46153846153846156
18045,HyboNet,3,32,0.0002,1,5,0.4015748031496063,0.6666666666666666,0.4230769230769231
18046,HyboNet,3,32,0.0002,1,50,0.49606299212598426,0.7666666666666667,0.46153846153846156
18047,HyboNet,3,32,0.0002,1,51,0.4881889763779528,0.7666666666666667,0.46153846153846156
18048,HyboNet,3,32,0.0002,1,52,0.4881889763779528,0.7666666666666667,0.46153846153846156
18049,HyboNet,3,32,0.0002,1,53,0.48031496062992124,0.7666666666666667,0.46153846153846156
18050,HyboNet,3,32,0.0002,1,54,0.4881889763779528,0.7666666666666667,0.46153846153846156
18051,HyboNet,3,32,0.0002,1,55,0.4881889763779528,0.7666666666666667,0.46153846153846156
18052,HyboNet,3,32,0.0002,1,56,0.4881889763779528,0.7666666666666667,0.46153846153846156
18053,HyboNet,3,32,0.0002,1,57,0.4881889763779528,0.7666666666666667,0.46153846153846156
18054,HyboNet,3,32,0.0002,1,58,0.48031496062992124,0.7666666666666667,0.46153846153846156
18055,HyboNet,3,32,0.0002,1,59,0.4881889763779528,0.8,0.46153846153846156
18056,HyboNet,3,32,0.0002,1,6,0.4645669291338583,0.6666666666666666,0.38461538461538464
18057,HyboNet,3,32,0.0002,1,60,0.4881889763779528,0.8,0.46153846153846156
18058,HyboNet,3,32,0.0002,1,61,0.4881889763779528,0.8,0.46153846153846156
18059,HyboNet,3,32,0.0002,1,62,0.4881889763779528,0.8,0.46153846153846156
18060,HyboNet,3,32,0.0002,1,63,0.49606299212598426,0.8333333333333334,0.46153846153846156
18061,HyboNet,3,32,0.0002,1,64,0.49606299212598426,0.8333333333333334,0.4230769230769231
18062,HyboNet,3,32,0.0002,1,65,0.49606299212598426,0.8333333333333334,0.4230769230769231
18063,HyboNet,3,32,0.0002,1,66,0.4881889763779528,0.8333333333333334,0.4230769230769231
18064,HyboNet,3,32,0.0002,1,67,0.4881889763779528,0.8333333333333334,0.4230769230769231
18065,HyboNet,3,32,0.0002,1,68,0.49606299212598426,0.8333333333333334,0.4230769230769231
18066,HyboNet,3,32,0.0002,1,69,0.49606299212598426,0.8333333333333334,0.4230769230769231
18067,HyboNet,3,32,0.0002,1,7,0.48031496062992124,0.6666666666666666,0.4230769230769231
18068,HyboNet,3,32,0.0002,1,70,0.49606299212598426,0.8333333333333334,0.4230769230769231
18069,HyboNet,3,32,0.0002,1,71,0.49606299212598426,0.8333333333333334,0.4230769230769231
18070,HyboNet,3,32,0.0002,1,72,0.49606299212598426,0.8333333333333334,0.4230769230769231
18071,HyboNet,3,32,0.0002,1,73,0.49606299212598426,0.8333333333333334,0.4230769230769231
18072,HyboNet,3,32,0.0002,1,74,0.49606299212598426,0.8333333333333334,0.4230769230769231
18073,HyboNet,3,32,0.0002,1,75,0.4881889763779528,0.8666666666666667,0.4230769230769231
18074,HyboNet,3,32,0.0002,1,76,0.4881889763779528,0.8666666666666667,0.4230769230769231
18075,HyboNet,3,32,0.0002,1,77,0.4881889763779528,0.8666666666666667,0.4230769230769231
18076,HyboNet,3,32,0.0002,1,78,0.4881889763779528,0.8666666666666667,0.4230769230769231
18077,HyboNet,3,32,0.0002,1,79,0.4881889763779528,0.8666666666666667,0.4230769230769231
18078,HyboNet,3,32,0.0002,1,8,0.5118110236220472,0.6333333333333333,0.5
18079,HyboNet,3,32,0.0002,1,80,0.4881889763779528,0.8666666666666667,0.4230769230769231
18080,HyboNet,3,32,0.0002,1,81,0.4881889763779528,0.8666666666666667,0.4230769230769231
18081,HyboNet,3,32,0.0002,1,82,0.48031496062992124,0.8666666666666667,0.4230769230769231
18082,HyboNet,3,32,0.0002,1,83,0.48031496062992124,0.8666666666666667,0.4230769230769231
18083,HyboNet,3,32,0.0002,1,84,0.48031496062992124,0.8666666666666667,0.4230769230769231
18084,HyboNet,3,32,0.0002,1,85,0.47244094488188976,0.8666666666666667,0.4230769230769231
18085,HyboNet,3,32,0.0002,1,86,0.47244094488188976,0.9,0.4230769230769231
18086,HyboNet,3,32,0.0002,1,87,0.47244094488188976,0.9,0.4230769230769231
18087,HyboNet,3,32,0.0002,1,88,0.4645669291338583,0.9,0.4230769230769231
18088,HyboNet,3,32,0.0002,1,89,0.4645669291338583,0.9,0.4230769230769231
18089,HyboNet,3,32,0.0002,1,9,0.5196850393700787,0.6333333333333333,0.5384615384615384
18090,HyboNet,3,32,0.0002,1,90,0.4566929133858268,0.9333333333333333,0.4230769230769231
18091,HyboNet,3,32,0.0002,1,91,0.4645669291338583,0.9333333333333333,0.4230769230769231
18092,HyboNet,3,32,0.0002,1,92,0.4566929133858268,0.9333333333333333,0.46153846153846156
18093,HyboNet,3,32,0.0002,1,93,0.4566929133858268,0.9333333333333333,0.46153846153846156
18094,HyboNet,3,32,0.0002,1,94,0.4566929133858268,0.9333333333333333,0.46153846153846156
18095,HyboNet,3,32,0.0002,1,95,0.4566929133858268,0.9333333333333333,0.46153846153846156
18096,HyboNet,3,32,0.0002,1,96,0.4566929133858268,0.9333333333333333,0.46153846153846156
18097,HyboNet,3,32,0.0002,1,97,0.4566929133858268,0.9333333333333333,0.46153846153846156
18098,HyboNet,3,32,0.0002,1,98,0.4645669291338583,0.9333333333333333,0.46153846153846156
18099,HyboNet,3,32,0.0002,1,99,0.4645669291338583,0.9333333333333333,0.46153846153846156
18100,HyboNet,3,32,0.0002,10,1,0.11811023622047244,0.06666666666666667,0.23076923076923078
18101,HyboNet,3,32,0.0002,10,10,0.3937007874015748,0.4666666666666667,0.46153846153846156
18102,HyboNet,3,32,0.0002,10,100,0.5118110236220472,0.8666666666666667,0.5384615384615384
18103,HyboNet,3,32,0.0002,10,11,0.4251968503937008,0.4666666666666667,0.5
18104,HyboNet,3,32,0.0002,10,12,0.4409448818897638,0.5,0.46153846153846156
18105,HyboNet,3,32,0.0002,10,13,0.4566929133858268,0.5,0.46153846153846156
18106,HyboNet,3,32,0.0002,10,14,0.4645669291338583,0.4666666666666667,0.46153846153846156
18107,HyboNet,3,32,0.0002,10,15,0.48031496062992124,0.4666666666666667,0.46153846153846156
18108,HyboNet,3,32,0.0002,10,16,0.4881889763779528,0.5,0.5
18109,HyboNet,3,32,0.0002,10,17,0.4881889763779528,0.5666666666666667,0.5
18110,HyboNet,3,32,0.0002,10,18,0.49606299212598426,0.5666666666666667,0.5
18111,HyboNet,3,32,0.0002,10,19,0.5039370078740157,0.5666666666666667,0.5
18112,HyboNet,3,32,0.0002,10,2,0.14960629921259844,0.1,0.2692307692307692
18113,HyboNet,3,32,0.0002,10,20,0.5039370078740157,0.6,0.5
18114,HyboNet,3,32,0.0002,10,21,0.5039370078740157,0.6,0.5
18115,HyboNet,3,32,0.0002,10,22,0.5039370078740157,0.6,0.5
18116,HyboNet,3,32,0.0002,10,23,0.5196850393700787,0.6,0.5384615384615384
18117,HyboNet,3,32,0.0002,10,24,0.5275590551181102,0.6,0.5384615384615384
18118,HyboNet,3,32,0.0002,10,25,0.5275590551181102,0.6333333333333333,0.5384615384615384
18119,HyboNet,3,32,0.0002,10,26,0.5275590551181102,0.6333333333333333,0.5384615384615384
18120,HyboNet,3,32,0.0002,10,27,0.5275590551181102,0.6333333333333333,0.5384615384615384
18121,HyboNet,3,32,0.0002,10,28,0.5196850393700787,0.6333333333333333,0.5384615384615384
18122,HyboNet,3,32,0.0002,10,29,0.5118110236220472,0.6333333333333333,0.5384615384615384
18123,HyboNet,3,32,0.0002,10,3,0.18110236220472442,0.13333333333333333,0.3076923076923077
18124,HyboNet,3,32,0.0002,10,30,0.5118110236220472,0.6333333333333333,0.5384615384615384
18125,HyboNet,3,32,0.0002,10,31,0.5118110236220472,0.6333333333333333,0.5384615384615384
18126,HyboNet,3,32,0.0002,10,32,0.5196850393700787,0.6333333333333333,0.5
18127,HyboNet,3,32,0.0002,10,33,0.5275590551181102,0.6666666666666666,0.5
18128,HyboNet,3,32,0.0002,10,34,0.5275590551181102,0.7333333333333333,0.5
18129,HyboNet,3,32,0.0002,10,35,0.5275590551181102,0.7333333333333333,0.5
18130,HyboNet,3,32,0.0002,10,36,0.5275590551181102,0.7333333333333333,0.5
18131,HyboNet,3,32,0.0002,10,37,0.5275590551181102,0.7666666666666667,0.5
18132,HyboNet,3,32,0.0002,10,38,0.5275590551181102,0.7666666666666667,0.5
18133,HyboNet,3,32,0.0002,10,39,0.5275590551181102,0.7666666666666667,0.5
18134,HyboNet,3,32,0.0002,10,4,0.1968503937007874,0.23333333333333334,0.38461538461538464
18135,HyboNet,3,32,0.0002,10,40,0.5275590551181102,0.7666666666666667,0.5
18136,HyboNet,3,32,0.0002,10,41,0.5275590551181102,0.7666666666666667,0.5
18137,HyboNet,3,32,0.0002,10,42,0.5275590551181102,0.7666666666666667,0.5
18138,HyboNet,3,32,0.0002,10,43,0.5275590551181102,0.7666666666666667,0.5
18139,HyboNet,3,32,0.0002,10,44,0.5275590551181102,0.7666666666666667,0.5
18140,HyboNet,3,32,0.0002,10,45,0.5275590551181102,0.7666666666666667,0.5
18141,HyboNet,3,32,0.0002,10,46,0.5196850393700787,0.7666666666666667,0.5
18142,HyboNet,3,32,0.0002,10,47,0.5196850393700787,0.7666666666666667,0.5
18143,HyboNet,3,32,0.0002,10,48,0.5196850393700787,0.7666666666666667,0.5
18144,HyboNet,3,32,0.0002,10,49,0.5196850393700787,0.7666666666666667,0.5
18145,HyboNet,3,32,0.0002,10,5,0.2283464566929134,0.3333333333333333,0.34615384615384615
18146,HyboNet,3,32,0.0002,10,50,0.5196850393700787,0.7666666666666667,0.5
18147,HyboNet,3,32,0.0002,10,51,0.5196850393700787,0.7666666666666667,0.5
18148,HyboNet,3,32,0.0002,10,52,0.5196850393700787,0.7666666666666667,0.5
18149,HyboNet,3,32,0.0002,10,53,0.5196850393700787,0.7666666666666667,0.5
18150,HyboNet,3,32,0.0002,10,54,0.5196850393700787,0.7666666666666667,0.5
18151,HyboNet,3,32,0.0002,10,55,0.5196850393700787,0.7666666666666667,0.5
18152,HyboNet,3,32,0.0002,10,56,0.5196850393700787,0.7666666666666667,0.5
18153,HyboNet,3,32,0.0002,10,57,0.5196850393700787,0.8,0.5
18154,HyboNet,3,32,0.0002,10,58,0.5196850393700787,0.8,0.5384615384615384
18155,HyboNet,3,32,0.0002,10,59,0.5196850393700787,0.8,0.5769230769230769
18156,HyboNet,3,32,0.0002,10,6,0.25196850393700787,0.43333333333333335,0.34615384615384615
18157,HyboNet,3,32,0.0002,10,60,0.5118110236220472,0.8,0.5769230769230769
18158,HyboNet,3,32,0.0002,10,61,0.5118110236220472,0.8,0.5769230769230769
18159,HyboNet,3,32,0.0002,10,62,0.5118110236220472,0.8,0.5769230769230769
18160,HyboNet,3,32,0.0002,10,63,0.5118110236220472,0.8,0.5769230769230769
18161,HyboNet,3,32,0.0002,10,64,0.5118110236220472,0.8,0.5769230769230769
18162,HyboNet,3,32,0.0002,10,65,0.5275590551181102,0.8,0.5769230769230769
18163,HyboNet,3,32,0.0002,10,66,0.5275590551181102,0.8,0.5769230769230769
18164,HyboNet,3,32,0.0002,10,67,0.5275590551181102,0.8,0.5769230769230769
18165,HyboNet,3,32,0.0002,10,68,0.5275590551181102,0.8,0.5769230769230769
18166,HyboNet,3,32,0.0002,10,69,0.5275590551181102,0.8,0.5769230769230769
18167,HyboNet,3,32,0.0002,10,7,0.28346456692913385,0.43333333333333335,0.4230769230769231
18168,HyboNet,3,32,0.0002,10,70,0.5354330708661418,0.8,0.5769230769230769
18169,HyboNet,3,32,0.0002,10,71,0.5354330708661418,0.8,0.5769230769230769
18170,HyboNet,3,32,0.0002,10,72,0.5354330708661418,0.8,0.5769230769230769
18171,HyboNet,3,32,0.0002,10,73,0.5433070866141733,0.8,0.5769230769230769
18172,HyboNet,3,32,0.0002,10,74,0.5511811023622047,0.8,0.5769230769230769
18173,HyboNet,3,32,0.0002,10,75,0.5511811023622047,0.8,0.5769230769230769
18174,HyboNet,3,32,0.0002,10,76,0.5511811023622047,0.8,0.6153846153846154
18175,HyboNet,3,32,0.0002,10,77,0.5511811023622047,0.8,0.5769230769230769
18176,HyboNet,3,32,0.0002,10,78,0.5511811023622047,0.8,0.5769230769230769
18177,HyboNet,3,32,0.0002,10,79,0.5433070866141733,0.8,0.5384615384615384
18178,HyboNet,3,32,0.0002,10,8,0.30708661417322836,0.43333333333333335,0.38461538461538464
18179,HyboNet,3,32,0.0002,10,80,0.5433070866141733,0.8,0.5384615384615384
18180,HyboNet,3,32,0.0002,10,81,0.5511811023622047,0.8,0.5384615384615384
18181,HyboNet,3,32,0.0002,10,82,0.5433070866141733,0.8,0.5384615384615384
18182,HyboNet,3,32,0.0002,10,83,0.5433070866141733,0.8,0.5384615384615384
18183,HyboNet,3,32,0.0002,10,84,0.5433070866141733,0.8,0.5384615384615384
18184,HyboNet,3,32,0.0002,10,85,0.5433070866141733,0.8,0.5384615384615384
18185,HyboNet,3,32,0.0002,10,86,0.5433070866141733,0.8,0.5384615384615384
18186,HyboNet,3,32,0.0002,10,87,0.5354330708661418,0.8,0.5384615384615384
18187,HyboNet,3,32,0.0002,10,88,0.5275590551181102,0.8,0.5384615384615384
18188,HyboNet,3,32,0.0002,10,89,0.5275590551181102,0.8,0.5384615384615384
18189,HyboNet,3,32,0.0002,10,9,0.3700787401574803,0.43333333333333335,0.46153846153846156
18190,HyboNet,3,32,0.0002,10,90,0.5196850393700787,0.8,0.5384615384615384
18191,HyboNet,3,32,0.0002,10,91,0.5196850393700787,0.8,0.5384615384615384
18192,HyboNet,3,32,0.0002,10,92,0.5196850393700787,0.8,0.5384615384615384
18193,HyboNet,3,32,0.0002,10,93,0.5196850393700787,0.8,0.5384615384615384
18194,HyboNet,3,32,0.0002,10,94,0.5196850393700787,0.8,0.5384615384615384
18195,HyboNet,3,32,0.0002,10,95,0.5196850393700787,0.8333333333333334,0.5384615384615384
18196,HyboNet,3,32,0.0002,10,96,0.5196850393700787,0.8333333333333334,0.5384615384615384
18197,HyboNet,3,32,0.0002,10,97,0.5118110236220472,0.8333333333333334,0.5384615384615384
18198,HyboNet,3,32,0.0002,10,98,0.5118110236220472,0.8333333333333334,0.5384615384615384
18199,HyboNet,3,32,0.0002,10,99,0.5118110236220472,0.8666666666666667,0.5384615384615384
18200,HyboNet,3,32,0.0002,2,1,0.10236220472440945,0.06666666666666667,0.07692307692307693
18201,HyboNet,3,32,0.0002,2,10,0.2992125984251969,0.4666666666666667,0.23076923076923078
18202,HyboNet,3,32,0.0002,2,100,0.4881889763779528,0.8333333333333334,0.5384615384615384
18203,HyboNet,3,32,0.0002,2,11,0.33858267716535434,0.5666666666666667,0.3076923076923077
18204,HyboNet,3,32,0.0002,2,12,0.33858267716535434,0.5666666666666667,0.4230769230769231
18205,HyboNet,3,32,0.0002,2,13,0.36220472440944884,0.5666666666666667,0.4230769230769231
18206,HyboNet,3,32,0.0002,2,14,0.3937007874015748,0.5666666666666667,0.46153846153846156
18207,HyboNet,3,32,0.0002,2,15,0.4094488188976378,0.5666666666666667,0.5
18208,HyboNet,3,32,0.0002,2,16,0.4251968503937008,0.6,0.5
18209,HyboNet,3,32,0.0002,2,17,0.4645669291338583,0.6,0.5384615384615384
18210,HyboNet,3,32,0.0002,2,18,0.4645669291338583,0.6,0.5384615384615384
18211,HyboNet,3,32,0.0002,2,19,0.48031496062992124,0.6333333333333333,0.5384615384615384
18212,HyboNet,3,32,0.0002,2,2,0.11023622047244094,0.03333333333333333,0.07692307692307693
18213,HyboNet,3,32,0.0002,2,20,0.4881889763779528,0.6333333333333333,0.5769230769230769
18214,HyboNet,3,32,0.0002,2,21,0.5118110236220472,0.6333333333333333,0.5769230769230769
18215,HyboNet,3,32,0.0002,2,22,0.5118110236220472,0.6333333333333333,0.5769230769230769
18216,HyboNet,3,32,0.0002,2,23,0.5118110236220472,0.6333333333333333,0.5769230769230769
18217,HyboNet,3,32,0.0002,2,24,0.5118110236220472,0.6333333333333333,0.5769230769230769
18218,HyboNet,3,32,0.0002,2,25,0.5039370078740157,0.6333333333333333,0.5769230769230769
18219,HyboNet,3,32,0.0002,2,26,0.5039370078740157,0.6333333333333333,0.5769230769230769
18220,HyboNet,3,32,0.0002,2,27,0.5118110236220472,0.6333333333333333,0.5769230769230769
18221,HyboNet,3,32,0.0002,2,28,0.5039370078740157,0.6333333333333333,0.5769230769230769
18222,HyboNet,3,32,0.0002,2,29,0.5039370078740157,0.6333333333333333,0.5769230769230769
18223,HyboNet,3,32,0.0002,2,3,0.12598425196850394,0.03333333333333333,0.07692307692307693
18224,HyboNet,3,32,0.0002,2,30,0.5118110236220472,0.6333333333333333,0.5769230769230769
18225,HyboNet,3,32,0.0002,2,31,0.5118110236220472,0.6333333333333333,0.5769230769230769
18226,HyboNet,3,32,0.0002,2,32,0.5118110236220472,0.6333333333333333,0.5769230769230769
18227,HyboNet,3,32,0.0002,2,33,0.5118110236220472,0.6333333333333333,0.5769230769230769
18228,HyboNet,3,32,0.0002,2,34,0.5118110236220472,0.6333333333333333,0.5769230769230769
18229,HyboNet,3,32,0.0002,2,35,0.5118110236220472,0.6333333333333333,0.5769230769230769
18230,HyboNet,3,32,0.0002,2,36,0.5118110236220472,0.6333333333333333,0.5769230769230769
18231,HyboNet,3,32,0.0002,2,37,0.5118110236220472,0.6333333333333333,0.5769230769230769
18232,HyboNet,3,32,0.0002,2,38,0.5118110236220472,0.6333333333333333,0.5769230769230769
18233,HyboNet,3,32,0.0002,2,39,0.5118110236220472,0.6333333333333333,0.5769230769230769
18234,HyboNet,3,32,0.0002,2,4,0.14173228346456693,0.03333333333333333,0.11538461538461539
18235,HyboNet,3,32,0.0002,2,40,0.5118110236220472,0.6333333333333333,0.5769230769230769
18236,HyboNet,3,32,0.0002,2,41,0.5118110236220472,0.6333333333333333,0.5769230769230769
18237,HyboNet,3,32,0.0002,2,42,0.5118110236220472,0.6333333333333333,0.5769230769230769
18238,HyboNet,3,32,0.0002,2,43,0.5118110236220472,0.6333333333333333,0.5769230769230769
18239,HyboNet,3,32,0.0002,2,44,0.5196850393700787,0.6666666666666666,0.5769230769230769
18240,HyboNet,3,32,0.0002,2,45,0.5196850393700787,0.6666666666666666,0.5769230769230769
18241,HyboNet,3,32,0.0002,2,46,0.5196850393700787,0.6666666666666666,0.5769230769230769
18242,HyboNet,3,32,0.0002,2,47,0.5196850393700787,0.6666666666666666,0.5769230769230769
18243,HyboNet,3,32,0.0002,2,48,0.5196850393700787,0.6666666666666666,0.5769230769230769
18244,HyboNet,3,32,0.0002,2,49,0.5275590551181102,0.6666666666666666,0.5769230769230769
18245,HyboNet,3,32,0.0002,2,5,0.13385826771653545,0.13333333333333333,0.07692307692307693
18246,HyboNet,3,32,0.0002,2,50,0.5196850393700787,0.6666666666666666,0.5769230769230769
18247,HyboNet,3,32,0.0002,2,51,0.5196850393700787,0.6666666666666666,0.5769230769230769
18248,HyboNet,3,32,0.0002,2,52,0.5196850393700787,0.6666666666666666,0.5384615384615384
18249,HyboNet,3,32,0.0002,2,53,0.5196850393700787,0.6666666666666666,0.5384615384615384
18250,HyboNet,3,32,0.0002,2,54,0.5196850393700787,0.6666666666666666,0.5384615384615384
18251,HyboNet,3,32,0.0002,2,55,0.5196850393700787,0.7,0.5384615384615384
18252,HyboNet,3,32,0.0002,2,56,0.5118110236220472,0.7,0.5384615384615384
18253,HyboNet,3,32,0.0002,2,57,0.5118110236220472,0.7,0.5384615384615384
18254,HyboNet,3,32,0.0002,2,58,0.5039370078740157,0.7,0.5384615384615384
18255,HyboNet,3,32,0.0002,2,59,0.5039370078740157,0.7333333333333333,0.5384615384615384
18256,HyboNet,3,32,0.0002,2,6,0.15748031496062992,0.2,0.11538461538461539
18257,HyboNet,3,32,0.0002,2,60,0.5039370078740157,0.7333333333333333,0.5384615384615384
18258,HyboNet,3,32,0.0002,2,61,0.5039370078740157,0.7333333333333333,0.5
18259,HyboNet,3,32,0.0002,2,62,0.5039370078740157,0.7666666666666667,0.5
18260,HyboNet,3,32,0.0002,2,63,0.5039370078740157,0.7666666666666667,0.5
18261,HyboNet,3,32,0.0002,2,64,0.5039370078740157,0.7666666666666667,0.5
18262,HyboNet,3,32,0.0002,2,65,0.5039370078740157,0.7666666666666667,0.5
18263,HyboNet,3,32,0.0002,2,66,0.5039370078740157,0.7666666666666667,0.5
18264,HyboNet,3,32,0.0002,2,67,0.5039370078740157,0.7666666666666667,0.5
18265,HyboNet,3,32,0.0002,2,68,0.5039370078740157,0.7666666666666667,0.5
18266,HyboNet,3,32,0.0002,2,69,0.5039370078740157,0.7666666666666667,0.5
18267,HyboNet,3,32,0.0002,2,7,0.1889763779527559,0.26666666666666666,0.11538461538461539
18268,HyboNet,3,32,0.0002,2,70,0.5118110236220472,0.7666666666666667,0.5
18269,HyboNet,3,32,0.0002,2,71,0.5118110236220472,0.7666666666666667,0.5
18270,HyboNet,3,32,0.0002,2,72,0.5118110236220472,0.7666666666666667,0.5
18271,HyboNet,3,32,0.0002,2,73,0.5196850393700787,0.7666666666666667,0.5
18272,HyboNet,3,32,0.0002,2,74,0.5196850393700787,0.7666666666666667,0.5
18273,HyboNet,3,32,0.0002,2,75,0.5118110236220472,0.7666666666666667,0.5
18274,HyboNet,3,32,0.0002,2,76,0.49606299212598426,0.7666666666666667,0.5384615384615384
18275,HyboNet,3,32,0.0002,2,77,0.49606299212598426,0.7666666666666667,0.5384615384615384
18276,HyboNet,3,32,0.0002,2,78,0.49606299212598426,0.7666666666666667,0.5384615384615384
18277,HyboNet,3,32,0.0002,2,79,0.49606299212598426,0.7666666666666667,0.5384615384615384
18278,HyboNet,3,32,0.0002,2,8,0.23622047244094488,0.36666666666666664,0.19230769230769232
18279,HyboNet,3,32,0.0002,2,80,0.49606299212598426,0.7666666666666667,0.5384615384615384
18280,HyboNet,3,32,0.0002,2,81,0.49606299212598426,0.7666666666666667,0.5384615384615384
18281,HyboNet,3,32,0.0002,2,82,0.4881889763779528,0.7666666666666667,0.5384615384615384
18282,HyboNet,3,32,0.0002,2,83,0.49606299212598426,0.7666666666666667,0.5384615384615384
18283,HyboNet,3,32,0.0002,2,84,0.49606299212598426,0.7666666666666667,0.5384615384615384
18284,HyboNet,3,32,0.0002,2,85,0.5039370078740157,0.7666666666666667,0.5384615384615384
18285,HyboNet,3,32,0.0002,2,86,0.5039370078740157,0.7666666666666667,0.5384615384615384
18286,HyboNet,3,32,0.0002,2,87,0.5039370078740157,0.7666666666666667,0.5384615384615384
18287,HyboNet,3,32,0.0002,2,88,0.5039370078740157,0.7666666666666667,0.5384615384615384
18288,HyboNet,3,32,0.0002,2,89,0.5039370078740157,0.7666666666666667,0.5384615384615384
18289,HyboNet,3,32,0.0002,2,9,0.2755905511811024,0.5,0.15384615384615385
18290,HyboNet,3,32,0.0002,2,90,0.5039370078740157,0.7666666666666667,0.5384615384615384
18291,HyboNet,3,32,0.0002,2,91,0.5039370078740157,0.7666666666666667,0.5384615384615384
18292,HyboNet,3,32,0.0002,2,92,0.5039370078740157,0.7666666666666667,0.5384615384615384
18293,HyboNet,3,32,0.0002,2,93,0.5039370078740157,0.7666666666666667,0.5384615384615384
18294,HyboNet,3,32,0.0002,2,94,0.5039370078740157,0.7666666666666667,0.5384615384615384
18295,HyboNet,3,32,0.0002,2,95,0.4881889763779528,0.7666666666666667,0.5384615384615384
18296,HyboNet,3,32,0.0002,2,96,0.49606299212598426,0.7666666666666667,0.5384615384615384
18297,HyboNet,3,32,0.0002,2,97,0.49606299212598426,0.7666666666666667,0.5384615384615384
18298,HyboNet,3,32,0.0002,2,98,0.49606299212598426,0.7666666666666667,0.5384615384615384
18299,HyboNet,3,32,0.0002,2,99,0.4881889763779528,0.7666666666666667,0.5384615384615384
18300,HyboNet,3,32,0.0002,3,1,0.06299212598425197,0.03333333333333333,0.038461538461538464
18301,HyboNet,3,32,0.0002,3,10,0.4094488188976378,0.6,0.38461538461538464
18302,HyboNet,3,32,0.0002,3,100,0.3779527559055118,0.8333333333333334,0.38461538461538464
18303,HyboNet,3,32,0.0002,3,11,0.4330708661417323,0.6,0.38461538461538464
18304,HyboNet,3,32,0.0002,3,12,0.4330708661417323,0.6,0.46153846153846156
18305,HyboNet,3,32,0.0002,3,13,0.4409448818897638,0.6,0.46153846153846156
18306,HyboNet,3,32,0.0002,3,14,0.4566929133858268,0.6,0.46153846153846156
18307,HyboNet,3,32,0.0002,3,15,0.4645669291338583,0.6,0.46153846153846156
18308,HyboNet,3,32,0.0002,3,16,0.4645669291338583,0.6,0.46153846153846156
18309,HyboNet,3,32,0.0002,3,17,0.4881889763779528,0.6,0.46153846153846156
18310,HyboNet,3,32,0.0002,3,18,0.4881889763779528,0.6,0.46153846153846156
18311,HyboNet,3,32,0.0002,3,19,0.49606299212598426,0.6,0.5
18312,HyboNet,3,32,0.0002,3,2,0.09448818897637795,0.03333333333333333,0.15384615384615385
18313,HyboNet,3,32,0.0002,3,20,0.49606299212598426,0.6,0.5
18314,HyboNet,3,32,0.0002,3,21,0.5039370078740157,0.6,0.5
18315,HyboNet,3,32,0.0002,3,22,0.5039370078740157,0.6,0.5
18316,HyboNet,3,32,0.0002,3,23,0.5039370078740157,0.6,0.5
18317,HyboNet,3,32,0.0002,3,24,0.5039370078740157,0.6,0.5
18318,HyboNet,3,32,0.0002,3,25,0.5118110236220472,0.6,0.5
18319,HyboNet,3,32,0.0002,3,26,0.5118110236220472,0.6,0.5
18320,HyboNet,3,32,0.0002,3,27,0.5118110236220472,0.6,0.5
18321,HyboNet,3,32,0.0002,3,28,0.5118110236220472,0.6,0.5
18322,HyboNet,3,32,0.0002,3,29,0.5118110236220472,0.6,0.5
18323,HyboNet,3,32,0.0002,3,3,0.12598425196850394,0.16666666666666666,0.19230769230769232
18324,HyboNet,3,32,0.0002,3,30,0.5118110236220472,0.6,0.5
18325,HyboNet,3,32,0.0002,3,31,0.5118110236220472,0.6,0.5
18326,HyboNet,3,32,0.0002,3,32,0.5118110236220472,0.6,0.5
18327,HyboNet,3,32,0.0002,3,33,0.5118110236220472,0.6333333333333333,0.5
18328,HyboNet,3,32,0.0002,3,34,0.5118110236220472,0.6333333333333333,0.5
18329,HyboNet,3,32,0.0002,3,35,0.49606299212598426,0.6333333333333333,0.5
18330,HyboNet,3,32,0.0002,3,36,0.4881889763779528,0.6333333333333333,0.46153846153846156
18331,HyboNet,3,32,0.0002,3,37,0.4881889763779528,0.6333333333333333,0.46153846153846156
18332,HyboNet,3,32,0.0002,3,38,0.4881889763779528,0.6333333333333333,0.46153846153846156
18333,HyboNet,3,32,0.0002,3,39,0.4881889763779528,0.6333333333333333,0.46153846153846156
18334,HyboNet,3,32,0.0002,3,4,0.14960629921259844,0.23333333333333334,0.2692307692307692
18335,HyboNet,3,32,0.0002,3,40,0.4881889763779528,0.6333333333333333,0.46153846153846156
18336,HyboNet,3,32,0.0002,3,41,0.48031496062992124,0.6333333333333333,0.46153846153846156
18337,HyboNet,3,32,0.0002,3,42,0.49606299212598426,0.6333333333333333,0.46153846153846156
18338,HyboNet,3,32,0.0002,3,43,0.48031496062992124,0.6666666666666666,0.46153846153846156
18339,HyboNet,3,32,0.0002,3,44,0.48031496062992124,0.7,0.46153846153846156
18340,HyboNet,3,32,0.0002,3,45,0.47244094488188976,0.7666666666666667,0.46153846153846156
18341,HyboNet,3,32,0.0002,3,46,0.4645669291338583,0.7666666666666667,0.4230769230769231
18342,HyboNet,3,32,0.0002,3,47,0.47244094488188976,0.7666666666666667,0.4230769230769231
18343,HyboNet,3,32,0.0002,3,48,0.47244094488188976,0.7666666666666667,0.4230769230769231
18344,HyboNet,3,32,0.0002,3,49,0.47244094488188976,0.7666666666666667,0.4230769230769231
18345,HyboNet,3,32,0.0002,3,5,0.2204724409448819,0.26666666666666666,0.3076923076923077
18346,HyboNet,3,32,0.0002,3,50,0.47244094488188976,0.7666666666666667,0.4230769230769231
18347,HyboNet,3,32,0.0002,3,51,0.47244094488188976,0.7666666666666667,0.4230769230769231
18348,HyboNet,3,32,0.0002,3,52,0.47244094488188976,0.7666666666666667,0.4230769230769231
18349,HyboNet,3,32,0.0002,3,53,0.4645669291338583,0.7666666666666667,0.46153846153846156
18350,HyboNet,3,32,0.0002,3,54,0.4566929133858268,0.7666666666666667,0.46153846153846156
18351,HyboNet,3,32,0.0002,3,55,0.44881889763779526,0.7666666666666667,0.46153846153846156
18352,HyboNet,3,32,0.0002,3,56,0.44881889763779526,0.7666666666666667,0.46153846153846156
18353,HyboNet,3,32,0.0002,3,57,0.44881889763779526,0.7666666666666667,0.4230769230769231
18354,HyboNet,3,32,0.0002,3,58,0.4330708661417323,0.7666666666666667,0.38461538461538464
18355,HyboNet,3,32,0.0002,3,59,0.4330708661417323,0.7666666666666667,0.38461538461538464
18356,HyboNet,3,32,0.0002,3,6,0.28346456692913385,0.36666666666666664,0.3076923076923077
18357,HyboNet,3,32,0.0002,3,60,0.4330708661417323,0.7666666666666667,0.38461538461538464
18358,HyboNet,3,32,0.0002,3,61,0.4330708661417323,0.7666666666666667,0.38461538461538464
18359,HyboNet,3,32,0.0002,3,62,0.4330708661417323,0.7666666666666667,0.38461538461538464
18360,HyboNet,3,32,0.0002,3,63,0.4330708661417323,0.7666666666666667,0.38461538461538464
18361,HyboNet,3,32,0.0002,3,64,0.4330708661417323,0.7666666666666667,0.38461538461538464
18362,HyboNet,3,32,0.0002,3,65,0.4251968503937008,0.7666666666666667,0.38461538461538464
18363,HyboNet,3,32,0.0002,3,66,0.4251968503937008,0.7666666666666667,0.38461538461538464
18364,HyboNet,3,32,0.0002,3,67,0.4251968503937008,0.7666666666666667,0.38461538461538464
18365,HyboNet,3,32,0.0002,3,68,0.41732283464566927,0.7666666666666667,0.38461538461538464
18366,HyboNet,3,32,0.0002,3,69,0.4094488188976378,0.7666666666666667,0.38461538461538464
18367,HyboNet,3,32,0.0002,3,7,0.31496062992125984,0.5,0.3076923076923077
18368,HyboNet,3,32,0.0002,3,70,0.3937007874015748,0.7666666666666667,0.38461538461538464
18369,HyboNet,3,32,0.0002,3,71,0.3858267716535433,0.7666666666666667,0.38461538461538464
18370,HyboNet,3,32,0.0002,3,72,0.3858267716535433,0.7666666666666667,0.38461538461538464
18371,HyboNet,3,32,0.0002,3,73,0.3937007874015748,0.7666666666666667,0.38461538461538464
18372,HyboNet,3,32,0.0002,3,74,0.3937007874015748,0.7666666666666667,0.38461538461538464
18373,HyboNet,3,32,0.0002,3,75,0.4015748031496063,0.8,0.38461538461538464
18374,HyboNet,3,32,0.0002,3,76,0.4015748031496063,0.8,0.38461538461538464
18375,HyboNet,3,32,0.0002,3,77,0.4015748031496063,0.8,0.38461538461538464
18376,HyboNet,3,32,0.0002,3,78,0.4015748031496063,0.8,0.38461538461538464
18377,HyboNet,3,32,0.0002,3,79,0.4015748031496063,0.8,0.38461538461538464
18378,HyboNet,3,32,0.0002,3,8,0.3464566929133858,0.5333333333333333,0.38461538461538464
18379,HyboNet,3,32,0.0002,3,80,0.4094488188976378,0.8,0.38461538461538464
18380,HyboNet,3,32,0.0002,3,81,0.4094488188976378,0.8,0.38461538461538464
18381,HyboNet,3,32,0.0002,3,82,0.4094488188976378,0.8,0.38461538461538464
18382,HyboNet,3,32,0.0002,3,83,0.4094488188976378,0.8333333333333334,0.38461538461538464
18383,HyboNet,3,32,0.0002,3,84,0.4094488188976378,0.8333333333333334,0.38461538461538464
18384,HyboNet,3,32,0.0002,3,85,0.4094488188976378,0.8333333333333334,0.38461538461538464
18385,HyboNet,3,32,0.0002,3,86,0.4094488188976378,0.8333333333333334,0.38461538461538464
18386,HyboNet,3,32,0.0002,3,87,0.4094488188976378,0.8333333333333334,0.38461538461538464
18387,HyboNet,3,32,0.0002,3,88,0.4094488188976378,0.8333333333333334,0.38461538461538464
18388,HyboNet,3,32,0.0002,3,89,0.4015748031496063,0.8333333333333334,0.38461538461538464
18389,HyboNet,3,32,0.0002,3,9,0.3858267716535433,0.6,0.38461538461538464
18390,HyboNet,3,32,0.0002,3,90,0.4015748031496063,0.8333333333333334,0.38461538461538464
18391,HyboNet,3,32,0.0002,3,91,0.3937007874015748,0.8333333333333334,0.4230769230769231
18392,HyboNet,3,32,0.0002,3,92,0.3937007874015748,0.8333333333333334,0.4230769230769231
18393,HyboNet,3,32,0.0002,3,93,0.3937007874015748,0.8333333333333334,0.4230769230769231
18394,HyboNet,3,32,0.0002,3,94,0.3858267716535433,0.8333333333333334,0.38461538461538464
18395,HyboNet,3,32,0.0002,3,95,0.3858267716535433,0.8333333333333334,0.38461538461538464
18396,HyboNet,3,32,0.0002,3,96,0.3858267716535433,0.8333333333333334,0.38461538461538464
18397,HyboNet,3,32,0.0002,3,97,0.3858267716535433,0.8333333333333334,0.38461538461538464
18398,HyboNet,3,32,0.0002,3,98,0.3858267716535433,0.8333333333333334,0.38461538461538464
18399,HyboNet,3,32,0.0002,3,99,0.3858267716535433,0.8333333333333334,0.38461538461538464
18400,HyboNet,3,32,0.0002,4,1,0.16535433070866143,0.23333333333333334,0.15384615384615385
18401,HyboNet,3,32,0.0002,4,10,0.2677165354330709,0.36666666666666664,0.11538461538461539
18402,HyboNet,3,32,0.0002,4,100,0.3700787401574803,0.9,0.38461538461538464
18403,HyboNet,3,32,0.0002,4,11,0.31496062992125984,0.36666666666666664,0.15384615384615385
18404,HyboNet,3,32,0.0002,4,12,0.2992125984251969,0.43333333333333335,0.23076923076923078
18405,HyboNet,3,32,0.0002,4,13,0.3228346456692913,0.5,0.34615384615384615
18406,HyboNet,3,32,0.0002,4,14,0.3858267716535433,0.5333333333333333,0.46153846153846156
18407,HyboNet,3,32,0.0002,4,15,0.4094488188976378,0.4666666666666667,0.46153846153846156
18408,HyboNet,3,32,0.0002,4,16,0.4251968503937008,0.5,0.46153846153846156
18409,HyboNet,3,32,0.0002,4,17,0.4566929133858268,0.5666666666666667,0.46153846153846156
18410,HyboNet,3,32,0.0002,4,18,0.4566929133858268,0.5666666666666667,0.46153846153846156
18411,HyboNet,3,32,0.0002,4,19,0.4645669291338583,0.5666666666666667,0.5
18412,HyboNet,3,32,0.0002,4,2,0.1732283464566929,0.26666666666666666,0.15384615384615385
18413,HyboNet,3,32,0.0002,4,20,0.47244094488188976,0.5666666666666667,0.5
18414,HyboNet,3,32,0.0002,4,21,0.4881889763779528,0.5666666666666667,0.5
18415,HyboNet,3,32,0.0002,4,22,0.4881889763779528,0.5666666666666667,0.5
18416,HyboNet,3,32,0.0002,4,23,0.4881889763779528,0.6333333333333333,0.5384615384615384
18417,HyboNet,3,32,0.0002,4,24,0.49606299212598426,0.6333333333333333,0.5384615384615384
18418,HyboNet,3,32,0.0002,4,25,0.49606299212598426,0.6333333333333333,0.5384615384615384
18419,HyboNet,3,32,0.0002,4,26,0.49606299212598426,0.6333333333333333,0.5769230769230769
18420,HyboNet,3,32,0.0002,4,27,0.5039370078740157,0.6333333333333333,0.5769230769230769
18421,HyboNet,3,32,0.0002,4,28,0.5118110236220472,0.6333333333333333,0.5769230769230769
18422,HyboNet,3,32,0.0002,4,29,0.5118110236220472,0.6333333333333333,0.5769230769230769
18423,HyboNet,3,32,0.0002,4,3,0.1732283464566929,0.26666666666666666,0.19230769230769232
18424,HyboNet,3,32,0.0002,4,30,0.5118110236220472,0.6333333333333333,0.5769230769230769
18425,HyboNet,3,32,0.0002,4,31,0.5118110236220472,0.6333333333333333,0.5769230769230769
18426,HyboNet,3,32,0.0002,4,32,0.5118110236220472,0.6333333333333333,0.5769230769230769
18427,HyboNet,3,32,0.0002,4,33,0.5118110236220472,0.6333333333333333,0.5769230769230769
18428,HyboNet,3,32,0.0002,4,34,0.5118110236220472,0.6333333333333333,0.5769230769230769
18429,HyboNet,3,32,0.0002,4,35,0.5118110236220472,0.6333333333333333,0.5769230769230769
18430,HyboNet,3,32,0.0002,4,36,0.5118110236220472,0.6333333333333333,0.5769230769230769
18431,HyboNet,3,32,0.0002,4,37,0.5039370078740157,0.6333333333333333,0.5769230769230769
18432,HyboNet,3,32,0.0002,4,38,0.5039370078740157,0.6333333333333333,0.5769230769230769
18433,HyboNet,3,32,0.0002,4,39,0.5039370078740157,0.6333333333333333,0.5384615384615384
18434,HyboNet,3,32,0.0002,4,4,0.18110236220472442,0.26666666666666666,0.19230769230769232
18435,HyboNet,3,32,0.0002,4,40,0.5039370078740157,0.6333333333333333,0.5384615384615384
18436,HyboNet,3,32,0.0002,4,41,0.5039370078740157,0.6333333333333333,0.5
18437,HyboNet,3,32,0.0002,4,42,0.5039370078740157,0.6333333333333333,0.5
18438,HyboNet,3,32,0.0002,4,43,0.49606299212598426,0.6333333333333333,0.5
18439,HyboNet,3,32,0.0002,4,44,0.49606299212598426,0.6333333333333333,0.5
18440,HyboNet,3,32,0.0002,4,45,0.49606299212598426,0.6333333333333333,0.5
18441,HyboNet,3,32,0.0002,4,46,0.49606299212598426,0.6333333333333333,0.5
18442,HyboNet,3,32,0.0002,4,47,0.49606299212598426,0.6333333333333333,0.5
18443,HyboNet,3,32,0.0002,4,48,0.5039370078740157,0.6666666666666666,0.5
18444,HyboNet,3,32,0.0002,4,49,0.5039370078740157,0.6666666666666666,0.5
18445,HyboNet,3,32,0.0002,4,5,0.1889763779527559,0.26666666666666666,0.19230769230769232
18446,HyboNet,3,32,0.0002,4,50,0.5039370078740157,0.6666666666666666,0.5
18447,HyboNet,3,32,0.0002,4,51,0.5118110236220472,0.6666666666666666,0.5
18448,HyboNet,3,32,0.0002,4,52,0.5118110236220472,0.7,0.5
18449,HyboNet,3,32,0.0002,4,53,0.5118110236220472,0.7,0.5
18450,HyboNet,3,32,0.0002,4,54,0.5118110236220472,0.7,0.5
18451,HyboNet,3,32,0.0002,4,55,0.5039370078740157,0.7333333333333333,0.5
18452,HyboNet,3,32,0.0002,4,56,0.5039370078740157,0.7333333333333333,0.5
18453,HyboNet,3,32,0.0002,4,57,0.49606299212598426,0.7333333333333333,0.5
18454,HyboNet,3,32,0.0002,4,58,0.49606299212598426,0.7333333333333333,0.5
18455,HyboNet,3,32,0.0002,4,59,0.49606299212598426,0.7333333333333333,0.5
18456,HyboNet,3,32,0.0002,4,6,0.2125984251968504,0.26666666666666666,0.15384615384615385
18457,HyboNet,3,32,0.0002,4,60,0.48031496062992124,0.7333333333333333,0.5
18458,HyboNet,3,32,0.0002,4,61,0.48031496062992124,0.7333333333333333,0.5
18459,HyboNet,3,32,0.0002,4,62,0.47244094488188976,0.7333333333333333,0.5
18460,HyboNet,3,32,0.0002,4,63,0.48031496062992124,0.7333333333333333,0.5
18461,HyboNet,3,32,0.0002,4,64,0.4645669291338583,0.8,0.46153846153846156
18462,HyboNet,3,32,0.0002,4,65,0.4645669291338583,0.8,0.46153846153846156
18463,HyboNet,3,32,0.0002,4,66,0.4566929133858268,0.8,0.46153846153846156
18464,HyboNet,3,32,0.0002,4,67,0.4566929133858268,0.8,0.46153846153846156
18465,HyboNet,3,32,0.0002,4,68,0.44881889763779526,0.8333333333333334,0.46153846153846156
18466,HyboNet,3,32,0.0002,4,69,0.4330708661417323,0.8333333333333334,0.46153846153846156
18467,HyboNet,3,32,0.0002,4,7,0.2125984251968504,0.3333333333333333,0.15384615384615385
18468,HyboNet,3,32,0.0002,4,70,0.4330708661417323,0.8333333333333334,0.46153846153846156
18469,HyboNet,3,32,0.0002,4,71,0.4330708661417323,0.8333333333333334,0.46153846153846156
18470,HyboNet,3,32,0.0002,4,72,0.4330708661417323,0.8666666666666667,0.5
18471,HyboNet,3,32,0.0002,4,73,0.4330708661417323,0.9,0.5
18472,HyboNet,3,32,0.0002,4,74,0.41732283464566927,0.9,0.5
18473,HyboNet,3,32,0.0002,4,75,0.4251968503937008,0.9,0.5
18474,HyboNet,3,32,0.0002,4,76,0.41732283464566927,0.9,0.5
18475,HyboNet,3,32,0.0002,4,77,0.4094488188976378,0.9,0.5
18476,HyboNet,3,32,0.0002,4,78,0.4094488188976378,0.9,0.46153846153846156
18477,HyboNet,3,32,0.0002,4,79,0.4015748031496063,0.9,0.46153846153846156
18478,HyboNet,3,32,0.0002,4,8,0.2204724409448819,0.3333333333333333,0.11538461538461539
18479,HyboNet,3,32,0.0002,4,80,0.4015748031496063,0.9,0.46153846153846156
18480,HyboNet,3,32,0.0002,4,81,0.4015748031496063,0.9,0.46153846153846156
18481,HyboNet,3,32,0.0002,4,82,0.4015748031496063,0.9,0.46153846153846156
18482,HyboNet,3,32,0.0002,4,83,0.3937007874015748,0.9,0.46153846153846156
18483,HyboNet,3,32,0.0002,4,84,0.3858267716535433,0.8666666666666667,0.46153846153846156
18484,HyboNet,3,32,0.0002,4,85,0.3779527559055118,0.9,0.46153846153846156
18485,HyboNet,3,32,0.0002,4,86,0.3779527559055118,0.9,0.46153846153846156
18486,HyboNet,3,32,0.0002,4,87,0.3700787401574803,0.9,0.46153846153846156
18487,HyboNet,3,32,0.0002,4,88,0.36220472440944884,0.9,0.46153846153846156
18488,HyboNet,3,32,0.0002,4,89,0.36220472440944884,0.9,0.46153846153846156
18489,HyboNet,3,32,0.0002,4,9,0.2204724409448819,0.3,0.15384615384615385
18490,HyboNet,3,32,0.0002,4,90,0.3700787401574803,0.9,0.46153846153846156
18491,HyboNet,3,32,0.0002,4,91,0.3700787401574803,0.9,0.46153846153846156
18492,HyboNet,3,32,0.0002,4,92,0.3700787401574803,0.9,0.46153846153846156
18493,HyboNet,3,32,0.0002,4,93,0.3779527559055118,0.9,0.46153846153846156
18494,HyboNet,3,32,0.0002,4,94,0.36220472440944884,0.9,0.46153846153846156
18495,HyboNet,3,32,0.0002,4,95,0.36220472440944884,0.9,0.46153846153846156
18496,HyboNet,3,32,0.0002,4,96,0.36220472440944884,0.9,0.46153846153846156
18497,HyboNet,3,32,0.0002,4,97,0.3700787401574803,0.9,0.46153846153846156
18498,HyboNet,3,32,0.0002,4,98,0.3700787401574803,0.9,0.46153846153846156
18499,HyboNet,3,32,0.0002,4,99,0.3700787401574803,0.9,0.38461538461538464
18500,HyboNet,3,32,0.0002,5,1,0.3464566929133858,0.5333333333333333,0.38461538461538464
18501,HyboNet,3,32,0.0002,5,10,0.5039370078740157,0.6666666666666666,0.5769230769230769
18502,HyboNet,3,32,0.0002,5,100,0.33070866141732286,0.9333333333333333,0.34615384615384615
18503,HyboNet,3,32,0.0002,5,11,0.5039370078740157,0.6666666666666666,0.5769230769230769
18504,HyboNet,3,32,0.0002,5,12,0.5039370078740157,0.6666666666666666,0.5769230769230769
18505,HyboNet,3,32,0.0002,5,13,0.5039370078740157,0.6666666666666666,0.5769230769230769
18506,HyboNet,3,32,0.0002,5,14,0.5039370078740157,0.6666666666666666,0.5769230769230769
18507,HyboNet,3,32,0.0002,5,15,0.5039370078740157,0.6666666666666666,0.5769230769230769
18508,HyboNet,3,32,0.0002,5,16,0.5039370078740157,0.6666666666666666,0.5769230769230769
18509,HyboNet,3,32,0.0002,5,17,0.5039370078740157,0.7,0.5384615384615384
18510,HyboNet,3,32,0.0002,5,18,0.4881889763779528,0.7,0.5384615384615384
18511,HyboNet,3,32,0.0002,5,19,0.49606299212598426,0.7,0.5384615384615384
18512,HyboNet,3,32,0.0002,5,2,0.3937007874015748,0.5333333333333333,0.38461538461538464
18513,HyboNet,3,32,0.0002,5,20,0.48031496062992124,0.7,0.5384615384615384
18514,HyboNet,3,32,0.0002,5,21,0.48031496062992124,0.7,0.5384615384615384
18515,HyboNet,3,32,0.0002,5,22,0.48031496062992124,0.7,0.5384615384615384
18516,HyboNet,3,32,0.0002,5,23,0.48031496062992124,0.7,0.5384615384615384
18517,HyboNet,3,32,0.0002,5,24,0.48031496062992124,0.7,0.5384615384615384
18518,HyboNet,3,32,0.0002,5,25,0.47244094488188976,0.7,0.5384615384615384
18519,HyboNet,3,32,0.0002,5,26,0.47244094488188976,0.7,0.5
18520,HyboNet,3,32,0.0002,5,27,0.47244094488188976,0.7,0.46153846153846156
18521,HyboNet,3,32,0.0002,5,28,0.47244094488188976,0.7333333333333333,0.46153846153846156
18522,HyboNet,3,32,0.0002,5,29,0.4645669291338583,0.7333333333333333,0.46153846153846156
18523,HyboNet,3,32,0.0002,5,3,0.4094488188976378,0.5333333333333333,0.4230769230769231
18524,HyboNet,3,32,0.0002,5,30,0.4645669291338583,0.7333333333333333,0.46153846153846156
18525,HyboNet,3,32,0.0002,5,31,0.4645669291338583,0.7333333333333333,0.46153846153846156
18526,HyboNet,3,32,0.0002,5,32,0.4566929133858268,0.7666666666666667,0.46153846153846156
18527,HyboNet,3,32,0.0002,5,33,0.4566929133858268,0.7666666666666667,0.46153846153846156
18528,HyboNet,3,32,0.0002,5,34,0.44881889763779526,0.7666666666666667,0.46153846153846156
18529,HyboNet,3,32,0.0002,5,35,0.44881889763779526,0.7666666666666667,0.46153846153846156
18530,HyboNet,3,32,0.0002,5,36,0.4566929133858268,0.7666666666666667,0.46153846153846156
18531,HyboNet,3,32,0.0002,5,37,0.44881889763779526,0.7666666666666667,0.46153846153846156
18532,HyboNet,3,32,0.0002,5,38,0.4330708661417323,0.7666666666666667,0.46153846153846156
18533,HyboNet,3,32,0.0002,5,39,0.4094488188976378,0.7666666666666667,0.4230769230769231
18534,HyboNet,3,32,0.0002,5,4,0.4566929133858268,0.5666666666666667,0.5
18535,HyboNet,3,32,0.0002,5,40,0.4015748031496063,0.7666666666666667,0.38461538461538464
18536,HyboNet,3,32,0.0002,5,41,0.3779527559055118,0.8,0.34615384615384615
18537,HyboNet,3,32,0.0002,5,42,0.3779527559055118,0.8,0.34615384615384615
18538,HyboNet,3,32,0.0002,5,43,0.3700787401574803,0.8,0.34615384615384615
18539,HyboNet,3,32,0.0002,5,44,0.3779527559055118,0.8,0.34615384615384615
18540,HyboNet,3,32,0.0002,5,45,0.3700787401574803,0.8,0.34615384615384615
18541,HyboNet,3,32,0.0002,5,46,0.3543307086614173,0.8,0.34615384615384615
18542,HyboNet,3,32,0.0002,5,47,0.3543307086614173,0.8666666666666667,0.34615384615384615
18543,HyboNet,3,32,0.0002,5,48,0.3543307086614173,0.8666666666666667,0.34615384615384615
18544,HyboNet,3,32,0.0002,5,49,0.3543307086614173,0.8666666666666667,0.34615384615384615
18545,HyboNet,3,32,0.0002,5,5,0.49606299212598426,0.6333333333333333,0.5384615384615384
18546,HyboNet,3,32,0.0002,5,50,0.3464566929133858,0.8666666666666667,0.34615384615384615
18547,HyboNet,3,32,0.0002,5,51,0.3543307086614173,0.8666666666666667,0.3076923076923077
18548,HyboNet,3,32,0.0002,5,52,0.3543307086614173,0.8666666666666667,0.3076923076923077
18549,HyboNet,3,32,0.0002,5,53,0.3543307086614173,0.8666666666666667,0.3076923076923077
18550,HyboNet,3,32,0.0002,5,54,0.3543307086614173,0.8666666666666667,0.3076923076923077
18551,HyboNet,3,32,0.0002,5,55,0.3464566929133858,0.8666666666666667,0.3076923076923077
18552,HyboNet,3,32,0.0002,5,56,0.3464566929133858,0.8666666666666667,0.3076923076923077
18553,HyboNet,3,32,0.0002,5,57,0.3464566929133858,0.9,0.3076923076923077
18554,HyboNet,3,32,0.0002,5,58,0.3464566929133858,0.9,0.3076923076923077
18555,HyboNet,3,32,0.0002,5,59,0.3464566929133858,0.9,0.3076923076923077
18556,HyboNet,3,32,0.0002,5,6,0.5039370078740157,0.6333333333333333,0.5384615384615384
18557,HyboNet,3,32,0.0002,5,60,0.3543307086614173,0.9,0.2692307692307692
18558,HyboNet,3,32,0.0002,5,61,0.3464566929133858,0.9,0.2692307692307692
18559,HyboNet,3,32,0.0002,5,62,0.3464566929133858,0.9,0.3076923076923077
18560,HyboNet,3,32,0.0002,5,63,0.3464566929133858,0.9,0.3076923076923077
18561,HyboNet,3,32,0.0002,5,64,0.3464566929133858,0.9,0.3076923076923077
18562,HyboNet,3,32,0.0002,5,65,0.3464566929133858,0.9,0.3076923076923077
18563,HyboNet,3,32,0.0002,5,66,0.3464566929133858,0.9,0.3076923076923077
18564,HyboNet,3,32,0.0002,5,67,0.3464566929133858,0.9,0.3076923076923077
18565,HyboNet,3,32,0.0002,5,68,0.3464566929133858,0.9,0.3076923076923077
18566,HyboNet,3,32,0.0002,5,69,0.3464566929133858,0.9,0.3076923076923077
18567,HyboNet,3,32,0.0002,5,7,0.5039370078740157,0.6333333333333333,0.5384615384615384
18568,HyboNet,3,32,0.0002,5,70,0.3464566929133858,0.9,0.3076923076923077
18569,HyboNet,3,32,0.0002,5,71,0.33858267716535434,0.9,0.3076923076923077
18570,HyboNet,3,32,0.0002,5,72,0.33858267716535434,0.9333333333333333,0.3076923076923077
18571,HyboNet,3,32,0.0002,5,73,0.33858267716535434,0.9333333333333333,0.3076923076923077
18572,HyboNet,3,32,0.0002,5,74,0.33858267716535434,0.9333333333333333,0.3076923076923077
18573,HyboNet,3,32,0.0002,5,75,0.33858267716535434,0.9333333333333333,0.3076923076923077
18574,HyboNet,3,32,0.0002,5,76,0.33858267716535434,0.9333333333333333,0.2692307692307692
18575,HyboNet,3,32,0.0002,5,77,0.33858267716535434,0.9333333333333333,0.2692307692307692
18576,HyboNet,3,32,0.0002,5,78,0.33858267716535434,0.9333333333333333,0.2692307692307692
18577,HyboNet,3,32,0.0002,5,79,0.33858267716535434,0.9333333333333333,0.2692307692307692
18578,HyboNet,3,32,0.0002,5,8,0.5039370078740157,0.6333333333333333,0.5769230769230769
18579,HyboNet,3,32,0.0002,5,80,0.33858267716535434,0.9333333333333333,0.2692307692307692
18580,HyboNet,3,32,0.0002,5,81,0.33858267716535434,0.9333333333333333,0.2692307692307692
18581,HyboNet,3,32,0.0002,5,82,0.33858267716535434,0.9333333333333333,0.2692307692307692
18582,HyboNet,3,32,0.0002,5,83,0.33858267716535434,0.9333333333333333,0.2692307692307692
18583,HyboNet,3,32,0.0002,5,84,0.3464566929133858,0.9333333333333333,0.2692307692307692
18584,HyboNet,3,32,0.0002,5,85,0.3543307086614173,0.9333333333333333,0.3076923076923077
18585,HyboNet,3,32,0.0002,5,86,0.3543307086614173,0.9333333333333333,0.3076923076923077
18586,HyboNet,3,32,0.0002,5,87,0.3543307086614173,0.9333333333333333,0.3076923076923077
18587,HyboNet,3,32,0.0002,5,88,0.3543307086614173,0.9333333333333333,0.2692307692307692
18588,HyboNet,3,32,0.0002,5,89,0.3464566929133858,0.9333333333333333,0.2692307692307692
18589,HyboNet,3,32,0.0002,5,9,0.5118110236220472,0.6333333333333333,0.5769230769230769
18590,HyboNet,3,32,0.0002,5,90,0.33858267716535434,0.9333333333333333,0.2692307692307692
18591,HyboNet,3,32,0.0002,5,91,0.33858267716535434,0.9333333333333333,0.2692307692307692
18592,HyboNet,3,32,0.0002,5,92,0.33070866141732286,0.9333333333333333,0.34615384615384615
18593,HyboNet,3,32,0.0002,5,93,0.33070866141732286,0.9333333333333333,0.2692307692307692
18594,HyboNet,3,32,0.0002,5,94,0.33070866141732286,0.9333333333333333,0.2692307692307692
18595,HyboNet,3,32,0.0002,5,95,0.33070866141732286,0.9333333333333333,0.2692307692307692
18596,HyboNet,3,32,0.0002,5,96,0.33070866141732286,0.9333333333333333,0.3076923076923077
18597,HyboNet,3,32,0.0002,5,97,0.33070866141732286,0.9333333333333333,0.3076923076923077
18598,HyboNet,3,32,0.0002,5,98,0.33070866141732286,0.9333333333333333,0.34615384615384615
18599,HyboNet,3,32,0.0002,5,99,0.33858267716535434,0.9333333333333333,0.34615384615384615
18600,HyboNet,3,32,0.0002,6,1,0.2283464566929134,0.23333333333333334,0.19230769230769232
18601,HyboNet,3,32,0.0002,6,10,0.4566929133858268,0.4666666666666667,0.5769230769230769
18602,HyboNet,3,32,0.0002,6,100,0.47244094488188976,0.7666666666666667,0.4230769230769231
18603,HyboNet,3,32,0.0002,6,11,0.4566929133858268,0.5333333333333333,0.5769230769230769
18604,HyboNet,3,32,0.0002,6,12,0.4881889763779528,0.5666666666666667,0.5769230769230769
18605,HyboNet,3,32,0.0002,6,13,0.5039370078740157,0.6,0.5769230769230769
18606,HyboNet,3,32,0.0002,6,14,0.5196850393700787,0.6,0.5769230769230769
18607,HyboNet,3,32,0.0002,6,15,0.5196850393700787,0.6,0.5769230769230769
18608,HyboNet,3,32,0.0002,6,16,0.5196850393700787,0.6,0.5769230769230769
18609,HyboNet,3,32,0.0002,6,17,0.5196850393700787,0.6,0.5769230769230769
18610,HyboNet,3,32,0.0002,6,18,0.5275590551181102,0.6,0.5769230769230769
18611,HyboNet,3,32,0.0002,6,19,0.5275590551181102,0.6,0.5769230769230769
18612,HyboNet,3,32,0.0002,6,2,0.2440944881889764,0.23333333333333334,0.23076923076923078
18613,HyboNet,3,32,0.0002,6,20,0.5196850393700787,0.6,0.5769230769230769
18614,HyboNet,3,32,0.0002,6,21,0.5196850393700787,0.6,0.5769230769230769
18615,HyboNet,3,32,0.0002,6,22,0.5196850393700787,0.6,0.5769230769230769
18616,HyboNet,3,32,0.0002,6,23,0.5196850393700787,0.6,0.5769230769230769
18617,HyboNet,3,32,0.0002,6,24,0.5196850393700787,0.6,0.5769230769230769
18618,HyboNet,3,32,0.0002,6,25,0.5196850393700787,0.6,0.5769230769230769
18619,HyboNet,3,32,0.0002,6,26,0.5196850393700787,0.6,0.5769230769230769
18620,HyboNet,3,32,0.0002,6,27,0.5196850393700787,0.6,0.5769230769230769
18621,HyboNet,3,32,0.0002,6,28,0.5196850393700787,0.6,0.5769230769230769
18622,HyboNet,3,32,0.0002,6,29,0.5196850393700787,0.6,0.5769230769230769
18623,HyboNet,3,32,0.0002,6,3,0.25196850393700787,0.26666666666666666,0.3076923076923077
18624,HyboNet,3,32,0.0002,6,30,0.5196850393700787,0.6,0.5769230769230769
18625,HyboNet,3,32,0.0002,6,31,0.5196850393700787,0.6,0.5769230769230769
18626,HyboNet,3,32,0.0002,6,32,0.5196850393700787,0.6,0.5769230769230769
18627,HyboNet,3,32,0.0002,6,33,0.5196850393700787,0.6,0.5769230769230769
18628,HyboNet,3,32,0.0002,6,34,0.5275590551181102,0.6,0.5769230769230769
18629,HyboNet,3,32,0.0002,6,35,0.5275590551181102,0.6333333333333333,0.5769230769230769
18630,HyboNet,3,32,0.0002,6,36,0.5275590551181102,0.6333333333333333,0.5769230769230769
18631,HyboNet,3,32,0.0002,6,37,0.5275590551181102,0.6333333333333333,0.5769230769230769
18632,HyboNet,3,32,0.0002,6,38,0.5196850393700787,0.6333333333333333,0.5769230769230769
18633,HyboNet,3,32,0.0002,6,39,0.5196850393700787,0.6333333333333333,0.5769230769230769
18634,HyboNet,3,32,0.0002,6,4,0.3228346456692913,0.43333333333333335,0.38461538461538464
18635,HyboNet,3,32,0.0002,6,40,0.5196850393700787,0.6333333333333333,0.5769230769230769
18636,HyboNet,3,32,0.0002,6,41,0.5196850393700787,0.6333333333333333,0.5769230769230769
18637,HyboNet,3,32,0.0002,6,42,0.5196850393700787,0.6333333333333333,0.5769230769230769
18638,HyboNet,3,32,0.0002,6,43,0.5196850393700787,0.6333333333333333,0.5769230769230769
18639,HyboNet,3,32,0.0002,6,44,0.5196850393700787,0.6333333333333333,0.5769230769230769
18640,HyboNet,3,32,0.0002,6,45,0.5196850393700787,0.6333333333333333,0.5769230769230769
18641,HyboNet,3,32,0.0002,6,46,0.5196850393700787,0.6333333333333333,0.5769230769230769
18642,HyboNet,3,32,0.0002,6,47,0.5196850393700787,0.6333333333333333,0.5769230769230769
18643,HyboNet,3,32,0.0002,6,48,0.5196850393700787,0.6333333333333333,0.5769230769230769
18644,HyboNet,3,32,0.0002,6,49,0.5118110236220472,0.6333333333333333,0.5769230769230769
18645,HyboNet,3,32,0.0002,6,5,0.31496062992125984,0.4666666666666667,0.38461538461538464
18646,HyboNet,3,32,0.0002,6,50,0.5039370078740157,0.6333333333333333,0.5769230769230769
18647,HyboNet,3,32,0.0002,6,51,0.5039370078740157,0.6333333333333333,0.5769230769230769
18648,HyboNet,3,32,0.0002,6,52,0.49606299212598426,0.6333333333333333,0.5769230769230769
18649,HyboNet,3,32,0.0002,6,53,0.4881889763779528,0.6333333333333333,0.5769230769230769
18650,HyboNet,3,32,0.0002,6,54,0.4881889763779528,0.6333333333333333,0.5769230769230769
18651,HyboNet,3,32,0.0002,6,55,0.47244094488188976,0.6333333333333333,0.5769230769230769
18652,HyboNet,3,32,0.0002,6,56,0.47244094488188976,0.6666666666666666,0.5769230769230769
18653,HyboNet,3,32,0.0002,6,57,0.47244094488188976,0.6666666666666666,0.5769230769230769
18654,HyboNet,3,32,0.0002,6,58,0.47244094488188976,0.6666666666666666,0.5769230769230769
18655,HyboNet,3,32,0.0002,6,59,0.47244094488188976,0.6666666666666666,0.5769230769230769
18656,HyboNet,3,32,0.0002,6,6,0.3543307086614173,0.4,0.4230769230769231
18657,HyboNet,3,32,0.0002,6,60,0.48031496062992124,0.6666666666666666,0.5769230769230769
18658,HyboNet,3,32,0.0002,6,61,0.48031496062992124,0.6666666666666666,0.5769230769230769
18659,HyboNet,3,32,0.0002,6,62,0.48031496062992124,0.6666666666666666,0.5769230769230769
18660,HyboNet,3,32,0.0002,6,63,0.48031496062992124,0.6666666666666666,0.5769230769230769
18661,HyboNet,3,32,0.0002,6,64,0.48031496062992124,0.6666666666666666,0.5769230769230769
18662,HyboNet,3,32,0.0002,6,65,0.48031496062992124,0.6666666666666666,0.5769230769230769
18663,HyboNet,3,32,0.0002,6,66,0.48031496062992124,0.7,0.5769230769230769
18664,HyboNet,3,32,0.0002,6,67,0.48031496062992124,0.7,0.5769230769230769
18665,HyboNet,3,32,0.0002,6,68,0.47244094488188976,0.7,0.5769230769230769
18666,HyboNet,3,32,0.0002,6,69,0.48031496062992124,0.7,0.5769230769230769
18667,HyboNet,3,32,0.0002,6,7,0.41732283464566927,0.5,0.46153846153846156
18668,HyboNet,3,32,0.0002,6,70,0.48031496062992124,0.7333333333333333,0.5769230769230769
18669,HyboNet,3,32,0.0002,6,71,0.48031496062992124,0.7333333333333333,0.5769230769230769
18670,HyboNet,3,32,0.0002,6,72,0.48031496062992124,0.7333333333333333,0.5769230769230769
18671,HyboNet,3,32,0.0002,6,73,0.48031496062992124,0.7333333333333333,0.5769230769230769
18672,HyboNet,3,32,0.0002,6,74,0.48031496062992124,0.7333333333333333,0.5769230769230769
18673,HyboNet,3,32,0.0002,6,75,0.48031496062992124,0.7333333333333333,0.5769230769230769
18674,HyboNet,3,32,0.0002,6,76,0.48031496062992124,0.7333333333333333,0.5769230769230769
18675,HyboNet,3,32,0.0002,6,77,0.48031496062992124,0.7333333333333333,0.5769230769230769
18676,HyboNet,3,32,0.0002,6,78,0.48031496062992124,0.7333333333333333,0.5769230769230769
18677,HyboNet,3,32,0.0002,6,79,0.48031496062992124,0.7333333333333333,0.5769230769230769
18678,HyboNet,3,32,0.0002,6,8,0.4409448818897638,0.4666666666666667,0.5384615384615384
18679,HyboNet,3,32,0.0002,6,80,0.4881889763779528,0.7333333333333333,0.5769230769230769
18680,HyboNet,3,32,0.0002,6,81,0.4881889763779528,0.7333333333333333,0.5769230769230769
18681,HyboNet,3,32,0.0002,6,82,0.4881889763779528,0.7333333333333333,0.5769230769230769
18682,HyboNet,3,32,0.0002,6,83,0.4881889763779528,0.7333333333333333,0.5769230769230769
18683,HyboNet,3,32,0.0002,6,84,0.4881889763779528,0.7333333333333333,0.5769230769230769
18684,HyboNet,3,32,0.0002,6,85,0.4881889763779528,0.7333333333333333,0.5769230769230769
18685,HyboNet,3,32,0.0002,6,86,0.48031496062992124,0.7333333333333333,0.5769230769230769
18686,HyboNet,3,32,0.0002,6,87,0.48031496062992124,0.7333333333333333,0.5769230769230769
18687,HyboNet,3,32,0.0002,6,88,0.48031496062992124,0.7333333333333333,0.5769230769230769
18688,HyboNet,3,32,0.0002,6,89,0.48031496062992124,0.7333333333333333,0.5769230769230769
18689,HyboNet,3,32,0.0002,6,9,0.4645669291338583,0.5,0.5384615384615384
18690,HyboNet,3,32,0.0002,6,90,0.48031496062992124,0.7333333333333333,0.5384615384615384
18691,HyboNet,3,32,0.0002,6,91,0.48031496062992124,0.7333333333333333,0.5384615384615384
18692,HyboNet,3,32,0.0002,6,92,0.47244094488188976,0.7333333333333333,0.5
18693,HyboNet,3,32,0.0002,6,93,0.47244094488188976,0.7333333333333333,0.46153846153846156
18694,HyboNet,3,32,0.0002,6,94,0.47244094488188976,0.7333333333333333,0.46153846153846156
18695,HyboNet,3,32,0.0002,6,95,0.47244094488188976,0.7333333333333333,0.46153846153846156
18696,HyboNet,3,32,0.0002,6,96,0.47244094488188976,0.7333333333333333,0.46153846153846156
18697,HyboNet,3,32,0.0002,6,97,0.47244094488188976,0.7666666666666667,0.46153846153846156
18698,HyboNet,3,32,0.0002,6,98,0.48031496062992124,0.7666666666666667,0.4230769230769231
18699,HyboNet,3,32,0.0002,6,99,0.48031496062992124,0.7666666666666667,0.4230769230769231
18700,HyboNet,3,32,0.0002,7,1,0.10236220472440945,0.1,0.15384615384615385
18701,HyboNet,3,32,0.0002,7,10,0.2755905511811024,0.43333333333333335,0.07692307692307693
18702,HyboNet,3,32,0.0002,7,100,0.4094488188976378,0.7666666666666667,0.4230769230769231
18703,HyboNet,3,32,0.0002,7,11,0.33858267716535434,0.5,0.19230769230769232
18704,HyboNet,3,32,0.0002,7,12,0.3464566929133858,0.5333333333333333,0.23076923076923078
18705,HyboNet,3,32,0.0002,7,13,0.36220472440944884,0.5333333333333333,0.38461538461538464
18706,HyboNet,3,32,0.0002,7,14,0.36220472440944884,0.5333333333333333,0.38461538461538464
18707,HyboNet,3,32,0.0002,7,15,0.3779527559055118,0.5666666666666667,0.46153846153846156
18708,HyboNet,3,32,0.0002,7,16,0.3937007874015748,0.5666666666666667,0.46153846153846156
18709,HyboNet,3,32,0.0002,7,17,0.41732283464566927,0.6,0.46153846153846156
18710,HyboNet,3,32,0.0002,7,18,0.41732283464566927,0.6333333333333333,0.46153846153846156
18711,HyboNet,3,32,0.0002,7,19,0.41732283464566927,0.6333333333333333,0.46153846153846156
18712,HyboNet,3,32,0.0002,7,2,0.11811023622047244,0.1,0.15384615384615385
18713,HyboNet,3,32,0.0002,7,20,0.44881889763779526,0.6333333333333333,0.46153846153846156
18714,HyboNet,3,32,0.0002,7,21,0.44881889763779526,0.6333333333333333,0.46153846153846156
18715,HyboNet,3,32,0.0002,7,22,0.4566929133858268,0.6333333333333333,0.46153846153846156
18716,HyboNet,3,32,0.0002,7,23,0.4566929133858268,0.6333333333333333,0.5
18717,HyboNet,3,32,0.0002,7,24,0.4566929133858268,0.6333333333333333,0.5
18718,HyboNet,3,32,0.0002,7,25,0.4645669291338583,0.6333333333333333,0.5
18719,HyboNet,3,32,0.0002,7,26,0.4645669291338583,0.6333333333333333,0.5
18720,HyboNet,3,32,0.0002,7,27,0.47244094488188976,0.6333333333333333,0.5
18721,HyboNet,3,32,0.0002,7,28,0.48031496062992124,0.6333333333333333,0.5
18722,HyboNet,3,32,0.0002,7,29,0.47244094488188976,0.6333333333333333,0.5
18723,HyboNet,3,32,0.0002,7,3,0.11811023622047244,0.1,0.11538461538461539
18724,HyboNet,3,32,0.0002,7,30,0.48031496062992124,0.6333333333333333,0.5
18725,HyboNet,3,32,0.0002,7,31,0.48031496062992124,0.6333333333333333,0.5
18726,HyboNet,3,32,0.0002,7,32,0.48031496062992124,0.6333333333333333,0.5
18727,HyboNet,3,32,0.0002,7,33,0.48031496062992124,0.6333333333333333,0.5
18728,HyboNet,3,32,0.0002,7,34,0.4881889763779528,0.6333333333333333,0.5
18729,HyboNet,3,32,0.0002,7,35,0.4881889763779528,0.6333333333333333,0.5
18730,HyboNet,3,32,0.0002,7,36,0.4881889763779528,0.6333333333333333,0.5
18731,HyboNet,3,32,0.0002,7,37,0.4881889763779528,0.6333333333333333,0.5
18732,HyboNet,3,32,0.0002,7,38,0.4881889763779528,0.6333333333333333,0.5
18733,HyboNet,3,32,0.0002,7,39,0.49606299212598426,0.6333333333333333,0.5
18734,HyboNet,3,32,0.0002,7,4,0.12598425196850394,0.06666666666666667,0.11538461538461539
18735,HyboNet,3,32,0.0002,7,40,0.49606299212598426,0.6333333333333333,0.5
18736,HyboNet,3,32,0.0002,7,41,0.49606299212598426,0.6333333333333333,0.5
18737,HyboNet,3,32,0.0002,7,42,0.49606299212598426,0.6333333333333333,0.5
18738,HyboNet,3,32,0.0002,7,43,0.49606299212598426,0.6333333333333333,0.5
18739,HyboNet,3,32,0.0002,7,44,0.49606299212598426,0.6333333333333333,0.5
18740,HyboNet,3,32,0.0002,7,45,0.49606299212598426,0.6333333333333333,0.5
18741,HyboNet,3,32,0.0002,7,46,0.49606299212598426,0.6333333333333333,0.5
18742,HyboNet,3,32,0.0002,7,47,0.49606299212598426,0.6333333333333333,0.5
18743,HyboNet,3,32,0.0002,7,48,0.49606299212598426,0.6333333333333333,0.5
18744,HyboNet,3,32,0.0002,7,49,0.49606299212598426,0.6333333333333333,0.5
18745,HyboNet,3,32,0.0002,7,5,0.11811023622047244,0.03333333333333333,0.11538461538461539
18746,HyboNet,3,32,0.0002,7,50,0.49606299212598426,0.6333333333333333,0.5
18747,HyboNet,3,32,0.0002,7,51,0.4881889763779528,0.6333333333333333,0.5
18748,HyboNet,3,32,0.0002,7,52,0.4881889763779528,0.6333333333333333,0.5
18749,HyboNet,3,32,0.0002,7,53,0.4881889763779528,0.6333333333333333,0.5
18750,HyboNet,3,32,0.0002,7,54,0.4881889763779528,0.6333333333333333,0.5
18751,HyboNet,3,32,0.0002,7,55,0.4881889763779528,0.6666666666666666,0.5
18752,HyboNet,3,32,0.0002,7,56,0.4881889763779528,0.6666666666666666,0.5
18753,HyboNet,3,32,0.0002,7,57,0.4881889763779528,0.6666666666666666,0.5
18754,HyboNet,3,32,0.0002,7,58,0.4881889763779528,0.6666666666666666,0.5
18755,HyboNet,3,32,0.0002,7,59,0.4881889763779528,0.6666666666666666,0.5
18756,HyboNet,3,32,0.0002,7,6,0.11811023622047244,0.06666666666666667,0.15384615384615385
18757,HyboNet,3,32,0.0002,7,60,0.48031496062992124,0.6666666666666666,0.5
18758,HyboNet,3,32,0.0002,7,61,0.47244094488188976,0.6666666666666666,0.46153846153846156
18759,HyboNet,3,32,0.0002,7,62,0.4645669291338583,0.6666666666666666,0.46153846153846156
18760,HyboNet,3,32,0.0002,7,63,0.4645669291338583,0.6666666666666666,0.46153846153846156
18761,HyboNet,3,32,0.0002,7,64,0.4645669291338583,0.6666666666666666,0.46153846153846156
18762,HyboNet,3,32,0.0002,7,65,0.4566929133858268,0.6666666666666666,0.46153846153846156
18763,HyboNet,3,32,0.0002,7,66,0.4566929133858268,0.6666666666666666,0.46153846153846156
18764,HyboNet,3,32,0.0002,7,67,0.4566929133858268,0.6666666666666666,0.46153846153846156
18765,HyboNet,3,32,0.0002,7,68,0.4566929133858268,0.7,0.46153846153846156
18766,HyboNet,3,32,0.0002,7,69,0.4566929133858268,0.7,0.46153846153846156
18767,HyboNet,3,32,0.0002,7,7,0.15748031496062992,0.23333333333333334,0.11538461538461539
18768,HyboNet,3,32,0.0002,7,70,0.4566929133858268,0.7,0.4230769230769231
18769,HyboNet,3,32,0.0002,7,71,0.4566929133858268,0.7,0.4230769230769231
18770,HyboNet,3,32,0.0002,7,72,0.4566929133858268,0.7,0.4230769230769231
18771,HyboNet,3,32,0.0002,7,73,0.4409448818897638,0.7,0.4230769230769231
18772,HyboNet,3,32,0.0002,7,74,0.4409448818897638,0.7,0.4230769230769231
18773,HyboNet,3,32,0.0002,7,75,0.4330708661417323,0.7,0.4230769230769231
18774,HyboNet,3,32,0.0002,7,76,0.4330708661417323,0.7,0.4230769230769231
18775,HyboNet,3,32,0.0002,7,77,0.4330708661417323,0.7,0.4230769230769231
18776,HyboNet,3,32,0.0002,7,78,0.4330708661417323,0.7,0.4230769230769231
18777,HyboNet,3,32,0.0002,7,79,0.4330708661417323,0.7,0.4230769230769231
18778,HyboNet,3,32,0.0002,7,8,0.1889763779527559,0.3,0.038461538461538464
18779,HyboNet,3,32,0.0002,7,80,0.4251968503937008,0.7,0.4230769230769231
18780,HyboNet,3,32,0.0002,7,81,0.4251968503937008,0.7,0.4230769230769231
18781,HyboNet,3,32,0.0002,7,82,0.4251968503937008,0.7,0.4230769230769231
18782,HyboNet,3,32,0.0002,7,83,0.4251968503937008,0.7,0.4230769230769231
18783,HyboNet,3,32,0.0002,7,84,0.4251968503937008,0.7,0.4230769230769231
18784,HyboNet,3,32,0.0002,7,85,0.4251968503937008,0.7333333333333333,0.4230769230769231
18785,HyboNet,3,32,0.0002,7,86,0.4251968503937008,0.7333333333333333,0.4230769230769231
18786,HyboNet,3,32,0.0002,7,87,0.4251968503937008,0.7333333333333333,0.4230769230769231
18787,HyboNet,3,32,0.0002,7,88,0.41732283464566927,0.7333333333333333,0.38461538461538464
18788,HyboNet,3,32,0.0002,7,89,0.41732283464566927,0.7333333333333333,0.38461538461538464
18789,HyboNet,3,32,0.0002,7,9,0.1968503937007874,0.4,0.038461538461538464
18790,HyboNet,3,32,0.0002,7,90,0.41732283464566927,0.7333333333333333,0.38461538461538464
18791,HyboNet,3,32,0.0002,7,91,0.4251968503937008,0.7666666666666667,0.38461538461538464
18792,HyboNet,3,32,0.0002,7,92,0.4251968503937008,0.7666666666666667,0.4230769230769231
18793,HyboNet,3,32,0.0002,7,93,0.4251968503937008,0.7666666666666667,0.4230769230769231
18794,HyboNet,3,32,0.0002,7,94,0.4251968503937008,0.7666666666666667,0.4230769230769231
18795,HyboNet,3,32,0.0002,7,95,0.4251968503937008,0.7666666666666667,0.4230769230769231
18796,HyboNet,3,32,0.0002,7,96,0.4251968503937008,0.7666666666666667,0.4230769230769231
18797,HyboNet,3,32,0.0002,7,97,0.41732283464566927,0.7666666666666667,0.38461538461538464
18798,HyboNet,3,32,0.0002,7,98,0.41732283464566927,0.7666666666666667,0.38461538461538464
18799,HyboNet,3,32,0.0002,7,99,0.41732283464566927,0.7666666666666667,0.4230769230769231
18800,HyboNet,3,32,0.0002,8,1,0.3464566929133858,0.3333333333333333,0.23076923076923078
18801,HyboNet,3,32,0.0002,8,10,0.5354330708661418,0.6666666666666666,0.5769230769230769
18802,HyboNet,3,32,0.0002,8,100,0.47244094488188976,0.9333333333333333,0.38461538461538464
18803,HyboNet,3,32,0.0002,8,11,0.5354330708661418,0.6333333333333333,0.5769230769230769
18804,HyboNet,3,32,0.0002,8,12,0.5354330708661418,0.6333333333333333,0.5769230769230769
18805,HyboNet,3,32,0.0002,8,13,0.5433070866141733,0.6333333333333333,0.5769230769230769
18806,HyboNet,3,32,0.0002,8,14,0.5433070866141733,0.6333333333333333,0.5769230769230769
18807,HyboNet,3,32,0.0002,8,15,0.5433070866141733,0.6333333333333333,0.5769230769230769
18808,HyboNet,3,32,0.0002,8,16,0.5511811023622047,0.6666666666666666,0.5769230769230769
18809,HyboNet,3,32,0.0002,8,17,0.5511811023622047,0.6666666666666666,0.5769230769230769
18810,HyboNet,3,32,0.0002,8,18,0.5511811023622047,0.6666666666666666,0.5769230769230769
18811,HyboNet,3,32,0.0002,8,19,0.5433070866141733,0.6666666666666666,0.5769230769230769
18812,HyboNet,3,32,0.0002,8,2,0.3464566929133858,0.43333333333333335,0.23076923076923078
18813,HyboNet,3,32,0.0002,8,20,0.5354330708661418,0.6666666666666666,0.5769230769230769
18814,HyboNet,3,32,0.0002,8,21,0.5354330708661418,0.6666666666666666,0.5769230769230769
18815,HyboNet,3,32,0.0002,8,22,0.5275590551181102,0.6666666666666666,0.5769230769230769
18816,HyboNet,3,32,0.0002,8,23,0.5275590551181102,0.7,0.5769230769230769
18817,HyboNet,3,32,0.0002,8,24,0.5196850393700787,0.7,0.5769230769230769
18818,HyboNet,3,32,0.0002,8,25,0.5196850393700787,0.7,0.5769230769230769
18819,HyboNet,3,32,0.0002,8,26,0.5196850393700787,0.7,0.5769230769230769
18820,HyboNet,3,32,0.0002,8,27,0.5118110236220472,0.7,0.5769230769230769
18821,HyboNet,3,32,0.0002,8,28,0.5118110236220472,0.7,0.5769230769230769
18822,HyboNet,3,32,0.0002,8,29,0.5196850393700787,0.7333333333333333,0.5769230769230769
18823,HyboNet,3,32,0.0002,8,3,0.4015748031496063,0.5333333333333333,0.3076923076923077
18824,HyboNet,3,32,0.0002,8,30,0.5196850393700787,0.7333333333333333,0.5769230769230769
18825,HyboNet,3,32,0.0002,8,31,0.5196850393700787,0.7333333333333333,0.5769230769230769
18826,HyboNet,3,32,0.0002,8,32,0.5196850393700787,0.7333333333333333,0.5769230769230769
18827,HyboNet,3,32,0.0002,8,33,0.5196850393700787,0.7333333333333333,0.5769230769230769
18828,HyboNet,3,32,0.0002,8,34,0.5196850393700787,0.7333333333333333,0.5769230769230769
18829,HyboNet,3,32,0.0002,8,35,0.5275590551181102,0.7333333333333333,0.5769230769230769
18830,HyboNet,3,32,0.0002,8,36,0.5354330708661418,0.7333333333333333,0.5769230769230769
18831,HyboNet,3,32,0.0002,8,37,0.5039370078740157,0.7333333333333333,0.5384615384615384
18832,HyboNet,3,32,0.0002,8,38,0.5039370078740157,0.7333333333333333,0.5384615384615384
18833,HyboNet,3,32,0.0002,8,39,0.5196850393700787,0.7333333333333333,0.5384615384615384
18834,HyboNet,3,32,0.0002,8,4,0.4330708661417323,0.6,0.3076923076923077
18835,HyboNet,3,32,0.0002,8,40,0.5196850393700787,0.7333333333333333,0.5384615384615384
18836,HyboNet,3,32,0.0002,8,41,0.5196850393700787,0.7333333333333333,0.5384615384615384
18837,HyboNet,3,32,0.0002,8,42,0.5196850393700787,0.7333333333333333,0.5384615384615384
18838,HyboNet,3,32,0.0002,8,43,0.5196850393700787,0.7333333333333333,0.5384615384615384
18839,HyboNet,3,32,0.0002,8,44,0.5196850393700787,0.7333333333333333,0.5384615384615384
18840,HyboNet,3,32,0.0002,8,45,0.5196850393700787,0.7333333333333333,0.5
18841,HyboNet,3,32,0.0002,8,46,0.49606299212598426,0.7333333333333333,0.5
18842,HyboNet,3,32,0.0002,8,47,0.4881889763779528,0.7666666666666667,0.46153846153846156
18843,HyboNet,3,32,0.0002,8,48,0.48031496062992124,0.7666666666666667,0.5
18844,HyboNet,3,32,0.0002,8,49,0.48031496062992124,0.8,0.5
18845,HyboNet,3,32,0.0002,8,5,0.4409448818897638,0.6,0.4230769230769231
18846,HyboNet,3,32,0.0002,8,50,0.48031496062992124,0.8,0.5
18847,HyboNet,3,32,0.0002,8,51,0.48031496062992124,0.8,0.5
18848,HyboNet,3,32,0.0002,8,52,0.48031496062992124,0.8,0.5
18849,HyboNet,3,32,0.0002,8,53,0.47244094488188976,0.8,0.5
18850,HyboNet,3,32,0.0002,8,54,0.48031496062992124,0.8,0.5
18851,HyboNet,3,32,0.0002,8,55,0.47244094488188976,0.8,0.5
18852,HyboNet,3,32,0.0002,8,56,0.4645669291338583,0.8,0.5
18853,HyboNet,3,32,0.0002,8,57,0.4645669291338583,0.8,0.5
18854,HyboNet,3,32,0.0002,8,58,0.4645669291338583,0.8,0.5
18855,HyboNet,3,32,0.0002,8,59,0.4645669291338583,0.8,0.5
18856,HyboNet,3,32,0.0002,8,6,0.47244094488188976,0.6,0.5
18857,HyboNet,3,32,0.0002,8,60,0.4645669291338583,0.8,0.46153846153846156
18858,HyboNet,3,32,0.0002,8,61,0.4566929133858268,0.8333333333333334,0.4230769230769231
18859,HyboNet,3,32,0.0002,8,62,0.44881889763779526,0.8333333333333334,0.4230769230769231
18860,HyboNet,3,32,0.0002,8,63,0.4566929133858268,0.8333333333333334,0.4230769230769231
18861,HyboNet,3,32,0.0002,8,64,0.4566929133858268,0.8333333333333334,0.4230769230769231
18862,HyboNet,3,32,0.0002,8,65,0.4566929133858268,0.8333333333333334,0.4230769230769231
18863,HyboNet,3,32,0.0002,8,66,0.4566929133858268,0.8666666666666667,0.46153846153846156
18864,HyboNet,3,32,0.0002,8,67,0.44881889763779526,0.8666666666666667,0.46153846153846156
18865,HyboNet,3,32,0.0002,8,68,0.44881889763779526,0.8666666666666667,0.46153846153846156
18866,HyboNet,3,32,0.0002,8,69,0.44881889763779526,0.8666666666666667,0.46153846153846156
18867,HyboNet,3,32,0.0002,8,7,0.49606299212598426,0.6333333333333333,0.5
18868,HyboNet,3,32,0.0002,8,70,0.44881889763779526,0.8666666666666667,0.46153846153846156
18869,HyboNet,3,32,0.0002,8,71,0.44881889763779526,0.8666666666666667,0.46153846153846156
18870,HyboNet,3,32,0.0002,8,72,0.44881889763779526,0.9,0.46153846153846156
18871,HyboNet,3,32,0.0002,8,73,0.44881889763779526,0.9,0.46153846153846156
18872,HyboNet,3,32,0.0002,8,74,0.4566929133858268,0.9,0.46153846153846156
18873,HyboNet,3,32,0.0002,8,75,0.4566929133858268,0.9,0.46153846153846156
18874,HyboNet,3,32,0.0002,8,76,0.44881889763779526,0.9,0.46153846153846156
18875,HyboNet,3,32,0.0002,8,77,0.44881889763779526,0.9,0.46153846153846156
18876,HyboNet,3,32,0.0002,8,78,0.44881889763779526,0.9,0.46153846153846156
18877,HyboNet,3,32,0.0002,8,79,0.44881889763779526,0.9333333333333333,0.46153846153846156
18878,HyboNet,3,32,0.0002,8,8,0.49606299212598426,0.6666666666666666,0.5384615384615384
18879,HyboNet,3,32,0.0002,8,80,0.4566929133858268,0.9333333333333333,0.46153846153846156
18880,HyboNet,3,32,0.0002,8,81,0.4566929133858268,0.9333333333333333,0.46153846153846156
18881,HyboNet,3,32,0.0002,8,82,0.4566929133858268,0.9333333333333333,0.46153846153846156
18882,HyboNet,3,32,0.0002,8,83,0.47244094488188976,0.9333333333333333,0.46153846153846156
18883,HyboNet,3,32,0.0002,8,84,0.47244094488188976,0.9333333333333333,0.46153846153846156
18884,HyboNet,3,32,0.0002,8,85,0.47244094488188976,0.9333333333333333,0.46153846153846156
18885,HyboNet,3,32,0.0002,8,86,0.48031496062992124,0.9333333333333333,0.46153846153846156
18886,HyboNet,3,32,0.0002,8,87,0.47244094488188976,0.9333333333333333,0.46153846153846156
18887,HyboNet,3,32,0.0002,8,88,0.4645669291338583,0.9333333333333333,0.46153846153846156
18888,HyboNet,3,32,0.0002,8,89,0.4645669291338583,0.9333333333333333,0.4230769230769231
18889,HyboNet,3,32,0.0002,8,9,0.5118110236220472,0.6666666666666666,0.5769230769230769
18890,HyboNet,3,32,0.0002,8,90,0.4645669291338583,0.9333333333333333,0.4230769230769231
18891,HyboNet,3,32,0.0002,8,91,0.4645669291338583,0.9333333333333333,0.46153846153846156
18892,HyboNet,3,32,0.0002,8,92,0.47244094488188976,0.9333333333333333,0.46153846153846156
18893,HyboNet,3,32,0.0002,8,93,0.48031496062992124,0.9333333333333333,0.38461538461538464
18894,HyboNet,3,32,0.0002,8,94,0.47244094488188976,0.9333333333333333,0.38461538461538464
18895,HyboNet,3,32,0.0002,8,95,0.47244094488188976,0.9333333333333333,0.38461538461538464
18896,HyboNet,3,32,0.0002,8,96,0.48031496062992124,0.9333333333333333,0.34615384615384615
18897,HyboNet,3,32,0.0002,8,97,0.48031496062992124,0.9333333333333333,0.34615384615384615
18898,HyboNet,3,32,0.0002,8,98,0.48031496062992124,0.9333333333333333,0.34615384615384615
18899,HyboNet,3,32,0.0002,8,99,0.48031496062992124,0.9333333333333333,0.34615384615384615
18900,HyboNet,3,32,0.0002,9,1,0.16535433070866143,0.16666666666666666,0.19230769230769232
18901,HyboNet,3,32,0.0002,9,10,0.3700787401574803,0.5333333333333333,0.38461538461538464
18902,HyboNet,3,32,0.0002,9,100,0.3779527559055118,0.9,0.46153846153846156
18903,HyboNet,3,32,0.0002,9,11,0.41732283464566927,0.4666666666666667,0.38461538461538464
18904,HyboNet,3,32,0.0002,9,12,0.4094488188976378,0.4666666666666667,0.38461538461538464
18905,HyboNet,3,32,0.0002,9,13,0.41732283464566927,0.5,0.4230769230769231
18906,HyboNet,3,32,0.0002,9,14,0.4015748031496063,0.5666666666666667,0.4230769230769231
18907,HyboNet,3,32,0.0002,9,15,0.3937007874015748,0.6,0.4230769230769231
18908,HyboNet,3,32,0.0002,9,16,0.4015748031496063,0.5666666666666667,0.5
18909,HyboNet,3,32,0.0002,9,17,0.44881889763779526,0.5666666666666667,0.5
18910,HyboNet,3,32,0.0002,9,18,0.44881889763779526,0.6,0.5
18911,HyboNet,3,32,0.0002,9,19,0.4645669291338583,0.6333333333333333,0.5
18912,HyboNet,3,32,0.0002,9,2,0.1732283464566929,0.23333333333333334,0.23076923076923078
18913,HyboNet,3,32,0.0002,9,20,0.4566929133858268,0.6333333333333333,0.5384615384615384
18914,HyboNet,3,32,0.0002,9,21,0.4645669291338583,0.6333333333333333,0.5384615384615384
18915,HyboNet,3,32,0.0002,9,22,0.4645669291338583,0.6333333333333333,0.5384615384615384
18916,HyboNet,3,32,0.0002,9,23,0.4645669291338583,0.6333333333333333,0.5384615384615384
18917,HyboNet,3,32,0.0002,9,24,0.47244094488188976,0.6333333333333333,0.5384615384615384
18918,HyboNet,3,32,0.0002,9,25,0.47244094488188976,0.6333333333333333,0.5384615384615384
18919,HyboNet,3,32,0.0002,9,26,0.48031496062992124,0.6333333333333333,0.5384615384615384
18920,HyboNet,3,32,0.0002,9,27,0.48031496062992124,0.6333333333333333,0.5384615384615384
18921,HyboNet,3,32,0.0002,9,28,0.48031496062992124,0.6333333333333333,0.5384615384615384
18922,HyboNet,3,32,0.0002,9,29,0.48031496062992124,0.6333333333333333,0.5384615384615384
18923,HyboNet,3,32,0.0002,9,3,0.1889763779527559,0.3333333333333333,0.23076923076923078
18924,HyboNet,3,32,0.0002,9,30,0.48031496062992124,0.6333333333333333,0.5384615384615384
18925,HyboNet,3,32,0.0002,9,31,0.48031496062992124,0.6333333333333333,0.5384615384615384
18926,HyboNet,3,32,0.0002,9,32,0.48031496062992124,0.6333333333333333,0.5384615384615384
18927,HyboNet,3,32,0.0002,9,33,0.48031496062992124,0.6333333333333333,0.5384615384615384
18928,HyboNet,3,32,0.0002,9,34,0.48031496062992124,0.6333333333333333,0.5384615384615384
18929,HyboNet,3,32,0.0002,9,35,0.48031496062992124,0.6333333333333333,0.5384615384615384
18930,HyboNet,3,32,0.0002,9,36,0.48031496062992124,0.6333333333333333,0.5384615384615384
18931,HyboNet,3,32,0.0002,9,37,0.48031496062992124,0.6333333333333333,0.5384615384615384
18932,HyboNet,3,32,0.0002,9,38,0.48031496062992124,0.6666666666666666,0.5384615384615384
18933,HyboNet,3,32,0.0002,9,39,0.48031496062992124,0.7,0.5384615384615384
18934,HyboNet,3,32,0.0002,9,4,0.23622047244094488,0.3333333333333333,0.34615384615384615
18935,HyboNet,3,32,0.0002,9,40,0.48031496062992124,0.7,0.5384615384615384
18936,HyboNet,3,32,0.0002,9,41,0.48031496062992124,0.7,0.5384615384615384
18937,HyboNet,3,32,0.0002,9,42,0.48031496062992124,0.7,0.5384615384615384
18938,HyboNet,3,32,0.0002,9,43,0.47244094488188976,0.7,0.5384615384615384
18939,HyboNet,3,32,0.0002,9,44,0.4645669291338583,0.7333333333333333,0.5384615384615384
18940,HyboNet,3,32,0.0002,9,45,0.4645669291338583,0.7333333333333333,0.5384615384615384
18941,HyboNet,3,32,0.0002,9,46,0.4645669291338583,0.7333333333333333,0.5384615384615384
18942,HyboNet,3,32,0.0002,9,47,0.4645669291338583,0.7333333333333333,0.5384615384615384
18943,HyboNet,3,32,0.0002,9,48,0.47244094488188976,0.7333333333333333,0.5384615384615384
18944,HyboNet,3,32,0.0002,9,49,0.48031496062992124,0.7333333333333333,0.5384615384615384
18945,HyboNet,3,32,0.0002,9,5,0.25984251968503935,0.43333333333333335,0.3076923076923077
18946,HyboNet,3,32,0.0002,9,50,0.4881889763779528,0.7333333333333333,0.5384615384615384
18947,HyboNet,3,32,0.0002,9,51,0.49606299212598426,0.7333333333333333,0.5384615384615384
18948,HyboNet,3,32,0.0002,9,52,0.48031496062992124,0.7333333333333333,0.5
18949,HyboNet,3,32,0.0002,9,53,0.47244094488188976,0.7333333333333333,0.5
18950,HyboNet,3,32,0.0002,9,54,0.47244094488188976,0.7333333333333333,0.5
18951,HyboNet,3,32,0.0002,9,55,0.4645669291338583,0.7333333333333333,0.5
18952,HyboNet,3,32,0.0002,9,56,0.4645669291338583,0.7333333333333333,0.5
18953,HyboNet,3,32,0.0002,9,57,0.4645669291338583,0.7666666666666667,0.5
18954,HyboNet,3,32,0.0002,9,58,0.4645669291338583,0.7666666666666667,0.5384615384615384
18955,HyboNet,3,32,0.0002,9,59,0.4566929133858268,0.7666666666666667,0.5769230769230769
18956,HyboNet,3,32,0.0002,9,6,0.2755905511811024,0.5,0.3076923076923077
18957,HyboNet,3,32,0.0002,9,60,0.4566929133858268,0.7666666666666667,0.5769230769230769
18958,HyboNet,3,32,0.0002,9,61,0.44881889763779526,0.7666666666666667,0.5769230769230769
18959,HyboNet,3,32,0.0002,9,62,0.44881889763779526,0.7666666666666667,0.5769230769230769
18960,HyboNet,3,32,0.0002,9,63,0.44881889763779526,0.7666666666666667,0.5769230769230769
18961,HyboNet,3,32,0.0002,9,64,0.4566929133858268,0.7666666666666667,0.5
18962,HyboNet,3,32,0.0002,9,65,0.44881889763779526,0.7666666666666667,0.5
18963,HyboNet,3,32,0.0002,9,66,0.4566929133858268,0.7666666666666667,0.5
18964,HyboNet,3,32,0.0002,9,67,0.4409448818897638,0.7666666666666667,0.5
18965,HyboNet,3,32,0.0002,9,68,0.4330708661417323,0.7666666666666667,0.46153846153846156
18966,HyboNet,3,32,0.0002,9,69,0.4251968503937008,0.7666666666666667,0.4230769230769231
18967,HyboNet,3,32,0.0002,9,7,0.2992125984251969,0.5,0.2692307692307692
18968,HyboNet,3,32,0.0002,9,70,0.41732283464566927,0.8,0.46153846153846156
18969,HyboNet,3,32,0.0002,9,71,0.41732283464566927,0.8,0.46153846153846156
18970,HyboNet,3,32,0.0002,9,72,0.41732283464566927,0.8,0.4230769230769231
18971,HyboNet,3,32,0.0002,9,73,0.41732283464566927,0.8333333333333334,0.4230769230769231
18972,HyboNet,3,32,0.0002,9,74,0.41732283464566927,0.8333333333333334,0.4230769230769231
18973,HyboNet,3,32,0.0002,9,75,0.4330708661417323,0.8333333333333334,0.46153846153846156
18974,HyboNet,3,32,0.0002,9,76,0.4330708661417323,0.8333333333333334,0.46153846153846156
18975,HyboNet,3,32,0.0002,9,77,0.4330708661417323,0.8333333333333334,0.46153846153846156
18976,HyboNet,3,32,0.0002,9,78,0.4330708661417323,0.8333333333333334,0.46153846153846156
18977,HyboNet,3,32,0.0002,9,79,0.4409448818897638,0.8333333333333334,0.46153846153846156
18978,HyboNet,3,32,0.0002,9,8,0.31496062992125984,0.4666666666666667,0.3076923076923077
18979,HyboNet,3,32,0.0002,9,80,0.4409448818897638,0.8333333333333334,0.46153846153846156
18980,HyboNet,3,32,0.0002,9,81,0.4409448818897638,0.8666666666666667,0.4230769230769231
18981,HyboNet,3,32,0.0002,9,82,0.4409448818897638,0.8666666666666667,0.38461538461538464
18982,HyboNet,3,32,0.0002,9,83,0.4409448818897638,0.8666666666666667,0.38461538461538464
18983,HyboNet,3,32,0.0002,9,84,0.4251968503937008,0.8666666666666667,0.4230769230769231
18984,HyboNet,3,32,0.0002,9,85,0.41732283464566927,0.8666666666666667,0.38461538461538464
18985,HyboNet,3,32,0.0002,9,86,0.4094488188976378,0.8666666666666667,0.38461538461538464
18986,HyboNet,3,32,0.0002,9,87,0.4015748031496063,0.9,0.38461538461538464
18987,HyboNet,3,32,0.0002,9,88,0.4015748031496063,0.9,0.38461538461538464
18988,HyboNet,3,32,0.0002,9,89,0.4015748031496063,0.9,0.4230769230769231
18989,HyboNet,3,32,0.0002,9,9,0.3228346456692913,0.4666666666666667,0.34615384615384615
18990,HyboNet,3,32,0.0002,9,90,0.4015748031496063,0.9,0.4230769230769231
18991,HyboNet,3,32,0.0002,9,91,0.4094488188976378,0.9,0.46153846153846156
18992,HyboNet,3,32,0.0002,9,92,0.4094488188976378,0.9,0.46153846153846156
18993,HyboNet,3,32,0.0002,9,93,0.4015748031496063,0.9,0.46153846153846156
18994,HyboNet,3,32,0.0002,9,94,0.4015748031496063,0.9,0.46153846153846156
18995,HyboNet,3,32,0.0002,9,95,0.4015748031496063,0.9,0.46153846153846156
18996,HyboNet,3,32,0.0002,9,96,0.3858267716535433,0.9,0.46153846153846156
18997,HyboNet,3,32,0.0002,9,97,0.3858267716535433,0.9,0.46153846153846156
18998,HyboNet,3,32,0.0002,9,98,0.3937007874015748,0.9,0.46153846153846156
18999,HyboNet,3,32,0.0002,9,99,0.3937007874015748,0.9,0.46153846153846156
19000,HyboNet,3,32,0.001,1,1,0.47244094488188976,0.6,0.5769230769230769
19001,HyboNet,3,32,0.001,1,10,0.5433070866141733,0.7666666666666667,0.5769230769230769
19002,HyboNet,3,32,0.001,1,100,0.3858267716535433,1.0,0.5769230769230769
19003,HyboNet,3,32,0.001,1,11,0.5433070866141733,0.7666666666666667,0.5769230769230769
19004,HyboNet,3,32,0.001,1,12,0.5196850393700787,0.8,0.5769230769230769
19005,HyboNet,3,32,0.001,1,13,0.5039370078740157,0.8333333333333334,0.5769230769230769
19006,HyboNet,3,32,0.001,1,14,0.5118110236220472,0.8,0.5769230769230769
19007,HyboNet,3,32,0.001,1,15,0.5275590551181102,0.8,0.6153846153846154
19008,HyboNet,3,32,0.001,1,16,0.5511811023622047,0.8,0.6153846153846154
19009,HyboNet,3,32,0.001,1,17,0.5354330708661418,0.8,0.6153846153846154
19010,HyboNet,3,32,0.001,1,18,0.5354330708661418,0.8,0.6153846153846154
19011,HyboNet,3,32,0.001,1,19,0.5511811023622047,0.8,0.6153846153846154
19012,HyboNet,3,32,0.001,1,2,0.4881889763779528,0.5666666666666667,0.5769230769230769
19013,HyboNet,3,32,0.001,1,20,0.5433070866141733,0.8,0.6153846153846154
19014,HyboNet,3,32,0.001,1,21,0.5511811023622047,0.8333333333333334,0.6153846153846154
19015,HyboNet,3,32,0.001,1,22,0.5275590551181102,0.8333333333333334,0.5769230769230769
19016,HyboNet,3,32,0.001,1,23,0.4881889763779528,0.8666666666666667,0.6153846153846154
19017,HyboNet,3,32,0.001,1,24,0.47244094488188976,0.8666666666666667,0.5384615384615384
19018,HyboNet,3,32,0.001,1,25,0.47244094488188976,0.8666666666666667,0.5384615384615384
19019,HyboNet,3,32,0.001,1,26,0.47244094488188976,0.8666666666666667,0.5384615384615384
19020,HyboNet,3,32,0.001,1,27,0.5039370078740157,0.8666666666666667,0.5384615384615384
19021,HyboNet,3,32,0.001,1,28,0.5118110236220472,0.8666666666666667,0.5384615384615384
19022,HyboNet,3,32,0.001,1,29,0.5118110236220472,0.8666666666666667,0.5769230769230769
19023,HyboNet,3,32,0.001,1,3,0.4881889763779528,0.6333333333333333,0.46153846153846156
19024,HyboNet,3,32,0.001,1,30,0.48031496062992124,0.9,0.5384615384615384
19025,HyboNet,3,32,0.001,1,31,0.47244094488188976,0.9,0.5384615384615384
19026,HyboNet,3,32,0.001,1,32,0.48031496062992124,0.9,0.5384615384615384
19027,HyboNet,3,32,0.001,1,33,0.47244094488188976,0.9333333333333333,0.5384615384615384
19028,HyboNet,3,32,0.001,1,34,0.48031496062992124,0.9333333333333333,0.6153846153846154
19029,HyboNet,3,32,0.001,1,35,0.48031496062992124,0.9,0.6153846153846154
19030,HyboNet,3,32,0.001,1,36,0.48031496062992124,0.9,0.6153846153846154
19031,HyboNet,3,32,0.001,1,37,0.49606299212598426,0.9,0.6153846153846154
19032,HyboNet,3,32,0.001,1,38,0.4881889763779528,0.9333333333333333,0.5384615384615384
19033,HyboNet,3,32,0.001,1,39,0.49606299212598426,0.9333333333333333,0.5384615384615384
19034,HyboNet,3,32,0.001,1,4,0.5275590551181102,0.7333333333333333,0.46153846153846156
19035,HyboNet,3,32,0.001,1,40,0.5196850393700787,0.9333333333333333,0.5769230769230769
19036,HyboNet,3,32,0.001,1,41,0.5039370078740157,0.9333333333333333,0.5384615384615384
19037,HyboNet,3,32,0.001,1,42,0.47244094488188976,0.9666666666666667,0.5384615384615384
19038,HyboNet,3,32,0.001,1,43,0.47244094488188976,0.9666666666666667,0.5384615384615384
19039,HyboNet,3,32,0.001,1,44,0.4566929133858268,0.9666666666666667,0.5384615384615384
19040,HyboNet,3,32,0.001,1,45,0.4645669291338583,0.9666666666666667,0.5384615384615384
19041,HyboNet,3,32,0.001,1,46,0.44881889763779526,0.9666666666666667,0.5384615384615384
19042,HyboNet,3,32,0.001,1,47,0.4566929133858268,1.0,0.5384615384615384
19043,HyboNet,3,32,0.001,1,48,0.4409448818897638,1.0,0.5384615384615384
19044,HyboNet,3,32,0.001,1,49,0.44881889763779526,1.0,0.5384615384615384
19045,HyboNet,3,32,0.001,1,5,0.5196850393700787,0.7,0.5384615384615384
19046,HyboNet,3,32,0.001,1,50,0.44881889763779526,0.9666666666666667,0.5384615384615384
19047,HyboNet,3,32,0.001,1,51,0.44881889763779526,0.9666666666666667,0.5384615384615384
19048,HyboNet,3,32,0.001,1,52,0.44881889763779526,0.9666666666666667,0.5384615384615384
19049,HyboNet,3,32,0.001,1,53,0.4251968503937008,1.0,0.5384615384615384
19050,HyboNet,3,32,0.001,1,54,0.41732283464566927,1.0,0.5384615384615384
19051,HyboNet,3,32,0.001,1,55,0.4330708661417323,1.0,0.5384615384615384
19052,HyboNet,3,32,0.001,1,56,0.4409448818897638,0.9666666666666667,0.5384615384615384
19053,HyboNet,3,32,0.001,1,57,0.4566929133858268,0.9666666666666667,0.5384615384615384
19054,HyboNet,3,32,0.001,1,58,0.4409448818897638,0.9666666666666667,0.5384615384615384
19055,HyboNet,3,32,0.001,1,59,0.4251968503937008,1.0,0.5384615384615384
19056,HyboNet,3,32,0.001,1,6,0.5039370078740157,0.6666666666666666,0.5769230769230769
19057,HyboNet,3,32,0.001,1,60,0.4094488188976378,1.0,0.5769230769230769
19058,HyboNet,3,32,0.001,1,61,0.41732283464566927,1.0,0.5384615384615384
19059,HyboNet,3,32,0.001,1,62,0.41732283464566927,1.0,0.5384615384615384
19060,HyboNet,3,32,0.001,1,63,0.41732283464566927,1.0,0.5384615384615384
19061,HyboNet,3,32,0.001,1,64,0.4094488188976378,1.0,0.5384615384615384
19062,HyboNet,3,32,0.001,1,65,0.4015748031496063,1.0,0.5384615384615384
19063,HyboNet,3,32,0.001,1,66,0.3858267716535433,1.0,0.5384615384615384
19064,HyboNet,3,32,0.001,1,67,0.3858267716535433,1.0,0.5769230769230769
19065,HyboNet,3,32,0.001,1,68,0.4015748031496063,1.0,0.5769230769230769
19066,HyboNet,3,32,0.001,1,69,0.3937007874015748,1.0,0.5769230769230769
19067,HyboNet,3,32,0.001,1,7,0.5118110236220472,0.6666666666666666,0.6153846153846154
19068,HyboNet,3,32,0.001,1,70,0.4015748031496063,1.0,0.5384615384615384
19069,HyboNet,3,32,0.001,1,71,0.4094488188976378,1.0,0.5769230769230769
19070,HyboNet,3,32,0.001,1,72,0.4015748031496063,1.0,0.5769230769230769
19071,HyboNet,3,32,0.001,1,73,0.4094488188976378,1.0,0.5769230769230769
19072,HyboNet,3,32,0.001,1,74,0.4094488188976378,1.0,0.5384615384615384
19073,HyboNet,3,32,0.001,1,75,0.4094488188976378,1.0,0.5769230769230769
19074,HyboNet,3,32,0.001,1,76,0.4015748031496063,1.0,0.5769230769230769
19075,HyboNet,3,32,0.001,1,77,0.3779527559055118,1.0,0.5384615384615384
19076,HyboNet,3,32,0.001,1,78,0.3543307086614173,1.0,0.5384615384615384
19077,HyboNet,3,32,0.001,1,79,0.3464566929133858,1.0,0.5384615384615384
19078,HyboNet,3,32,0.001,1,8,0.5118110236220472,0.7,0.5769230769230769
19079,HyboNet,3,32,0.001,1,80,0.3543307086614173,1.0,0.5384615384615384
19080,HyboNet,3,32,0.001,1,81,0.3779527559055118,1.0,0.5769230769230769
19081,HyboNet,3,32,0.001,1,82,0.3779527559055118,1.0,0.5769230769230769
19082,HyboNet,3,32,0.001,1,83,0.3779527559055118,1.0,0.5769230769230769
19083,HyboNet,3,32,0.001,1,84,0.3779527559055118,1.0,0.5769230769230769
19084,HyboNet,3,32,0.001,1,85,0.3779527559055118,1.0,0.5769230769230769
19085,HyboNet,3,32,0.001,1,86,0.3858267716535433,1.0,0.5769230769230769
19086,HyboNet,3,32,0.001,1,87,0.3700787401574803,1.0,0.5769230769230769
19087,HyboNet,3,32,0.001,1,88,0.3543307086614173,1.0,0.5769230769230769
19088,HyboNet,3,32,0.001,1,89,0.3779527559055118,1.0,0.5769230769230769
19089,HyboNet,3,32,0.001,1,9,0.5275590551181102,0.7333333333333333,0.5769230769230769
19090,HyboNet,3,32,0.001,1,90,0.3779527559055118,1.0,0.5769230769230769
19091,HyboNet,3,32,0.001,1,91,0.3543307086614173,1.0,0.5769230769230769
19092,HyboNet,3,32,0.001,1,92,0.3543307086614173,1.0,0.5384615384615384
19093,HyboNet,3,32,0.001,1,93,0.3543307086614173,1.0,0.5
19094,HyboNet,3,32,0.001,1,94,0.3700787401574803,1.0,0.5769230769230769
19095,HyboNet,3,32,0.001,1,95,0.3700787401574803,1.0,0.5769230769230769
19096,HyboNet,3,32,0.001,1,96,0.3779527559055118,1.0,0.5384615384615384
19097,HyboNet,3,32,0.001,1,97,0.36220472440944884,1.0,0.5
19098,HyboNet,3,32,0.001,1,98,0.3779527559055118,1.0,0.5769230769230769
19099,HyboNet,3,32,0.001,1,99,0.3779527559055118,1.0,0.5769230769230769
19100,HyboNet,3,32,0.001,10,1,0.4881889763779528,0.5666666666666667,0.5384615384615384
19101,HyboNet,3,32,0.001,10,10,0.5118110236220472,0.7333333333333333,0.46153846153846156
19102,HyboNet,3,32,0.001,10,100,0.3543307086614173,1.0,0.34615384615384615
19103,HyboNet,3,32,0.001,10,11,0.5118110236220472,0.7333333333333333,0.46153846153846156
19104,HyboNet,3,32,0.001,10,12,0.5196850393700787,0.7333333333333333,0.4230769230769231
19105,HyboNet,3,32,0.001,10,13,0.5354330708661418,0.7333333333333333,0.46153846153846156
19106,HyboNet,3,32,0.001,10,14,0.5354330708661418,0.7333333333333333,0.5
19107,HyboNet,3,32,0.001,10,15,0.5354330708661418,0.7333333333333333,0.5
19108,HyboNet,3,32,0.001,10,16,0.5354330708661418,0.7333333333333333,0.5
19109,HyboNet,3,32,0.001,10,17,0.5433070866141733,0.7333333333333333,0.5
19110,HyboNet,3,32,0.001,10,18,0.5354330708661418,0.7333333333333333,0.46153846153846156
19111,HyboNet,3,32,0.001,10,19,0.5118110236220472,0.8,0.46153846153846156
19112,HyboNet,3,32,0.001,10,2,0.5118110236220472,0.6666666666666666,0.5384615384615384
19113,HyboNet,3,32,0.001,10,20,0.5118110236220472,0.8333333333333334,0.46153846153846156
19114,HyboNet,3,32,0.001,10,21,0.5118110236220472,0.8333333333333334,0.4230769230769231
19115,HyboNet,3,32,0.001,10,22,0.4881889763779528,0.8333333333333334,0.5
19116,HyboNet,3,32,0.001,10,23,0.48031496062992124,0.8666666666666667,0.5
19117,HyboNet,3,32,0.001,10,24,0.4881889763779528,0.8666666666666667,0.5
19118,HyboNet,3,32,0.001,10,25,0.4881889763779528,0.8333333333333334,0.5
19119,HyboNet,3,32,0.001,10,26,0.4881889763779528,0.8333333333333334,0.5
19120,HyboNet,3,32,0.001,10,27,0.48031496062992124,0.8666666666666667,0.5
19121,HyboNet,3,32,0.001,10,28,0.48031496062992124,0.8666666666666667,0.46153846153846156
19122,HyboNet,3,32,0.001,10,29,0.4645669291338583,0.8333333333333334,0.4230769230769231
19123,HyboNet,3,32,0.001,10,3,0.5118110236220472,0.6666666666666666,0.5769230769230769
19124,HyboNet,3,32,0.001,10,30,0.4409448818897638,0.8333333333333334,0.34615384615384615
19125,HyboNet,3,32,0.001,10,31,0.4251968503937008,0.8333333333333334,0.38461538461538464
19126,HyboNet,3,32,0.001,10,32,0.4566929133858268,0.8666666666666667,0.34615384615384615
19127,HyboNet,3,32,0.001,10,33,0.44881889763779526,0.9,0.34615384615384615
19128,HyboNet,3,32,0.001,10,34,0.44881889763779526,0.9,0.34615384615384615
19129,HyboNet,3,32,0.001,10,35,0.4409448818897638,0.9,0.34615384615384615
19130,HyboNet,3,32,0.001,10,36,0.4251968503937008,0.9,0.34615384615384615
19131,HyboNet,3,32,0.001,10,37,0.4251968503937008,0.9333333333333333,0.34615384615384615
19132,HyboNet,3,32,0.001,10,38,0.4094488188976378,0.9333333333333333,0.38461538461538464
19133,HyboNet,3,32,0.001,10,39,0.4015748031496063,0.9333333333333333,0.38461538461538464
19134,HyboNet,3,32,0.001,10,4,0.5118110236220472,0.6666666666666666,0.5769230769230769
19135,HyboNet,3,32,0.001,10,40,0.3937007874015748,0.9666666666666667,0.38461538461538464
19136,HyboNet,3,32,0.001,10,41,0.36220472440944884,1.0,0.4230769230769231
19137,HyboNet,3,32,0.001,10,42,0.3543307086614173,1.0,0.4230769230769231
19138,HyboNet,3,32,0.001,10,43,0.3779527559055118,1.0,0.38461538461538464
19139,HyboNet,3,32,0.001,10,44,0.3700787401574803,1.0,0.38461538461538464
19140,HyboNet,3,32,0.001,10,45,0.3779527559055118,1.0,0.34615384615384615
19141,HyboNet,3,32,0.001,10,46,0.3779527559055118,1.0,0.34615384615384615
19142,HyboNet,3,32,0.001,10,47,0.3937007874015748,1.0,0.38461538461538464
19143,HyboNet,3,32,0.001,10,48,0.36220472440944884,1.0,0.4230769230769231
19144,HyboNet,3,32,0.001,10,49,0.36220472440944884,1.0,0.4230769230769231
19145,HyboNet,3,32,0.001,10,5,0.5118110236220472,0.6666666666666666,0.5384615384615384
19146,HyboNet,3,32,0.001,10,50,0.3700787401574803,1.0,0.4230769230769231
19147,HyboNet,3,32,0.001,10,51,0.3779527559055118,1.0,0.38461538461538464
19148,HyboNet,3,32,0.001,10,52,0.3779527559055118,1.0,0.38461538461538464
19149,HyboNet,3,32,0.001,10,53,0.3779527559055118,1.0,0.38461538461538464
19150,HyboNet,3,32,0.001,10,54,0.36220472440944884,1.0,0.34615384615384615
19151,HyboNet,3,32,0.001,10,55,0.36220472440944884,1.0,0.38461538461538464
19152,HyboNet,3,32,0.001,10,56,0.3779527559055118,1.0,0.34615384615384615
19153,HyboNet,3,32,0.001,10,57,0.3700787401574803,1.0,0.34615384615384615
19154,HyboNet,3,32,0.001,10,58,0.36220472440944884,1.0,0.38461538461538464
19155,HyboNet,3,32,0.001,10,59,0.3700787401574803,1.0,0.38461538461538464
19156,HyboNet,3,32,0.001,10,6,0.49606299212598426,0.6666666666666666,0.5384615384615384
19157,HyboNet,3,32,0.001,10,60,0.3779527559055118,1.0,0.38461538461538464
19158,HyboNet,3,32,0.001,10,61,0.3779527559055118,1.0,0.38461538461538464
19159,HyboNet,3,32,0.001,10,62,0.3779527559055118,1.0,0.38461538461538464
19160,HyboNet,3,32,0.001,10,63,0.3700787401574803,1.0,0.38461538461538464
19161,HyboNet,3,32,0.001,10,64,0.3543307086614173,1.0,0.38461538461538464
19162,HyboNet,3,32,0.001,10,65,0.3228346456692913,1.0,0.34615384615384615
19163,HyboNet,3,32,0.001,10,66,0.30708661417322836,1.0,0.34615384615384615
19164,HyboNet,3,32,0.001,10,67,0.3228346456692913,1.0,0.34615384615384615
19165,HyboNet,3,32,0.001,10,68,0.3228346456692913,1.0,0.38461538461538464
19166,HyboNet,3,32,0.001,10,69,0.33070866141732286,1.0,0.34615384615384615
19167,HyboNet,3,32,0.001,10,7,0.5118110236220472,0.7,0.5
19168,HyboNet,3,32,0.001,10,70,0.33070866141732286,1.0,0.34615384615384615
19169,HyboNet,3,32,0.001,10,71,0.33070866141732286,1.0,0.34615384615384615
19170,HyboNet,3,32,0.001,10,72,0.3228346456692913,1.0,0.34615384615384615
19171,HyboNet,3,32,0.001,10,73,0.3228346456692913,1.0,0.34615384615384615
19172,HyboNet,3,32,0.001,10,74,0.3228346456692913,1.0,0.34615384615384615
19173,HyboNet,3,32,0.001,10,75,0.33858267716535434,1.0,0.34615384615384615
19174,HyboNet,3,32,0.001,10,76,0.33070866141732286,1.0,0.34615384615384615
19175,HyboNet,3,32,0.001,10,77,0.33858267716535434,1.0,0.34615384615384615
19176,HyboNet,3,32,0.001,10,78,0.3464566929133858,1.0,0.34615384615384615
19177,HyboNet,3,32,0.001,10,79,0.3464566929133858,1.0,0.34615384615384615
19178,HyboNet,3,32,0.001,10,8,0.5275590551181102,0.7333333333333333,0.5
19179,HyboNet,3,32,0.001,10,80,0.3464566929133858,1.0,0.34615384615384615
19180,HyboNet,3,32,0.001,10,81,0.33858267716535434,1.0,0.34615384615384615
19181,HyboNet,3,32,0.001,10,82,0.3543307086614173,1.0,0.34615384615384615
19182,HyboNet,3,32,0.001,10,83,0.33070866141732286,1.0,0.34615384615384615
19183,HyboNet,3,32,0.001,10,84,0.33858267716535434,1.0,0.34615384615384615
19184,HyboNet,3,32,0.001,10,85,0.33858267716535434,1.0,0.34615384615384615
19185,HyboNet,3,32,0.001,10,86,0.3543307086614173,1.0,0.34615384615384615
19186,HyboNet,3,32,0.001,10,87,0.3464566929133858,1.0,0.34615384615384615
19187,HyboNet,3,32,0.001,10,88,0.3464566929133858,1.0,0.34615384615384615
19188,HyboNet,3,32,0.001,10,89,0.3543307086614173,1.0,0.34615384615384615
19189,HyboNet,3,32,0.001,10,9,0.5118110236220472,0.7333333333333333,0.46153846153846156
19190,HyboNet,3,32,0.001,10,90,0.3464566929133858,1.0,0.34615384615384615
19191,HyboNet,3,32,0.001,10,91,0.3543307086614173,1.0,0.34615384615384615
19192,HyboNet,3,32,0.001,10,92,0.3464566929133858,1.0,0.34615384615384615
19193,HyboNet,3,32,0.001,10,93,0.3543307086614173,1.0,0.34615384615384615
19194,HyboNet,3,32,0.001,10,94,0.3464566929133858,1.0,0.34615384615384615
19195,HyboNet,3,32,0.001,10,95,0.3464566929133858,1.0,0.34615384615384615
19196,HyboNet,3,32,0.001,10,96,0.3464566929133858,1.0,0.34615384615384615
19197,HyboNet,3,32,0.001,10,97,0.33858267716535434,1.0,0.34615384615384615
19198,HyboNet,3,32,0.001,10,98,0.33070866141732286,1.0,0.34615384615384615
19199,HyboNet,3,32,0.001,10,99,0.3464566929133858,1.0,0.34615384615384615
19200,HyboNet,3,32,0.001,2,1,0.4409448818897638,0.36666666666666664,0.5384615384615384
19201,HyboNet,3,32,0.001,2,10,0.4881889763779528,0.7333333333333333,0.46153846153846156
19202,HyboNet,3,32,0.001,2,100,0.3779527559055118,1.0,0.2692307692307692
19203,HyboNet,3,32,0.001,2,11,0.5039370078740157,0.7,0.5
19204,HyboNet,3,32,0.001,2,12,0.5118110236220472,0.7,0.5384615384615384
19205,HyboNet,3,32,0.001,2,13,0.5275590551181102,0.6666666666666666,0.5384615384615384
19206,HyboNet,3,32,0.001,2,14,0.5275590551181102,0.6666666666666666,0.5384615384615384
19207,HyboNet,3,32,0.001,2,15,0.5275590551181102,0.6666666666666666,0.5384615384615384
19208,HyboNet,3,32,0.001,2,16,0.5275590551181102,0.6666666666666666,0.5769230769230769
19209,HyboNet,3,32,0.001,2,17,0.5275590551181102,0.6666666666666666,0.5769230769230769
19210,HyboNet,3,32,0.001,2,18,0.5354330708661418,0.7,0.5
19211,HyboNet,3,32,0.001,2,19,0.5354330708661418,0.7333333333333333,0.46153846153846156
19212,HyboNet,3,32,0.001,2,2,0.5118110236220472,0.6,0.5769230769230769
19213,HyboNet,3,32,0.001,2,20,0.5354330708661418,0.7333333333333333,0.5
19214,HyboNet,3,32,0.001,2,21,0.5196850393700787,0.7333333333333333,0.46153846153846156
19215,HyboNet,3,32,0.001,2,22,0.4881889763779528,0.7333333333333333,0.4230769230769231
19216,HyboNet,3,32,0.001,2,23,0.48031496062992124,0.7666666666666667,0.4230769230769231
19217,HyboNet,3,32,0.001,2,24,0.47244094488188976,0.8,0.4230769230769231
19218,HyboNet,3,32,0.001,2,25,0.4881889763779528,0.8,0.4230769230769231
19219,HyboNet,3,32,0.001,2,26,0.4881889763779528,0.8,0.4230769230769231
19220,HyboNet,3,32,0.001,2,27,0.4881889763779528,0.8,0.4230769230769231
19221,HyboNet,3,32,0.001,2,28,0.47244094488188976,0.8,0.4230769230769231
19222,HyboNet,3,32,0.001,2,29,0.4330708661417323,0.8,0.4230769230769231
19223,HyboNet,3,32,0.001,2,3,0.5354330708661418,0.6,0.5769230769230769
19224,HyboNet,3,32,0.001,2,30,0.4330708661417323,0.8,0.4230769230769231
19225,HyboNet,3,32,0.001,2,31,0.4251968503937008,0.8,0.38461538461538464
19226,HyboNet,3,32,0.001,2,32,0.4251968503937008,0.8,0.38461538461538464
19227,HyboNet,3,32,0.001,2,33,0.4330708661417323,0.8333333333333334,0.38461538461538464
19228,HyboNet,3,32,0.001,2,34,0.4330708661417323,0.8666666666666667,0.38461538461538464
19229,HyboNet,3,32,0.001,2,35,0.4251968503937008,0.8666666666666667,0.38461538461538464
19230,HyboNet,3,32,0.001,2,36,0.4094488188976378,0.9,0.4230769230769231
19231,HyboNet,3,32,0.001,2,37,0.41732283464566927,0.9,0.4230769230769231
19232,HyboNet,3,32,0.001,2,38,0.41732283464566927,0.9,0.4230769230769231
19233,HyboNet,3,32,0.001,2,39,0.4094488188976378,0.8666666666666667,0.4230769230769231
19234,HyboNet,3,32,0.001,2,4,0.5354330708661418,0.6,0.5769230769230769
19235,HyboNet,3,32,0.001,2,40,0.4094488188976378,0.8666666666666667,0.4230769230769231
19236,HyboNet,3,32,0.001,2,41,0.4094488188976378,0.8666666666666667,0.46153846153846156
19237,HyboNet,3,32,0.001,2,42,0.41732283464566927,0.8666666666666667,0.46153846153846156
19238,HyboNet,3,32,0.001,2,43,0.41732283464566927,0.8666666666666667,0.46153846153846156
19239,HyboNet,3,32,0.001,2,44,0.4094488188976378,0.8666666666666667,0.4230769230769231
19240,HyboNet,3,32,0.001,2,45,0.4094488188976378,0.9,0.46153846153846156
19241,HyboNet,3,32,0.001,2,46,0.41732283464566927,0.9,0.4230769230769231
19242,HyboNet,3,32,0.001,2,47,0.3937007874015748,0.9333333333333333,0.4230769230769231
19243,HyboNet,3,32,0.001,2,48,0.3858267716535433,0.9333333333333333,0.4230769230769231
19244,HyboNet,3,32,0.001,2,49,0.3700787401574803,0.9666666666666667,0.4230769230769231
19245,HyboNet,3,32,0.001,2,5,0.5275590551181102,0.6,0.5769230769230769
19246,HyboNet,3,32,0.001,2,50,0.3858267716535433,1.0,0.38461538461538464
19247,HyboNet,3,32,0.001,2,51,0.3937007874015748,1.0,0.38461538461538464
19248,HyboNet,3,32,0.001,2,52,0.3937007874015748,1.0,0.38461538461538464
19249,HyboNet,3,32,0.001,2,53,0.3937007874015748,1.0,0.38461538461538464
19250,HyboNet,3,32,0.001,2,54,0.3937007874015748,1.0,0.38461538461538464
19251,HyboNet,3,32,0.001,2,55,0.4015748031496063,1.0,0.38461538461538464
19252,HyboNet,3,32,0.001,2,56,0.4015748031496063,1.0,0.38461538461538464
19253,HyboNet,3,32,0.001,2,57,0.3858267716535433,1.0,0.34615384615384615
19254,HyboNet,3,32,0.001,2,58,0.4094488188976378,1.0,0.38461538461538464
19255,HyboNet,3,32,0.001,2,59,0.4015748031496063,1.0,0.38461538461538464
19256,HyboNet,3,32,0.001,2,6,0.5039370078740157,0.6,0.5769230769230769
19257,HyboNet,3,32,0.001,2,60,0.4015748031496063,1.0,0.38461538461538464
19258,HyboNet,3,32,0.001,2,61,0.4251968503937008,1.0,0.38461538461538464
19259,HyboNet,3,32,0.001,2,62,0.4251968503937008,1.0,0.38461538461538464
19260,HyboNet,3,32,0.001,2,63,0.4251968503937008,1.0,0.38461538461538464
19261,HyboNet,3,32,0.001,2,64,0.41732283464566927,0.9666666666666667,0.38461538461538464
19262,HyboNet,3,32,0.001,2,65,0.4094488188976378,0.9666666666666667,0.38461538461538464
19263,HyboNet,3,32,0.001,2,66,0.4015748031496063,1.0,0.38461538461538464
19264,HyboNet,3,32,0.001,2,67,0.3779527559055118,1.0,0.34615384615384615
19265,HyboNet,3,32,0.001,2,68,0.3858267716535433,1.0,0.34615384615384615
19266,HyboNet,3,32,0.001,2,69,0.3779527559055118,1.0,0.38461538461538464
19267,HyboNet,3,32,0.001,2,7,0.5039370078740157,0.6,0.5384615384615384
19268,HyboNet,3,32,0.001,2,70,0.3700787401574803,1.0,0.34615384615384615
19269,HyboNet,3,32,0.001,2,71,0.3858267716535433,1.0,0.34615384615384615
19270,HyboNet,3,32,0.001,2,72,0.3858267716535433,1.0,0.34615384615384615
19271,HyboNet,3,32,0.001,2,73,0.3858267716535433,1.0,0.34615384615384615
19272,HyboNet,3,32,0.001,2,74,0.3858267716535433,1.0,0.34615384615384615
19273,HyboNet,3,32,0.001,2,75,0.3858267716535433,1.0,0.34615384615384615
19274,HyboNet,3,32,0.001,2,76,0.3937007874015748,1.0,0.34615384615384615
19275,HyboNet,3,32,0.001,2,77,0.3700787401574803,1.0,0.34615384615384615
19276,HyboNet,3,32,0.001,2,78,0.3464566929133858,1.0,0.2692307692307692
19277,HyboNet,3,32,0.001,2,79,0.36220472440944884,1.0,0.34615384615384615
19278,HyboNet,3,32,0.001,2,8,0.5039370078740157,0.6333333333333333,0.5
19279,HyboNet,3,32,0.001,2,80,0.36220472440944884,1.0,0.34615384615384615
19280,HyboNet,3,32,0.001,2,81,0.36220472440944884,1.0,0.34615384615384615
19281,HyboNet,3,32,0.001,2,82,0.36220472440944884,1.0,0.34615384615384615
19282,HyboNet,3,32,0.001,2,83,0.36220472440944884,1.0,0.34615384615384615
19283,HyboNet,3,32,0.001,2,84,0.36220472440944884,1.0,0.3076923076923077
19284,HyboNet,3,32,0.001,2,85,0.36220472440944884,1.0,0.34615384615384615
19285,HyboNet,3,32,0.001,2,86,0.3543307086614173,1.0,0.2692307692307692
19286,HyboNet,3,32,0.001,2,87,0.36220472440944884,1.0,0.2692307692307692
19287,HyboNet,3,32,0.001,2,88,0.3464566929133858,1.0,0.2692307692307692
19288,HyboNet,3,32,0.001,2,89,0.33858267716535434,1.0,0.23076923076923078
19289,HyboNet,3,32,0.001,2,9,0.4881889763779528,0.7333333333333333,0.46153846153846156
19290,HyboNet,3,32,0.001,2,90,0.33858267716535434,1.0,0.2692307692307692
19291,HyboNet,3,32,0.001,2,91,0.33070866141732286,1.0,0.2692307692307692
19292,HyboNet,3,32,0.001,2,92,0.33858267716535434,1.0,0.2692307692307692
19293,HyboNet,3,32,0.001,2,93,0.33858267716535434,1.0,0.2692307692307692
19294,HyboNet,3,32,0.001,2,94,0.3464566929133858,1.0,0.2692307692307692
19295,HyboNet,3,32,0.001,2,95,0.3543307086614173,1.0,0.2692307692307692
19296,HyboNet,3,32,0.001,2,96,0.3464566929133858,1.0,0.2692307692307692
19297,HyboNet,3,32,0.001,2,97,0.33858267716535434,1.0,0.2692307692307692
19298,HyboNet,3,32,0.001,2,98,0.3464566929133858,1.0,0.23076923076923078
19299,HyboNet,3,32,0.001,2,99,0.3779527559055118,1.0,0.23076923076923078
19300,HyboNet,3,32,0.001,3,1,0.30708661417322836,0.5,0.4230769230769231
19301,HyboNet,3,32,0.001,3,10,0.5433070866141733,0.6666666666666666,0.5769230769230769
19302,HyboNet,3,32,0.001,3,100,0.3937007874015748,1.0,0.46153846153846156
19303,HyboNet,3,32,0.001,3,11,0.5590551181102362,0.6666666666666666,0.5769230769230769
19304,HyboNet,3,32,0.001,3,12,0.5511811023622047,0.6666666666666666,0.5769230769230769
19305,HyboNet,3,32,0.001,3,13,0.5433070866141733,0.6666666666666666,0.5769230769230769
19306,HyboNet,3,32,0.001,3,14,0.5433070866141733,0.7,0.5769230769230769
19307,HyboNet,3,32,0.001,3,15,0.5433070866141733,0.7333333333333333,0.5769230769230769
19308,HyboNet,3,32,0.001,3,16,0.5354330708661418,0.7333333333333333,0.5769230769230769
19309,HyboNet,3,32,0.001,3,17,0.5354330708661418,0.7333333333333333,0.5769230769230769
19310,HyboNet,3,32,0.001,3,18,0.5354330708661418,0.7333333333333333,0.5769230769230769
19311,HyboNet,3,32,0.001,3,19,0.5354330708661418,0.7666666666666667,0.5769230769230769
19312,HyboNet,3,32,0.001,3,2,0.48031496062992124,0.6,0.5384615384615384
19313,HyboNet,3,32,0.001,3,20,0.5275590551181102,0.7666666666666667,0.5384615384615384
19314,HyboNet,3,32,0.001,3,21,0.5275590551181102,0.7666666666666667,0.5769230769230769
19315,HyboNet,3,32,0.001,3,22,0.5275590551181102,0.7666666666666667,0.5769230769230769
19316,HyboNet,3,32,0.001,3,23,0.5118110236220472,0.7666666666666667,0.5384615384615384
19317,HyboNet,3,32,0.001,3,24,0.5118110236220472,0.7666666666666667,0.5384615384615384
19318,HyboNet,3,32,0.001,3,25,0.4881889763779528,0.7666666666666667,0.5
19319,HyboNet,3,32,0.001,3,26,0.4881889763779528,0.7666666666666667,0.5384615384615384
19320,HyboNet,3,32,0.001,3,27,0.4881889763779528,0.8,0.5384615384615384
19321,HyboNet,3,32,0.001,3,28,0.4881889763779528,0.8333333333333334,0.5384615384615384
19322,HyboNet,3,32,0.001,3,29,0.48031496062992124,0.8333333333333334,0.5384615384615384
19323,HyboNet,3,32,0.001,3,3,0.5433070866141733,0.6333333333333333,0.5384615384615384
19324,HyboNet,3,32,0.001,3,30,0.48031496062992124,0.8333333333333334,0.5384615384615384
19325,HyboNet,3,32,0.001,3,31,0.48031496062992124,0.8333333333333334,0.5384615384615384
19326,HyboNet,3,32,0.001,3,32,0.4881889763779528,0.8333333333333334,0.5384615384615384
19327,HyboNet,3,32,0.001,3,33,0.4881889763779528,0.8333333333333334,0.5384615384615384
19328,HyboNet,3,32,0.001,3,34,0.48031496062992124,0.8666666666666667,0.5769230769230769
19329,HyboNet,3,32,0.001,3,35,0.48031496062992124,0.8666666666666667,0.5769230769230769
19330,HyboNet,3,32,0.001,3,36,0.47244094488188976,0.8666666666666667,0.5769230769230769
19331,HyboNet,3,32,0.001,3,37,0.4645669291338583,0.8666666666666667,0.5384615384615384
19332,HyboNet,3,32,0.001,3,38,0.4645669291338583,0.8666666666666667,0.5384615384615384
19333,HyboNet,3,32,0.001,3,39,0.4566929133858268,0.9,0.5
19334,HyboNet,3,32,0.001,3,4,0.5354330708661418,0.6,0.5769230769230769
19335,HyboNet,3,32,0.001,3,40,0.44881889763779526,0.9,0.5
19336,HyboNet,3,32,0.001,3,41,0.44881889763779526,0.9,0.5
19337,HyboNet,3,32,0.001,3,42,0.44881889763779526,0.9,0.5
19338,HyboNet,3,32,0.001,3,43,0.44881889763779526,0.9,0.5
19339,HyboNet,3,32,0.001,3,44,0.4409448818897638,0.9333333333333333,0.5
19340,HyboNet,3,32,0.001,3,45,0.44881889763779526,0.9333333333333333,0.5
19341,HyboNet,3,32,0.001,3,46,0.44881889763779526,0.9333333333333333,0.5
19342,HyboNet,3,32,0.001,3,47,0.44881889763779526,0.9333333333333333,0.5
19343,HyboNet,3,32,0.001,3,48,0.4330708661417323,0.9666666666666667,0.5
19344,HyboNet,3,32,0.001,3,49,0.4251968503937008,0.9666666666666667,0.5
19345,HyboNet,3,32,0.001,3,5,0.5354330708661418,0.6,0.5769230769230769
19346,HyboNet,3,32,0.001,3,50,0.4330708661417323,0.9666666666666667,0.5384615384615384
19347,HyboNet,3,32,0.001,3,51,0.4409448818897638,0.9666666666666667,0.5384615384615384
19348,HyboNet,3,32,0.001,3,52,0.4409448818897638,0.9666666666666667,0.5384615384615384
19349,HyboNet,3,32,0.001,3,53,0.44881889763779526,0.9666666666666667,0.5384615384615384
19350,HyboNet,3,32,0.001,3,54,0.44881889763779526,0.9666666666666667,0.5384615384615384
19351,HyboNet,3,32,0.001,3,55,0.4566929133858268,0.9666666666666667,0.5384615384615384
19352,HyboNet,3,32,0.001,3,56,0.4409448818897638,0.9666666666666667,0.5384615384615384
19353,HyboNet,3,32,0.001,3,57,0.4409448818897638,0.9666666666666667,0.5384615384615384
19354,HyboNet,3,32,0.001,3,58,0.4409448818897638,0.9666666666666667,0.5384615384615384
19355,HyboNet,3,32,0.001,3,59,0.4409448818897638,0.9666666666666667,0.5384615384615384
19356,HyboNet,3,32,0.001,3,6,0.5354330708661418,0.6,0.5769230769230769
19357,HyboNet,3,32,0.001,3,60,0.4409448818897638,0.9666666666666667,0.5384615384615384
19358,HyboNet,3,32,0.001,3,61,0.4409448818897638,0.9666666666666667,0.5384615384615384
19359,HyboNet,3,32,0.001,3,62,0.4409448818897638,0.9666666666666667,0.5384615384615384
19360,HyboNet,3,32,0.001,3,63,0.4409448818897638,0.9333333333333333,0.5384615384615384
19361,HyboNet,3,32,0.001,3,64,0.4409448818897638,0.9333333333333333,0.5384615384615384
19362,HyboNet,3,32,0.001,3,65,0.4409448818897638,0.9333333333333333,0.5384615384615384
19363,HyboNet,3,32,0.001,3,66,0.4330708661417323,0.9333333333333333,0.5384615384615384
19364,HyboNet,3,32,0.001,3,67,0.4251968503937008,0.9666666666666667,0.5384615384615384
19365,HyboNet,3,32,0.001,3,68,0.41732283464566927,0.9666666666666667,0.5384615384615384
19366,HyboNet,3,32,0.001,3,69,0.41732283464566927,0.9666666666666667,0.5384615384615384
19367,HyboNet,3,32,0.001,3,7,0.5354330708661418,0.6,0.5769230769230769
19368,HyboNet,3,32,0.001,3,70,0.4094488188976378,0.9666666666666667,0.5384615384615384
19369,HyboNet,3,32,0.001,3,71,0.41732283464566927,0.9666666666666667,0.5384615384615384
19370,HyboNet,3,32,0.001,3,72,0.41732283464566927,0.9666666666666667,0.5384615384615384
19371,HyboNet,3,32,0.001,3,73,0.4094488188976378,1.0,0.5
19372,HyboNet,3,32,0.001,3,74,0.4094488188976378,1.0,0.46153846153846156
19373,HyboNet,3,32,0.001,3,75,0.4094488188976378,1.0,0.5
19374,HyboNet,3,32,0.001,3,76,0.4251968503937008,1.0,0.5
19375,HyboNet,3,32,0.001,3,77,0.4094488188976378,1.0,0.5
19376,HyboNet,3,32,0.001,3,78,0.4094488188976378,1.0,0.5
19377,HyboNet,3,32,0.001,3,79,0.4094488188976378,1.0,0.46153846153846156
19378,HyboNet,3,32,0.001,3,8,0.5354330708661418,0.6,0.5769230769230769
19379,HyboNet,3,32,0.001,3,80,0.41732283464566927,1.0,0.46153846153846156
19380,HyboNet,3,32,0.001,3,81,0.41732283464566927,1.0,0.46153846153846156
19381,HyboNet,3,32,0.001,3,82,0.41732283464566927,1.0,0.46153846153846156
19382,HyboNet,3,32,0.001,3,83,0.4094488188976378,1.0,0.46153846153846156
19383,HyboNet,3,32,0.001,3,84,0.41732283464566927,1.0,0.46153846153846156
19384,HyboNet,3,32,0.001,3,85,0.41732283464566927,1.0,0.46153846153846156
19385,HyboNet,3,32,0.001,3,86,0.4251968503937008,1.0,0.46153846153846156
19386,HyboNet,3,32,0.001,3,87,0.4094488188976378,1.0,0.46153846153846156
19387,HyboNet,3,32,0.001,3,88,0.3937007874015748,1.0,0.46153846153846156
19388,HyboNet,3,32,0.001,3,89,0.3937007874015748,1.0,0.46153846153846156
19389,HyboNet,3,32,0.001,3,9,0.5354330708661418,0.6,0.5769230769230769
19390,HyboNet,3,32,0.001,3,90,0.4094488188976378,1.0,0.46153846153846156
19391,HyboNet,3,32,0.001,3,91,0.3937007874015748,1.0,0.46153846153846156
19392,HyboNet,3,32,0.001,3,92,0.3937007874015748,1.0,0.46153846153846156
19393,HyboNet,3,32,0.001,3,93,0.4015748031496063,1.0,0.46153846153846156
19394,HyboNet,3,32,0.001,3,94,0.3937007874015748,1.0,0.46153846153846156
19395,HyboNet,3,32,0.001,3,95,0.3937007874015748,1.0,0.46153846153846156
19396,HyboNet,3,32,0.001,3,96,0.3937007874015748,1.0,0.46153846153846156
19397,HyboNet,3,32,0.001,3,97,0.3937007874015748,1.0,0.46153846153846156
19398,HyboNet,3,32,0.001,3,98,0.3937007874015748,1.0,0.46153846153846156
19399,HyboNet,3,32,0.001,3,99,0.3937007874015748,1.0,0.46153846153846156
19400,HyboNet,3,32,0.001,4,1,0.4881889763779528,0.5666666666666667,0.5
19401,HyboNet,3,32,0.001,4,10,0.5196850393700787,0.7666666666666667,0.5
19402,HyboNet,3,32,0.001,4,100,0.33858267716535434,1.0,0.2692307692307692
19403,HyboNet,3,32,0.001,4,11,0.5354330708661418,0.8,0.5769230769230769
19404,HyboNet,3,32,0.001,4,12,0.5118110236220472,0.8666666666666667,0.5769230769230769
19405,HyboNet,3,32,0.001,4,13,0.5039370078740157,0.8666666666666667,0.5769230769230769
19406,HyboNet,3,32,0.001,4,14,0.5039370078740157,0.8666666666666667,0.5769230769230769
19407,HyboNet,3,32,0.001,4,15,0.5118110236220472,0.8666666666666667,0.5769230769230769
19408,HyboNet,3,32,0.001,4,16,0.5118110236220472,0.8666666666666667,0.5769230769230769
19409,HyboNet,3,32,0.001,4,17,0.5039370078740157,0.8666666666666667,0.5
19410,HyboNet,3,32,0.001,4,18,0.4881889763779528,0.8666666666666667,0.5
19411,HyboNet,3,32,0.001,4,19,0.4881889763779528,0.8666666666666667,0.5
19412,HyboNet,3,32,0.001,4,2,0.49606299212598426,0.6333333333333333,0.5
19413,HyboNet,3,32,0.001,4,20,0.4881889763779528,0.8666666666666667,0.5
19414,HyboNet,3,32,0.001,4,21,0.47244094488188976,0.8666666666666667,0.5
19415,HyboNet,3,32,0.001,4,22,0.47244094488188976,0.8666666666666667,0.5
19416,HyboNet,3,32,0.001,4,23,0.4645669291338583,0.8666666666666667,0.46153846153846156
19417,HyboNet,3,32,0.001,4,24,0.4645669291338583,0.8666666666666667,0.46153846153846156
19418,HyboNet,3,32,0.001,4,25,0.47244094488188976,0.9,0.46153846153846156
19419,HyboNet,3,32,0.001,4,26,0.47244094488188976,0.9333333333333333,0.46153846153846156
19420,HyboNet,3,32,0.001,4,27,0.44881889763779526,0.9333333333333333,0.46153846153846156
19421,HyboNet,3,32,0.001,4,28,0.44881889763779526,0.9333333333333333,0.46153846153846156
19422,HyboNet,3,32,0.001,4,29,0.41732283464566927,0.9333333333333333,0.46153846153846156
19423,HyboNet,3,32,0.001,4,3,0.4881889763779528,0.7,0.5
19424,HyboNet,3,32,0.001,4,30,0.4094488188976378,0.9333333333333333,0.4230769230769231
19425,HyboNet,3,32,0.001,4,31,0.4330708661417323,0.9333333333333333,0.46153846153846156
19426,HyboNet,3,32,0.001,4,32,0.4409448818897638,0.9333333333333333,0.46153846153846156
19427,HyboNet,3,32,0.001,4,33,0.4409448818897638,0.9333333333333333,0.46153846153846156
19428,HyboNet,3,32,0.001,4,34,0.4409448818897638,0.9333333333333333,0.46153846153846156
19429,HyboNet,3,32,0.001,4,35,0.4409448818897638,0.9333333333333333,0.46153846153846156
19430,HyboNet,3,32,0.001,4,36,0.4409448818897638,0.9333333333333333,0.46153846153846156
19431,HyboNet,3,32,0.001,4,37,0.4015748031496063,0.9333333333333333,0.34615384615384615
19432,HyboNet,3,32,0.001,4,38,0.3937007874015748,0.9333333333333333,0.34615384615384615
19433,HyboNet,3,32,0.001,4,39,0.4094488188976378,0.9333333333333333,0.34615384615384615
19434,HyboNet,3,32,0.001,4,4,0.5118110236220472,0.6666666666666666,0.5
19435,HyboNet,3,32,0.001,4,40,0.4251968503937008,0.9333333333333333,0.4230769230769231
19436,HyboNet,3,32,0.001,4,41,0.41732283464566927,0.9333333333333333,0.46153846153846156
19437,HyboNet,3,32,0.001,4,42,0.41732283464566927,0.9333333333333333,0.4230769230769231
19438,HyboNet,3,32,0.001,4,43,0.41732283464566927,0.9666666666666667,0.4230769230769231
19439,HyboNet,3,32,0.001,4,44,0.41732283464566927,0.9333333333333333,0.46153846153846156
19440,HyboNet,3,32,0.001,4,45,0.4251968503937008,0.9333333333333333,0.4230769230769231
19441,HyboNet,3,32,0.001,4,46,0.4251968503937008,0.9333333333333333,0.38461538461538464
19442,HyboNet,3,32,0.001,4,47,0.4094488188976378,0.9333333333333333,0.34615384615384615
19443,HyboNet,3,32,0.001,4,48,0.4015748031496063,0.9666666666666667,0.34615384615384615
19444,HyboNet,3,32,0.001,4,49,0.3858267716535433,0.9666666666666667,0.3076923076923077
19445,HyboNet,3,32,0.001,4,5,0.5196850393700787,0.7,0.5
19446,HyboNet,3,32,0.001,4,50,0.4015748031496063,0.9666666666666667,0.3076923076923077
19447,HyboNet,3,32,0.001,4,51,0.3937007874015748,0.9666666666666667,0.3076923076923077
19448,HyboNet,3,32,0.001,4,52,0.3858267716535433,0.9666666666666667,0.3076923076923077
19449,HyboNet,3,32,0.001,4,53,0.3937007874015748,0.9666666666666667,0.34615384615384615
19450,HyboNet,3,32,0.001,4,54,0.3858267716535433,0.9666666666666667,0.34615384615384615
19451,HyboNet,3,32,0.001,4,55,0.3858267716535433,0.9666666666666667,0.34615384615384615
19452,HyboNet,3,32,0.001,4,56,0.3779527559055118,0.9666666666666667,0.34615384615384615
19453,HyboNet,3,32,0.001,4,57,0.3779527559055118,0.9666666666666667,0.3076923076923077
19454,HyboNet,3,32,0.001,4,58,0.3700787401574803,0.9666666666666667,0.2692307692307692
19455,HyboNet,3,32,0.001,4,59,0.3700787401574803,0.9666666666666667,0.2692307692307692
19456,HyboNet,3,32,0.001,4,6,0.5275590551181102,0.7,0.5
19457,HyboNet,3,32,0.001,4,60,0.3700787401574803,0.9666666666666667,0.34615384615384615
19458,HyboNet,3,32,0.001,4,61,0.3779527559055118,0.9666666666666667,0.34615384615384615
19459,HyboNet,3,32,0.001,4,62,0.3779527559055118,0.9666666666666667,0.34615384615384615
19460,HyboNet,3,32,0.001,4,63,0.3779527559055118,0.9666666666666667,0.34615384615384615
19461,HyboNet,3,32,0.001,4,64,0.3858267716535433,0.9666666666666667,0.3076923076923077
19462,HyboNet,3,32,0.001,4,65,0.3779527559055118,0.9666666666666667,0.3076923076923077
19463,HyboNet,3,32,0.001,4,66,0.3779527559055118,0.9666666666666667,0.3076923076923077
19464,HyboNet,3,32,0.001,4,67,0.3543307086614173,0.9666666666666667,0.3076923076923077
19465,HyboNet,3,32,0.001,4,68,0.3543307086614173,0.9666666666666667,0.3076923076923077
19466,HyboNet,3,32,0.001,4,69,0.3543307086614173,0.9666666666666667,0.3076923076923077
19467,HyboNet,3,32,0.001,4,7,0.5433070866141733,0.7,0.5
19468,HyboNet,3,32,0.001,4,70,0.3464566929133858,0.9666666666666667,0.3076923076923077
19469,HyboNet,3,32,0.001,4,71,0.3543307086614173,0.9666666666666667,0.3076923076923077
19470,HyboNet,3,32,0.001,4,72,0.3464566929133858,0.9666666666666667,0.2692307692307692
19471,HyboNet,3,32,0.001,4,73,0.33858267716535434,0.9666666666666667,0.2692307692307692
19472,HyboNet,3,32,0.001,4,74,0.33070866141732286,0.9666666666666667,0.2692307692307692
19473,HyboNet,3,32,0.001,4,75,0.3464566929133858,0.9666666666666667,0.2692307692307692
19474,HyboNet,3,32,0.001,4,76,0.3543307086614173,0.9666666666666667,0.2692307692307692
19475,HyboNet,3,32,0.001,4,77,0.3543307086614173,0.9666666666666667,0.2692307692307692
19476,HyboNet,3,32,0.001,4,78,0.33858267716535434,1.0,0.2692307692307692
19477,HyboNet,3,32,0.001,4,79,0.3464566929133858,1.0,0.2692307692307692
19478,HyboNet,3,32,0.001,4,8,0.5354330708661418,0.7,0.5
19479,HyboNet,3,32,0.001,4,80,0.36220472440944884,0.9666666666666667,0.2692307692307692
19480,HyboNet,3,32,0.001,4,81,0.3543307086614173,0.9666666666666667,0.2692307692307692
19481,HyboNet,3,32,0.001,4,82,0.33858267716535434,0.9666666666666667,0.2692307692307692
19482,HyboNet,3,32,0.001,4,83,0.3464566929133858,0.9666666666666667,0.2692307692307692
19483,HyboNet,3,32,0.001,4,84,0.36220472440944884,0.9666666666666667,0.3076923076923077
19484,HyboNet,3,32,0.001,4,85,0.3543307086614173,1.0,0.3076923076923077
19485,HyboNet,3,32,0.001,4,86,0.3779527559055118,1.0,0.34615384615384615
19486,HyboNet,3,32,0.001,4,87,0.36220472440944884,0.9666666666666667,0.34615384615384615
19487,HyboNet,3,32,0.001,4,88,0.36220472440944884,1.0,0.34615384615384615
19488,HyboNet,3,32,0.001,4,89,0.3543307086614173,1.0,0.3076923076923077
19489,HyboNet,3,32,0.001,4,9,0.5275590551181102,0.7333333333333333,0.5
19490,HyboNet,3,32,0.001,4,90,0.3464566929133858,1.0,0.3076923076923077
19491,HyboNet,3,32,0.001,4,91,0.3464566929133858,1.0,0.3076923076923077
19492,HyboNet,3,32,0.001,4,92,0.3464566929133858,1.0,0.2692307692307692
19493,HyboNet,3,32,0.001,4,93,0.36220472440944884,1.0,0.2692307692307692
19494,HyboNet,3,32,0.001,4,94,0.36220472440944884,1.0,0.2692307692307692
19495,HyboNet,3,32,0.001,4,95,0.3464566929133858,1.0,0.2692307692307692
19496,HyboNet,3,32,0.001,4,96,0.3464566929133858,1.0,0.2692307692307692
19497,HyboNet,3,32,0.001,4,97,0.33070866141732286,1.0,0.2692307692307692
19498,HyboNet,3,32,0.001,4,98,0.33858267716535434,1.0,0.2692307692307692
19499,HyboNet,3,32,0.001,4,99,0.33858267716535434,1.0,0.2692307692307692
19500,HyboNet,3,32,0.001,5,1,0.3937007874015748,0.4666666666666667,0.5
19501,HyboNet,3,32,0.001,5,10,0.5196850393700787,0.6333333333333333,0.5769230769230769
19502,HyboNet,3,32,0.001,5,100,0.4251968503937008,1.0,0.38461538461538464
19503,HyboNet,3,32,0.001,5,11,0.5196850393700787,0.6333333333333333,0.5769230769230769
19504,HyboNet,3,32,0.001,5,12,0.5118110236220472,0.6333333333333333,0.5769230769230769
19505,HyboNet,3,32,0.001,5,13,0.5118110236220472,0.7,0.5384615384615384
19506,HyboNet,3,32,0.001,5,14,0.5196850393700787,0.7333333333333333,0.5769230769230769
19507,HyboNet,3,32,0.001,5,15,0.49606299212598426,0.7666666666666667,0.5769230769230769
19508,HyboNet,3,32,0.001,5,16,0.5039370078740157,0.7666666666666667,0.5769230769230769
19509,HyboNet,3,32,0.001,5,17,0.4881889763779528,0.7666666666666667,0.5769230769230769
19510,HyboNet,3,32,0.001,5,18,0.4881889763779528,0.7666666666666667,0.5769230769230769
19511,HyboNet,3,32,0.001,5,19,0.5039370078740157,0.7666666666666667,0.5769230769230769
19512,HyboNet,3,32,0.001,5,2,0.5196850393700787,0.5666666666666667,0.5384615384615384
19513,HyboNet,3,32,0.001,5,20,0.5196850393700787,0.7666666666666667,0.5769230769230769
19514,HyboNet,3,32,0.001,5,21,0.5118110236220472,0.8,0.5769230769230769
19515,HyboNet,3,32,0.001,5,22,0.5196850393700787,0.8333333333333334,0.5769230769230769
19516,HyboNet,3,32,0.001,5,23,0.5196850393700787,0.8333333333333334,0.5769230769230769
19517,HyboNet,3,32,0.001,5,24,0.5039370078740157,0.8333333333333334,0.5769230769230769
19518,HyboNet,3,32,0.001,5,25,0.5039370078740157,0.9,0.6153846153846154
19519,HyboNet,3,32,0.001,5,26,0.4881889763779528,0.9,0.5769230769230769
19520,HyboNet,3,32,0.001,5,27,0.47244094488188976,0.9,0.5769230769230769
19521,HyboNet,3,32,0.001,5,28,0.47244094488188976,0.9,0.6153846153846154
19522,HyboNet,3,32,0.001,5,29,0.4645669291338583,0.9333333333333333,0.5384615384615384
19523,HyboNet,3,32,0.001,5,3,0.5275590551181102,0.6,0.5769230769230769
19524,HyboNet,3,32,0.001,5,30,0.4409448818897638,0.9333333333333333,0.5384615384615384
19525,HyboNet,3,32,0.001,5,31,0.4645669291338583,0.9333333333333333,0.5384615384615384
19526,HyboNet,3,32,0.001,5,32,0.4566929133858268,0.9333333333333333,0.5384615384615384
19527,HyboNet,3,32,0.001,5,33,0.4409448818897638,0.9666666666666667,0.5384615384615384
19528,HyboNet,3,32,0.001,5,34,0.4251968503937008,0.9666666666666667,0.46153846153846156
19529,HyboNet,3,32,0.001,5,35,0.41732283464566927,0.9666666666666667,0.46153846153846156
19530,HyboNet,3,32,0.001,5,36,0.4251968503937008,0.9666666666666667,0.46153846153846156
19531,HyboNet,3,32,0.001,5,37,0.4251968503937008,0.9666666666666667,0.46153846153846156
19532,HyboNet,3,32,0.001,5,38,0.4409448818897638,0.9666666666666667,0.46153846153846156
19533,HyboNet,3,32,0.001,5,39,0.4330708661417323,0.9666666666666667,0.4230769230769231
19534,HyboNet,3,32,0.001,5,4,0.5118110236220472,0.6,0.6153846153846154
19535,HyboNet,3,32,0.001,5,40,0.4251968503937008,0.9666666666666667,0.4230769230769231
19536,HyboNet,3,32,0.001,5,41,0.41732283464566927,0.9666666666666667,0.4230769230769231
19537,HyboNet,3,32,0.001,5,42,0.4094488188976378,0.9666666666666667,0.4230769230769231
19538,HyboNet,3,32,0.001,5,43,0.4094488188976378,0.9666666666666667,0.4230769230769231
19539,HyboNet,3,32,0.001,5,44,0.41732283464566927,0.9666666666666667,0.4230769230769231
19540,HyboNet,3,32,0.001,5,45,0.41732283464566927,0.9666666666666667,0.4230769230769231
19541,HyboNet,3,32,0.001,5,46,0.4094488188976378,1.0,0.4230769230769231
19542,HyboNet,3,32,0.001,5,47,0.41732283464566927,1.0,0.4230769230769231
19543,HyboNet,3,32,0.001,5,48,0.4015748031496063,1.0,0.46153846153846156
19544,HyboNet,3,32,0.001,5,49,0.4094488188976378,1.0,0.46153846153846156
19545,HyboNet,3,32,0.001,5,5,0.5118110236220472,0.6333333333333333,0.5769230769230769
19546,HyboNet,3,32,0.001,5,50,0.4015748031496063,1.0,0.46153846153846156
19547,HyboNet,3,32,0.001,5,51,0.4094488188976378,1.0,0.46153846153846156
19548,HyboNet,3,32,0.001,5,52,0.4094488188976378,1.0,0.46153846153846156
19549,HyboNet,3,32,0.001,5,53,0.4015748031496063,1.0,0.46153846153846156
19550,HyboNet,3,32,0.001,5,54,0.4094488188976378,1.0,0.46153846153846156
19551,HyboNet,3,32,0.001,5,55,0.4015748031496063,1.0,0.46153846153846156
19552,HyboNet,3,32,0.001,5,56,0.4094488188976378,1.0,0.46153846153846156
19553,HyboNet,3,32,0.001,5,57,0.4094488188976378,1.0,0.46153846153846156
19554,HyboNet,3,32,0.001,5,58,0.4015748031496063,1.0,0.46153846153846156
19555,HyboNet,3,32,0.001,5,59,0.41732283464566927,1.0,0.46153846153846156
19556,HyboNet,3,32,0.001,5,6,0.5118110236220472,0.6666666666666666,0.5769230769230769
19557,HyboNet,3,32,0.001,5,60,0.4015748031496063,1.0,0.46153846153846156
19558,HyboNet,3,32,0.001,5,61,0.4015748031496063,1.0,0.46153846153846156
19559,HyboNet,3,32,0.001,5,62,0.4015748031496063,1.0,0.46153846153846156
19560,HyboNet,3,32,0.001,5,63,0.41732283464566927,1.0,0.46153846153846156
19561,HyboNet,3,32,0.001,5,64,0.4015748031496063,1.0,0.46153846153846156
19562,HyboNet,3,32,0.001,5,65,0.4015748031496063,1.0,0.4230769230769231
19563,HyboNet,3,32,0.001,5,66,0.4094488188976378,1.0,0.4230769230769231
19564,HyboNet,3,32,0.001,5,67,0.4094488188976378,1.0,0.4230769230769231
19565,HyboNet,3,32,0.001,5,68,0.4094488188976378,1.0,0.4230769230769231
19566,HyboNet,3,32,0.001,5,69,0.4015748031496063,1.0,0.38461538461538464
19567,HyboNet,3,32,0.001,5,7,0.5118110236220472,0.6666666666666666,0.5769230769230769
19568,HyboNet,3,32,0.001,5,70,0.4015748031496063,1.0,0.4230769230769231
19569,HyboNet,3,32,0.001,5,71,0.3937007874015748,1.0,0.4230769230769231
19570,HyboNet,3,32,0.001,5,72,0.4015748031496063,1.0,0.4230769230769231
19571,HyboNet,3,32,0.001,5,73,0.3937007874015748,1.0,0.4230769230769231
19572,HyboNet,3,32,0.001,5,74,0.3858267716535433,1.0,0.46153846153846156
19573,HyboNet,3,32,0.001,5,75,0.4015748031496063,1.0,0.4230769230769231
19574,HyboNet,3,32,0.001,5,76,0.4015748031496063,1.0,0.4230769230769231
19575,HyboNet,3,32,0.001,5,77,0.4015748031496063,1.0,0.38461538461538464
19576,HyboNet,3,32,0.001,5,78,0.3779527559055118,1.0,0.4230769230769231
19577,HyboNet,3,32,0.001,5,79,0.3937007874015748,1.0,0.38461538461538464
19578,HyboNet,3,32,0.001,5,8,0.5118110236220472,0.6666666666666666,0.5769230769230769
19579,HyboNet,3,32,0.001,5,80,0.3937007874015748,1.0,0.34615384615384615
19580,HyboNet,3,32,0.001,5,81,0.4094488188976378,1.0,0.34615384615384615
19581,HyboNet,3,32,0.001,5,82,0.41732283464566927,1.0,0.38461538461538464
19582,HyboNet,3,32,0.001,5,83,0.4251968503937008,1.0,0.38461538461538464
19583,HyboNet,3,32,0.001,5,84,0.4094488188976378,1.0,0.4230769230769231
19584,HyboNet,3,32,0.001,5,85,0.41732283464566927,1.0,0.4230769230769231
19585,HyboNet,3,32,0.001,5,86,0.41732283464566927,1.0,0.46153846153846156
19586,HyboNet,3,32,0.001,5,87,0.4330708661417323,1.0,0.46153846153846156
19587,HyboNet,3,32,0.001,5,88,0.4330708661417323,1.0,0.46153846153846156
19588,HyboNet,3,32,0.001,5,89,0.4330708661417323,1.0,0.46153846153846156
19589,HyboNet,3,32,0.001,5,9,0.5118110236220472,0.6333333333333333,0.5769230769230769
19590,HyboNet,3,32,0.001,5,90,0.4330708661417323,1.0,0.4230769230769231
19591,HyboNet,3,32,0.001,5,91,0.4330708661417323,1.0,0.4230769230769231
19592,HyboNet,3,32,0.001,5,92,0.4094488188976378,1.0,0.38461538461538464
19593,HyboNet,3,32,0.001,5,93,0.4251968503937008,1.0,0.38461538461538464
19594,HyboNet,3,32,0.001,5,94,0.41732283464566927,1.0,0.38461538461538464
19595,HyboNet,3,32,0.001,5,95,0.41732283464566927,1.0,0.38461538461538464
19596,HyboNet,3,32,0.001,5,96,0.4330708661417323,1.0,0.38461538461538464
19597,HyboNet,3,32,0.001,5,97,0.4251968503937008,1.0,0.38461538461538464
19598,HyboNet,3,32,0.001,5,98,0.41732283464566927,1.0,0.38461538461538464
19599,HyboNet,3,32,0.001,5,99,0.4330708661417323,1.0,0.38461538461538464
19600,HyboNet,3,32,0.001,6,1,0.4881889763779528,0.5666666666666667,0.46153846153846156
19601,HyboNet,3,32,0.001,6,10,0.5433070866141733,0.6333333333333333,0.5384615384615384
19602,HyboNet,3,32,0.001,6,100,0.3858267716535433,1.0,0.38461538461538464
19603,HyboNet,3,32,0.001,6,11,0.5354330708661418,0.6666666666666666,0.5384615384615384
19604,HyboNet,3,32,0.001,6,12,0.5433070866141733,0.7,0.5
19605,HyboNet,3,32,0.001,6,13,0.5433070866141733,0.7666666666666667,0.5
19606,HyboNet,3,32,0.001,6,14,0.5275590551181102,0.7666666666666667,0.5
19607,HyboNet,3,32,0.001,6,15,0.5511811023622047,0.7666666666666667,0.5
19608,HyboNet,3,32,0.001,6,16,0.5511811023622047,0.7666666666666667,0.46153846153846156
19609,HyboNet,3,32,0.001,6,17,0.5433070866141733,0.7,0.46153846153846156
19610,HyboNet,3,32,0.001,6,18,0.5433070866141733,0.7333333333333333,0.46153846153846156
19611,HyboNet,3,32,0.001,6,19,0.5354330708661418,0.7666666666666667,0.4230769230769231
19612,HyboNet,3,32,0.001,6,2,0.5275590551181102,0.6,0.5
19613,HyboNet,3,32,0.001,6,20,0.5196850393700787,0.8,0.4230769230769231
19614,HyboNet,3,32,0.001,6,21,0.5118110236220472,0.8,0.4230769230769231
19615,HyboNet,3,32,0.001,6,22,0.5196850393700787,0.8,0.4230769230769231
19616,HyboNet,3,32,0.001,6,23,0.5275590551181102,0.8,0.4230769230769231
19617,HyboNet,3,32,0.001,6,24,0.5354330708661418,0.8,0.4230769230769231
19618,HyboNet,3,32,0.001,6,25,0.5275590551181102,0.8333333333333334,0.4230769230769231
19619,HyboNet,3,32,0.001,6,26,0.5275590551181102,0.8333333333333334,0.4230769230769231
19620,HyboNet,3,32,0.001,6,27,0.5275590551181102,0.8666666666666667,0.4230769230769231
19621,HyboNet,3,32,0.001,6,28,0.5275590551181102,0.8666666666666667,0.4230769230769231
19622,HyboNet,3,32,0.001,6,29,0.5118110236220472,0.9,0.4230769230769231
19623,HyboNet,3,32,0.001,6,3,0.5433070866141733,0.6,0.5769230769230769
19624,HyboNet,3,32,0.001,6,30,0.5196850393700787,0.9,0.4230769230769231
19625,HyboNet,3,32,0.001,6,31,0.5118110236220472,0.9,0.46153846153846156
19626,HyboNet,3,32,0.001,6,32,0.5118110236220472,0.9,0.46153846153846156
19627,HyboNet,3,32,0.001,6,33,0.49606299212598426,0.9,0.5
19628,HyboNet,3,32,0.001,6,34,0.4881889763779528,0.9,0.4230769230769231
19629,HyboNet,3,32,0.001,6,35,0.48031496062992124,0.8666666666666667,0.46153846153846156
19630,HyboNet,3,32,0.001,6,36,0.48031496062992124,0.9,0.46153846153846156
19631,HyboNet,3,32,0.001,6,37,0.48031496062992124,0.9,0.46153846153846156
19632,HyboNet,3,32,0.001,6,38,0.48031496062992124,0.9333333333333333,0.46153846153846156
19633,HyboNet,3,32,0.001,6,39,0.4881889763779528,0.9333333333333333,0.5
19634,HyboNet,3,32,0.001,6,4,0.5433070866141733,0.6,0.5769230769230769
19635,HyboNet,3,32,0.001,6,40,0.47244094488188976,0.9333333333333333,0.5
19636,HyboNet,3,32,0.001,6,41,0.4645669291338583,0.9333333333333333,0.5
19637,HyboNet,3,32,0.001,6,42,0.4566929133858268,0.9333333333333333,0.5
19638,HyboNet,3,32,0.001,6,43,0.4409448818897638,0.9333333333333333,0.46153846153846156
19639,HyboNet,3,32,0.001,6,44,0.4330708661417323,0.9666666666666667,0.46153846153846156
19640,HyboNet,3,32,0.001,6,45,0.4330708661417323,1.0,0.4230769230769231
19641,HyboNet,3,32,0.001,6,46,0.4251968503937008,1.0,0.4230769230769231
19642,HyboNet,3,32,0.001,6,47,0.4251968503937008,1.0,0.4230769230769231
19643,HyboNet,3,32,0.001,6,48,0.4251968503937008,1.0,0.4230769230769231
19644,HyboNet,3,32,0.001,6,49,0.4251968503937008,1.0,0.4230769230769231
19645,HyboNet,3,32,0.001,6,5,0.5433070866141733,0.6,0.5769230769230769
19646,HyboNet,3,32,0.001,6,50,0.4251968503937008,0.9666666666666667,0.46153846153846156
19647,HyboNet,3,32,0.001,6,51,0.41732283464566927,0.9666666666666667,0.46153846153846156
19648,HyboNet,3,32,0.001,6,52,0.4094488188976378,1.0,0.46153846153846156
19649,HyboNet,3,32,0.001,6,53,0.4015748031496063,1.0,0.46153846153846156
19650,HyboNet,3,32,0.001,6,54,0.3937007874015748,1.0,0.4230769230769231
19651,HyboNet,3,32,0.001,6,55,0.4015748031496063,1.0,0.4230769230769231
19652,HyboNet,3,32,0.001,6,56,0.41732283464566927,1.0,0.4230769230769231
19653,HyboNet,3,32,0.001,6,57,0.4094488188976378,1.0,0.4230769230769231
19654,HyboNet,3,32,0.001,6,58,0.41732283464566927,1.0,0.4230769230769231
19655,HyboNet,3,32,0.001,6,59,0.4015748031496063,1.0,0.4230769230769231
19656,HyboNet,3,32,0.001,6,6,0.5433070866141733,0.6,0.5769230769230769
19657,HyboNet,3,32,0.001,6,60,0.4094488188976378,1.0,0.4230769230769231
19658,HyboNet,3,32,0.001,6,61,0.4094488188976378,1.0,0.4230769230769231
19659,HyboNet,3,32,0.001,6,62,0.4094488188976378,1.0,0.4230769230769231
19660,HyboNet,3,32,0.001,6,63,0.4015748031496063,1.0,0.38461538461538464
19661,HyboNet,3,32,0.001,6,64,0.4015748031496063,1.0,0.38461538461538464
19662,HyboNet,3,32,0.001,6,65,0.3937007874015748,1.0,0.4230769230769231
19663,HyboNet,3,32,0.001,6,66,0.3937007874015748,1.0,0.4230769230769231
19664,HyboNet,3,32,0.001,6,67,0.3937007874015748,1.0,0.4230769230769231
19665,HyboNet,3,32,0.001,6,68,0.3937007874015748,1.0,0.4230769230769231
19666,HyboNet,3,32,0.001,6,69,0.3858267716535433,1.0,0.38461538461538464
19667,HyboNet,3,32,0.001,6,7,0.5433070866141733,0.6,0.5769230769230769
19668,HyboNet,3,32,0.001,6,70,0.3779527559055118,1.0,0.38461538461538464
19669,HyboNet,3,32,0.001,6,71,0.4015748031496063,1.0,0.38461538461538464
19670,HyboNet,3,32,0.001,6,72,0.4094488188976378,1.0,0.38461538461538464
19671,HyboNet,3,32,0.001,6,73,0.4015748031496063,1.0,0.38461538461538464
19672,HyboNet,3,32,0.001,6,74,0.3858267716535433,1.0,0.38461538461538464
19673,HyboNet,3,32,0.001,6,75,0.3937007874015748,1.0,0.38461538461538464
19674,HyboNet,3,32,0.001,6,76,0.3937007874015748,1.0,0.38461538461538464
19675,HyboNet,3,32,0.001,6,77,0.3937007874015748,1.0,0.38461538461538464
19676,HyboNet,3,32,0.001,6,78,0.3937007874015748,1.0,0.38461538461538464
19677,HyboNet,3,32,0.001,6,79,0.3937007874015748,1.0,0.38461538461538464
19678,HyboNet,3,32,0.001,6,8,0.5433070866141733,0.6,0.5769230769230769
19679,HyboNet,3,32,0.001,6,80,0.3937007874015748,1.0,0.38461538461538464
19680,HyboNet,3,32,0.001,6,81,0.4015748031496063,1.0,0.38461538461538464
19681,HyboNet,3,32,0.001,6,82,0.3937007874015748,1.0,0.38461538461538464
19682,HyboNet,3,32,0.001,6,83,0.4015748031496063,1.0,0.38461538461538464
19683,HyboNet,3,32,0.001,6,84,0.4015748031496063,1.0,0.38461538461538464
19684,HyboNet,3,32,0.001,6,85,0.3858267716535433,1.0,0.38461538461538464
19685,HyboNet,3,32,0.001,6,86,0.3700787401574803,1.0,0.38461538461538464
19686,HyboNet,3,32,0.001,6,87,0.3700787401574803,1.0,0.38461538461538464
19687,HyboNet,3,32,0.001,6,88,0.3779527559055118,1.0,0.38461538461538464
19688,HyboNet,3,32,0.001,6,89,0.3858267716535433,1.0,0.38461538461538464
19689,HyboNet,3,32,0.001,6,9,0.5354330708661418,0.6333333333333333,0.5769230769230769
19690,HyboNet,3,32,0.001,6,90,0.3858267716535433,1.0,0.38461538461538464
19691,HyboNet,3,32,0.001,6,91,0.3779527559055118,1.0,0.38461538461538464
19692,HyboNet,3,32,0.001,6,92,0.3858267716535433,1.0,0.38461538461538464
19693,HyboNet,3,32,0.001,6,93,0.3779527559055118,1.0,0.38461538461538464
19694,HyboNet,3,32,0.001,6,94,0.3779527559055118,1.0,0.38461538461538464
19695,HyboNet,3,32,0.001,6,95,0.3700787401574803,1.0,0.38461538461538464
19696,HyboNet,3,32,0.001,6,96,0.3700787401574803,1.0,0.38461538461538464
19697,HyboNet,3,32,0.001,6,97,0.3700787401574803,1.0,0.38461538461538464
19698,HyboNet,3,32,0.001,6,98,0.3779527559055118,1.0,0.38461538461538464
19699,HyboNet,3,32,0.001,6,99,0.3858267716535433,1.0,0.38461538461538464
19700,HyboNet,3,32,0.001,7,1,0.47244094488188976,0.5333333333333333,0.5384615384615384
19701,HyboNet,3,32,0.001,7,10,0.5433070866141733,0.7,0.5769230769230769
19702,HyboNet,3,32,0.001,7,100,0.36220472440944884,1.0,0.38461538461538464
19703,HyboNet,3,32,0.001,7,11,0.5433070866141733,0.7,0.5769230769230769
19704,HyboNet,3,32,0.001,7,12,0.5511811023622047,0.7333333333333333,0.5769230769230769
19705,HyboNet,3,32,0.001,7,13,0.5590551181102362,0.7333333333333333,0.6153846153846154
19706,HyboNet,3,32,0.001,7,14,0.5433070866141733,0.7666666666666667,0.6153846153846154
19707,HyboNet,3,32,0.001,7,15,0.5511811023622047,0.7666666666666667,0.6153846153846154
19708,HyboNet,3,32,0.001,7,16,0.5511811023622047,0.7666666666666667,0.6153846153846154
19709,HyboNet,3,32,0.001,7,17,0.5433070866141733,0.7666666666666667,0.6153846153846154
19710,HyboNet,3,32,0.001,7,18,0.5275590551181102,0.7666666666666667,0.5769230769230769
19711,HyboNet,3,32,0.001,7,19,0.5433070866141733,0.7666666666666667,0.5769230769230769
19712,HyboNet,3,32,0.001,7,2,0.5196850393700787,0.5333333333333333,0.5384615384615384
19713,HyboNet,3,32,0.001,7,20,0.5433070866141733,0.8,0.6153846153846154
19714,HyboNet,3,32,0.001,7,21,0.5433070866141733,0.8,0.5769230769230769
19715,HyboNet,3,32,0.001,7,22,0.5433070866141733,0.8,0.5384615384615384
19716,HyboNet,3,32,0.001,7,23,0.5354330708661418,0.8,0.5769230769230769
19717,HyboNet,3,32,0.001,7,24,0.5275590551181102,0.8,0.5769230769230769
19718,HyboNet,3,32,0.001,7,25,0.5275590551181102,0.8333333333333334,0.5769230769230769
19719,HyboNet,3,32,0.001,7,26,0.5275590551181102,0.8333333333333334,0.5769230769230769
19720,HyboNet,3,32,0.001,7,27,0.5196850393700787,0.8333333333333334,0.6153846153846154
19721,HyboNet,3,32,0.001,7,28,0.5196850393700787,0.8333333333333334,0.6153846153846154
19722,HyboNet,3,32,0.001,7,29,0.5196850393700787,0.8333333333333334,0.6153846153846154
19723,HyboNet,3,32,0.001,7,3,0.5275590551181102,0.6,0.5769230769230769
19724,HyboNet,3,32,0.001,7,30,0.5196850393700787,0.8333333333333334,0.6153846153846154
19725,HyboNet,3,32,0.001,7,31,0.5275590551181102,0.8333333333333334,0.6153846153846154
19726,HyboNet,3,32,0.001,7,32,0.5196850393700787,0.8333333333333334,0.6153846153846154
19727,HyboNet,3,32,0.001,7,33,0.5039370078740157,0.8333333333333334,0.5384615384615384
19728,HyboNet,3,32,0.001,7,34,0.5039370078740157,0.8333333333333334,0.5384615384615384
19729,HyboNet,3,32,0.001,7,35,0.49606299212598426,0.8333333333333334,0.5384615384615384
19730,HyboNet,3,32,0.001,7,36,0.5118110236220472,0.8333333333333334,0.5384615384615384
19731,HyboNet,3,32,0.001,7,37,0.5039370078740157,0.8333333333333334,0.5384615384615384
19732,HyboNet,3,32,0.001,7,38,0.4881889763779528,0.8333333333333334,0.5384615384615384
19733,HyboNet,3,32,0.001,7,39,0.4881889763779528,0.8666666666666667,0.5384615384615384
19734,HyboNet,3,32,0.001,7,4,0.5354330708661418,0.6,0.5769230769230769
19735,HyboNet,3,32,0.001,7,40,0.49606299212598426,0.9333333333333333,0.5384615384615384
19736,HyboNet,3,32,0.001,7,41,0.49606299212598426,0.9333333333333333,0.5384615384615384
19737,HyboNet,3,32,0.001,7,42,0.49606299212598426,0.9333333333333333,0.5384615384615384
19738,HyboNet,3,32,0.001,7,43,0.49606299212598426,0.9333333333333333,0.5384615384615384
19739,HyboNet,3,32,0.001,7,44,0.4881889763779528,0.9333333333333333,0.5384615384615384
19740,HyboNet,3,32,0.001,7,45,0.4645669291338583,0.9666666666666667,0.5384615384615384
19741,HyboNet,3,32,0.001,7,46,0.47244094488188976,0.9333333333333333,0.5
19742,HyboNet,3,32,0.001,7,47,0.48031496062992124,0.9333333333333333,0.5384615384615384
19743,HyboNet,3,32,0.001,7,48,0.48031496062992124,0.9333333333333333,0.5384615384615384
19744,HyboNet,3,32,0.001,7,49,0.48031496062992124,0.9333333333333333,0.5
19745,HyboNet,3,32,0.001,7,5,0.5354330708661418,0.6,0.5769230769230769
19746,HyboNet,3,32,0.001,7,50,0.48031496062992124,0.9333333333333333,0.5
19747,HyboNet,3,32,0.001,7,51,0.47244094488188976,0.9333333333333333,0.5
19748,HyboNet,3,32,0.001,7,52,0.4645669291338583,0.9333333333333333,0.5
19749,HyboNet,3,32,0.001,7,53,0.44881889763779526,0.9666666666666667,0.46153846153846156
19750,HyboNet,3,32,0.001,7,54,0.44881889763779526,1.0,0.5
19751,HyboNet,3,32,0.001,7,55,0.4409448818897638,0.9666666666666667,0.5
19752,HyboNet,3,32,0.001,7,56,0.4330708661417323,0.9666666666666667,0.46153846153846156
19753,HyboNet,3,32,0.001,7,57,0.4330708661417323,0.9666666666666667,0.46153846153846156
19754,HyboNet,3,32,0.001,7,58,0.4409448818897638,0.9666666666666667,0.46153846153846156
19755,HyboNet,3,32,0.001,7,59,0.4330708661417323,0.9666666666666667,0.5
19756,HyboNet,3,32,0.001,7,6,0.5354330708661418,0.6,0.5769230769230769
19757,HyboNet,3,32,0.001,7,60,0.4409448818897638,0.9666666666666667,0.5384615384615384
19758,HyboNet,3,32,0.001,7,61,0.4251968503937008,1.0,0.5384615384615384
19759,HyboNet,3,32,0.001,7,62,0.4251968503937008,1.0,0.5384615384615384
19760,HyboNet,3,32,0.001,7,63,0.41732283464566927,0.9666666666666667,0.5
19761,HyboNet,3,32,0.001,7,64,0.4409448818897638,0.9666666666666667,0.5
19762,HyboNet,3,32,0.001,7,65,0.4409448818897638,0.9666666666666667,0.46153846153846156
19763,HyboNet,3,32,0.001,7,66,0.4409448818897638,0.9666666666666667,0.5
19764,HyboNet,3,32,0.001,7,67,0.4094488188976378,1.0,0.46153846153846156
19765,HyboNet,3,32,0.001,7,68,0.41732283464566927,1.0,0.5
19766,HyboNet,3,32,0.001,7,69,0.4251968503937008,1.0,0.5384615384615384
19767,HyboNet,3,32,0.001,7,7,0.5433070866141733,0.6,0.5769230769230769
19768,HyboNet,3,32,0.001,7,70,0.41732283464566927,1.0,0.5384615384615384
19769,HyboNet,3,32,0.001,7,71,0.4094488188976378,1.0,0.5
19770,HyboNet,3,32,0.001,7,72,0.4251968503937008,1.0,0.5
19771,HyboNet,3,32,0.001,7,73,0.41732283464566927,1.0,0.4230769230769231
19772,HyboNet,3,32,0.001,7,74,0.4015748031496063,1.0,0.46153846153846156
19773,HyboNet,3,32,0.001,7,75,0.3937007874015748,1.0,0.4230769230769231
19774,HyboNet,3,32,0.001,7,76,0.3937007874015748,1.0,0.4230769230769231
19775,HyboNet,3,32,0.001,7,77,0.4094488188976378,1.0,0.5
19776,HyboNet,3,32,0.001,7,78,0.4094488188976378,1.0,0.5
19777,HyboNet,3,32,0.001,7,79,0.41732283464566927,1.0,0.5
19778,HyboNet,3,32,0.001,7,8,0.5433070866141733,0.6,0.5769230769230769
19779,HyboNet,3,32,0.001,7,80,0.4094488188976378,1.0,0.46153846153846156
19780,HyboNet,3,32,0.001,7,81,0.4015748031496063,1.0,0.4230769230769231
19781,HyboNet,3,32,0.001,7,82,0.3858267716535433,1.0,0.4230769230769231
19782,HyboNet,3,32,0.001,7,83,0.3779527559055118,1.0,0.46153846153846156
19783,HyboNet,3,32,0.001,7,84,0.3858267716535433,1.0,0.4230769230769231
19784,HyboNet,3,32,0.001,7,85,0.4015748031496063,1.0,0.46153846153846156
19785,HyboNet,3,32,0.001,7,86,0.3937007874015748,1.0,0.38461538461538464
19786,HyboNet,3,32,0.001,7,87,0.4015748031496063,1.0,0.4230769230769231
19787,HyboNet,3,32,0.001,7,88,0.4094488188976378,1.0,0.4230769230769231
19788,HyboNet,3,32,0.001,7,89,0.3937007874015748,1.0,0.4230769230769231
19789,HyboNet,3,32,0.001,7,9,0.5433070866141733,0.6,0.5769230769230769
19790,HyboNet,3,32,0.001,7,90,0.3700787401574803,1.0,0.4230769230769231
19791,HyboNet,3,32,0.001,7,91,0.36220472440944884,1.0,0.5
19792,HyboNet,3,32,0.001,7,92,0.3700787401574803,1.0,0.46153846153846156
19793,HyboNet,3,32,0.001,7,93,0.3937007874015748,1.0,0.4230769230769231
19794,HyboNet,3,32,0.001,7,94,0.3858267716535433,1.0,0.38461538461538464
19795,HyboNet,3,32,0.001,7,95,0.3858267716535433,1.0,0.38461538461538464
19796,HyboNet,3,32,0.001,7,96,0.3700787401574803,1.0,0.4230769230769231
19797,HyboNet,3,32,0.001,7,97,0.3779527559055118,1.0,0.38461538461538464
19798,HyboNet,3,32,0.001,7,98,0.3779527559055118,1.0,0.34615384615384615
19799,HyboNet,3,32,0.001,7,99,0.36220472440944884,1.0,0.34615384615384615
19800,HyboNet,3,32,0.001,8,1,0.30708661417322836,0.36666666666666664,0.2692307692307692
19801,HyboNet,3,32,0.001,8,10,0.5196850393700787,0.6,0.5769230769230769
19802,HyboNet,3,32,0.001,8,100,0.4015748031496063,1.0,0.34615384615384615
19803,HyboNet,3,32,0.001,8,11,0.5196850393700787,0.6,0.5769230769230769
19804,HyboNet,3,32,0.001,8,12,0.5275590551181102,0.6,0.5769230769230769
19805,HyboNet,3,32,0.001,8,13,0.5275590551181102,0.6,0.5769230769230769
19806,HyboNet,3,32,0.001,8,14,0.5275590551181102,0.6,0.5769230769230769
19807,HyboNet,3,32,0.001,8,15,0.5275590551181102,0.6,0.5769230769230769
19808,HyboNet,3,32,0.001,8,16,0.5275590551181102,0.6333333333333333,0.5769230769230769
19809,HyboNet,3,32,0.001,8,17,0.5196850393700787,0.6666666666666666,0.5769230769230769
19810,HyboNet,3,32,0.001,8,18,0.5275590551181102,0.6666666666666666,0.5769230769230769
19811,HyboNet,3,32,0.001,8,19,0.5275590551181102,0.6666666666666666,0.5769230769230769
19812,HyboNet,3,32,0.001,8,2,0.4409448818897638,0.5333333333333333,0.5769230769230769
19813,HyboNet,3,32,0.001,8,20,0.5275590551181102,0.6666666666666666,0.5769230769230769
19814,HyboNet,3,32,0.001,8,21,0.5354330708661418,0.7,0.5769230769230769
19815,HyboNet,3,32,0.001,8,22,0.5354330708661418,0.7,0.5769230769230769
19816,HyboNet,3,32,0.001,8,23,0.5275590551181102,0.7333333333333333,0.5769230769230769
19817,HyboNet,3,32,0.001,8,24,0.5275590551181102,0.7333333333333333,0.5769230769230769
19818,HyboNet,3,32,0.001,8,25,0.5275590551181102,0.7333333333333333,0.6153846153846154
19819,HyboNet,3,32,0.001,8,26,0.5196850393700787,0.7333333333333333,0.6153846153846154
19820,HyboNet,3,32,0.001,8,27,0.5118110236220472,0.7333333333333333,0.6153846153846154
19821,HyboNet,3,32,0.001,8,28,0.5118110236220472,0.7333333333333333,0.5384615384615384
19822,HyboNet,3,32,0.001,8,29,0.5039370078740157,0.7333333333333333,0.5384615384615384
19823,HyboNet,3,32,0.001,8,3,0.5039370078740157,0.6,0.5384615384615384
19824,HyboNet,3,32,0.001,8,30,0.5118110236220472,0.7333333333333333,0.5
19825,HyboNet,3,32,0.001,8,31,0.5196850393700787,0.8,0.5
19826,HyboNet,3,32,0.001,8,32,0.5118110236220472,0.8,0.46153846153846156
19827,HyboNet,3,32,0.001,8,33,0.5039370078740157,0.8,0.46153846153846156
19828,HyboNet,3,32,0.001,8,34,0.5118110236220472,0.8,0.46153846153846156
19829,HyboNet,3,32,0.001,8,35,0.49606299212598426,0.8,0.5
19830,HyboNet,3,32,0.001,8,36,0.4881889763779528,0.8,0.46153846153846156
19831,HyboNet,3,32,0.001,8,37,0.4881889763779528,0.8,0.46153846153846156
19832,HyboNet,3,32,0.001,8,38,0.49606299212598426,0.8333333333333334,0.46153846153846156
19833,HyboNet,3,32,0.001,8,39,0.49606299212598426,0.8333333333333334,0.46153846153846156
19834,HyboNet,3,32,0.001,8,4,0.5118110236220472,0.6,0.5769230769230769
19835,HyboNet,3,32,0.001,8,40,0.49606299212598426,0.8666666666666667,0.46153846153846156
19836,HyboNet,3,32,0.001,8,41,0.4881889763779528,0.8666666666666667,0.46153846153846156
19837,HyboNet,3,32,0.001,8,42,0.47244094488188976,0.8666666666666667,0.46153846153846156
19838,HyboNet,3,32,0.001,8,43,0.4566929133858268,0.8666666666666667,0.46153846153846156
19839,HyboNet,3,32,0.001,8,44,0.4566929133858268,0.8666666666666667,0.46153846153846156
19840,HyboNet,3,32,0.001,8,45,0.4566929133858268,0.8666666666666667,0.46153846153846156
19841,HyboNet,3,32,0.001,8,46,0.44881889763779526,0.8666666666666667,0.4230769230769231
19842,HyboNet,3,32,0.001,8,47,0.4330708661417323,0.8666666666666667,0.4230769230769231
19843,HyboNet,3,32,0.001,8,48,0.4330708661417323,0.8666666666666667,0.4230769230769231
19844,HyboNet,3,32,0.001,8,49,0.4330708661417323,0.8666666666666667,0.4230769230769231
19845,HyboNet,3,32,0.001,8,5,0.5196850393700787,0.6,0.5769230769230769
19846,HyboNet,3,32,0.001,8,50,0.4251968503937008,0.8666666666666667,0.4230769230769231
19847,HyboNet,3,32,0.001,8,51,0.4251968503937008,0.8666666666666667,0.46153846153846156
19848,HyboNet,3,32,0.001,8,52,0.4251968503937008,0.8666666666666667,0.46153846153846156
19849,HyboNet,3,32,0.001,8,53,0.41732283464566927,0.9,0.46153846153846156
19850,HyboNet,3,32,0.001,8,54,0.41732283464566927,0.9,0.46153846153846156
19851,HyboNet,3,32,0.001,8,55,0.41732283464566927,0.9,0.46153846153846156
19852,HyboNet,3,32,0.001,8,56,0.4251968503937008,0.8666666666666667,0.46153846153846156
19853,HyboNet,3,32,0.001,8,57,0.4251968503937008,0.9,0.46153846153846156
19854,HyboNet,3,32,0.001,8,58,0.4251968503937008,0.9,0.46153846153846156
19855,HyboNet,3,32,0.001,8,59,0.4251968503937008,0.9333333333333333,0.46153846153846156
19856,HyboNet,3,32,0.001,8,6,0.5275590551181102,0.6,0.5769230769230769
19857,HyboNet,3,32,0.001,8,60,0.41732283464566927,0.9,0.46153846153846156
19858,HyboNet,3,32,0.001,8,61,0.41732283464566927,0.9,0.46153846153846156
19859,HyboNet,3,32,0.001,8,62,0.4251968503937008,0.9,0.46153846153846156
19860,HyboNet,3,32,0.001,8,63,0.4251968503937008,0.9,0.46153846153846156
19861,HyboNet,3,32,0.001,8,64,0.4251968503937008,0.9,0.46153846153846156
19862,HyboNet,3,32,0.001,8,65,0.4251968503937008,0.9333333333333333,0.46153846153846156
19863,HyboNet,3,32,0.001,8,66,0.4251968503937008,0.9333333333333333,0.38461538461538464
19864,HyboNet,3,32,0.001,8,67,0.4251968503937008,0.9333333333333333,0.38461538461538464
19865,HyboNet,3,32,0.001,8,68,0.4330708661417323,0.9333333333333333,0.38461538461538464
19866,HyboNet,3,32,0.001,8,69,0.4330708661417323,0.9333333333333333,0.4230769230769231
19867,HyboNet,3,32,0.001,8,7,0.5275590551181102,0.6,0.5769230769230769
19868,HyboNet,3,32,0.001,8,70,0.44881889763779526,0.9333333333333333,0.4230769230769231
19869,HyboNet,3,32,0.001,8,71,0.44881889763779526,0.9333333333333333,0.38461538461538464
19870,HyboNet,3,32,0.001,8,72,0.44881889763779526,0.9333333333333333,0.34615384615384615
19871,HyboNet,3,32,0.001,8,73,0.4409448818897638,0.9333333333333333,0.34615384615384615
19872,HyboNet,3,32,0.001,8,74,0.4566929133858268,0.9333333333333333,0.38461538461538464
19873,HyboNet,3,32,0.001,8,75,0.4566929133858268,0.9333333333333333,0.38461538461538464
19874,HyboNet,3,32,0.001,8,76,0.41732283464566927,0.9333333333333333,0.34615384615384615
19875,HyboNet,3,32,0.001,8,77,0.4094488188976378,0.9333333333333333,0.34615384615384615
19876,HyboNet,3,32,0.001,8,78,0.4094488188976378,0.9333333333333333,0.38461538461538464
19877,HyboNet,3,32,0.001,8,79,0.41732283464566927,0.9333333333333333,0.38461538461538464
19878,HyboNet,3,32,0.001,8,8,0.5275590551181102,0.6,0.5769230769230769
19879,HyboNet,3,32,0.001,8,80,0.41732283464566927,0.9333333333333333,0.38461538461538464
19880,HyboNet,3,32,0.001,8,81,0.4094488188976378,0.9333333333333333,0.38461538461538464
19881,HyboNet,3,32,0.001,8,82,0.4094488188976378,0.9333333333333333,0.38461538461538464
19882,HyboNet,3,32,0.001,8,83,0.41732283464566927,0.9333333333333333,0.38461538461538464
19883,HyboNet,3,32,0.001,8,84,0.41732283464566927,0.9666666666666667,0.38461538461538464
19884,HyboNet,3,32,0.001,8,85,0.4251968503937008,0.9666666666666667,0.38461538461538464
19885,HyboNet,3,32,0.001,8,86,0.41732283464566927,0.9666666666666667,0.38461538461538464
19886,HyboNet,3,32,0.001,8,87,0.4094488188976378,0.9666666666666667,0.38461538461538464
19887,HyboNet,3,32,0.001,8,88,0.41732283464566927,0.9666666666666667,0.34615384615384615
19888,HyboNet,3,32,0.001,8,89,0.4015748031496063,0.9666666666666667,0.34615384615384615
19889,HyboNet,3,32,0.001,8,9,0.5196850393700787,0.6,0.5769230769230769
19890,HyboNet,3,32,0.001,8,90,0.3937007874015748,0.9666666666666667,0.34615384615384615
19891,HyboNet,3,32,0.001,8,91,0.3858267716535433,0.9666666666666667,0.34615384615384615
19892,HyboNet,3,32,0.001,8,92,0.3937007874015748,0.9666666666666667,0.34615384615384615
19893,HyboNet,3,32,0.001,8,93,0.4094488188976378,0.9666666666666667,0.34615384615384615
19894,HyboNet,3,32,0.001,8,94,0.4094488188976378,0.9666666666666667,0.34615384615384615
19895,HyboNet,3,32,0.001,8,95,0.4094488188976378,0.9666666666666667,0.34615384615384615
19896,HyboNet,3,32,0.001,8,96,0.4094488188976378,1.0,0.34615384615384615
19897,HyboNet,3,32,0.001,8,97,0.4094488188976378,1.0,0.34615384615384615
19898,HyboNet,3,32,0.001,8,98,0.4015748031496063,1.0,0.34615384615384615
19899,HyboNet,3,32,0.001,8,99,0.3937007874015748,1.0,0.34615384615384615
19900,HyboNet,3,32,0.001,9,1,0.2755905511811024,0.4,0.2692307692307692
19901,HyboNet,3,32,0.001,9,10,0.5275590551181102,0.7,0.38461538461538464
19902,HyboNet,3,32,0.001,9,100,0.4015748031496063,1.0,0.34615384615384615
19903,HyboNet,3,32,0.001,9,11,0.5039370078740157,0.7333333333333333,0.38461538461538464
19904,HyboNet,3,32,0.001,9,12,0.4566929133858268,0.7666666666666667,0.3076923076923077
19905,HyboNet,3,32,0.001,9,13,0.44881889763779526,0.7666666666666667,0.34615384615384615
19906,HyboNet,3,32,0.001,9,14,0.44881889763779526,0.7666666666666667,0.34615384615384615
19907,HyboNet,3,32,0.001,9,15,0.4881889763779528,0.7666666666666667,0.34615384615384615
19908,HyboNet,3,32,0.001,9,16,0.5039370078740157,0.7666666666666667,0.38461538461538464
19909,HyboNet,3,32,0.001,9,17,0.5039370078740157,0.7666666666666667,0.4230769230769231
19910,HyboNet,3,32,0.001,9,18,0.5118110236220472,0.7666666666666667,0.4230769230769231
19911,HyboNet,3,32,0.001,9,19,0.5118110236220472,0.7666666666666667,0.4230769230769231
19912,HyboNet,3,32,0.001,9,2,0.44881889763779526,0.5333333333333333,0.38461538461538464
19913,HyboNet,3,32,0.001,9,20,0.5039370078740157,0.7666666666666667,0.4230769230769231
19914,HyboNet,3,32,0.001,9,21,0.5118110236220472,0.7666666666666667,0.4230769230769231
19915,HyboNet,3,32,0.001,9,22,0.5039370078740157,0.7666666666666667,0.4230769230769231
19916,HyboNet,3,32,0.001,9,23,0.5275590551181102,0.7666666666666667,0.4230769230769231
19917,HyboNet,3,32,0.001,9,24,0.49606299212598426,0.7666666666666667,0.4230769230769231
19918,HyboNet,3,32,0.001,9,25,0.4881889763779528,0.7666666666666667,0.38461538461538464
19919,HyboNet,3,32,0.001,9,26,0.4645669291338583,0.7666666666666667,0.4230769230769231
19920,HyboNet,3,32,0.001,9,27,0.44881889763779526,0.8,0.38461538461538464
19921,HyboNet,3,32,0.001,9,28,0.4409448818897638,0.8,0.34615384615384615
19922,HyboNet,3,32,0.001,9,29,0.4409448818897638,0.8,0.34615384615384615
19923,HyboNet,3,32,0.001,9,3,0.4881889763779528,0.6,0.5
19924,HyboNet,3,32,0.001,9,30,0.4566929133858268,0.8,0.34615384615384615
19925,HyboNet,3,32,0.001,9,31,0.4566929133858268,0.8,0.34615384615384615
19926,HyboNet,3,32,0.001,9,32,0.47244094488188976,0.8,0.38461538461538464
19927,HyboNet,3,32,0.001,9,33,0.47244094488188976,0.8333333333333334,0.38461538461538464
19928,HyboNet,3,32,0.001,9,34,0.48031496062992124,0.8333333333333334,0.38461538461538464
19929,HyboNet,3,32,0.001,9,35,0.47244094488188976,0.8333333333333334,0.38461538461538464
19930,HyboNet,3,32,0.001,9,36,0.4566929133858268,0.8333333333333334,0.38461538461538464
19931,HyboNet,3,32,0.001,9,37,0.4645669291338583,0.8333333333333334,0.38461538461538464
19932,HyboNet,3,32,0.001,9,38,0.47244094488188976,0.8333333333333334,0.38461538461538464
19933,HyboNet,3,32,0.001,9,39,0.48031496062992124,0.9,0.38461538461538464
19934,HyboNet,3,32,0.001,9,4,0.4881889763779528,0.6,0.5769230769230769
19935,HyboNet,3,32,0.001,9,40,0.47244094488188976,0.9,0.34615384615384615
19936,HyboNet,3,32,0.001,9,41,0.47244094488188976,0.9,0.34615384615384615
19937,HyboNet,3,32,0.001,9,42,0.47244094488188976,0.9,0.34615384615384615
19938,HyboNet,3,32,0.001,9,43,0.4645669291338583,0.9,0.3076923076923077
19939,HyboNet,3,32,0.001,9,44,0.4566929133858268,0.9,0.3076923076923077
19940,HyboNet,3,32,0.001,9,45,0.4566929133858268,0.9,0.3076923076923077
19941,HyboNet,3,32,0.001,9,46,0.4566929133858268,0.9333333333333333,0.3076923076923077
19942,HyboNet,3,32,0.001,9,47,0.44881889763779526,0.9333333333333333,0.3076923076923077
19943,HyboNet,3,32,0.001,9,48,0.44881889763779526,0.9333333333333333,0.3076923076923077
19944,HyboNet,3,32,0.001,9,49,0.4330708661417323,0.9333333333333333,0.3076923076923077
19945,HyboNet,3,32,0.001,9,5,0.5118110236220472,0.6333333333333333,0.5769230769230769
19946,HyboNet,3,32,0.001,9,50,0.4330708661417323,0.9333333333333333,0.3076923076923077
19947,HyboNet,3,32,0.001,9,51,0.4330708661417323,0.9333333333333333,0.3076923076923077
19948,HyboNet,3,32,0.001,9,52,0.44881889763779526,0.9333333333333333,0.3076923076923077
19949,HyboNet,3,32,0.001,9,53,0.4409448818897638,0.9333333333333333,0.3076923076923077
19950,HyboNet,3,32,0.001,9,54,0.4409448818897638,0.9666666666666667,0.3076923076923077
19951,HyboNet,3,32,0.001,9,55,0.4251968503937008,0.9666666666666667,0.3076923076923077
19952,HyboNet,3,32,0.001,9,56,0.4251968503937008,0.9666666666666667,0.3076923076923077
19953,HyboNet,3,32,0.001,9,57,0.4409448818897638,0.9666666666666667,0.3076923076923077
19954,HyboNet,3,32,0.001,9,58,0.4409448818897638,0.9666666666666667,0.3076923076923077
19955,HyboNet,3,32,0.001,9,59,0.41732283464566927,0.9666666666666667,0.3076923076923077
19956,HyboNet,3,32,0.001,9,6,0.5196850393700787,0.6333333333333333,0.5769230769230769
19957,HyboNet,3,32,0.001,9,60,0.4330708661417323,0.9666666666666667,0.3076923076923077
19958,HyboNet,3,32,0.001,9,61,0.4330708661417323,0.9666666666666667,0.3076923076923077
19959,HyboNet,3,32,0.001,9,62,0.4330708661417323,0.9666666666666667,0.3076923076923077
19960,HyboNet,3,32,0.001,9,63,0.4330708661417323,0.9666666666666667,0.3076923076923077
19961,HyboNet,3,32,0.001,9,64,0.4330708661417323,0.9666666666666667,0.3076923076923077
19962,HyboNet,3,32,0.001,9,65,0.4251968503937008,0.9666666666666667,0.3076923076923077
19963,HyboNet,3,32,0.001,9,66,0.4330708661417323,0.9666666666666667,0.34615384615384615
19964,HyboNet,3,32,0.001,9,67,0.4409448818897638,0.9666666666666667,0.34615384615384615
19965,HyboNet,3,32,0.001,9,68,0.4409448818897638,0.9666666666666667,0.34615384615384615
19966,HyboNet,3,32,0.001,9,69,0.4409448818897638,0.9666666666666667,0.34615384615384615
19967,HyboNet,3,32,0.001,9,7,0.5196850393700787,0.6333333333333333,0.5384615384615384
19968,HyboNet,3,32,0.001,9,70,0.4409448818897638,1.0,0.34615384615384615
19969,HyboNet,3,32,0.001,9,71,0.44881889763779526,1.0,0.34615384615384615
19970,HyboNet,3,32,0.001,9,72,0.4409448818897638,1.0,0.34615384615384615
19971,HyboNet,3,32,0.001,9,73,0.4409448818897638,1.0,0.34615384615384615
19972,HyboNet,3,32,0.001,9,74,0.4251968503937008,1.0,0.34615384615384615
19973,HyboNet,3,32,0.001,9,75,0.4251968503937008,1.0,0.34615384615384615
19974,HyboNet,3,32,0.001,9,76,0.4251968503937008,1.0,0.34615384615384615
19975,HyboNet,3,32,0.001,9,77,0.4251968503937008,1.0,0.34615384615384615
19976,HyboNet,3,32,0.001,9,78,0.4094488188976378,1.0,0.34615384615384615
19977,HyboNet,3,32,0.001,9,79,0.4094488188976378,1.0,0.34615384615384615
19978,HyboNet,3,32,0.001,9,8,0.5275590551181102,0.6333333333333333,0.46153846153846156
19979,HyboNet,3,32,0.001,9,80,0.41732283464566927,1.0,0.34615384615384615
19980,HyboNet,3,32,0.001,9,81,0.4251968503937008,1.0,0.34615384615384615
19981,HyboNet,3,32,0.001,9,82,0.4094488188976378,1.0,0.34615384615384615
19982,HyboNet,3,32,0.001,9,83,0.4094488188976378,1.0,0.34615384615384615
19983,HyboNet,3,32,0.001,9,84,0.4015748031496063,1.0,0.34615384615384615
19984,HyboNet,3,32,0.001,9,85,0.4015748031496063,1.0,0.34615384615384615
19985,HyboNet,3,32,0.001,9,86,0.4094488188976378,1.0,0.34615384615384615
19986,HyboNet,3,32,0.001,9,87,0.4094488188976378,1.0,0.34615384615384615
19987,HyboNet,3,32,0.001,9,88,0.4094488188976378,1.0,0.34615384615384615
19988,HyboNet,3,32,0.001,9,89,0.4094488188976378,1.0,0.34615384615384615
19989,HyboNet,3,32,0.001,9,9,0.5354330708661418,0.7,0.46153846153846156
19990,HyboNet,3,32,0.001,9,90,0.4094488188976378,1.0,0.34615384615384615
19991,HyboNet,3,32,0.001,9,91,0.41732283464566927,1.0,0.34615384615384615
19992,HyboNet,3,32,0.001,9,92,0.4094488188976378,1.0,0.34615384615384615
19993,HyboNet,3,32,0.001,9,93,0.4094488188976378,1.0,0.34615384615384615
19994,HyboNet,3,32,0.001,9,94,0.41732283464566927,1.0,0.34615384615384615
19995,HyboNet,3,32,0.001,9,95,0.41732283464566927,1.0,0.34615384615384615
19996,HyboNet,3,32,0.001,9,96,0.4094488188976378,1.0,0.34615384615384615
19997,HyboNet,3,32,0.001,9,97,0.3937007874015748,1.0,0.34615384615384615
19998,HyboNet,3,32,0.001,9,98,0.3937007874015748,1.0,0.34615384615384615
19999,HyboNet,3,32,0.001,9,99,0.3937007874015748,1.0,0.34615384615384615
20000,HyboNet,3,32,0.005,1,1,0.5354330708661418,0.6,0.5769230769230769
20001,HyboNet,3,32,0.005,1,10,0.5354330708661418,0.6333333333333333,0.5769230769230769
20002,HyboNet,3,32,0.005,1,100,0.48031496062992124,1.0,0.4230769230769231
20003,HyboNet,3,32,0.005,1,11,0.5354330708661418,0.6,0.5769230769230769
20004,HyboNet,3,32,0.005,1,12,0.5354330708661418,0.6,0.5769230769230769
20005,HyboNet,3,32,0.005,1,13,0.5354330708661418,0.6,0.5769230769230769
20006,HyboNet,3,32,0.005,1,14,0.5354330708661418,0.6,0.5769230769230769
20007,HyboNet,3,32,0.005,1,15,0.5354330708661418,0.6,0.5769230769230769
20008,HyboNet,3,32,0.005,1,16,0.5354330708661418,0.6333333333333333,0.5769230769230769
20009,HyboNet,3,32,0.005,1,17,0.5433070866141733,0.6666666666666666,0.5769230769230769
20010,HyboNet,3,32,0.005,1,18,0.5511811023622047,0.7333333333333333,0.5769230769230769
20011,HyboNet,3,32,0.005,1,19,0.5669291338582677,0.8,0.5769230769230769
20012,HyboNet,3,32,0.005,1,2,0.5354330708661418,0.6,0.5769230769230769
20013,HyboNet,3,32,0.005,1,20,0.5748031496062992,0.8,0.5384615384615384
20014,HyboNet,3,32,0.005,1,21,0.5826771653543307,0.8,0.5384615384615384
20015,HyboNet,3,32,0.005,1,22,0.5590551181102362,0.8,0.5769230769230769
20016,HyboNet,3,32,0.005,1,23,0.5433070866141733,0.8,0.5384615384615384
20017,HyboNet,3,32,0.005,1,24,0.5275590551181102,0.8,0.5384615384615384
20018,HyboNet,3,32,0.005,1,25,0.5275590551181102,0.8,0.5384615384615384
20019,HyboNet,3,32,0.005,1,26,0.5354330708661418,0.8333333333333334,0.5384615384615384
20020,HyboNet,3,32,0.005,1,27,0.5354330708661418,0.8333333333333334,0.5384615384615384
20021,HyboNet,3,32,0.005,1,28,0.5511811023622047,0.8333333333333334,0.5769230769230769
20022,HyboNet,3,32,0.005,1,29,0.5433070866141733,0.8666666666666667,0.5384615384615384
20023,HyboNet,3,32,0.005,1,3,0.5354330708661418,0.6,0.5769230769230769
20024,HyboNet,3,32,0.005,1,30,0.5275590551181102,0.9,0.46153846153846156
20025,HyboNet,3,32,0.005,1,31,0.5039370078740157,0.9,0.5
20026,HyboNet,3,32,0.005,1,32,0.4881889763779528,0.9333333333333333,0.5
20027,HyboNet,3,32,0.005,1,33,0.49606299212598426,0.9333333333333333,0.5384615384615384
20028,HyboNet,3,32,0.005,1,34,0.5039370078740157,0.9333333333333333,0.5384615384615384
20029,HyboNet,3,32,0.005,1,35,0.5039370078740157,0.9333333333333333,0.5384615384615384
20030,HyboNet,3,32,0.005,1,36,0.5039370078740157,0.9333333333333333,0.5384615384615384
20031,HyboNet,3,32,0.005,1,37,0.5039370078740157,0.9666666666666667,0.5384615384615384
20032,HyboNet,3,32,0.005,1,38,0.49606299212598426,0.9666666666666667,0.5384615384615384
20033,HyboNet,3,32,0.005,1,39,0.4881889763779528,0.9666666666666667,0.5
20034,HyboNet,3,32,0.005,1,4,0.5354330708661418,0.6,0.5769230769230769
20035,HyboNet,3,32,0.005,1,40,0.48031496062992124,0.9666666666666667,0.46153846153846156
20036,HyboNet,3,32,0.005,1,41,0.47244094488188976,0.9333333333333333,0.46153846153846156
20037,HyboNet,3,32,0.005,1,42,0.47244094488188976,0.9333333333333333,0.46153846153846156
20038,HyboNet,3,32,0.005,1,43,0.44881889763779526,0.9666666666666667,0.4230769230769231
20039,HyboNet,3,32,0.005,1,44,0.4566929133858268,0.9666666666666667,0.4230769230769231
20040,HyboNet,3,32,0.005,1,45,0.47244094488188976,0.9666666666666667,0.46153846153846156
20041,HyboNet,3,32,0.005,1,46,0.48031496062992124,0.9666666666666667,0.46153846153846156
20042,HyboNet,3,32,0.005,1,47,0.48031496062992124,0.9333333333333333,0.46153846153846156
20043,HyboNet,3,32,0.005,1,48,0.4645669291338583,0.9333333333333333,0.4230769230769231
20044,HyboNet,3,32,0.005,1,49,0.4645669291338583,0.9666666666666667,0.4230769230769231
20045,HyboNet,3,32,0.005,1,5,0.5669291338582677,0.7333333333333333,0.6153846153846154
20046,HyboNet,3,32,0.005,1,50,0.47244094488188976,0.9666666666666667,0.38461538461538464
20047,HyboNet,3,32,0.005,1,51,0.4645669291338583,0.9666666666666667,0.3076923076923077
20048,HyboNet,3,32,0.005,1,52,0.47244094488188976,1.0,0.3076923076923077
20049,HyboNet,3,32,0.005,1,53,0.4881889763779528,1.0,0.38461538461538464
20050,HyboNet,3,32,0.005,1,54,0.48031496062992124,1.0,0.46153846153846156
20051,HyboNet,3,32,0.005,1,55,0.47244094488188976,1.0,0.46153846153846156
20052,HyboNet,3,32,0.005,1,56,0.49606299212598426,1.0,0.46153846153846156
20053,HyboNet,3,32,0.005,1,57,0.48031496062992124,1.0,0.46153846153846156
20054,HyboNet,3,32,0.005,1,58,0.47244094488188976,1.0,0.46153846153846156
20055,HyboNet,3,32,0.005,1,59,0.47244094488188976,1.0,0.46153846153846156
20056,HyboNet,3,32,0.005,1,6,0.5433070866141733,0.7333333333333333,0.5
20057,HyboNet,3,32,0.005,1,60,0.4645669291338583,1.0,0.46153846153846156
20058,HyboNet,3,32,0.005,1,61,0.4566929133858268,1.0,0.46153846153846156
20059,HyboNet,3,32,0.005,1,62,0.4566929133858268,1.0,0.4230769230769231
20060,HyboNet,3,32,0.005,1,63,0.4566929133858268,1.0,0.38461538461538464
20061,HyboNet,3,32,0.005,1,64,0.4409448818897638,1.0,0.3076923076923077
20062,HyboNet,3,32,0.005,1,65,0.4409448818897638,1.0,0.3076923076923077
20063,HyboNet,3,32,0.005,1,66,0.4566929133858268,1.0,0.34615384615384615
20064,HyboNet,3,32,0.005,1,67,0.44881889763779526,1.0,0.38461538461538464
20065,HyboNet,3,32,0.005,1,68,0.44881889763779526,1.0,0.34615384615384615
20066,HyboNet,3,32,0.005,1,69,0.44881889763779526,1.0,0.34615384615384615
20067,HyboNet,3,32,0.005,1,7,0.5748031496062992,0.7333333333333333,0.5
20068,HyboNet,3,32,0.005,1,70,0.4409448818897638,1.0,0.3076923076923077
20069,HyboNet,3,32,0.005,1,71,0.4409448818897638,1.0,0.3076923076923077
20070,HyboNet,3,32,0.005,1,72,0.44881889763779526,1.0,0.3076923076923077
20071,HyboNet,3,32,0.005,1,73,0.4566929133858268,1.0,0.3076923076923077
20072,HyboNet,3,32,0.005,1,74,0.44881889763779526,1.0,0.34615384615384615
20073,HyboNet,3,32,0.005,1,75,0.4645669291338583,1.0,0.34615384615384615
20074,HyboNet,3,32,0.005,1,76,0.4566929133858268,1.0,0.3076923076923077
20075,HyboNet,3,32,0.005,1,77,0.4409448818897638,1.0,0.3076923076923077
20076,HyboNet,3,32,0.005,1,78,0.4330708661417323,1.0,0.34615384615384615
20077,HyboNet,3,32,0.005,1,79,0.4409448818897638,1.0,0.4230769230769231
20078,HyboNet,3,32,0.005,1,8,0.5905511811023622,0.7666666666666667,0.6153846153846154
20079,HyboNet,3,32,0.005,1,80,0.4409448818897638,1.0,0.46153846153846156
20080,HyboNet,3,32,0.005,1,81,0.44881889763779526,1.0,0.4230769230769231
20081,HyboNet,3,32,0.005,1,82,0.44881889763779526,1.0,0.4230769230769231
20082,HyboNet,3,32,0.005,1,83,0.4409448818897638,1.0,0.38461538461538464
20083,HyboNet,3,32,0.005,1,84,0.4409448818897638,1.0,0.3076923076923077
20084,HyboNet,3,32,0.005,1,85,0.4330708661417323,1.0,0.34615384615384615
20085,HyboNet,3,32,0.005,1,86,0.4251968503937008,1.0,0.34615384615384615
20086,HyboNet,3,32,0.005,1,87,0.4330708661417323,1.0,0.34615384615384615
20087,HyboNet,3,32,0.005,1,88,0.4409448818897638,1.0,0.34615384615384615
20088,HyboNet,3,32,0.005,1,89,0.4330708661417323,1.0,0.34615384615384615
20089,HyboNet,3,32,0.005,1,9,0.5433070866141733,0.7,0.5769230769230769
20090,HyboNet,3,32,0.005,1,90,0.4409448818897638,1.0,0.34615384615384615
20091,HyboNet,3,32,0.005,1,91,0.4409448818897638,1.0,0.3076923076923077
20092,HyboNet,3,32,0.005,1,92,0.44881889763779526,1.0,0.38461538461538464
20093,HyboNet,3,32,0.005,1,93,0.44881889763779526,1.0,0.4230769230769231
20094,HyboNet,3,32,0.005,1,94,0.44881889763779526,1.0,0.4230769230769231
20095,HyboNet,3,32,0.005,1,95,0.4566929133858268,1.0,0.4230769230769231
20096,HyboNet,3,32,0.005,1,96,0.4645669291338583,1.0,0.46153846153846156
20097,HyboNet,3,32,0.005,1,97,0.4566929133858268,1.0,0.4230769230769231
20098,HyboNet,3,32,0.005,1,98,0.4566929133858268,1.0,0.4230769230769231
20099,HyboNet,3,32,0.005,1,99,0.47244094488188976,1.0,0.4230769230769231
20100,HyboNet,3,32,0.005,10,1,0.5354330708661418,0.6,0.5769230769230769
20101,HyboNet,3,32,0.005,10,10,0.5354330708661418,0.6333333333333333,0.5769230769230769
20102,HyboNet,3,32,0.005,10,100,0.44881889763779526,1.0,0.4230769230769231
20103,HyboNet,3,32,0.005,10,11,0.5354330708661418,0.6333333333333333,0.5769230769230769
20104,HyboNet,3,32,0.005,10,12,0.5275590551181102,0.6333333333333333,0.5769230769230769
20105,HyboNet,3,32,0.005,10,13,0.5433070866141733,0.6666666666666666,0.5769230769230769
20106,HyboNet,3,32,0.005,10,14,0.5433070866141733,0.8333333333333334,0.5384615384615384
20107,HyboNet,3,32,0.005,10,15,0.5669291338582677,0.8,0.5384615384615384
20108,HyboNet,3,32,0.005,10,16,0.5590551181102362,0.7666666666666667,0.5769230769230769
20109,HyboNet,3,32,0.005,10,17,0.5669291338582677,0.8,0.5769230769230769
20110,HyboNet,3,32,0.005,10,18,0.5590551181102362,0.8333333333333334,0.5384615384615384
20111,HyboNet,3,32,0.005,10,19,0.5590551181102362,0.8333333333333334,0.5
20112,HyboNet,3,32,0.005,10,2,0.5354330708661418,0.6,0.5769230769230769
20113,HyboNet,3,32,0.005,10,20,0.5748031496062992,0.8333333333333334,0.5
20114,HyboNet,3,32,0.005,10,21,0.5433070866141733,0.8666666666666667,0.5384615384615384
20115,HyboNet,3,32,0.005,10,22,0.4881889763779528,0.8666666666666667,0.5384615384615384
20116,HyboNet,3,32,0.005,10,23,0.4881889763779528,0.9333333333333333,0.46153846153846156
20117,HyboNet,3,32,0.005,10,24,0.4566929133858268,0.9666666666666667,0.46153846153846156
20118,HyboNet,3,32,0.005,10,25,0.4566929133858268,1.0,0.5384615384615384
20119,HyboNet,3,32,0.005,10,26,0.4566929133858268,1.0,0.5384615384615384
20120,HyboNet,3,32,0.005,10,27,0.4330708661417323,0.9666666666666667,0.46153846153846156
20121,HyboNet,3,32,0.005,10,28,0.44881889763779526,0.9666666666666667,0.46153846153846156
20122,HyboNet,3,32,0.005,10,29,0.4566929133858268,0.9333333333333333,0.46153846153846156
20123,HyboNet,3,32,0.005,10,3,0.5354330708661418,0.6,0.5769230769230769
20124,HyboNet,3,32,0.005,10,30,0.44881889763779526,0.9666666666666667,0.46153846153846156
20125,HyboNet,3,32,0.005,10,31,0.44881889763779526,0.9333333333333333,0.4230769230769231
20126,HyboNet,3,32,0.005,10,32,0.4409448818897638,0.9333333333333333,0.38461538461538464
20127,HyboNet,3,32,0.005,10,33,0.4330708661417323,0.9333333333333333,0.38461538461538464
20128,HyboNet,3,32,0.005,10,34,0.47244094488188976,0.9333333333333333,0.4230769230769231
20129,HyboNet,3,32,0.005,10,35,0.4645669291338583,0.9333333333333333,0.5384615384615384
20130,HyboNet,3,32,0.005,10,36,0.4645669291338583,0.9333333333333333,0.5384615384615384
20131,HyboNet,3,32,0.005,10,37,0.4645669291338583,0.9333333333333333,0.5
20132,HyboNet,3,32,0.005,10,38,0.4566929133858268,0.9666666666666667,0.38461538461538464
20133,HyboNet,3,32,0.005,10,39,0.44881889763779526,0.9666666666666667,0.38461538461538464
20134,HyboNet,3,32,0.005,10,4,0.5354330708661418,0.6,0.5769230769230769
20135,HyboNet,3,32,0.005,10,40,0.44881889763779526,0.9666666666666667,0.4230769230769231
20136,HyboNet,3,32,0.005,10,41,0.44881889763779526,1.0,0.4230769230769231
20137,HyboNet,3,32,0.005,10,42,0.41732283464566927,1.0,0.38461538461538464
20138,HyboNet,3,32,0.005,10,43,0.4251968503937008,1.0,0.38461538461538464
20139,HyboNet,3,32,0.005,10,44,0.4251968503937008,1.0,0.38461538461538464
20140,HyboNet,3,32,0.005,10,45,0.41732283464566927,1.0,0.38461538461538464
20141,HyboNet,3,32,0.005,10,46,0.4094488188976378,1.0,0.34615384615384615
20142,HyboNet,3,32,0.005,10,47,0.3937007874015748,1.0,0.38461538461538464
20143,HyboNet,3,32,0.005,10,48,0.4015748031496063,1.0,0.38461538461538464
20144,HyboNet,3,32,0.005,10,49,0.4094488188976378,1.0,0.38461538461538464
20145,HyboNet,3,32,0.005,10,5,0.5354330708661418,0.6,0.5769230769230769
20146,HyboNet,3,32,0.005,10,50,0.4015748031496063,1.0,0.34615384615384615
20147,HyboNet,3,32,0.005,10,51,0.3779527559055118,1.0,0.34615384615384615
20148,HyboNet,3,32,0.005,10,52,0.3937007874015748,1.0,0.38461538461538464
20149,HyboNet,3,32,0.005,10,53,0.4015748031496063,1.0,0.4230769230769231
20150,HyboNet,3,32,0.005,10,54,0.4094488188976378,1.0,0.4230769230769231
20151,HyboNet,3,32,0.005,10,55,0.41732283464566927,1.0,0.38461538461538464
20152,HyboNet,3,32,0.005,10,56,0.4094488188976378,1.0,0.34615384615384615
20153,HyboNet,3,32,0.005,10,57,0.3937007874015748,1.0,0.34615384615384615
20154,HyboNet,3,32,0.005,10,58,0.4330708661417323,1.0,0.46153846153846156
20155,HyboNet,3,32,0.005,10,59,0.4409448818897638,1.0,0.5769230769230769
20156,HyboNet,3,32,0.005,10,6,0.5354330708661418,0.6333333333333333,0.5769230769230769
20157,HyboNet,3,32,0.005,10,60,0.44881889763779526,1.0,0.5769230769230769
20158,HyboNet,3,32,0.005,10,61,0.4645669291338583,1.0,0.5769230769230769
20159,HyboNet,3,32,0.005,10,62,0.44881889763779526,1.0,0.5769230769230769
20160,HyboNet,3,32,0.005,10,63,0.4409448818897638,1.0,0.5384615384615384
20161,HyboNet,3,32,0.005,10,64,0.4330708661417323,1.0,0.46153846153846156
20162,HyboNet,3,32,0.005,10,65,0.41732283464566927,1.0,0.4230769230769231
20163,HyboNet,3,32,0.005,10,66,0.3937007874015748,1.0,0.38461538461538464
20164,HyboNet,3,32,0.005,10,67,0.3937007874015748,1.0,0.34615384615384615
20165,HyboNet,3,32,0.005,10,68,0.4251968503937008,1.0,0.38461538461538464
20166,HyboNet,3,32,0.005,10,69,0.4330708661417323,1.0,0.4230769230769231
20167,HyboNet,3,32,0.005,10,7,0.5669291338582677,0.7333333333333333,0.5384615384615384
20168,HyboNet,3,32,0.005,10,70,0.4409448818897638,1.0,0.4230769230769231
20169,HyboNet,3,32,0.005,10,71,0.4251968503937008,1.0,0.4230769230769231
20170,HyboNet,3,32,0.005,10,72,0.41732283464566927,1.0,0.4230769230769231
20171,HyboNet,3,32,0.005,10,73,0.4251968503937008,1.0,0.4230769230769231
20172,HyboNet,3,32,0.005,10,74,0.4094488188976378,1.0,0.4230769230769231
20173,HyboNet,3,32,0.005,10,75,0.41732283464566927,1.0,0.4230769230769231
20174,HyboNet,3,32,0.005,10,76,0.3858267716535433,1.0,0.38461538461538464
20175,HyboNet,3,32,0.005,10,77,0.41732283464566927,1.0,0.4230769230769231
20176,HyboNet,3,32,0.005,10,78,0.4330708661417323,1.0,0.46153846153846156
20177,HyboNet,3,32,0.005,10,79,0.4251968503937008,1.0,0.46153846153846156
20178,HyboNet,3,32,0.005,10,8,0.5669291338582677,0.7666666666666667,0.5384615384615384
20179,HyboNet,3,32,0.005,10,80,0.4330708661417323,1.0,0.46153846153846156
20180,HyboNet,3,32,0.005,10,81,0.44881889763779526,1.0,0.46153846153846156
20181,HyboNet,3,32,0.005,10,82,0.44881889763779526,1.0,0.46153846153846156
20182,HyboNet,3,32,0.005,10,83,0.44881889763779526,1.0,0.46153846153846156
20183,HyboNet,3,32,0.005,10,84,0.44881889763779526,1.0,0.46153846153846156
20184,HyboNet,3,32,0.005,10,85,0.44881889763779526,1.0,0.4230769230769231
20185,HyboNet,3,32,0.005,10,86,0.44881889763779526,1.0,0.4230769230769231
20186,HyboNet,3,32,0.005,10,87,0.4251968503937008,1.0,0.38461538461538464
20187,HyboNet,3,32,0.005,10,88,0.4566929133858268,1.0,0.46153846153846156
20188,HyboNet,3,32,0.005,10,89,0.44881889763779526,1.0,0.5
20189,HyboNet,3,32,0.005,10,9,0.5511811023622047,0.7,0.5384615384615384
20190,HyboNet,3,32,0.005,10,90,0.4409448818897638,1.0,0.5384615384615384
20191,HyboNet,3,32,0.005,10,91,0.4409448818897638,1.0,0.5384615384615384
20192,HyboNet,3,32,0.005,10,92,0.44881889763779526,1.0,0.5384615384615384
20193,HyboNet,3,32,0.005,10,93,0.4566929133858268,1.0,0.5
20194,HyboNet,3,32,0.005,10,94,0.4645669291338583,1.0,0.5
20195,HyboNet,3,32,0.005,10,95,0.4645669291338583,1.0,0.46153846153846156
20196,HyboNet,3,32,0.005,10,96,0.4409448818897638,1.0,0.4230769230769231
20197,HyboNet,3,32,0.005,10,97,0.4566929133858268,1.0,0.4230769230769231
20198,HyboNet,3,32,0.005,10,98,0.4645669291338583,1.0,0.4230769230769231
20199,HyboNet,3,32,0.005,10,99,0.44881889763779526,1.0,0.4230769230769231
20200,HyboNet,3,32,0.005,2,1,0.4566929133858268,0.6666666666666666,0.5384615384615384
20201,HyboNet,3,32,0.005,2,10,0.5354330708661418,0.6,0.5769230769230769
20202,HyboNet,3,32,0.005,2,100,0.3858267716535433,1.0,0.4230769230769231
20203,HyboNet,3,32,0.005,2,11,0.5354330708661418,0.6,0.5769230769230769
20204,HyboNet,3,32,0.005,2,12,0.5354330708661418,0.6,0.5769230769230769
20205,HyboNet,3,32,0.005,2,13,0.5354330708661418,0.6,0.5769230769230769
20206,HyboNet,3,32,0.005,2,14,0.5354330708661418,0.6,0.5769230769230769
20207,HyboNet,3,32,0.005,2,15,0.5354330708661418,0.6,0.5769230769230769
20208,HyboNet,3,32,0.005,2,16,0.5354330708661418,0.6,0.5769230769230769
20209,HyboNet,3,32,0.005,2,17,0.5354330708661418,0.6,0.5769230769230769
20210,HyboNet,3,32,0.005,2,18,0.5354330708661418,0.6333333333333333,0.5769230769230769
20211,HyboNet,3,32,0.005,2,19,0.5354330708661418,0.6666666666666666,0.5769230769230769
20212,HyboNet,3,32,0.005,2,2,0.5354330708661418,0.6,0.5769230769230769
20213,HyboNet,3,32,0.005,2,20,0.5433070866141733,0.6666666666666666,0.5769230769230769
20214,HyboNet,3,32,0.005,2,21,0.5354330708661418,0.7,0.5769230769230769
20215,HyboNet,3,32,0.005,2,22,0.5275590551181102,0.7333333333333333,0.5384615384615384
20216,HyboNet,3,32,0.005,2,23,0.5196850393700787,0.7333333333333333,0.5384615384615384
20217,HyboNet,3,32,0.005,2,24,0.5196850393700787,0.7666666666666667,0.5384615384615384
20218,HyboNet,3,32,0.005,2,25,0.5039370078740157,0.7666666666666667,0.5384615384615384
20219,HyboNet,3,32,0.005,2,26,0.5039370078740157,0.7666666666666667,0.5384615384615384
20220,HyboNet,3,32,0.005,2,27,0.4881889763779528,0.8,0.5384615384615384
20221,HyboNet,3,32,0.005,2,28,0.5039370078740157,0.8333333333333334,0.5384615384615384
20222,HyboNet,3,32,0.005,2,29,0.5118110236220472,0.8333333333333334,0.5384615384615384
20223,HyboNet,3,32,0.005,2,3,0.5354330708661418,0.6,0.5769230769230769
20224,HyboNet,3,32,0.005,2,30,0.49606299212598426,0.8333333333333334,0.5384615384615384
20225,HyboNet,3,32,0.005,2,31,0.49606299212598426,0.8333333333333334,0.5384615384615384
20226,HyboNet,3,32,0.005,2,32,0.5039370078740157,0.8333333333333334,0.5384615384615384
20227,HyboNet,3,32,0.005,2,33,0.4881889763779528,0.8,0.5384615384615384
20228,HyboNet,3,32,0.005,2,34,0.4881889763779528,0.8333333333333334,0.5384615384615384
20229,HyboNet,3,32,0.005,2,35,0.48031496062992124,0.8333333333333334,0.5
20230,HyboNet,3,32,0.005,2,36,0.48031496062992124,0.8666666666666667,0.5
20231,HyboNet,3,32,0.005,2,37,0.4881889763779528,0.8666666666666667,0.5384615384615384
20232,HyboNet,3,32,0.005,2,38,0.48031496062992124,0.8333333333333334,0.5384615384615384
20233,HyboNet,3,32,0.005,2,39,0.48031496062992124,0.8666666666666667,0.5384615384615384
20234,HyboNet,3,32,0.005,2,4,0.5354330708661418,0.6,0.5769230769230769
20235,HyboNet,3,32,0.005,2,40,0.47244094488188976,0.9333333333333333,0.5
20236,HyboNet,3,32,0.005,2,41,0.47244094488188976,0.9333333333333333,0.5
20237,HyboNet,3,32,0.005,2,42,0.4645669291338583,0.9333333333333333,0.5
20238,HyboNet,3,32,0.005,2,43,0.47244094488188976,0.9333333333333333,0.5
20239,HyboNet,3,32,0.005,2,44,0.47244094488188976,0.9333333333333333,0.5
20240,HyboNet,3,32,0.005,2,45,0.4566929133858268,0.9333333333333333,0.5384615384615384
20241,HyboNet,3,32,0.005,2,46,0.4566929133858268,0.9333333333333333,0.5384615384615384
20242,HyboNet,3,32,0.005,2,47,0.4566929133858268,0.9333333333333333,0.5384615384615384
20243,HyboNet,3,32,0.005,2,48,0.4409448818897638,0.9666666666666667,0.5384615384615384
20244,HyboNet,3,32,0.005,2,49,0.4409448818897638,0.9333333333333333,0.5
20245,HyboNet,3,32,0.005,2,5,0.5354330708661418,0.6,0.5769230769230769
20246,HyboNet,3,32,0.005,2,50,0.4409448818897638,0.9333333333333333,0.5
20247,HyboNet,3,32,0.005,2,51,0.4566929133858268,0.9333333333333333,0.5
20248,HyboNet,3,32,0.005,2,52,0.4409448818897638,0.9333333333333333,0.5384615384615384
20249,HyboNet,3,32,0.005,2,53,0.44881889763779526,0.9333333333333333,0.5
20250,HyboNet,3,32,0.005,2,54,0.44881889763779526,0.9666666666666667,0.5
20251,HyboNet,3,32,0.005,2,55,0.4330708661417323,0.9666666666666667,0.5
20252,HyboNet,3,32,0.005,2,56,0.44881889763779526,0.9333333333333333,0.5
20253,HyboNet,3,32,0.005,2,57,0.4566929133858268,0.9333333333333333,0.5
20254,HyboNet,3,32,0.005,2,58,0.4251968503937008,0.9333333333333333,0.5
20255,HyboNet,3,32,0.005,2,59,0.4015748031496063,1.0,0.38461538461538464
20256,HyboNet,3,32,0.005,2,6,0.5354330708661418,0.6,0.5769230769230769
20257,HyboNet,3,32,0.005,2,60,0.4015748031496063,1.0,0.38461538461538464
20258,HyboNet,3,32,0.005,2,61,0.4251968503937008,0.9666666666666667,0.5
20259,HyboNet,3,32,0.005,2,62,0.4409448818897638,0.9666666666666667,0.5
20260,HyboNet,3,32,0.005,2,63,0.44881889763779526,0.9666666666666667,0.5
20261,HyboNet,3,32,0.005,2,64,0.4251968503937008,1.0,0.5
20262,HyboNet,3,32,0.005,2,65,0.41732283464566927,1.0,0.46153846153846156
20263,HyboNet,3,32,0.005,2,66,0.4251968503937008,0.9666666666666667,0.5
20264,HyboNet,3,32,0.005,2,67,0.4015748031496063,0.9666666666666667,0.46153846153846156
20265,HyboNet,3,32,0.005,2,68,0.4094488188976378,1.0,0.5
20266,HyboNet,3,32,0.005,2,69,0.4094488188976378,1.0,0.5
20267,HyboNet,3,32,0.005,2,7,0.5354330708661418,0.6,0.5769230769230769
20268,HyboNet,3,32,0.005,2,70,0.3937007874015748,1.0,0.5
20269,HyboNet,3,32,0.005,2,71,0.4015748031496063,1.0,0.5
20270,HyboNet,3,32,0.005,2,72,0.4015748031496063,1.0,0.46153846153846156
20271,HyboNet,3,32,0.005,2,73,0.3858267716535433,1.0,0.38461538461538464
20272,HyboNet,3,32,0.005,2,74,0.4094488188976378,1.0,0.46153846153846156
20273,HyboNet,3,32,0.005,2,75,0.41732283464566927,1.0,0.5
20274,HyboNet,3,32,0.005,2,76,0.41732283464566927,1.0,0.5
20275,HyboNet,3,32,0.005,2,77,0.41732283464566927,1.0,0.4230769230769231
20276,HyboNet,3,32,0.005,2,78,0.3858267716535433,1.0,0.34615384615384615
20277,HyboNet,3,32,0.005,2,79,0.3700787401574803,1.0,0.38461538461538464
20278,HyboNet,3,32,0.005,2,8,0.5354330708661418,0.6,0.5769230769230769
20279,HyboNet,3,32,0.005,2,80,0.41732283464566927,1.0,0.46153846153846156
20280,HyboNet,3,32,0.005,2,81,0.4409448818897638,1.0,0.5
20281,HyboNet,3,32,0.005,2,82,0.4566929133858268,1.0,0.5
20282,HyboNet,3,32,0.005,2,83,0.41732283464566927,1.0,0.5
20283,HyboNet,3,32,0.005,2,84,0.3858267716535433,1.0,0.5
20284,HyboNet,3,32,0.005,2,85,0.3779527559055118,1.0,0.4230769230769231
20285,HyboNet,3,32,0.005,2,86,0.36220472440944884,1.0,0.34615384615384615
20286,HyboNet,3,32,0.005,2,87,0.3464566929133858,1.0,0.34615384615384615
20287,HyboNet,3,32,0.005,2,88,0.3464566929133858,1.0,0.34615384615384615
20288,HyboNet,3,32,0.005,2,89,0.4015748031496063,1.0,0.4230769230769231
20289,HyboNet,3,32,0.005,2,9,0.5354330708661418,0.6,0.5769230769230769
20290,HyboNet,3,32,0.005,2,90,0.3858267716535433,1.0,0.5
20291,HyboNet,3,32,0.005,2,91,0.4251968503937008,1.0,0.5
20292,HyboNet,3,32,0.005,2,92,0.4330708661417323,1.0,0.5384615384615384
20293,HyboNet,3,32,0.005,2,93,0.4330708661417323,1.0,0.5384615384615384
20294,HyboNet,3,32,0.005,2,94,0.4409448818897638,1.0,0.5384615384615384
20295,HyboNet,3,32,0.005,2,95,0.4330708661417323,1.0,0.5
20296,HyboNet,3,32,0.005,2,96,0.4094488188976378,1.0,0.4230769230769231
20297,HyboNet,3,32,0.005,2,97,0.3700787401574803,1.0,0.38461538461538464
20298,HyboNet,3,32,0.005,2,98,0.3779527559055118,1.0,0.38461538461538464
20299,HyboNet,3,32,0.005,2,99,0.3779527559055118,1.0,0.4230769230769231
20300,HyboNet,3,32,0.005,3,1,0.5354330708661418,0.6,0.5769230769230769
20301,HyboNet,3,32,0.005,3,10,0.5275590551181102,0.6333333333333333,0.5769230769230769
20302,HyboNet,3,32,0.005,3,100,0.4015748031496063,1.0,0.5
20303,HyboNet,3,32,0.005,3,11,0.5118110236220472,0.7333333333333333,0.5769230769230769
20304,HyboNet,3,32,0.005,3,12,0.5275590551181102,0.7333333333333333,0.5384615384615384
20305,HyboNet,3,32,0.005,3,13,0.5196850393700787,0.7333333333333333,0.5384615384615384
20306,HyboNet,3,32,0.005,3,14,0.5196850393700787,0.7333333333333333,0.5384615384615384
20307,HyboNet,3,32,0.005,3,15,0.5196850393700787,0.7333333333333333,0.5384615384615384
20308,HyboNet,3,32,0.005,3,16,0.5196850393700787,0.7666666666666667,0.5384615384615384
20309,HyboNet,3,32,0.005,3,17,0.5354330708661418,0.8,0.5
20310,HyboNet,3,32,0.005,3,18,0.5433070866141733,0.7666666666666667,0.5384615384615384
20311,HyboNet,3,32,0.005,3,19,0.5511811023622047,0.8,0.5384615384615384
20312,HyboNet,3,32,0.005,3,2,0.5354330708661418,0.6,0.5769230769230769
20313,HyboNet,3,32,0.005,3,20,0.5511811023622047,0.8,0.5384615384615384
20314,HyboNet,3,32,0.005,3,21,0.5511811023622047,0.7666666666666667,0.5769230769230769
20315,HyboNet,3,32,0.005,3,22,0.5590551181102362,0.8,0.5769230769230769
20316,HyboNet,3,32,0.005,3,23,0.5433070866141733,0.8666666666666667,0.5384615384615384
20317,HyboNet,3,32,0.005,3,24,0.4881889763779528,0.8666666666666667,0.5384615384615384
20318,HyboNet,3,32,0.005,3,25,0.4645669291338583,0.8333333333333334,0.5
20319,HyboNet,3,32,0.005,3,26,0.41732283464566927,0.8333333333333334,0.4230769230769231
20320,HyboNet,3,32,0.005,3,27,0.44881889763779526,0.8666666666666667,0.46153846153846156
20321,HyboNet,3,32,0.005,3,28,0.4881889763779528,0.8666666666666667,0.5384615384615384
20322,HyboNet,3,32,0.005,3,29,0.5118110236220472,0.9,0.5
20323,HyboNet,3,32,0.005,3,3,0.5354330708661418,0.6,0.5769230769230769
20324,HyboNet,3,32,0.005,3,30,0.49606299212598426,0.8666666666666667,0.5
20325,HyboNet,3,32,0.005,3,31,0.49606299212598426,0.9,0.5384615384615384
20326,HyboNet,3,32,0.005,3,32,0.4409448818897638,0.9,0.5384615384615384
20327,HyboNet,3,32,0.005,3,33,0.44881889763779526,0.9,0.5384615384615384
20328,HyboNet,3,32,0.005,3,34,0.5039370078740157,0.9,0.5384615384615384
20329,HyboNet,3,32,0.005,3,35,0.5118110236220472,0.9,0.5384615384615384
20330,HyboNet,3,32,0.005,3,36,0.4881889763779528,0.9,0.5384615384615384
20331,HyboNet,3,32,0.005,3,37,0.4409448818897638,0.9,0.5384615384615384
20332,HyboNet,3,32,0.005,3,38,0.4409448818897638,0.9,0.5384615384615384
20333,HyboNet,3,32,0.005,3,39,0.47244094488188976,0.9333333333333333,0.5384615384615384
20334,HyboNet,3,32,0.005,3,4,0.5354330708661418,0.6,0.5769230769230769
20335,HyboNet,3,32,0.005,3,40,0.4645669291338583,0.9666666666666667,0.5384615384615384
20336,HyboNet,3,32,0.005,3,41,0.4566929133858268,0.9666666666666667,0.5384615384615384
20337,HyboNet,3,32,0.005,3,42,0.44881889763779526,0.9666666666666667,0.5
20338,HyboNet,3,32,0.005,3,43,0.44881889763779526,0.9666666666666667,0.5
20339,HyboNet,3,32,0.005,3,44,0.4566929133858268,0.9666666666666667,0.5
20340,HyboNet,3,32,0.005,3,45,0.44881889763779526,0.9666666666666667,0.5384615384615384
20341,HyboNet,3,32,0.005,3,46,0.48031496062992124,0.9666666666666667,0.5384615384615384
20342,HyboNet,3,32,0.005,3,47,0.4881889763779528,0.9666666666666667,0.5384615384615384
20343,HyboNet,3,32,0.005,3,48,0.49606299212598426,0.9666666666666667,0.5384615384615384
20344,HyboNet,3,32,0.005,3,49,0.4881889763779528,0.9666666666666667,0.5384615384615384
20345,HyboNet,3,32,0.005,3,5,0.5354330708661418,0.6,0.5769230769230769
20346,HyboNet,3,32,0.005,3,50,0.48031496062992124,1.0,0.5384615384615384
20347,HyboNet,3,32,0.005,3,51,0.47244094488188976,1.0,0.5
20348,HyboNet,3,32,0.005,3,52,0.47244094488188976,0.9666666666666667,0.5384615384615384
20349,HyboNet,3,32,0.005,3,53,0.4566929133858268,0.9666666666666667,0.5
20350,HyboNet,3,32,0.005,3,54,0.44881889763779526,0.9666666666666667,0.5
20351,HyboNet,3,32,0.005,3,55,0.4409448818897638,0.9666666666666667,0.5
20352,HyboNet,3,32,0.005,3,56,0.4566929133858268,1.0,0.5
20353,HyboNet,3,32,0.005,3,57,0.44881889763779526,1.0,0.5
20354,HyboNet,3,32,0.005,3,58,0.4409448818897638,1.0,0.5
20355,HyboNet,3,32,0.005,3,59,0.4409448818897638,1.0,0.4230769230769231
20356,HyboNet,3,32,0.005,3,6,0.5354330708661418,0.6333333333333333,0.5769230769230769
20357,HyboNet,3,32,0.005,3,60,0.47244094488188976,1.0,0.5384615384615384
20358,HyboNet,3,32,0.005,3,61,0.48031496062992124,1.0,0.5
20359,HyboNet,3,32,0.005,3,62,0.5039370078740157,1.0,0.5384615384615384
20360,HyboNet,3,32,0.005,3,63,0.49606299212598426,1.0,0.5
20361,HyboNet,3,32,0.005,3,64,0.4409448818897638,1.0,0.46153846153846156
20362,HyboNet,3,32,0.005,3,65,0.4409448818897638,1.0,0.46153846153846156
20363,HyboNet,3,32,0.005,3,66,0.4645669291338583,1.0,0.46153846153846156
20364,HyboNet,3,32,0.005,3,67,0.4645669291338583,1.0,0.5
20365,HyboNet,3,32,0.005,3,68,0.4566929133858268,1.0,0.46153846153846156
20366,HyboNet,3,32,0.005,3,69,0.4566929133858268,1.0,0.5
20367,HyboNet,3,32,0.005,3,7,0.5275590551181102,0.6333333333333333,0.5769230769230769
20368,HyboNet,3,32,0.005,3,70,0.44881889763779526,1.0,0.5
20369,HyboNet,3,32,0.005,3,71,0.44881889763779526,1.0,0.5
20370,HyboNet,3,32,0.005,3,72,0.4409448818897638,1.0,0.5
20371,HyboNet,3,32,0.005,3,73,0.44881889763779526,1.0,0.5
20372,HyboNet,3,32,0.005,3,74,0.4645669291338583,1.0,0.5
20373,HyboNet,3,32,0.005,3,75,0.4566929133858268,1.0,0.5769230769230769
20374,HyboNet,3,32,0.005,3,76,0.44881889763779526,1.0,0.5384615384615384
20375,HyboNet,3,32,0.005,3,77,0.4566929133858268,1.0,0.5384615384615384
20376,HyboNet,3,32,0.005,3,78,0.44881889763779526,1.0,0.5
20377,HyboNet,3,32,0.005,3,79,0.4566929133858268,1.0,0.5384615384615384
20378,HyboNet,3,32,0.005,3,8,0.5354330708661418,0.6333333333333333,0.5769230769230769
20379,HyboNet,3,32,0.005,3,80,0.44881889763779526,1.0,0.5
20380,HyboNet,3,32,0.005,3,81,0.4566929133858268,1.0,0.5
20381,HyboNet,3,32,0.005,3,82,0.4566929133858268,1.0,0.5
20382,HyboNet,3,32,0.005,3,83,0.44881889763779526,1.0,0.5
20383,HyboNet,3,32,0.005,3,84,0.4409448818897638,1.0,0.5384615384615384
20384,HyboNet,3,32,0.005,3,85,0.4251968503937008,1.0,0.5384615384615384
20385,HyboNet,3,32,0.005,3,86,0.4330708661417323,1.0,0.5384615384615384
20386,HyboNet,3,32,0.005,3,87,0.4566929133858268,1.0,0.5
20387,HyboNet,3,32,0.005,3,88,0.44881889763779526,1.0,0.5
20388,HyboNet,3,32,0.005,3,89,0.44881889763779526,1.0,0.5
20389,HyboNet,3,32,0.005,3,9,0.5354330708661418,0.6,0.5769230769230769
20390,HyboNet,3,32,0.005,3,90,0.4330708661417323,1.0,0.5
20391,HyboNet,3,32,0.005,3,91,0.4094488188976378,1.0,0.5
20392,HyboNet,3,32,0.005,3,92,0.4409448818897638,1.0,0.5
20393,HyboNet,3,32,0.005,3,93,0.4566929133858268,1.0,0.5384615384615384
20394,HyboNet,3,32,0.005,3,94,0.4645669291338583,1.0,0.5769230769230769
20395,HyboNet,3,32,0.005,3,95,0.47244094488188976,1.0,0.5769230769230769
20396,HyboNet,3,32,0.005,3,96,0.47244094488188976,1.0,0.5769230769230769
20397,HyboNet,3,32,0.005,3,97,0.4645669291338583,1.0,0.5384615384615384
20398,HyboNet,3,32,0.005,3,98,0.44881889763779526,1.0,0.5384615384615384
20399,HyboNet,3,32,0.005,3,99,0.4251968503937008,1.0,0.5384615384615384
20400,HyboNet,3,32,0.005,4,1,0.5354330708661418,0.6,0.5769230769230769
20401,HyboNet,3,32,0.005,4,10,0.5433070866141733,0.6666666666666666,0.5769230769230769
20402,HyboNet,3,32,0.005,4,100,0.4330708661417323,1.0,0.34615384615384615
20403,HyboNet,3,32,0.005,4,11,0.5433070866141733,0.7,0.5769230769230769
20404,HyboNet,3,32,0.005,4,12,0.5354330708661418,0.7666666666666667,0.5769230769230769
20405,HyboNet,3,32,0.005,4,13,0.5354330708661418,0.8,0.5
20406,HyboNet,3,32,0.005,4,14,0.4881889763779528,0.7666666666666667,0.4230769230769231
20407,HyboNet,3,32,0.005,4,15,0.4881889763779528,0.7666666666666667,0.4230769230769231
20408,HyboNet,3,32,0.005,4,16,0.5275590551181102,0.7666666666666667,0.4230769230769231
20409,HyboNet,3,32,0.005,4,17,0.5511811023622047,0.8,0.5384615384615384
20410,HyboNet,3,32,0.005,4,18,0.5511811023622047,0.7666666666666667,0.5384615384615384
20411,HyboNet,3,32,0.005,4,19,0.5590551181102362,0.7666666666666667,0.5384615384615384
20412,HyboNet,3,32,0.005,4,2,0.5354330708661418,0.6,0.5769230769230769
20413,HyboNet,3,32,0.005,4,20,0.5590551181102362,0.8,0.5
20414,HyboNet,3,32,0.005,4,21,0.5511811023622047,0.8,0.5
20415,HyboNet,3,32,0.005,4,22,0.5354330708661418,0.8,0.46153846153846156
20416,HyboNet,3,32,0.005,4,23,0.5196850393700787,0.8333333333333334,0.4230769230769231
20417,HyboNet,3,32,0.005,4,24,0.48031496062992124,0.8333333333333334,0.46153846153846156
20418,HyboNet,3,32,0.005,4,25,0.4645669291338583,0.8,0.46153846153846156
20419,HyboNet,3,32,0.005,4,26,0.4645669291338583,0.8333333333333334,0.46153846153846156
20420,HyboNet,3,32,0.005,4,27,0.47244094488188976,0.8333333333333334,0.46153846153846156
20421,HyboNet,3,32,0.005,4,28,0.48031496062992124,0.8333333333333334,0.5
20422,HyboNet,3,32,0.005,4,29,0.4881889763779528,0.9,0.5
20423,HyboNet,3,32,0.005,4,3,0.5354330708661418,0.6,0.5769230769230769
20424,HyboNet,3,32,0.005,4,30,0.47244094488188976,0.9,0.5
20425,HyboNet,3,32,0.005,4,31,0.4566929133858268,0.9,0.46153846153846156
20426,HyboNet,3,32,0.005,4,32,0.44881889763779526,0.9333333333333333,0.46153846153846156
20427,HyboNet,3,32,0.005,4,33,0.44881889763779526,0.9333333333333333,0.46153846153846156
20428,HyboNet,3,32,0.005,4,34,0.44881889763779526,0.9,0.4230769230769231
20429,HyboNet,3,32,0.005,4,35,0.44881889763779526,0.9333333333333333,0.46153846153846156
20430,HyboNet,3,32,0.005,4,36,0.44881889763779526,0.9333333333333333,0.46153846153846156
20431,HyboNet,3,32,0.005,4,37,0.47244094488188976,0.9333333333333333,0.46153846153846156
20432,HyboNet,3,32,0.005,4,38,0.48031496062992124,0.9333333333333333,0.46153846153846156
20433,HyboNet,3,32,0.005,4,39,0.48031496062992124,0.9666666666666667,0.46153846153846156
20434,HyboNet,3,32,0.005,4,4,0.5275590551181102,0.6333333333333333,0.5384615384615384
20435,HyboNet,3,32,0.005,4,40,0.4409448818897638,0.9666666666666667,0.46153846153846156
20436,HyboNet,3,32,0.005,4,41,0.4330708661417323,0.9666666666666667,0.46153846153846156
20437,HyboNet,3,32,0.005,4,42,0.4409448818897638,0.9333333333333333,0.46153846153846156
20438,HyboNet,3,32,0.005,4,43,0.4409448818897638,0.9333333333333333,0.46153846153846156
20439,HyboNet,3,32,0.005,4,44,0.4330708661417323,0.9333333333333333,0.46153846153846156
20440,HyboNet,3,32,0.005,4,45,0.4330708661417323,0.9333333333333333,0.46153846153846156
20441,HyboNet,3,32,0.005,4,46,0.4409448818897638,1.0,0.4230769230769231
20442,HyboNet,3,32,0.005,4,47,0.44881889763779526,1.0,0.46153846153846156
20443,HyboNet,3,32,0.005,4,48,0.4645669291338583,0.9666666666666667,0.46153846153846156
20444,HyboNet,3,32,0.005,4,49,0.47244094488188976,1.0,0.46153846153846156
20445,HyboNet,3,32,0.005,4,5,0.4645669291338583,0.7666666666666667,0.4230769230769231
20446,HyboNet,3,32,0.005,4,50,0.4409448818897638,1.0,0.46153846153846156
20447,HyboNet,3,32,0.005,4,51,0.4409448818897638,1.0,0.46153846153846156
20448,HyboNet,3,32,0.005,4,52,0.4330708661417323,1.0,0.4230769230769231
20449,HyboNet,3,32,0.005,4,53,0.4251968503937008,1.0,0.4230769230769231
20450,HyboNet,3,32,0.005,4,54,0.4409448818897638,1.0,0.4230769230769231
20451,HyboNet,3,32,0.005,4,55,0.44881889763779526,1.0,0.4230769230769231
20452,HyboNet,3,32,0.005,4,56,0.4094488188976378,1.0,0.4230769230769231
20453,HyboNet,3,32,0.005,4,57,0.3937007874015748,1.0,0.38461538461538464
20454,HyboNet,3,32,0.005,4,58,0.3700787401574803,1.0,0.34615384615384615
20455,HyboNet,3,32,0.005,4,59,0.3858267716535433,1.0,0.38461538461538464
20456,HyboNet,3,32,0.005,4,6,0.4566929133858268,0.8,0.38461538461538464
20457,HyboNet,3,32,0.005,4,60,0.41732283464566927,1.0,0.38461538461538464
20458,HyboNet,3,32,0.005,4,61,0.41732283464566927,1.0,0.38461538461538464
20459,HyboNet,3,32,0.005,4,62,0.3700787401574803,1.0,0.34615384615384615
20460,HyboNet,3,32,0.005,4,63,0.3858267716535433,1.0,0.34615384615384615
20461,HyboNet,3,32,0.005,4,64,0.3858267716535433,1.0,0.34615384615384615
20462,HyboNet,3,32,0.005,4,65,0.3858267716535433,1.0,0.34615384615384615
20463,HyboNet,3,32,0.005,4,66,0.3779527559055118,1.0,0.34615384615384615
20464,HyboNet,3,32,0.005,4,67,0.3700787401574803,1.0,0.34615384615384615
20465,HyboNet,3,32,0.005,4,68,0.3858267716535433,1.0,0.3076923076923077
20466,HyboNet,3,32,0.005,4,69,0.3858267716535433,1.0,0.2692307692307692
20467,HyboNet,3,32,0.005,4,7,0.5039370078740157,0.7666666666666667,0.4230769230769231
20468,HyboNet,3,32,0.005,4,70,0.3700787401574803,1.0,0.2692307692307692
20469,HyboNet,3,32,0.005,4,71,0.3858267716535433,1.0,0.34615384615384615
20470,HyboNet,3,32,0.005,4,72,0.3937007874015748,1.0,0.34615384615384615
20471,HyboNet,3,32,0.005,4,73,0.4015748031496063,1.0,0.34615384615384615
20472,HyboNet,3,32,0.005,4,74,0.3937007874015748,1.0,0.34615384615384615
20473,HyboNet,3,32,0.005,4,75,0.41732283464566927,1.0,0.34615384615384615
20474,HyboNet,3,32,0.005,4,76,0.4015748031496063,1.0,0.34615384615384615
20475,HyboNet,3,32,0.005,4,77,0.3779527559055118,1.0,0.3076923076923077
20476,HyboNet,3,32,0.005,4,78,0.36220472440944884,1.0,0.3076923076923077
20477,HyboNet,3,32,0.005,4,79,0.3779527559055118,1.0,0.3076923076923077
20478,HyboNet,3,32,0.005,4,8,0.5511811023622047,0.6666666666666666,0.5769230769230769
20479,HyboNet,3,32,0.005,4,80,0.3937007874015748,1.0,0.34615384615384615
20480,HyboNet,3,32,0.005,4,81,0.4251968503937008,1.0,0.34615384615384615
20481,HyboNet,3,32,0.005,4,82,0.41732283464566927,1.0,0.34615384615384615
20482,HyboNet,3,32,0.005,4,83,0.41732283464566927,1.0,0.34615384615384615
20483,HyboNet,3,32,0.005,4,84,0.3937007874015748,1.0,0.34615384615384615
20484,HyboNet,3,32,0.005,4,85,0.41732283464566927,1.0,0.34615384615384615
20485,HyboNet,3,32,0.005,4,86,0.4094488188976378,1.0,0.34615384615384615
20486,HyboNet,3,32,0.005,4,87,0.3937007874015748,1.0,0.3076923076923077
20487,HyboNet,3,32,0.005,4,88,0.3858267716535433,1.0,0.3076923076923077
20488,HyboNet,3,32,0.005,4,89,0.3937007874015748,1.0,0.3076923076923077
20489,HyboNet,3,32,0.005,4,9,0.5433070866141733,0.6333333333333333,0.5769230769230769
20490,HyboNet,3,32,0.005,4,90,0.4330708661417323,1.0,0.34615384615384615
20491,HyboNet,3,32,0.005,4,91,0.4251968503937008,1.0,0.34615384615384615
20492,HyboNet,3,32,0.005,4,92,0.41732283464566927,1.0,0.34615384615384615
20493,HyboNet,3,32,0.005,4,93,0.4094488188976378,1.0,0.34615384615384615
20494,HyboNet,3,32,0.005,4,94,0.4094488188976378,1.0,0.34615384615384615
20495,HyboNet,3,32,0.005,4,95,0.41732283464566927,1.0,0.34615384615384615
20496,HyboNet,3,32,0.005,4,96,0.4251968503937008,1.0,0.34615384615384615
20497,HyboNet,3,32,0.005,4,97,0.3937007874015748,1.0,0.34615384615384615
20498,HyboNet,3,32,0.005,4,98,0.4251968503937008,1.0,0.34615384615384615
20499,HyboNet,3,32,0.005,4,99,0.4330708661417323,1.0,0.34615384615384615
20500,HyboNet,3,32,0.005,5,1,0.5354330708661418,0.6,0.5769230769230769
20501,HyboNet,3,32,0.005,5,10,0.5511811023622047,0.7666666666666667,0.5384615384615384
20502,HyboNet,3,32,0.005,5,100,0.44881889763779526,1.0,0.2692307692307692
20503,HyboNet,3,32,0.005,5,11,0.5511811023622047,0.7666666666666667,0.5769230769230769
20504,HyboNet,3,32,0.005,5,12,0.5511811023622047,0.7666666666666667,0.5769230769230769
20505,HyboNet,3,32,0.005,5,13,0.5511811023622047,0.7666666666666667,0.5384615384615384
20506,HyboNet,3,32,0.005,5,14,0.5511811023622047,0.8,0.5769230769230769
20507,HyboNet,3,32,0.005,5,15,0.5511811023622047,0.8,0.5384615384615384
20508,HyboNet,3,32,0.005,5,16,0.5354330708661418,0.8,0.5384615384615384
20509,HyboNet,3,32,0.005,5,17,0.5118110236220472,0.8333333333333334,0.5384615384615384
20510,HyboNet,3,32,0.005,5,18,0.5039370078740157,0.8333333333333334,0.5384615384615384
20511,HyboNet,3,32,0.005,5,19,0.49606299212598426,0.8333333333333334,0.5
20512,HyboNet,3,32,0.005,5,2,0.5433070866141733,0.6666666666666666,0.5769230769230769
20513,HyboNet,3,32,0.005,5,20,0.49606299212598426,0.8333333333333334,0.5
20514,HyboNet,3,32,0.005,5,21,0.4645669291338583,0.8666666666666667,0.4230769230769231
20515,HyboNet,3,32,0.005,5,22,0.4645669291338583,0.8666666666666667,0.38461538461538464
20516,HyboNet,3,32,0.005,5,23,0.4645669291338583,0.8666666666666667,0.3076923076923077
20517,HyboNet,3,32,0.005,5,24,0.4566929133858268,0.9,0.3076923076923077
20518,HyboNet,3,32,0.005,5,25,0.4566929133858268,0.9,0.38461538461538464
20519,HyboNet,3,32,0.005,5,26,0.4409448818897638,0.9,0.4230769230769231
20520,HyboNet,3,32,0.005,5,27,0.4566929133858268,0.9,0.4230769230769231
20521,HyboNet,3,32,0.005,5,28,0.4566929133858268,0.9,0.4230769230769231
20522,HyboNet,3,32,0.005,5,29,0.44881889763779526,0.9,0.46153846153846156
20523,HyboNet,3,32,0.005,5,3,0.5275590551181102,0.7,0.5384615384615384
20524,HyboNet,3,32,0.005,5,30,0.4409448818897638,0.9333333333333333,0.46153846153846156
20525,HyboNet,3,32,0.005,5,31,0.4251968503937008,0.9333333333333333,0.4230769230769231
20526,HyboNet,3,32,0.005,5,32,0.4251968503937008,0.9333333333333333,0.46153846153846156
20527,HyboNet,3,32,0.005,5,33,0.4409448818897638,0.9,0.5
20528,HyboNet,3,32,0.005,5,34,0.4409448818897638,0.9333333333333333,0.5
20529,HyboNet,3,32,0.005,5,35,0.44881889763779526,0.9333333333333333,0.46153846153846156
20530,HyboNet,3,32,0.005,5,36,0.44881889763779526,0.9333333333333333,0.46153846153846156
20531,HyboNet,3,32,0.005,5,37,0.4409448818897638,0.9333333333333333,0.46153846153846156
20532,HyboNet,3,32,0.005,5,38,0.4330708661417323,0.9333333333333333,0.46153846153846156
20533,HyboNet,3,32,0.005,5,39,0.4251968503937008,0.9333333333333333,0.4230769230769231
20534,HyboNet,3,32,0.005,5,4,0.5354330708661418,0.7666666666666667,0.5
20535,HyboNet,3,32,0.005,5,40,0.4015748031496063,0.9333333333333333,0.38461538461538464
20536,HyboNet,3,32,0.005,5,41,0.4409448818897638,0.9333333333333333,0.5384615384615384
20537,HyboNet,3,32,0.005,5,42,0.4566929133858268,0.9333333333333333,0.5769230769230769
20538,HyboNet,3,32,0.005,5,43,0.4566929133858268,0.9333333333333333,0.5769230769230769
20539,HyboNet,3,32,0.005,5,44,0.4566929133858268,0.9333333333333333,0.5384615384615384
20540,HyboNet,3,32,0.005,5,45,0.4645669291338583,0.9333333333333333,0.5
20541,HyboNet,3,32,0.005,5,46,0.4566929133858268,0.9333333333333333,0.4230769230769231
20542,HyboNet,3,32,0.005,5,47,0.47244094488188976,0.9333333333333333,0.46153846153846156
20543,HyboNet,3,32,0.005,5,48,0.44881889763779526,0.9333333333333333,0.4230769230769231
20544,HyboNet,3,32,0.005,5,49,0.4409448818897638,0.9666666666666667,0.3076923076923077
20545,HyboNet,3,32,0.005,5,5,0.5590551181102362,0.7333333333333333,0.5384615384615384
20546,HyboNet,3,32,0.005,5,50,0.4330708661417323,1.0,0.3076923076923077
20547,HyboNet,3,32,0.005,5,51,0.4566929133858268,1.0,0.38461538461538464
20548,HyboNet,3,32,0.005,5,52,0.4566929133858268,0.9666666666666667,0.4230769230769231
20549,HyboNet,3,32,0.005,5,53,0.4645669291338583,0.9333333333333333,0.5
20550,HyboNet,3,32,0.005,5,54,0.4645669291338583,0.9333333333333333,0.46153846153846156
20551,HyboNet,3,32,0.005,5,55,0.44881889763779526,0.9666666666666667,0.4230769230769231
20552,HyboNet,3,32,0.005,5,56,0.4330708661417323,0.9666666666666667,0.34615384615384615
20553,HyboNet,3,32,0.005,5,57,0.4251968503937008,1.0,0.3076923076923077
20554,HyboNet,3,32,0.005,5,58,0.4094488188976378,1.0,0.3076923076923077
20555,HyboNet,3,32,0.005,5,59,0.4330708661417323,1.0,0.3076923076923077
20556,HyboNet,3,32,0.005,5,6,0.5433070866141733,0.6666666666666666,0.5769230769230769
20557,HyboNet,3,32,0.005,5,60,0.4251968503937008,0.9666666666666667,0.34615384615384615
20558,HyboNet,3,32,0.005,5,61,0.4094488188976378,0.9666666666666667,0.38461538461538464
20559,HyboNet,3,32,0.005,5,62,0.4330708661417323,0.9666666666666667,0.3076923076923077
20560,HyboNet,3,32,0.005,5,63,0.41732283464566927,0.9666666666666667,0.3076923076923077
20561,HyboNet,3,32,0.005,5,64,0.4094488188976378,1.0,0.2692307692307692
20562,HyboNet,3,32,0.005,5,65,0.4015748031496063,1.0,0.3076923076923077
20563,HyboNet,3,32,0.005,5,66,0.41732283464566927,1.0,0.3076923076923077
20564,HyboNet,3,32,0.005,5,67,0.41732283464566927,1.0,0.3076923076923077
20565,HyboNet,3,32,0.005,5,68,0.4251968503937008,1.0,0.3076923076923077
20566,HyboNet,3,32,0.005,5,69,0.4251968503937008,1.0,0.34615384615384615
20567,HyboNet,3,32,0.005,5,7,0.5433070866141733,0.6666666666666666,0.5769230769230769
20568,HyboNet,3,32,0.005,5,70,0.4251968503937008,1.0,0.34615384615384615
20569,HyboNet,3,32,0.005,5,71,0.4015748031496063,1.0,0.34615384615384615
20570,HyboNet,3,32,0.005,5,72,0.4015748031496063,1.0,0.2692307692307692
20571,HyboNet,3,32,0.005,5,73,0.3779527559055118,1.0,0.2692307692307692
20572,HyboNet,3,32,0.005,5,74,0.4015748031496063,1.0,0.3076923076923077
20573,HyboNet,3,32,0.005,5,75,0.4094488188976378,1.0,0.34615384615384615
20574,HyboNet,3,32,0.005,5,76,0.4094488188976378,1.0,0.34615384615384615
20575,HyboNet,3,32,0.005,5,77,0.4094488188976378,1.0,0.34615384615384615
20576,HyboNet,3,32,0.005,5,78,0.3937007874015748,1.0,0.3076923076923077
20577,HyboNet,3,32,0.005,5,79,0.3700787401574803,1.0,0.2692307692307692
20578,HyboNet,3,32,0.005,5,8,0.5511811023622047,0.6666666666666666,0.5769230769230769
20579,HyboNet,3,32,0.005,5,80,0.36220472440944884,1.0,0.3076923076923077
20580,HyboNet,3,32,0.005,5,81,0.36220472440944884,1.0,0.3076923076923077
20581,HyboNet,3,32,0.005,5,82,0.3779527559055118,1.0,0.2692307692307692
20582,HyboNet,3,32,0.005,5,83,0.36220472440944884,1.0,0.2692307692307692
20583,HyboNet,3,32,0.005,5,84,0.36220472440944884,1.0,0.2692307692307692
20584,HyboNet,3,32,0.005,5,85,0.36220472440944884,1.0,0.2692307692307692
20585,HyboNet,3,32,0.005,5,86,0.3937007874015748,1.0,0.34615384615384615
20586,HyboNet,3,32,0.005,5,87,0.3937007874015748,1.0,0.4230769230769231
20587,HyboNet,3,32,0.005,5,88,0.3858267716535433,1.0,0.4230769230769231
20588,HyboNet,3,32,0.005,5,89,0.3937007874015748,1.0,0.38461538461538464
20589,HyboNet,3,32,0.005,5,9,0.5511811023622047,0.7666666666666667,0.5384615384615384
20590,HyboNet,3,32,0.005,5,90,0.4015748031496063,1.0,0.3076923076923077
20591,HyboNet,3,32,0.005,5,91,0.41732283464566927,1.0,0.2692307692307692
20592,HyboNet,3,32,0.005,5,92,0.4409448818897638,1.0,0.3076923076923077
20593,HyboNet,3,32,0.005,5,93,0.4409448818897638,1.0,0.34615384615384615
20594,HyboNet,3,32,0.005,5,94,0.4409448818897638,1.0,0.3076923076923077
20595,HyboNet,3,32,0.005,5,95,0.44881889763779526,1.0,0.3076923076923077
20596,HyboNet,3,32,0.005,5,96,0.44881889763779526,1.0,0.3076923076923077
20597,HyboNet,3,32,0.005,5,97,0.4251968503937008,1.0,0.2692307692307692
20598,HyboNet,3,32,0.005,5,98,0.4094488188976378,1.0,0.2692307692307692
20599,HyboNet,3,32,0.005,5,99,0.4251968503937008,1.0,0.2692307692307692
20600,HyboNet,3,32,0.005,6,1,0.5354330708661418,0.6,0.5769230769230769
20601,HyboNet,3,32,0.005,6,10,0.5433070866141733,0.6666666666666666,0.5769230769230769
20602,HyboNet,3,32,0.005,6,100,0.33858267716535434,1.0,0.2692307692307692
20603,HyboNet,3,32,0.005,6,11,0.5511811023622047,0.6666666666666666,0.5769230769230769
20604,HyboNet,3,32,0.005,6,12,0.5511811023622047,0.6666666666666666,0.5769230769230769
20605,HyboNet,3,32,0.005,6,13,0.5511811023622047,0.6666666666666666,0.5769230769230769
20606,HyboNet,3,32,0.005,6,14,0.5354330708661418,0.6666666666666666,0.5769230769230769
20607,HyboNet,3,32,0.005,6,15,0.5433070866141733,0.7333333333333333,0.5769230769230769
20608,HyboNet,3,32,0.005,6,16,0.5354330708661418,0.7666666666666667,0.5769230769230769
20609,HyboNet,3,32,0.005,6,17,0.5433070866141733,0.7666666666666667,0.5384615384615384
20610,HyboNet,3,32,0.005,6,18,0.5275590551181102,0.8,0.5384615384615384
20611,HyboNet,3,32,0.005,6,19,0.5275590551181102,0.8,0.5384615384615384
20612,HyboNet,3,32,0.005,6,2,0.5354330708661418,0.6,0.5769230769230769
20613,HyboNet,3,32,0.005,6,20,0.5196850393700787,0.8333333333333334,0.5384615384615384
20614,HyboNet,3,32,0.005,6,21,0.5275590551181102,0.8,0.5384615384615384
20615,HyboNet,3,32,0.005,6,22,0.5196850393700787,0.8333333333333334,0.5
20616,HyboNet,3,32,0.005,6,23,0.5196850393700787,0.8,0.5384615384615384
20617,HyboNet,3,32,0.005,6,24,0.5039370078740157,0.8333333333333334,0.5
20618,HyboNet,3,32,0.005,6,25,0.48031496062992124,0.8333333333333334,0.5
20619,HyboNet,3,32,0.005,6,26,0.4645669291338583,0.8666666666666667,0.46153846153846156
20620,HyboNet,3,32,0.005,6,27,0.47244094488188976,0.9666666666666667,0.5
20621,HyboNet,3,32,0.005,6,28,0.4566929133858268,0.9666666666666667,0.5
20622,HyboNet,3,32,0.005,6,29,0.47244094488188976,0.9666666666666667,0.5384615384615384
20623,HyboNet,3,32,0.005,6,3,0.5354330708661418,0.6,0.5769230769230769
20624,HyboNet,3,32,0.005,6,30,0.4881889763779528,0.9333333333333333,0.5384615384615384
20625,HyboNet,3,32,0.005,6,31,0.4881889763779528,0.8666666666666667,0.5384615384615384
20626,HyboNet,3,32,0.005,6,32,0.49606299212598426,0.8666666666666667,0.5
20627,HyboNet,3,32,0.005,6,33,0.4881889763779528,0.9333333333333333,0.5
20628,HyboNet,3,32,0.005,6,34,0.48031496062992124,0.9333333333333333,0.5
20629,HyboNet,3,32,0.005,6,35,0.47244094488188976,0.9333333333333333,0.5384615384615384
20630,HyboNet,3,32,0.005,6,36,0.4566929133858268,0.9333333333333333,0.5384615384615384
20631,HyboNet,3,32,0.005,6,37,0.4645669291338583,0.9333333333333333,0.5384615384615384
20632,HyboNet,3,32,0.005,6,38,0.48031496062992124,0.9333333333333333,0.5384615384615384
20633,HyboNet,3,32,0.005,6,39,0.47244094488188976,0.9333333333333333,0.5
20634,HyboNet,3,32,0.005,6,4,0.5354330708661418,0.6,0.5769230769230769
20635,HyboNet,3,32,0.005,6,40,0.48031496062992124,0.9333333333333333,0.5384615384615384
20636,HyboNet,3,32,0.005,6,41,0.4645669291338583,0.9333333333333333,0.5769230769230769
20637,HyboNet,3,32,0.005,6,42,0.4566929133858268,0.9333333333333333,0.5384615384615384
20638,HyboNet,3,32,0.005,6,43,0.4645669291338583,0.9333333333333333,0.5769230769230769
20639,HyboNet,3,32,0.005,6,44,0.4645669291338583,1.0,0.5
20640,HyboNet,3,32,0.005,6,45,0.4094488188976378,1.0,0.38461538461538464
20641,HyboNet,3,32,0.005,6,46,0.4015748031496063,0.9333333333333333,0.34615384615384615
20642,HyboNet,3,32,0.005,6,47,0.4094488188976378,0.9333333333333333,0.34615384615384615
20643,HyboNet,3,32,0.005,6,48,0.41732283464566927,1.0,0.38461538461538464
20644,HyboNet,3,32,0.005,6,49,0.44881889763779526,1.0,0.38461538461538464
20645,HyboNet,3,32,0.005,6,5,0.5354330708661418,0.6,0.5769230769230769
20646,HyboNet,3,32,0.005,6,50,0.44881889763779526,1.0,0.46153846153846156
20647,HyboNet,3,32,0.005,6,51,0.4566929133858268,0.9666666666666667,0.5
20648,HyboNet,3,32,0.005,6,52,0.4251968503937008,0.9333333333333333,0.5
20649,HyboNet,3,32,0.005,6,53,0.3779527559055118,0.9333333333333333,0.34615384615384615
20650,HyboNet,3,32,0.005,6,54,0.3858267716535433,0.9666666666666667,0.38461538461538464
20651,HyboNet,3,32,0.005,6,55,0.4251968503937008,1.0,0.38461538461538464
20652,HyboNet,3,32,0.005,6,56,0.3937007874015748,1.0,0.34615384615384615
20653,HyboNet,3,32,0.005,6,57,0.36220472440944884,1.0,0.34615384615384615
20654,HyboNet,3,32,0.005,6,58,0.36220472440944884,1.0,0.34615384615384615
20655,HyboNet,3,32,0.005,6,59,0.3464566929133858,1.0,0.2692307692307692
20656,HyboNet,3,32,0.005,6,6,0.5354330708661418,0.6,0.5769230769230769
20657,HyboNet,3,32,0.005,6,60,0.3543307086614173,1.0,0.2692307692307692
20658,HyboNet,3,32,0.005,6,61,0.4251968503937008,1.0,0.38461538461538464
20659,HyboNet,3,32,0.005,6,62,0.41732283464566927,1.0,0.4230769230769231
20660,HyboNet,3,32,0.005,6,63,0.4094488188976378,1.0,0.38461538461538464
20661,HyboNet,3,32,0.005,6,64,0.4094488188976378,1.0,0.38461538461538464
20662,HyboNet,3,32,0.005,6,65,0.41732283464566927,1.0,0.38461538461538464
20663,HyboNet,3,32,0.005,6,66,0.4251968503937008,1.0,0.34615384615384615
20664,HyboNet,3,32,0.005,6,67,0.3779527559055118,1.0,0.34615384615384615
20665,HyboNet,3,32,0.005,6,68,0.3700787401574803,1.0,0.2692307692307692
20666,HyboNet,3,32,0.005,6,69,0.3779527559055118,1.0,0.34615384615384615
20667,HyboNet,3,32,0.005,6,7,0.5354330708661418,0.6333333333333333,0.5769230769230769
20668,HyboNet,3,32,0.005,6,70,0.3779527559055118,1.0,0.34615384615384615
20669,HyboNet,3,32,0.005,6,71,0.3700787401574803,1.0,0.3076923076923077
20670,HyboNet,3,32,0.005,6,72,0.3700787401574803,1.0,0.2692307692307692
20671,HyboNet,3,32,0.005,6,73,0.3228346456692913,1.0,0.2692307692307692
20672,HyboNet,3,32,0.005,6,74,0.3543307086614173,1.0,0.3076923076923077
20673,HyboNet,3,32,0.005,6,75,0.3858267716535433,1.0,0.34615384615384615
20674,HyboNet,3,32,0.005,6,76,0.3779527559055118,1.0,0.34615384615384615
20675,HyboNet,3,32,0.005,6,77,0.33858267716535434,1.0,0.34615384615384615
20676,HyboNet,3,32,0.005,6,78,0.3700787401574803,1.0,0.38461538461538464
20677,HyboNet,3,32,0.005,6,79,0.3858267716535433,1.0,0.34615384615384615
20678,HyboNet,3,32,0.005,6,8,0.5354330708661418,0.6333333333333333,0.5769230769230769
20679,HyboNet,3,32,0.005,6,80,0.3700787401574803,1.0,0.2692307692307692
20680,HyboNet,3,32,0.005,6,81,0.3779527559055118,1.0,0.34615384615384615
20681,HyboNet,3,32,0.005,6,82,0.4015748031496063,1.0,0.38461538461538464
20682,HyboNet,3,32,0.005,6,83,0.3858267716535433,1.0,0.38461538461538464
20683,HyboNet,3,32,0.005,6,84,0.3779527559055118,1.0,0.38461538461538464
20684,HyboNet,3,32,0.005,6,85,0.3937007874015748,1.0,0.4230769230769231
20685,HyboNet,3,32,0.005,6,86,0.4015748031496063,1.0,0.38461538461538464
20686,HyboNet,3,32,0.005,6,87,0.3937007874015748,1.0,0.38461538461538464
20687,HyboNet,3,32,0.005,6,88,0.36220472440944884,1.0,0.2692307692307692
20688,HyboNet,3,32,0.005,6,89,0.3228346456692913,1.0,0.23076923076923078
20689,HyboNet,3,32,0.005,6,9,0.5354330708661418,0.6333333333333333,0.5769230769230769
20690,HyboNet,3,32,0.005,6,90,0.3464566929133858,1.0,0.23076923076923078
20691,HyboNet,3,32,0.005,6,91,0.3779527559055118,1.0,0.3076923076923077
20692,HyboNet,3,32,0.005,6,92,0.4094488188976378,1.0,0.38461538461538464
20693,HyboNet,3,32,0.005,6,93,0.3700787401574803,1.0,0.38461538461538464
20694,HyboNet,3,32,0.005,6,94,0.3700787401574803,1.0,0.34615384615384615
20695,HyboNet,3,32,0.005,6,95,0.3858267716535433,1.0,0.38461538461538464
20696,HyboNet,3,32,0.005,6,96,0.4251968503937008,1.0,0.38461538461538464
20697,HyboNet,3,32,0.005,6,97,0.4094488188976378,1.0,0.34615384615384615
20698,HyboNet,3,32,0.005,6,98,0.3700787401574803,1.0,0.3076923076923077
20699,HyboNet,3,32,0.005,6,99,0.3464566929133858,1.0,0.3076923076923077
20700,HyboNet,3,32,0.005,7,1,0.5354330708661418,0.6,0.5769230769230769
20701,HyboNet,3,32,0.005,7,10,0.5354330708661418,0.6,0.5769230769230769
20702,HyboNet,3,32,0.005,7,100,0.3858267716535433,1.0,0.38461538461538464
20703,HyboNet,3,32,0.005,7,11,0.5354330708661418,0.6333333333333333,0.5769230769230769
20704,HyboNet,3,32,0.005,7,12,0.5354330708661418,0.6333333333333333,0.5769230769230769
20705,HyboNet,3,32,0.005,7,13,0.5354330708661418,0.6333333333333333,0.5769230769230769
20706,HyboNet,3,32,0.005,7,14,0.5354330708661418,0.6333333333333333,0.5769230769230769
20707,HyboNet,3,32,0.005,7,15,0.5354330708661418,0.6333333333333333,0.5769230769230769
20708,HyboNet,3,32,0.005,7,16,0.5433070866141733,0.6666666666666666,0.5769230769230769
20709,HyboNet,3,32,0.005,7,17,0.5354330708661418,0.7333333333333333,0.5769230769230769
20710,HyboNet,3,32,0.005,7,18,0.5354330708661418,0.7666666666666667,0.5384615384615384
20711,HyboNet,3,32,0.005,7,19,0.5433070866141733,0.7666666666666667,0.5384615384615384
20712,HyboNet,3,32,0.005,7,2,0.5354330708661418,0.6,0.5769230769230769
20713,HyboNet,3,32,0.005,7,20,0.5433070866141733,0.8,0.5769230769230769
20714,HyboNet,3,32,0.005,7,21,0.5669291338582677,0.8,0.5769230769230769
20715,HyboNet,3,32,0.005,7,22,0.5748031496062992,0.8,0.6153846153846154
20716,HyboNet,3,32,0.005,7,23,0.5748031496062992,0.8,0.5769230769230769
20717,HyboNet,3,32,0.005,7,24,0.5748031496062992,0.8,0.5769230769230769
20718,HyboNet,3,32,0.005,7,25,0.5590551181102362,0.8,0.5769230769230769
20719,HyboNet,3,32,0.005,7,26,0.5590551181102362,0.8,0.5769230769230769
20720,HyboNet,3,32,0.005,7,27,0.5590551181102362,0.8,0.6153846153846154
20721,HyboNet,3,32,0.005,7,28,0.5826771653543307,0.8666666666666667,0.5769230769230769
20722,HyboNet,3,32,0.005,7,29,0.5433070866141733,0.8666666666666667,0.5
20723,HyboNet,3,32,0.005,7,3,0.5354330708661418,0.6,0.5769230769230769
20724,HyboNet,3,32,0.005,7,30,0.5196850393700787,0.9,0.5
20725,HyboNet,3,32,0.005,7,31,0.5039370078740157,0.9,0.5
20726,HyboNet,3,32,0.005,7,32,0.5118110236220472,0.9,0.5
20727,HyboNet,3,32,0.005,7,33,0.5196850393700787,0.9,0.5
20728,HyboNet,3,32,0.005,7,34,0.5118110236220472,0.9,0.5
20729,HyboNet,3,32,0.005,7,35,0.5196850393700787,0.9,0.5
20730,HyboNet,3,32,0.005,7,36,0.4881889763779528,0.9,0.46153846153846156
20731,HyboNet,3,32,0.005,7,37,0.47244094488188976,0.9,0.46153846153846156
20732,HyboNet,3,32,0.005,7,38,0.47244094488188976,0.9,0.46153846153846156
20733,HyboNet,3,32,0.005,7,39,0.48031496062992124,0.9,0.46153846153846156
20734,HyboNet,3,32,0.005,7,4,0.5196850393700787,0.6666666666666666,0.5769230769230769
20735,HyboNet,3,32,0.005,7,40,0.48031496062992124,0.9,0.5
20736,HyboNet,3,32,0.005,7,41,0.4645669291338583,0.9333333333333333,0.5
20737,HyboNet,3,32,0.005,7,42,0.47244094488188976,0.9666666666666667,0.5
20738,HyboNet,3,32,0.005,7,43,0.4645669291338583,0.9666666666666667,0.5
20739,HyboNet,3,32,0.005,7,44,0.4566929133858268,0.9666666666666667,0.46153846153846156
20740,HyboNet,3,32,0.005,7,45,0.4645669291338583,0.9666666666666667,0.46153846153846156
20741,HyboNet,3,32,0.005,7,46,0.4645669291338583,0.9333333333333333,0.5
20742,HyboNet,3,32,0.005,7,47,0.48031496062992124,0.9333333333333333,0.5
20743,HyboNet,3,32,0.005,7,48,0.48031496062992124,0.9333333333333333,0.46153846153846156
20744,HyboNet,3,32,0.005,7,49,0.4645669291338583,0.9666666666666667,0.4230769230769231
20745,HyboNet,3,32,0.005,7,5,0.5275590551181102,0.7,0.5769230769230769
20746,HyboNet,3,32,0.005,7,50,0.44881889763779526,1.0,0.4230769230769231
20747,HyboNet,3,32,0.005,7,51,0.4330708661417323,1.0,0.46153846153846156
20748,HyboNet,3,32,0.005,7,52,0.4566929133858268,1.0,0.5384615384615384
20749,HyboNet,3,32,0.005,7,53,0.4645669291338583,0.9666666666666667,0.5384615384615384
20750,HyboNet,3,32,0.005,7,54,0.4645669291338583,0.9666666666666667,0.5384615384615384
20751,HyboNet,3,32,0.005,7,55,0.4409448818897638,1.0,0.5384615384615384
20752,HyboNet,3,32,0.005,7,56,0.4330708661417323,1.0,0.5
20753,HyboNet,3,32,0.005,7,57,0.4330708661417323,1.0,0.5384615384615384
20754,HyboNet,3,32,0.005,7,58,0.4566929133858268,1.0,0.5384615384615384
20755,HyboNet,3,32,0.005,7,59,0.4566929133858268,1.0,0.5384615384615384
20756,HyboNet,3,32,0.005,7,6,0.5354330708661418,0.6333333333333333,0.5769230769230769
20757,HyboNet,3,32,0.005,7,60,0.44881889763779526,1.0,0.5
20758,HyboNet,3,32,0.005,7,61,0.4251968503937008,1.0,0.5
20759,HyboNet,3,32,0.005,7,62,0.4409448818897638,1.0,0.5
20760,HyboNet,3,32,0.005,7,63,0.4409448818897638,1.0,0.5
20761,HyboNet,3,32,0.005,7,64,0.4330708661417323,1.0,0.46153846153846156
20762,HyboNet,3,32,0.005,7,65,0.3858267716535433,1.0,0.46153846153846156
20763,HyboNet,3,32,0.005,7,66,0.3858267716535433,1.0,0.46153846153846156
20764,HyboNet,3,32,0.005,7,67,0.41732283464566927,1.0,0.5384615384615384
20765,HyboNet,3,32,0.005,7,68,0.4409448818897638,1.0,0.5
20766,HyboNet,3,32,0.005,7,69,0.44881889763779526,1.0,0.5
20767,HyboNet,3,32,0.005,7,7,0.5354330708661418,0.6,0.5769230769230769
20768,HyboNet,3,32,0.005,7,70,0.4330708661417323,1.0,0.5
20769,HyboNet,3,32,0.005,7,71,0.3937007874015748,1.0,0.5384615384615384
20770,HyboNet,3,32,0.005,7,72,0.3858267716535433,1.0,0.5
20771,HyboNet,3,32,0.005,7,73,0.3779527559055118,1.0,0.5
20772,HyboNet,3,32,0.005,7,74,0.3858267716535433,1.0,0.38461538461538464
20773,HyboNet,3,32,0.005,7,75,0.3700787401574803,1.0,0.34615384615384615
20774,HyboNet,3,32,0.005,7,76,0.3543307086614173,1.0,0.3076923076923077
20775,HyboNet,3,32,0.005,7,77,0.3543307086614173,1.0,0.3076923076923077
20776,HyboNet,3,32,0.005,7,78,0.3858267716535433,1.0,0.4230769230769231
20777,HyboNet,3,32,0.005,7,79,0.4015748031496063,1.0,0.46153846153846156
20778,HyboNet,3,32,0.005,7,8,0.5354330708661418,0.6,0.5769230769230769
20779,HyboNet,3,32,0.005,7,80,0.4094488188976378,1.0,0.46153846153846156
20780,HyboNet,3,32,0.005,7,81,0.3937007874015748,1.0,0.5
20781,HyboNet,3,32,0.005,7,82,0.4015748031496063,1.0,0.5
20782,HyboNet,3,32,0.005,7,83,0.4015748031496063,1.0,0.5
20783,HyboNet,3,32,0.005,7,84,0.4094488188976378,1.0,0.5384615384615384
20784,HyboNet,3,32,0.005,7,85,0.4251968503937008,1.0,0.5384615384615384
20785,HyboNet,3,32,0.005,7,86,0.4015748031496063,1.0,0.5
20786,HyboNet,3,32,0.005,7,87,0.41732283464566927,1.0,0.5
20787,HyboNet,3,32,0.005,7,88,0.4251968503937008,1.0,0.5384615384615384
20788,HyboNet,3,32,0.005,7,89,0.4094488188976378,1.0,0.5384615384615384
20789,HyboNet,3,32,0.005,7,9,0.5354330708661418,0.6,0.5769230769230769
20790,HyboNet,3,32,0.005,7,90,0.4015748031496063,1.0,0.38461538461538464
20791,HyboNet,3,32,0.005,7,91,0.4094488188976378,1.0,0.5384615384615384
20792,HyboNet,3,32,0.005,7,92,0.4094488188976378,1.0,0.5
20793,HyboNet,3,32,0.005,7,93,0.4094488188976378,1.0,0.5
20794,HyboNet,3,32,0.005,7,94,0.41732283464566927,1.0,0.5
20795,HyboNet,3,32,0.005,7,95,0.4094488188976378,1.0,0.38461538461538464
20796,HyboNet,3,32,0.005,7,96,0.36220472440944884,1.0,0.38461538461538464
20797,HyboNet,3,32,0.005,7,97,0.4094488188976378,1.0,0.38461538461538464
20798,HyboNet,3,32,0.005,7,98,0.4094488188976378,1.0,0.46153846153846156
20799,HyboNet,3,32,0.005,7,99,0.4094488188976378,1.0,0.46153846153846156
20800,HyboNet,3,32,0.005,8,1,0.5039370078740157,0.5666666666666667,0.5
20801,HyboNet,3,32,0.005,8,10,0.5433070866141733,0.7666666666666667,0.5384615384615384
20802,HyboNet,3,32,0.005,8,100,0.3543307086614173,1.0,0.2692307692307692
20803,HyboNet,3,32,0.005,8,11,0.5669291338582677,0.8,0.5384615384615384
20804,HyboNet,3,32,0.005,8,12,0.5669291338582677,0.8333333333333334,0.5769230769230769
20805,HyboNet,3,32,0.005,8,13,0.5511811023622047,0.8333333333333334,0.5
20806,HyboNet,3,32,0.005,8,14,0.5433070866141733,0.8333333333333334,0.5769230769230769
20807,HyboNet,3,32,0.005,8,15,0.49606299212598426,0.8333333333333334,0.5384615384615384
20808,HyboNet,3,32,0.005,8,16,0.4881889763779528,0.8333333333333334,0.5384615384615384
20809,HyboNet,3,32,0.005,8,17,0.5118110236220472,0.8333333333333334,0.5384615384615384
20810,HyboNet,3,32,0.005,8,18,0.5275590551181102,0.8,0.5384615384615384
20811,HyboNet,3,32,0.005,8,19,0.49606299212598426,0.8333333333333334,0.4230769230769231
20812,HyboNet,3,32,0.005,8,2,0.5354330708661418,0.6,0.5769230769230769
20813,HyboNet,3,32,0.005,8,20,0.41732283464566927,0.8333333333333334,0.38461538461538464
20814,HyboNet,3,32,0.005,8,21,0.3937007874015748,0.8333333333333334,0.3076923076923077
20815,HyboNet,3,32,0.005,8,22,0.41732283464566927,0.8333333333333334,0.38461538461538464
20816,HyboNet,3,32,0.005,8,23,0.44881889763779526,0.9,0.4230769230769231
20817,HyboNet,3,32,0.005,8,24,0.49606299212598426,0.9,0.4230769230769231
20818,HyboNet,3,32,0.005,8,25,0.5118110236220472,0.9,0.46153846153846156
20819,HyboNet,3,32,0.005,8,26,0.5039370078740157,0.9333333333333333,0.5
20820,HyboNet,3,32,0.005,8,27,0.49606299212598426,0.9333333333333333,0.46153846153846156
20821,HyboNet,3,32,0.005,8,28,0.48031496062992124,0.9333333333333333,0.4230769230769231
20822,HyboNet,3,32,0.005,8,29,0.47244094488188976,0.9333333333333333,0.4230769230769231
20823,HyboNet,3,32,0.005,8,3,0.5354330708661418,0.6666666666666666,0.5769230769230769
20824,HyboNet,3,32,0.005,8,30,0.4566929133858268,0.9333333333333333,0.4230769230769231
20825,HyboNet,3,32,0.005,8,31,0.4409448818897638,0.9,0.4230769230769231
20826,HyboNet,3,32,0.005,8,32,0.4330708661417323,0.9,0.38461538461538464
20827,HyboNet,3,32,0.005,8,33,0.4251968503937008,0.9333333333333333,0.38461538461538464
20828,HyboNet,3,32,0.005,8,34,0.4409448818897638,0.9333333333333333,0.38461538461538464
20829,HyboNet,3,32,0.005,8,35,0.4566929133858268,0.9333333333333333,0.38461538461538464
20830,HyboNet,3,32,0.005,8,36,0.4566929133858268,0.9333333333333333,0.38461538461538464
20831,HyboNet,3,32,0.005,8,37,0.4330708661417323,0.9333333333333333,0.38461538461538464
20832,HyboNet,3,32,0.005,8,38,0.4409448818897638,0.9333333333333333,0.38461538461538464
20833,HyboNet,3,32,0.005,8,39,0.44881889763779526,0.9333333333333333,0.38461538461538464
20834,HyboNet,3,32,0.005,8,4,0.5511811023622047,0.7666666666666667,0.5384615384615384
20835,HyboNet,3,32,0.005,8,40,0.4409448818897638,0.9333333333333333,0.38461538461538464
20836,HyboNet,3,32,0.005,8,41,0.44881889763779526,0.9666666666666667,0.34615384615384615
20837,HyboNet,3,32,0.005,8,42,0.4409448818897638,0.9666666666666667,0.34615384615384615
20838,HyboNet,3,32,0.005,8,43,0.4566929133858268,0.9666666666666667,0.34615384615384615
20839,HyboNet,3,32,0.005,8,44,0.44881889763779526,0.9666666666666667,0.34615384615384615
20840,HyboNet,3,32,0.005,8,45,0.41732283464566927,0.9666666666666667,0.3076923076923077
20841,HyboNet,3,32,0.005,8,46,0.4330708661417323,0.9333333333333333,0.3076923076923077
20842,HyboNet,3,32,0.005,8,47,0.4251968503937008,0.9666666666666667,0.3076923076923077
20843,HyboNet,3,32,0.005,8,48,0.4409448818897638,0.9666666666666667,0.3076923076923077
20844,HyboNet,3,32,0.005,8,49,0.44881889763779526,0.9666666666666667,0.3076923076923077
20845,HyboNet,3,32,0.005,8,5,0.5196850393700787,0.8,0.5
20846,HyboNet,3,32,0.005,8,50,0.4015748031496063,0.9666666666666667,0.3076923076923077
20847,HyboNet,3,32,0.005,8,51,0.3937007874015748,1.0,0.3076923076923077
20848,HyboNet,3,32,0.005,8,52,0.3543307086614173,1.0,0.2692307692307692
20849,HyboNet,3,32,0.005,8,53,0.3937007874015748,1.0,0.2692307692307692
20850,HyboNet,3,32,0.005,8,54,0.3858267716535433,1.0,0.2692307692307692
20851,HyboNet,3,32,0.005,8,55,0.4566929133858268,0.9666666666666667,0.34615384615384615
20852,HyboNet,3,32,0.005,8,56,0.44881889763779526,0.9666666666666667,0.38461538461538464
20853,HyboNet,3,32,0.005,8,57,0.44881889763779526,0.9666666666666667,0.38461538461538464
20854,HyboNet,3,32,0.005,8,58,0.44881889763779526,0.9666666666666667,0.38461538461538464
20855,HyboNet,3,32,0.005,8,59,0.4251968503937008,1.0,0.34615384615384615
20856,HyboNet,3,32,0.005,8,6,0.5748031496062992,0.8,0.5384615384615384
20857,HyboNet,3,32,0.005,8,60,0.3779527559055118,1.0,0.2692307692307692
20858,HyboNet,3,32,0.005,8,61,0.36220472440944884,1.0,0.2692307692307692
20859,HyboNet,3,32,0.005,8,62,0.3858267716535433,1.0,0.3076923076923077
20860,HyboNet,3,32,0.005,8,63,0.4094488188976378,1.0,0.38461538461538464
20861,HyboNet,3,32,0.005,8,64,0.4251968503937008,1.0,0.38461538461538464
20862,HyboNet,3,32,0.005,8,65,0.4251968503937008,1.0,0.38461538461538464
20863,HyboNet,3,32,0.005,8,66,0.4251968503937008,1.0,0.34615384615384615
20864,HyboNet,3,32,0.005,8,67,0.3858267716535433,1.0,0.2692307692307692
20865,HyboNet,3,32,0.005,8,68,0.3543307086614173,1.0,0.2692307692307692
20866,HyboNet,3,32,0.005,8,69,0.4015748031496063,1.0,0.3076923076923077
20867,HyboNet,3,32,0.005,8,7,0.5354330708661418,0.7666666666666667,0.5384615384615384
20868,HyboNet,3,32,0.005,8,70,0.41732283464566927,1.0,0.34615384615384615
20869,HyboNet,3,32,0.005,8,71,0.4015748031496063,1.0,0.34615384615384615
20870,HyboNet,3,32,0.005,8,72,0.4015748031496063,1.0,0.38461538461538464
20871,HyboNet,3,32,0.005,8,73,0.3543307086614173,1.0,0.3076923076923077
20872,HyboNet,3,32,0.005,8,74,0.36220472440944884,1.0,0.2692307692307692
20873,HyboNet,3,32,0.005,8,75,0.3937007874015748,1.0,0.2692307692307692
20874,HyboNet,3,32,0.005,8,76,0.3937007874015748,1.0,0.2692307692307692
20875,HyboNet,3,32,0.005,8,77,0.3937007874015748,1.0,0.2692307692307692
20876,HyboNet,3,32,0.005,8,78,0.3543307086614173,1.0,0.2692307692307692
20877,HyboNet,3,32,0.005,8,79,0.3464566929133858,1.0,0.23076923076923078
20878,HyboNet,3,32,0.005,8,8,0.5354330708661418,0.7333333333333333,0.5769230769230769
20879,HyboNet,3,32,0.005,8,80,0.3858267716535433,1.0,0.2692307692307692
20880,HyboNet,3,32,0.005,8,81,0.3937007874015748,1.0,0.38461538461538464
20881,HyboNet,3,32,0.005,8,82,0.4094488188976378,1.0,0.38461538461538464
20882,HyboNet,3,32,0.005,8,83,0.4015748031496063,1.0,0.38461538461538464
20883,HyboNet,3,32,0.005,8,84,0.3858267716535433,1.0,0.38461538461538464
20884,HyboNet,3,32,0.005,8,85,0.36220472440944884,1.0,0.34615384615384615
20885,HyboNet,3,32,0.005,8,86,0.3700787401574803,1.0,0.34615384615384615
20886,HyboNet,3,32,0.005,8,87,0.3779527559055118,1.0,0.34615384615384615
20887,HyboNet,3,32,0.005,8,88,0.4094488188976378,1.0,0.34615384615384615
20888,HyboNet,3,32,0.005,8,89,0.4251968503937008,1.0,0.2692307692307692
20889,HyboNet,3,32,0.005,8,9,0.5354330708661418,0.7333333333333333,0.5384615384615384
20890,HyboNet,3,32,0.005,8,90,0.36220472440944884,1.0,0.2692307692307692
20891,HyboNet,3,32,0.005,8,91,0.3858267716535433,1.0,0.2692307692307692
20892,HyboNet,3,32,0.005,8,92,0.4094488188976378,1.0,0.3076923076923077
20893,HyboNet,3,32,0.005,8,93,0.3937007874015748,1.0,0.38461538461538464
20894,HyboNet,3,32,0.005,8,94,0.3858267716535433,1.0,0.34615384615384615
20895,HyboNet,3,32,0.005,8,95,0.3779527559055118,1.0,0.3076923076923077
20896,HyboNet,3,32,0.005,8,96,0.3779527559055118,1.0,0.3076923076923077
20897,HyboNet,3,32,0.005,8,97,0.3858267716535433,1.0,0.34615384615384615
20898,HyboNet,3,32,0.005,8,98,0.3700787401574803,1.0,0.34615384615384615
20899,HyboNet,3,32,0.005,8,99,0.3543307086614173,1.0,0.2692307692307692
20900,HyboNet,3,32,0.005,9,1,0.5039370078740157,0.6,0.5769230769230769
20901,HyboNet,3,32,0.005,9,10,0.5354330708661418,0.7,0.5769230769230769
20902,HyboNet,3,32,0.005,9,100,0.4409448818897638,1.0,0.4230769230769231
20903,HyboNet,3,32,0.005,9,11,0.5354330708661418,0.7333333333333333,0.5769230769230769
20904,HyboNet,3,32,0.005,9,12,0.5511811023622047,0.8,0.6153846153846154
20905,HyboNet,3,32,0.005,9,13,0.5511811023622047,0.8,0.5769230769230769
20906,HyboNet,3,32,0.005,9,14,0.5511811023622047,0.8,0.5769230769230769
20907,HyboNet,3,32,0.005,9,15,0.5669291338582677,0.8,0.5769230769230769
20908,HyboNet,3,32,0.005,9,16,0.5826771653543307,0.8,0.5769230769230769
20909,HyboNet,3,32,0.005,9,17,0.5748031496062992,0.8,0.5769230769230769
20910,HyboNet,3,32,0.005,9,18,0.5590551181102362,0.8,0.5769230769230769
20911,HyboNet,3,32,0.005,9,19,0.5590551181102362,0.8,0.5769230769230769
20912,HyboNet,3,32,0.005,9,2,0.5354330708661418,0.6,0.5769230769230769
20913,HyboNet,3,32,0.005,9,20,0.5511811023622047,0.8,0.5769230769230769
20914,HyboNet,3,32,0.005,9,21,0.5511811023622047,0.8,0.5769230769230769
20915,HyboNet,3,32,0.005,9,22,0.5511811023622047,0.8333333333333334,0.5769230769230769
20916,HyboNet,3,32,0.005,9,23,0.5590551181102362,0.8333333333333334,0.5384615384615384
20917,HyboNet,3,32,0.005,9,24,0.5354330708661418,0.8666666666666667,0.5384615384615384
20918,HyboNet,3,32,0.005,9,25,0.49606299212598426,0.9,0.5769230769230769
20919,HyboNet,3,32,0.005,9,26,0.4645669291338583,0.9,0.46153846153846156
20920,HyboNet,3,32,0.005,9,27,0.48031496062992124,0.9,0.46153846153846156
20921,HyboNet,3,32,0.005,9,28,0.49606299212598426,0.9,0.5384615384615384
20922,HyboNet,3,32,0.005,9,29,0.5118110236220472,0.9,0.5769230769230769
20923,HyboNet,3,32,0.005,9,3,0.5354330708661418,0.6,0.5769230769230769
20924,HyboNet,3,32,0.005,9,30,0.5039370078740157,0.9,0.5769230769230769
20925,HyboNet,3,32,0.005,9,31,0.5039370078740157,0.9,0.5769230769230769
20926,HyboNet,3,32,0.005,9,32,0.49606299212598426,0.9,0.5384615384615384
20927,HyboNet,3,32,0.005,9,33,0.5118110236220472,0.9,0.5
20928,HyboNet,3,32,0.005,9,34,0.5196850393700787,0.9,0.5
20929,HyboNet,3,32,0.005,9,35,0.5196850393700787,0.9333333333333333,0.5
20930,HyboNet,3,32,0.005,9,36,0.48031496062992124,0.9333333333333333,0.5
20931,HyboNet,3,32,0.005,9,37,0.4566929133858268,0.9333333333333333,0.5384615384615384
20932,HyboNet,3,32,0.005,9,38,0.4409448818897638,0.9333333333333333,0.5
20933,HyboNet,3,32,0.005,9,39,0.4330708661417323,0.9333333333333333,0.5
20934,HyboNet,3,32,0.005,9,4,0.5354330708661418,0.6,0.5769230769230769
20935,HyboNet,3,32,0.005,9,40,0.4251968503937008,0.9333333333333333,0.5
20936,HyboNet,3,32,0.005,9,41,0.44881889763779526,0.9333333333333333,0.5384615384615384
20937,HyboNet,3,32,0.005,9,42,0.47244094488188976,0.9333333333333333,0.5769230769230769
20938,HyboNet,3,32,0.005,9,43,0.48031496062992124,0.9333333333333333,0.5769230769230769
20939,HyboNet,3,32,0.005,9,44,0.48031496062992124,0.9333333333333333,0.5769230769230769
20940,HyboNet,3,32,0.005,9,45,0.48031496062992124,0.9333333333333333,0.5384615384615384
20941,HyboNet,3,32,0.005,9,46,0.49606299212598426,0.9333333333333333,0.5
20942,HyboNet,3,32,0.005,9,47,0.4645669291338583,0.9333333333333333,0.5
20943,HyboNet,3,32,0.005,9,48,0.47244094488188976,0.9333333333333333,0.5
20944,HyboNet,3,32,0.005,9,49,0.44881889763779526,0.9666666666666667,0.4230769230769231
20945,HyboNet,3,32,0.005,9,5,0.5354330708661418,0.7,0.6153846153846154
20946,HyboNet,3,32,0.005,9,50,0.41732283464566927,0.9666666666666667,0.4230769230769231
20947,HyboNet,3,32,0.005,9,51,0.4330708661417323,0.9666666666666667,0.4230769230769231
20948,HyboNet,3,32,0.005,9,52,0.4645669291338583,0.9666666666666667,0.46153846153846156
20949,HyboNet,3,32,0.005,9,53,0.4645669291338583,0.9666666666666667,0.46153846153846156
20950,HyboNet,3,32,0.005,9,54,0.44881889763779526,0.9666666666666667,0.46153846153846156
20951,HyboNet,3,32,0.005,9,55,0.4409448818897638,0.9666666666666667,0.4230769230769231
20952,HyboNet,3,32,0.005,9,56,0.4251968503937008,0.9666666666666667,0.34615384615384615
20953,HyboNet,3,32,0.005,9,57,0.4094488188976378,0.9666666666666667,0.34615384615384615
20954,HyboNet,3,32,0.005,9,58,0.4409448818897638,0.9666666666666667,0.4230769230769231
20955,HyboNet,3,32,0.005,9,59,0.44881889763779526,0.9666666666666667,0.4230769230769231
20956,HyboNet,3,32,0.005,9,6,0.5511811023622047,0.8,0.5769230769230769
20957,HyboNet,3,32,0.005,9,60,0.4251968503937008,0.9666666666666667,0.38461538461538464
20958,HyboNet,3,32,0.005,9,61,0.4094488188976378,0.9666666666666667,0.38461538461538464
20959,HyboNet,3,32,0.005,9,62,0.4330708661417323,0.9666666666666667,0.38461538461538464
20960,HyboNet,3,32,0.005,9,63,0.4330708661417323,0.9666666666666667,0.38461538461538464
20961,HyboNet,3,32,0.005,9,64,0.4094488188976378,0.9666666666666667,0.38461538461538464
20962,HyboNet,3,32,0.005,9,65,0.3858267716535433,0.9666666666666667,0.4230769230769231
20963,HyboNet,3,32,0.005,9,66,0.4015748031496063,0.9666666666666667,0.4230769230769231
20964,HyboNet,3,32,0.005,9,67,0.41732283464566927,0.9666666666666667,0.4230769230769231
20965,HyboNet,3,32,0.005,9,68,0.41732283464566927,0.9666666666666667,0.4230769230769231
20966,HyboNet,3,32,0.005,9,69,0.4015748031496063,0.9666666666666667,0.38461538461538464
20967,HyboNet,3,32,0.005,9,7,0.5354330708661418,0.8,0.5769230769230769
20968,HyboNet,3,32,0.005,9,70,0.3937007874015748,0.9666666666666667,0.38461538461538464
20969,HyboNet,3,32,0.005,9,71,0.41732283464566927,0.9666666666666667,0.38461538461538464
20970,HyboNet,3,32,0.005,9,72,0.41732283464566927,0.9666666666666667,0.38461538461538464
20971,HyboNet,3,32,0.005,9,73,0.41732283464566927,0.9666666666666667,0.38461538461538464
20972,HyboNet,3,32,0.005,9,74,0.4094488188976378,0.9666666666666667,0.38461538461538464
20973,HyboNet,3,32,0.005,9,75,0.3937007874015748,0.9666666666666667,0.34615384615384615
20974,HyboNet,3,32,0.005,9,76,0.3858267716535433,1.0,0.34615384615384615
20975,HyboNet,3,32,0.005,9,77,0.3779527559055118,1.0,0.4230769230769231
20976,HyboNet,3,32,0.005,9,78,0.3700787401574803,1.0,0.34615384615384615
20977,HyboNet,3,32,0.005,9,79,0.3937007874015748,1.0,0.38461538461538464
20978,HyboNet,3,32,0.005,9,8,0.5590551181102362,0.7666666666666667,0.5769230769230769
20979,HyboNet,3,32,0.005,9,80,0.4015748031496063,1.0,0.4230769230769231
20980,HyboNet,3,32,0.005,9,81,0.4251968503937008,1.0,0.46153846153846156
20981,HyboNet,3,32,0.005,9,82,0.4251968503937008,1.0,0.4230769230769231
20982,HyboNet,3,32,0.005,9,83,0.4251968503937008,1.0,0.4230769230769231
20983,HyboNet,3,32,0.005,9,84,0.4251968503937008,1.0,0.4230769230769231
20984,HyboNet,3,32,0.005,9,85,0.4251968503937008,1.0,0.4230769230769231
20985,HyboNet,3,32,0.005,9,86,0.4015748031496063,1.0,0.38461538461538464
20986,HyboNet,3,32,0.005,9,87,0.3937007874015748,1.0,0.34615384615384615
20987,HyboNet,3,32,0.005,9,88,0.4251968503937008,1.0,0.46153846153846156
20988,HyboNet,3,32,0.005,9,89,0.4251968503937008,1.0,0.38461538461538464
20989,HyboNet,3,32,0.005,9,9,0.5433070866141733,0.7333333333333333,0.5769230769230769
20990,HyboNet,3,32,0.005,9,90,0.4330708661417323,1.0,0.5
20991,HyboNet,3,32,0.005,9,91,0.44881889763779526,1.0,0.5
20992,HyboNet,3,32,0.005,9,92,0.41732283464566927,1.0,0.46153846153846156
20993,HyboNet,3,32,0.005,9,93,0.3937007874015748,1.0,0.4230769230769231
20994,HyboNet,3,32,0.005,9,94,0.3937007874015748,1.0,0.38461538461538464
20995,HyboNet,3,32,0.005,9,95,0.3937007874015748,1.0,0.46153846153846156
20996,HyboNet,3,32,0.005,9,96,0.41732283464566927,1.0,0.46153846153846156
20997,HyboNet,3,32,0.005,9,97,0.4645669291338583,1.0,0.4230769230769231
20998,HyboNet,3,32,0.005,9,98,0.4409448818897638,1.0,0.4230769230769231
20999,HyboNet,3,32,0.005,9,99,0.4251968503937008,1.0,0.38461538461538464
21000,HyboNet,3,64,0.0002,1,1,0.23622047244094488,0.3333333333333333,0.23076923076923078
21001,HyboNet,3,64,0.0002,1,10,0.5039370078740157,0.6,0.5769230769230769
21002,HyboNet,3,64,0.0002,1,100,0.4409448818897638,0.9333333333333333,0.5
21003,HyboNet,3,64,0.0002,1,11,0.5196850393700787,0.6,0.5769230769230769
21004,HyboNet,3,64,0.0002,1,12,0.5275590551181102,0.6,0.5769230769230769
21005,HyboNet,3,64,0.0002,1,13,0.5354330708661418,0.6,0.5769230769230769
21006,HyboNet,3,64,0.0002,1,14,0.5354330708661418,0.6,0.5769230769230769
21007,HyboNet,3,64,0.0002,1,15,0.5354330708661418,0.6,0.5769230769230769
21008,HyboNet,3,64,0.0002,1,16,0.5354330708661418,0.6,0.5769230769230769
21009,HyboNet,3,64,0.0002,1,17,0.5196850393700787,0.6,0.5769230769230769
21010,HyboNet,3,64,0.0002,1,18,0.5196850393700787,0.6,0.5769230769230769
21011,HyboNet,3,64,0.0002,1,19,0.5118110236220472,0.6,0.5769230769230769
21012,HyboNet,3,64,0.0002,1,2,0.2755905511811024,0.43333333333333335,0.38461538461538464
21013,HyboNet,3,64,0.0002,1,20,0.5118110236220472,0.6,0.5769230769230769
21014,HyboNet,3,64,0.0002,1,21,0.5118110236220472,0.6666666666666666,0.5769230769230769
21015,HyboNet,3,64,0.0002,1,22,0.49606299212598426,0.7,0.5384615384615384
21016,HyboNet,3,64,0.0002,1,23,0.5039370078740157,0.7,0.5384615384615384
21017,HyboNet,3,64,0.0002,1,24,0.49606299212598426,0.7,0.5384615384615384
21018,HyboNet,3,64,0.0002,1,25,0.5039370078740157,0.7333333333333333,0.5384615384615384
21019,HyboNet,3,64,0.0002,1,26,0.48031496062992124,0.7333333333333333,0.46153846153846156
21020,HyboNet,3,64,0.0002,1,27,0.47244094488188976,0.7333333333333333,0.46153846153846156
21021,HyboNet,3,64,0.0002,1,28,0.4645669291338583,0.7333333333333333,0.46153846153846156
21022,HyboNet,3,64,0.0002,1,29,0.4645669291338583,0.7666666666666667,0.46153846153846156
21023,HyboNet,3,64,0.0002,1,3,0.33858267716535434,0.5666666666666667,0.4230769230769231
21024,HyboNet,3,64,0.0002,1,30,0.4645669291338583,0.7666666666666667,0.4230769230769231
21025,HyboNet,3,64,0.0002,1,31,0.47244094488188976,0.7666666666666667,0.4230769230769231
21026,HyboNet,3,64,0.0002,1,32,0.47244094488188976,0.7666666666666667,0.4230769230769231
21027,HyboNet,3,64,0.0002,1,33,0.47244094488188976,0.7666666666666667,0.4230769230769231
21028,HyboNet,3,64,0.0002,1,34,0.47244094488188976,0.7666666666666667,0.4230769230769231
21029,HyboNet,3,64,0.0002,1,35,0.47244094488188976,0.7666666666666667,0.38461538461538464
21030,HyboNet,3,64,0.0002,1,36,0.4566929133858268,0.7666666666666667,0.38461538461538464
21031,HyboNet,3,64,0.0002,1,37,0.4566929133858268,0.7666666666666667,0.38461538461538464
21032,HyboNet,3,64,0.0002,1,38,0.47244094488188976,0.7666666666666667,0.38461538461538464
21033,HyboNet,3,64,0.0002,1,39,0.4566929133858268,0.7666666666666667,0.38461538461538464
21034,HyboNet,3,64,0.0002,1,4,0.3779527559055118,0.5,0.4230769230769231
21035,HyboNet,3,64,0.0002,1,40,0.44881889763779526,0.8,0.38461538461538464
21036,HyboNet,3,64,0.0002,1,41,0.44881889763779526,0.8,0.38461538461538464
21037,HyboNet,3,64,0.0002,1,42,0.44881889763779526,0.8,0.38461538461538464
21038,HyboNet,3,64,0.0002,1,43,0.4566929133858268,0.8,0.38461538461538464
21039,HyboNet,3,64,0.0002,1,44,0.4645669291338583,0.8,0.38461538461538464
21040,HyboNet,3,64,0.0002,1,45,0.47244094488188976,0.8,0.38461538461538464
21041,HyboNet,3,64,0.0002,1,46,0.4645669291338583,0.8,0.38461538461538464
21042,HyboNet,3,64,0.0002,1,47,0.4566929133858268,0.8,0.38461538461538464
21043,HyboNet,3,64,0.0002,1,48,0.4645669291338583,0.8,0.38461538461538464
21044,HyboNet,3,64,0.0002,1,49,0.4645669291338583,0.8,0.4230769230769231
21045,HyboNet,3,64,0.0002,1,5,0.41732283464566927,0.5333333333333333,0.38461538461538464
21046,HyboNet,3,64,0.0002,1,50,0.4566929133858268,0.8,0.4230769230769231
21047,HyboNet,3,64,0.0002,1,51,0.4566929133858268,0.8,0.4230769230769231
21048,HyboNet,3,64,0.0002,1,52,0.4645669291338583,0.8,0.4230769230769231
21049,HyboNet,3,64,0.0002,1,53,0.4645669291338583,0.8,0.4230769230769231
21050,HyboNet,3,64,0.0002,1,54,0.47244094488188976,0.8333333333333334,0.4230769230769231
21051,HyboNet,3,64,0.0002,1,55,0.4645669291338583,0.8333333333333334,0.4230769230769231
21052,HyboNet,3,64,0.0002,1,56,0.4645669291338583,0.8333333333333334,0.4230769230769231
21053,HyboNet,3,64,0.0002,1,57,0.4566929133858268,0.8333333333333334,0.4230769230769231
21054,HyboNet,3,64,0.0002,1,58,0.44881889763779526,0.8333333333333334,0.4230769230769231
21055,HyboNet,3,64,0.0002,1,59,0.44881889763779526,0.8333333333333334,0.4230769230769231
21056,HyboNet,3,64,0.0002,1,6,0.4330708661417323,0.5666666666666667,0.4230769230769231
21057,HyboNet,3,64,0.0002,1,60,0.44881889763779526,0.8333333333333334,0.4230769230769231
21058,HyboNet,3,64,0.0002,1,61,0.44881889763779526,0.8333333333333334,0.4230769230769231
21059,HyboNet,3,64,0.0002,1,62,0.44881889763779526,0.8333333333333334,0.4230769230769231
21060,HyboNet,3,64,0.0002,1,63,0.44881889763779526,0.8333333333333334,0.4230769230769231
21061,HyboNet,3,64,0.0002,1,64,0.44881889763779526,0.8666666666666667,0.4230769230769231
21062,HyboNet,3,64,0.0002,1,65,0.44881889763779526,0.9,0.4230769230769231
21063,HyboNet,3,64,0.0002,1,66,0.4566929133858268,0.9,0.4230769230769231
21064,HyboNet,3,64,0.0002,1,67,0.4645669291338583,0.9,0.4230769230769231
21065,HyboNet,3,64,0.0002,1,68,0.4645669291338583,0.9,0.4230769230769231
21066,HyboNet,3,64,0.0002,1,69,0.4645669291338583,0.9,0.4230769230769231
21067,HyboNet,3,64,0.0002,1,7,0.4566929133858268,0.5666666666666667,0.5
21068,HyboNet,3,64,0.0002,1,70,0.4645669291338583,0.9,0.46153846153846156
21069,HyboNet,3,64,0.0002,1,71,0.4645669291338583,0.9,0.46153846153846156
21070,HyboNet,3,64,0.0002,1,72,0.4645669291338583,0.9,0.46153846153846156
21071,HyboNet,3,64,0.0002,1,73,0.44881889763779526,0.9,0.46153846153846156
21072,HyboNet,3,64,0.0002,1,74,0.4409448818897638,0.9,0.46153846153846156
21073,HyboNet,3,64,0.0002,1,75,0.4409448818897638,0.9,0.46153846153846156
21074,HyboNet,3,64,0.0002,1,76,0.4409448818897638,0.9,0.46153846153846156
21075,HyboNet,3,64,0.0002,1,77,0.4409448818897638,0.9,0.46153846153846156
21076,HyboNet,3,64,0.0002,1,78,0.4409448818897638,0.9333333333333333,0.46153846153846156
21077,HyboNet,3,64,0.0002,1,79,0.4409448818897638,0.9333333333333333,0.46153846153846156
21078,HyboNet,3,64,0.0002,1,8,0.48031496062992124,0.5666666666666667,0.5769230769230769
21079,HyboNet,3,64,0.0002,1,80,0.4409448818897638,0.9333333333333333,0.46153846153846156
21080,HyboNet,3,64,0.0002,1,81,0.4409448818897638,0.9333333333333333,0.46153846153846156
21081,HyboNet,3,64,0.0002,1,82,0.4409448818897638,0.9333333333333333,0.46153846153846156
21082,HyboNet,3,64,0.0002,1,83,0.4409448818897638,0.9333333333333333,0.46153846153846156
21083,HyboNet,3,64,0.0002,1,84,0.4409448818897638,0.9333333333333333,0.46153846153846156
21084,HyboNet,3,64,0.0002,1,85,0.4409448818897638,0.9333333333333333,0.46153846153846156
21085,HyboNet,3,64,0.0002,1,86,0.4409448818897638,0.9333333333333333,0.46153846153846156
21086,HyboNet,3,64,0.0002,1,87,0.4409448818897638,0.9333333333333333,0.46153846153846156
21087,HyboNet,3,64,0.0002,1,88,0.44881889763779526,0.9333333333333333,0.46153846153846156
21088,HyboNet,3,64,0.0002,1,89,0.44881889763779526,0.9333333333333333,0.46153846153846156
21089,HyboNet,3,64,0.0002,1,9,0.5039370078740157,0.6,0.5769230769230769
21090,HyboNet,3,64,0.0002,1,90,0.4409448818897638,0.9333333333333333,0.46153846153846156
21091,HyboNet,3,64,0.0002,1,91,0.4409448818897638,0.9333333333333333,0.46153846153846156
21092,HyboNet,3,64,0.0002,1,92,0.4409448818897638,0.9333333333333333,0.46153846153846156
21093,HyboNet,3,64,0.0002,1,93,0.4330708661417323,0.9333333333333333,0.46153846153846156
21094,HyboNet,3,64,0.0002,1,94,0.4330708661417323,0.9333333333333333,0.46153846153846156
21095,HyboNet,3,64,0.0002,1,95,0.4330708661417323,0.9333333333333333,0.46153846153846156
21096,HyboNet,3,64,0.0002,1,96,0.4330708661417323,0.9333333333333333,0.5
21097,HyboNet,3,64,0.0002,1,97,0.4409448818897638,0.9333333333333333,0.46153846153846156
21098,HyboNet,3,64,0.0002,1,98,0.4409448818897638,0.9333333333333333,0.5
21099,HyboNet,3,64,0.0002,1,99,0.4409448818897638,0.9333333333333333,0.5
21100,HyboNet,3,64,0.0002,10,1,0.2047244094488189,0.16666666666666666,0.19230769230769232
21101,HyboNet,3,64,0.0002,10,10,0.5354330708661418,0.6,0.5769230769230769
21102,HyboNet,3,64,0.0002,10,100,0.4645669291338583,0.9333333333333333,0.5
21103,HyboNet,3,64,0.0002,10,11,0.5354330708661418,0.6,0.5769230769230769
21104,HyboNet,3,64,0.0002,10,12,0.5354330708661418,0.6,0.5769230769230769
21105,HyboNet,3,64,0.0002,10,13,0.5354330708661418,0.6,0.5769230769230769
21106,HyboNet,3,64,0.0002,10,14,0.5354330708661418,0.6,0.5769230769230769
21107,HyboNet,3,64,0.0002,10,15,0.5354330708661418,0.6,0.5769230769230769
21108,HyboNet,3,64,0.0002,10,16,0.5275590551181102,0.6,0.5769230769230769
21109,HyboNet,3,64,0.0002,10,17,0.5354330708661418,0.6,0.5384615384615384
21110,HyboNet,3,64,0.0002,10,18,0.5354330708661418,0.6333333333333333,0.5384615384615384
21111,HyboNet,3,64,0.0002,10,19,0.5354330708661418,0.6666666666666666,0.5769230769230769
21112,HyboNet,3,64,0.0002,10,2,0.31496062992125984,0.26666666666666666,0.2692307692307692
21113,HyboNet,3,64,0.0002,10,20,0.5354330708661418,0.7666666666666667,0.5769230769230769
21114,HyboNet,3,64,0.0002,10,21,0.5275590551181102,0.7666666666666667,0.5769230769230769
21115,HyboNet,3,64,0.0002,10,22,0.5118110236220472,0.7666666666666667,0.5769230769230769
21116,HyboNet,3,64,0.0002,10,23,0.5196850393700787,0.7666666666666667,0.5769230769230769
21117,HyboNet,3,64,0.0002,10,24,0.5275590551181102,0.7666666666666667,0.5769230769230769
21118,HyboNet,3,64,0.0002,10,25,0.5196850393700787,0.7666666666666667,0.5769230769230769
21119,HyboNet,3,64,0.0002,10,26,0.5196850393700787,0.7666666666666667,0.5384615384615384
21120,HyboNet,3,64,0.0002,10,27,0.5275590551181102,0.8,0.5384615384615384
21121,HyboNet,3,64,0.0002,10,28,0.5275590551181102,0.8,0.5384615384615384
21122,HyboNet,3,64,0.0002,10,29,0.5275590551181102,0.8,0.5384615384615384
21123,HyboNet,3,64,0.0002,10,3,0.4330708661417323,0.5666666666666667,0.38461538461538464
21124,HyboNet,3,64,0.0002,10,30,0.5275590551181102,0.8,0.5384615384615384
21125,HyboNet,3,64,0.0002,10,31,0.5275590551181102,0.7666666666666667,0.5384615384615384
21126,HyboNet,3,64,0.0002,10,32,0.5275590551181102,0.7666666666666667,0.5384615384615384
21127,HyboNet,3,64,0.0002,10,33,0.5275590551181102,0.7666666666666667,0.5384615384615384
21128,HyboNet,3,64,0.0002,10,34,0.5275590551181102,0.7666666666666667,0.5384615384615384
21129,HyboNet,3,64,0.0002,10,35,0.5196850393700787,0.7666666666666667,0.5384615384615384
21130,HyboNet,3,64,0.0002,10,36,0.5275590551181102,0.7666666666666667,0.5384615384615384
21131,HyboNet,3,64,0.0002,10,37,0.5275590551181102,0.7666666666666667,0.5384615384615384
21132,HyboNet,3,64,0.0002,10,38,0.5275590551181102,0.7666666666666667,0.5384615384615384
21133,HyboNet,3,64,0.0002,10,39,0.5275590551181102,0.7666666666666667,0.5384615384615384
21134,HyboNet,3,64,0.0002,10,4,0.4566929133858268,0.6,0.46153846153846156
21135,HyboNet,3,64,0.0002,10,40,0.5275590551181102,0.8,0.5384615384615384
21136,HyboNet,3,64,0.0002,10,41,0.5275590551181102,0.8,0.5384615384615384
21137,HyboNet,3,64,0.0002,10,42,0.5275590551181102,0.8,0.5384615384615384
21138,HyboNet,3,64,0.0002,10,43,0.5275590551181102,0.8,0.5384615384615384
21139,HyboNet,3,64,0.0002,10,44,0.5275590551181102,0.8,0.5384615384615384
21140,HyboNet,3,64,0.0002,10,45,0.5275590551181102,0.8,0.5384615384615384
21141,HyboNet,3,64,0.0002,10,46,0.5275590551181102,0.8,0.5384615384615384
21142,HyboNet,3,64,0.0002,10,47,0.5275590551181102,0.8,0.5384615384615384
21143,HyboNet,3,64,0.0002,10,48,0.5275590551181102,0.8,0.5384615384615384
21144,HyboNet,3,64,0.0002,10,49,0.5275590551181102,0.8,0.5384615384615384
21145,HyboNet,3,64,0.0002,10,5,0.5118110236220472,0.5666666666666667,0.5384615384615384
21146,HyboNet,3,64,0.0002,10,50,0.5275590551181102,0.8,0.5384615384615384
21147,HyboNet,3,64,0.0002,10,51,0.5275590551181102,0.8,0.5384615384615384
21148,HyboNet,3,64,0.0002,10,52,0.5275590551181102,0.8,0.5384615384615384
21149,HyboNet,3,64,0.0002,10,53,0.5275590551181102,0.8,0.5384615384615384
21150,HyboNet,3,64,0.0002,10,54,0.5196850393700787,0.8,0.5384615384615384
21151,HyboNet,3,64,0.0002,10,55,0.5196850393700787,0.8,0.5384615384615384
21152,HyboNet,3,64,0.0002,10,56,0.5118110236220472,0.8,0.5384615384615384
21153,HyboNet,3,64,0.0002,10,57,0.5118110236220472,0.8,0.5384615384615384
21154,HyboNet,3,64,0.0002,10,58,0.5118110236220472,0.8,0.5384615384615384
21155,HyboNet,3,64,0.0002,10,59,0.5039370078740157,0.8,0.5384615384615384
21156,HyboNet,3,64,0.0002,10,6,0.5196850393700787,0.6,0.5384615384615384
21157,HyboNet,3,64,0.0002,10,60,0.5039370078740157,0.8,0.5384615384615384
21158,HyboNet,3,64,0.0002,10,61,0.5196850393700787,0.8,0.5
21159,HyboNet,3,64,0.0002,10,62,0.5196850393700787,0.8,0.5384615384615384
21160,HyboNet,3,64,0.0002,10,63,0.5196850393700787,0.8,0.5384615384615384
21161,HyboNet,3,64,0.0002,10,64,0.5118110236220472,0.8,0.5384615384615384
21162,HyboNet,3,64,0.0002,10,65,0.5196850393700787,0.8,0.5769230769230769
21163,HyboNet,3,64,0.0002,10,66,0.5196850393700787,0.8333333333333334,0.5769230769230769
21164,HyboNet,3,64,0.0002,10,67,0.5118110236220472,0.8333333333333334,0.5769230769230769
21165,HyboNet,3,64,0.0002,10,68,0.5039370078740157,0.8333333333333334,0.5769230769230769
21166,HyboNet,3,64,0.0002,10,69,0.49606299212598426,0.8333333333333334,0.5769230769230769
21167,HyboNet,3,64,0.0002,10,7,0.5275590551181102,0.6,0.5384615384615384
21168,HyboNet,3,64,0.0002,10,70,0.49606299212598426,0.8333333333333334,0.5769230769230769
21169,HyboNet,3,64,0.0002,10,71,0.49606299212598426,0.8333333333333334,0.5769230769230769
21170,HyboNet,3,64,0.0002,10,72,0.49606299212598426,0.8333333333333334,0.5769230769230769
21171,HyboNet,3,64,0.0002,10,73,0.4881889763779528,0.8333333333333334,0.5769230769230769
21172,HyboNet,3,64,0.0002,10,74,0.48031496062992124,0.8666666666666667,0.5769230769230769
21173,HyboNet,3,64,0.0002,10,75,0.48031496062992124,0.8666666666666667,0.5769230769230769
21174,HyboNet,3,64,0.0002,10,76,0.4645669291338583,0.8666666666666667,0.5769230769230769
21175,HyboNet,3,64,0.0002,10,77,0.4645669291338583,0.9,0.5769230769230769
21176,HyboNet,3,64,0.0002,10,78,0.4645669291338583,0.9,0.5769230769230769
21177,HyboNet,3,64,0.0002,10,79,0.4645669291338583,0.9,0.5769230769230769
21178,HyboNet,3,64,0.0002,10,8,0.5354330708661418,0.6,0.5384615384615384
21179,HyboNet,3,64,0.0002,10,80,0.4645669291338583,0.9,0.5769230769230769
21180,HyboNet,3,64,0.0002,10,81,0.4645669291338583,0.9,0.5769230769230769
21181,HyboNet,3,64,0.0002,10,82,0.4645669291338583,0.9,0.5769230769230769
21182,HyboNet,3,64,0.0002,10,83,0.4645669291338583,0.9,0.5384615384615384
21183,HyboNet,3,64,0.0002,10,84,0.4645669291338583,0.9,0.5384615384615384
21184,HyboNet,3,64,0.0002,10,85,0.4645669291338583,0.9,0.5384615384615384
21185,HyboNet,3,64,0.0002,10,86,0.4645669291338583,0.9,0.5384615384615384
21186,HyboNet,3,64,0.0002,10,87,0.4645669291338583,0.9,0.5384615384615384
21187,HyboNet,3,64,0.0002,10,88,0.4645669291338583,0.9333333333333333,0.5384615384615384
21188,HyboNet,3,64,0.0002,10,89,0.4645669291338583,0.9333333333333333,0.5384615384615384
21189,HyboNet,3,64,0.0002,10,9,0.5354330708661418,0.6,0.5769230769230769
21190,HyboNet,3,64,0.0002,10,90,0.4645669291338583,0.9333333333333333,0.5384615384615384
21191,HyboNet,3,64,0.0002,10,91,0.4645669291338583,0.9333333333333333,0.5384615384615384
21192,HyboNet,3,64,0.0002,10,92,0.4645669291338583,0.9333333333333333,0.5
21193,HyboNet,3,64,0.0002,10,93,0.4645669291338583,0.9333333333333333,0.5
21194,HyboNet,3,64,0.0002,10,94,0.4645669291338583,0.9333333333333333,0.5
21195,HyboNet,3,64,0.0002,10,95,0.4645669291338583,0.9333333333333333,0.5
21196,HyboNet,3,64,0.0002,10,96,0.4645669291338583,0.9333333333333333,0.5
21197,HyboNet,3,64,0.0002,10,97,0.4645669291338583,0.9333333333333333,0.5
21198,HyboNet,3,64,0.0002,10,98,0.4645669291338583,0.9333333333333333,0.5
21199,HyboNet,3,64,0.0002,10,99,0.4645669291338583,0.9333333333333333,0.5
21200,HyboNet,3,64,0.0002,2,1,0.1889763779527559,0.16666666666666666,0.19230769230769232
21201,HyboNet,3,64,0.0002,2,10,0.5275590551181102,0.6,0.5769230769230769
21202,HyboNet,3,64,0.0002,2,100,0.3464566929133858,0.9666666666666667,0.3076923076923077
21203,HyboNet,3,64,0.0002,2,11,0.5275590551181102,0.6,0.5769230769230769
21204,HyboNet,3,64,0.0002,2,12,0.5275590551181102,0.6,0.5769230769230769
21205,HyboNet,3,64,0.0002,2,13,0.5275590551181102,0.6,0.5769230769230769
21206,HyboNet,3,64,0.0002,2,14,0.5275590551181102,0.6,0.5769230769230769
21207,HyboNet,3,64,0.0002,2,15,0.5275590551181102,0.6,0.5769230769230769
21208,HyboNet,3,64,0.0002,2,16,0.5275590551181102,0.6,0.5769230769230769
21209,HyboNet,3,64,0.0002,2,17,0.5275590551181102,0.6,0.5769230769230769
21210,HyboNet,3,64,0.0002,2,18,0.5275590551181102,0.6,0.5769230769230769
21211,HyboNet,3,64,0.0002,2,19,0.5275590551181102,0.6,0.5769230769230769
21212,HyboNet,3,64,0.0002,2,2,0.2125984251968504,0.3,0.19230769230769232
21213,HyboNet,3,64,0.0002,2,20,0.5275590551181102,0.6,0.5769230769230769
21214,HyboNet,3,64,0.0002,2,21,0.5275590551181102,0.6,0.5769230769230769
21215,HyboNet,3,64,0.0002,2,22,0.5196850393700787,0.6,0.5769230769230769
21216,HyboNet,3,64,0.0002,2,23,0.5196850393700787,0.6333333333333333,0.5769230769230769
21217,HyboNet,3,64,0.0002,2,24,0.5196850393700787,0.6333333333333333,0.5769230769230769
21218,HyboNet,3,64,0.0002,2,25,0.5196850393700787,0.6333333333333333,0.5769230769230769
21219,HyboNet,3,64,0.0002,2,26,0.5196850393700787,0.6333333333333333,0.5769230769230769
21220,HyboNet,3,64,0.0002,2,27,0.5196850393700787,0.6666666666666666,0.5769230769230769
21221,HyboNet,3,64,0.0002,2,28,0.5196850393700787,0.6666666666666666,0.5769230769230769
21222,HyboNet,3,64,0.0002,2,29,0.5196850393700787,0.6666666666666666,0.5769230769230769
21223,HyboNet,3,64,0.0002,2,3,0.36220472440944884,0.43333333333333335,0.3076923076923077
21224,HyboNet,3,64,0.0002,2,30,0.5196850393700787,0.6666666666666666,0.5769230769230769
21225,HyboNet,3,64,0.0002,2,31,0.5196850393700787,0.6666666666666666,0.5769230769230769
21226,HyboNet,3,64,0.0002,2,32,0.5196850393700787,0.6666666666666666,0.5769230769230769
21227,HyboNet,3,64,0.0002,2,33,0.5196850393700787,0.6666666666666666,0.5769230769230769
21228,HyboNet,3,64,0.0002,2,34,0.5196850393700787,0.6666666666666666,0.5769230769230769
21229,HyboNet,3,64,0.0002,2,35,0.5196850393700787,0.6666666666666666,0.5769230769230769
21230,HyboNet,3,64,0.0002,2,36,0.5118110236220472,0.6666666666666666,0.5769230769230769
21231,HyboNet,3,64,0.0002,2,37,0.5118110236220472,0.6666666666666666,0.5769230769230769
21232,HyboNet,3,64,0.0002,2,38,0.5118110236220472,0.7,0.5769230769230769
21233,HyboNet,3,64,0.0002,2,39,0.5118110236220472,0.7,0.5769230769230769
21234,HyboNet,3,64,0.0002,2,4,0.4251968503937008,0.5666666666666667,0.4230769230769231
21235,HyboNet,3,64,0.0002,2,40,0.5118110236220472,0.7,0.5769230769230769
21236,HyboNet,3,64,0.0002,2,41,0.5118110236220472,0.7333333333333333,0.5769230769230769
21237,HyboNet,3,64,0.0002,2,42,0.5039370078740157,0.7666666666666667,0.5384615384615384
21238,HyboNet,3,64,0.0002,2,43,0.5039370078740157,0.7666666666666667,0.5384615384615384
21239,HyboNet,3,64,0.0002,2,44,0.5039370078740157,0.8,0.5384615384615384
21240,HyboNet,3,64,0.0002,2,45,0.5039370078740157,0.8333333333333334,0.5384615384615384
21241,HyboNet,3,64,0.0002,2,46,0.5118110236220472,0.8333333333333334,0.5769230769230769
21242,HyboNet,3,64,0.0002,2,47,0.5039370078740157,0.8333333333333334,0.5384615384615384
21243,HyboNet,3,64,0.0002,2,48,0.5039370078740157,0.8333333333333334,0.5384615384615384
21244,HyboNet,3,64,0.0002,2,49,0.5039370078740157,0.8333333333333334,0.5384615384615384
21245,HyboNet,3,64,0.0002,2,5,0.4566929133858268,0.6,0.5384615384615384
21246,HyboNet,3,64,0.0002,2,50,0.5118110236220472,0.8333333333333334,0.5384615384615384
21247,HyboNet,3,64,0.0002,2,51,0.5039370078740157,0.8333333333333334,0.5384615384615384
21248,HyboNet,3,64,0.0002,2,52,0.4881889763779528,0.8333333333333334,0.5384615384615384
21249,HyboNet,3,64,0.0002,2,53,0.4881889763779528,0.8333333333333334,0.5384615384615384
21250,HyboNet,3,64,0.0002,2,54,0.48031496062992124,0.8333333333333334,0.5384615384615384
21251,HyboNet,3,64,0.0002,2,55,0.48031496062992124,0.8666666666666667,0.5384615384615384
21252,HyboNet,3,64,0.0002,2,56,0.48031496062992124,0.8666666666666667,0.5384615384615384
21253,HyboNet,3,64,0.0002,2,57,0.4881889763779528,0.8666666666666667,0.5384615384615384
21254,HyboNet,3,64,0.0002,2,58,0.4881889763779528,0.8666666666666667,0.5384615384615384
21255,HyboNet,3,64,0.0002,2,59,0.4645669291338583,0.8666666666666667,0.5
21256,HyboNet,3,64,0.0002,2,6,0.47244094488188976,0.6,0.5384615384615384
21257,HyboNet,3,64,0.0002,2,60,0.4645669291338583,0.8666666666666667,0.46153846153846156
21258,HyboNet,3,64,0.0002,2,61,0.4645669291338583,0.8666666666666667,0.4230769230769231
21259,HyboNet,3,64,0.0002,2,62,0.4566929133858268,0.8666666666666667,0.38461538461538464
21260,HyboNet,3,64,0.0002,2,63,0.4566929133858268,0.8666666666666667,0.38461538461538464
21261,HyboNet,3,64,0.0002,2,64,0.4566929133858268,0.8666666666666667,0.38461538461538464
21262,HyboNet,3,64,0.0002,2,65,0.4645669291338583,0.8333333333333334,0.38461538461538464
21263,HyboNet,3,64,0.0002,2,66,0.4645669291338583,0.8333333333333334,0.38461538461538464
21264,HyboNet,3,64,0.0002,2,67,0.4645669291338583,0.8333333333333334,0.38461538461538464
21265,HyboNet,3,64,0.0002,2,68,0.4645669291338583,0.8333333333333334,0.38461538461538464
21266,HyboNet,3,64,0.0002,2,69,0.47244094488188976,0.8333333333333334,0.38461538461538464
21267,HyboNet,3,64,0.0002,2,7,0.5118110236220472,0.6,0.5384615384615384
21268,HyboNet,3,64,0.0002,2,70,0.4566929133858268,0.8333333333333334,0.34615384615384615
21269,HyboNet,3,64,0.0002,2,71,0.4330708661417323,0.8333333333333334,0.34615384615384615
21270,HyboNet,3,64,0.0002,2,72,0.4330708661417323,0.9,0.34615384615384615
21271,HyboNet,3,64,0.0002,2,73,0.4330708661417323,0.9,0.34615384615384615
21272,HyboNet,3,64,0.0002,2,74,0.4251968503937008,0.9,0.38461538461538464
21273,HyboNet,3,64,0.0002,2,75,0.3937007874015748,0.9,0.38461538461538464
21274,HyboNet,3,64,0.0002,2,76,0.3779527559055118,0.9,0.34615384615384615
21275,HyboNet,3,64,0.0002,2,77,0.3779527559055118,0.9,0.3076923076923077
21276,HyboNet,3,64,0.0002,2,78,0.3858267716535433,0.9,0.3076923076923077
21277,HyboNet,3,64,0.0002,2,79,0.3779527559055118,0.9,0.3076923076923077
21278,HyboNet,3,64,0.0002,2,8,0.5196850393700787,0.6,0.5384615384615384
21279,HyboNet,3,64,0.0002,2,80,0.3779527559055118,0.9,0.34615384615384615
21280,HyboNet,3,64,0.0002,2,81,0.3779527559055118,0.9,0.34615384615384615
21281,HyboNet,3,64,0.0002,2,82,0.3700787401574803,0.9,0.34615384615384615
21282,HyboNet,3,64,0.0002,2,83,0.3779527559055118,0.9,0.34615384615384615
21283,HyboNet,3,64,0.0002,2,84,0.36220472440944884,0.9333333333333333,0.34615384615384615
21284,HyboNet,3,64,0.0002,2,85,0.36220472440944884,0.9333333333333333,0.3076923076923077
21285,HyboNet,3,64,0.0002,2,86,0.36220472440944884,0.9333333333333333,0.3076923076923077
21286,HyboNet,3,64,0.0002,2,87,0.3700787401574803,0.9333333333333333,0.3076923076923077
21287,HyboNet,3,64,0.0002,2,88,0.36220472440944884,0.9333333333333333,0.3076923076923077
21288,HyboNet,3,64,0.0002,2,89,0.3543307086614173,0.9333333333333333,0.3076923076923077
21289,HyboNet,3,64,0.0002,2,9,0.5196850393700787,0.6,0.5769230769230769
21290,HyboNet,3,64,0.0002,2,90,0.3543307086614173,0.9333333333333333,0.3076923076923077
21291,HyboNet,3,64,0.0002,2,91,0.3543307086614173,0.9333333333333333,0.3076923076923077
21292,HyboNet,3,64,0.0002,2,92,0.3543307086614173,0.9333333333333333,0.3076923076923077
21293,HyboNet,3,64,0.0002,2,93,0.3543307086614173,0.9333333333333333,0.3076923076923077
21294,HyboNet,3,64,0.0002,2,94,0.3543307086614173,0.9333333333333333,0.3076923076923077
21295,HyboNet,3,64,0.0002,2,95,0.3543307086614173,0.9666666666666667,0.3076923076923077
21296,HyboNet,3,64,0.0002,2,96,0.3543307086614173,0.9666666666666667,0.2692307692307692
21297,HyboNet,3,64,0.0002,2,97,0.3464566929133858,0.9666666666666667,0.3076923076923077
21298,HyboNet,3,64,0.0002,2,98,0.3464566929133858,0.9666666666666667,0.3076923076923077
21299,HyboNet,3,64,0.0002,2,99,0.3464566929133858,0.9666666666666667,0.3076923076923077
21300,HyboNet,3,64,0.0002,3,1,0.4330708661417323,0.4,0.6153846153846154
21301,HyboNet,3,64,0.0002,3,10,0.5275590551181102,0.6333333333333333,0.5769230769230769
21302,HyboNet,3,64,0.0002,3,100,0.47244094488188976,0.9333333333333333,0.6153846153846154
21303,HyboNet,3,64,0.0002,3,11,0.5275590551181102,0.6333333333333333,0.5769230769230769
21304,HyboNet,3,64,0.0002,3,12,0.5275590551181102,0.6333333333333333,0.5769230769230769
21305,HyboNet,3,64,0.0002,3,13,0.5196850393700787,0.6333333333333333,0.5769230769230769
21306,HyboNet,3,64,0.0002,3,14,0.5196850393700787,0.6333333333333333,0.5769230769230769
21307,HyboNet,3,64,0.0002,3,15,0.5275590551181102,0.6333333333333333,0.5384615384615384
21308,HyboNet,3,64,0.0002,3,16,0.5118110236220472,0.6333333333333333,0.5384615384615384
21309,HyboNet,3,64,0.0002,3,17,0.5118110236220472,0.6666666666666666,0.5384615384615384
21310,HyboNet,3,64,0.0002,3,18,0.5196850393700787,0.6666666666666666,0.5384615384615384
21311,HyboNet,3,64,0.0002,3,19,0.5196850393700787,0.6666666666666666,0.5384615384615384
21312,HyboNet,3,64,0.0002,3,2,0.49606299212598426,0.5333333333333333,0.6153846153846154
21313,HyboNet,3,64,0.0002,3,20,0.5196850393700787,0.6333333333333333,0.5384615384615384
21314,HyboNet,3,64,0.0002,3,21,0.5196850393700787,0.6333333333333333,0.5769230769230769
21315,HyboNet,3,64,0.0002,3,22,0.5275590551181102,0.6333333333333333,0.5769230769230769
21316,HyboNet,3,64,0.0002,3,23,0.5275590551181102,0.6333333333333333,0.5769230769230769
21317,HyboNet,3,64,0.0002,3,24,0.5275590551181102,0.6333333333333333,0.5769230769230769
21318,HyboNet,3,64,0.0002,3,25,0.5275590551181102,0.6333333333333333,0.5769230769230769
21319,HyboNet,3,64,0.0002,3,26,0.5275590551181102,0.6666666666666666,0.5769230769230769
21320,HyboNet,3,64,0.0002,3,27,0.5275590551181102,0.6666666666666666,0.5769230769230769
21321,HyboNet,3,64,0.0002,3,28,0.5275590551181102,0.7,0.5769230769230769
21322,HyboNet,3,64,0.0002,3,29,0.5196850393700787,0.7333333333333333,0.5769230769230769
21323,HyboNet,3,64,0.0002,3,3,0.5196850393700787,0.5666666666666667,0.6153846153846154
21324,HyboNet,3,64,0.0002,3,30,0.5118110236220472,0.7333333333333333,0.5384615384615384
21325,HyboNet,3,64,0.0002,3,31,0.5118110236220472,0.7666666666666667,0.5384615384615384
21326,HyboNet,3,64,0.0002,3,32,0.5275590551181102,0.8,0.5384615384615384
21327,HyboNet,3,64,0.0002,3,33,0.5196850393700787,0.8,0.5384615384615384
21328,HyboNet,3,64,0.0002,3,34,0.5275590551181102,0.8,0.5384615384615384
21329,HyboNet,3,64,0.0002,3,35,0.5275590551181102,0.8,0.5384615384615384
21330,HyboNet,3,64,0.0002,3,36,0.5039370078740157,0.8,0.5384615384615384
21331,HyboNet,3,64,0.0002,3,37,0.5118110236220472,0.8,0.5384615384615384
21332,HyboNet,3,64,0.0002,3,38,0.5118110236220472,0.8,0.5384615384615384
21333,HyboNet,3,64,0.0002,3,39,0.5118110236220472,0.8,0.5384615384615384
21334,HyboNet,3,64,0.0002,3,4,0.5275590551181102,0.6,0.5769230769230769
21335,HyboNet,3,64,0.0002,3,40,0.5196850393700787,0.8,0.5384615384615384
21336,HyboNet,3,64,0.0002,3,41,0.5275590551181102,0.8,0.5384615384615384
21337,HyboNet,3,64,0.0002,3,42,0.5275590551181102,0.8,0.5384615384615384
21338,HyboNet,3,64,0.0002,3,43,0.5354330708661418,0.8,0.5384615384615384
21339,HyboNet,3,64,0.0002,3,44,0.5354330708661418,0.8,0.5384615384615384
21340,HyboNet,3,64,0.0002,3,45,0.5196850393700787,0.8,0.5384615384615384
21341,HyboNet,3,64,0.0002,3,46,0.5196850393700787,0.8,0.5384615384615384
21342,HyboNet,3,64,0.0002,3,47,0.5275590551181102,0.8,0.5769230769230769
21343,HyboNet,3,64,0.0002,3,48,0.5196850393700787,0.8,0.5769230769230769
21344,HyboNet,3,64,0.0002,3,49,0.5275590551181102,0.8,0.5769230769230769
21345,HyboNet,3,64,0.0002,3,5,0.5275590551181102,0.6,0.5769230769230769
21346,HyboNet,3,64,0.0002,3,50,0.5275590551181102,0.8,0.5769230769230769
21347,HyboNet,3,64,0.0002,3,51,0.5354330708661418,0.8,0.5769230769230769
21348,HyboNet,3,64,0.0002,3,52,0.5354330708661418,0.8,0.5769230769230769
21349,HyboNet,3,64,0.0002,3,53,0.5354330708661418,0.8,0.5769230769230769
21350,HyboNet,3,64,0.0002,3,54,0.5433070866141733,0.8,0.5769230769230769
21351,HyboNet,3,64,0.0002,3,55,0.5433070866141733,0.8,0.5769230769230769
21352,HyboNet,3,64,0.0002,3,56,0.5433070866141733,0.8,0.5769230769230769
21353,HyboNet,3,64,0.0002,3,57,0.5511811023622047,0.8333333333333334,0.5769230769230769
21354,HyboNet,3,64,0.0002,3,58,0.5511811023622047,0.8333333333333334,0.6153846153846154
21355,HyboNet,3,64,0.0002,3,59,0.5511811023622047,0.8333333333333334,0.6153846153846154
21356,HyboNet,3,64,0.0002,3,6,0.5275590551181102,0.6,0.5769230769230769
21357,HyboNet,3,64,0.0002,3,60,0.5511811023622047,0.8333333333333334,0.6153846153846154
21358,HyboNet,3,64,0.0002,3,61,0.5511811023622047,0.8333333333333334,0.6153846153846154
21359,HyboNet,3,64,0.0002,3,62,0.5354330708661418,0.8333333333333334,0.6153846153846154
21360,HyboNet,3,64,0.0002,3,63,0.5354330708661418,0.8333333333333334,0.5769230769230769
21361,HyboNet,3,64,0.0002,3,64,0.5354330708661418,0.8333333333333334,0.5769230769230769
21362,HyboNet,3,64,0.0002,3,65,0.5275590551181102,0.8333333333333334,0.5769230769230769
21363,HyboNet,3,64,0.0002,3,66,0.5196850393700787,0.8333333333333334,0.5769230769230769
21364,HyboNet,3,64,0.0002,3,67,0.5275590551181102,0.8333333333333334,0.5769230769230769
21365,HyboNet,3,64,0.0002,3,68,0.5275590551181102,0.8333333333333334,0.5769230769230769
21366,HyboNet,3,64,0.0002,3,69,0.5196850393700787,0.8333333333333334,0.5769230769230769
21367,HyboNet,3,64,0.0002,3,7,0.5275590551181102,0.6,0.5769230769230769
21368,HyboNet,3,64,0.0002,3,70,0.5196850393700787,0.8333333333333334,0.5769230769230769
21369,HyboNet,3,64,0.0002,3,71,0.5196850393700787,0.8333333333333334,0.5769230769230769
21370,HyboNet,3,64,0.0002,3,72,0.5196850393700787,0.8333333333333334,0.6153846153846154
21371,HyboNet,3,64,0.0002,3,73,0.5196850393700787,0.8333333333333334,0.5769230769230769
21372,HyboNet,3,64,0.0002,3,74,0.5118110236220472,0.8666666666666667,0.6153846153846154
21373,HyboNet,3,64,0.0002,3,75,0.5118110236220472,0.8666666666666667,0.6153846153846154
21374,HyboNet,3,64,0.0002,3,76,0.5118110236220472,0.8666666666666667,0.6538461538461539
21375,HyboNet,3,64,0.0002,3,77,0.5196850393700787,0.8666666666666667,0.6538461538461539
21376,HyboNet,3,64,0.0002,3,78,0.5118110236220472,0.8666666666666667,0.6538461538461539
21377,HyboNet,3,64,0.0002,3,79,0.5039370078740157,0.8666666666666667,0.6538461538461539
21378,HyboNet,3,64,0.0002,3,8,0.5275590551181102,0.6,0.5769230769230769
21379,HyboNet,3,64,0.0002,3,80,0.5118110236220472,0.8666666666666667,0.6538461538461539
21380,HyboNet,3,64,0.0002,3,81,0.5118110236220472,0.8666666666666667,0.6538461538461539
21381,HyboNet,3,64,0.0002,3,82,0.5039370078740157,0.8666666666666667,0.6538461538461539
21382,HyboNet,3,64,0.0002,3,83,0.5039370078740157,0.8666666666666667,0.6538461538461539
21383,HyboNet,3,64,0.0002,3,84,0.5118110236220472,0.8666666666666667,0.6538461538461539
21384,HyboNet,3,64,0.0002,3,85,0.5118110236220472,0.8666666666666667,0.6538461538461539
21385,HyboNet,3,64,0.0002,3,86,0.5039370078740157,0.8666666666666667,0.6538461538461539
21386,HyboNet,3,64,0.0002,3,87,0.5118110236220472,0.9,0.6538461538461539
21387,HyboNet,3,64,0.0002,3,88,0.5118110236220472,0.9,0.6538461538461539
21388,HyboNet,3,64,0.0002,3,89,0.5039370078740157,0.9,0.6538461538461539
21389,HyboNet,3,64,0.0002,3,9,0.5275590551181102,0.6,0.5769230769230769
21390,HyboNet,3,64,0.0002,3,90,0.49606299212598426,0.9333333333333333,0.6153846153846154
21391,HyboNet,3,64,0.0002,3,91,0.5039370078740157,0.9333333333333333,0.6153846153846154
21392,HyboNet,3,64,0.0002,3,92,0.49606299212598426,0.9333333333333333,0.6153846153846154
21393,HyboNet,3,64,0.0002,3,93,0.5118110236220472,0.9333333333333333,0.6153846153846154
21394,HyboNet,3,64,0.0002,3,94,0.49606299212598426,0.9333333333333333,0.6153846153846154
21395,HyboNet,3,64,0.0002,3,95,0.49606299212598426,0.9333333333333333,0.6153846153846154
21396,HyboNet,3,64,0.0002,3,96,0.47244094488188976,0.9333333333333333,0.6153846153846154
21397,HyboNet,3,64,0.0002,3,97,0.47244094488188976,0.9333333333333333,0.6153846153846154
21398,HyboNet,3,64,0.0002,3,98,0.4881889763779528,0.9333333333333333,0.6153846153846154
21399,HyboNet,3,64,0.0002,3,99,0.48031496062992124,0.9333333333333333,0.6153846153846154
21400,HyboNet,3,64,0.0002,4,1,0.2047244094488189,0.36666666666666664,0.23076923076923078
21401,HyboNet,3,64,0.0002,4,10,0.5354330708661418,0.6333333333333333,0.5384615384615384
21402,HyboNet,3,64,0.0002,4,100,0.44881889763779526,0.9333333333333333,0.46153846153846156
21403,HyboNet,3,64,0.0002,4,11,0.5354330708661418,0.6333333333333333,0.5384615384615384
21404,HyboNet,3,64,0.0002,4,12,0.5354330708661418,0.6666666666666666,0.5384615384615384
21405,HyboNet,3,64,0.0002,4,13,0.5354330708661418,0.7,0.5384615384615384
21406,HyboNet,3,64,0.0002,4,14,0.5354330708661418,0.7333333333333333,0.5384615384615384
21407,HyboNet,3,64,0.0002,4,15,0.5275590551181102,0.7333333333333333,0.5384615384615384
21408,HyboNet,3,64,0.0002,4,16,0.5196850393700787,0.7333333333333333,0.5384615384615384
21409,HyboNet,3,64,0.0002,4,17,0.5118110236220472,0.7333333333333333,0.5384615384615384
21410,HyboNet,3,64,0.0002,4,18,0.5118110236220472,0.7333333333333333,0.5384615384615384
21411,HyboNet,3,64,0.0002,4,19,0.5196850393700787,0.7333333333333333,0.5
21412,HyboNet,3,64,0.0002,4,2,0.3228346456692913,0.5,0.34615384615384615
21413,HyboNet,3,64,0.0002,4,20,0.5196850393700787,0.7333333333333333,0.5
21414,HyboNet,3,64,0.0002,4,21,0.5196850393700787,0.7666666666666667,0.5
21415,HyboNet,3,64,0.0002,4,22,0.5196850393700787,0.7666666666666667,0.5
21416,HyboNet,3,64,0.0002,4,23,0.5275590551181102,0.7666666666666667,0.5
21417,HyboNet,3,64,0.0002,4,24,0.5196850393700787,0.7666666666666667,0.5
21418,HyboNet,3,64,0.0002,4,25,0.5118110236220472,0.7666666666666667,0.5
21419,HyboNet,3,64,0.0002,4,26,0.5039370078740157,0.7666666666666667,0.5
21420,HyboNet,3,64,0.0002,4,27,0.5039370078740157,0.7666666666666667,0.5
21421,HyboNet,3,64,0.0002,4,28,0.5039370078740157,0.7666666666666667,0.5
21422,HyboNet,3,64,0.0002,4,29,0.5118110236220472,0.7666666666666667,0.5384615384615384
21423,HyboNet,3,64,0.0002,4,3,0.4330708661417323,0.6333333333333333,0.34615384615384615
21424,HyboNet,3,64,0.0002,4,30,0.5118110236220472,0.7666666666666667,0.5384615384615384
21425,HyboNet,3,64,0.0002,4,31,0.5196850393700787,0.7666666666666667,0.5
21426,HyboNet,3,64,0.0002,4,32,0.5118110236220472,0.7666666666666667,0.5
21427,HyboNet,3,64,0.0002,4,33,0.5039370078740157,0.7666666666666667,0.5
21428,HyboNet,3,64,0.0002,4,34,0.5118110236220472,0.7666666666666667,0.46153846153846156
21429,HyboNet,3,64,0.0002,4,35,0.5118110236220472,0.7666666666666667,0.46153846153846156
21430,HyboNet,3,64,0.0002,4,36,0.5118110236220472,0.7666666666666667,0.46153846153846156
21431,HyboNet,3,64,0.0002,4,37,0.5196850393700787,0.8,0.46153846153846156
21432,HyboNet,3,64,0.0002,4,38,0.5196850393700787,0.8,0.46153846153846156
21433,HyboNet,3,64,0.0002,4,39,0.5118110236220472,0.8,0.46153846153846156
21434,HyboNet,3,64,0.0002,4,4,0.4409448818897638,0.6333333333333333,0.4230769230769231
21435,HyboNet,3,64,0.0002,4,40,0.5196850393700787,0.8,0.46153846153846156
21436,HyboNet,3,64,0.0002,4,41,0.5118110236220472,0.8,0.46153846153846156
21437,HyboNet,3,64,0.0002,4,42,0.5118110236220472,0.8,0.46153846153846156
21438,HyboNet,3,64,0.0002,4,43,0.5118110236220472,0.8,0.4230769230769231
21439,HyboNet,3,64,0.0002,4,44,0.5039370078740157,0.8,0.4230769230769231
21440,HyboNet,3,64,0.0002,4,45,0.5039370078740157,0.8,0.4230769230769231
21441,HyboNet,3,64,0.0002,4,46,0.5039370078740157,0.8,0.4230769230769231
21442,HyboNet,3,64,0.0002,4,47,0.49606299212598426,0.8,0.4230769230769231
21443,HyboNet,3,64,0.0002,4,48,0.49606299212598426,0.8,0.4230769230769231
21444,HyboNet,3,64,0.0002,4,49,0.49606299212598426,0.8,0.4230769230769231
21445,HyboNet,3,64,0.0002,4,5,0.47244094488188976,0.6666666666666666,0.5
21446,HyboNet,3,64,0.0002,4,50,0.5039370078740157,0.8333333333333334,0.4230769230769231
21447,HyboNet,3,64,0.0002,4,51,0.5039370078740157,0.8666666666666667,0.4230769230769231
21448,HyboNet,3,64,0.0002,4,52,0.5039370078740157,0.8666666666666667,0.4230769230769231
21449,HyboNet,3,64,0.0002,4,53,0.5039370078740157,0.8666666666666667,0.4230769230769231
21450,HyboNet,3,64,0.0002,4,54,0.49606299212598426,0.8666666666666667,0.4230769230769231
21451,HyboNet,3,64,0.0002,4,55,0.49606299212598426,0.8666666666666667,0.4230769230769231
21452,HyboNet,3,64,0.0002,4,56,0.49606299212598426,0.8666666666666667,0.4230769230769231
21453,HyboNet,3,64,0.0002,4,57,0.49606299212598426,0.8666666666666667,0.46153846153846156
21454,HyboNet,3,64,0.0002,4,58,0.5039370078740157,0.8666666666666667,0.46153846153846156
21455,HyboNet,3,64,0.0002,4,59,0.5039370078740157,0.8666666666666667,0.46153846153846156
21456,HyboNet,3,64,0.0002,4,6,0.5196850393700787,0.6666666666666666,0.5
21457,HyboNet,3,64,0.0002,4,60,0.5039370078740157,0.9,0.46153846153846156
21458,HyboNet,3,64,0.0002,4,61,0.5039370078740157,0.9,0.46153846153846156
21459,HyboNet,3,64,0.0002,4,62,0.5039370078740157,0.9,0.46153846153846156
21460,HyboNet,3,64,0.0002,4,63,0.49606299212598426,0.9,0.46153846153846156
21461,HyboNet,3,64,0.0002,4,64,0.49606299212598426,0.9,0.46153846153846156
21462,HyboNet,3,64,0.0002,4,65,0.4881889763779528,0.9,0.46153846153846156
21463,HyboNet,3,64,0.0002,4,66,0.47244094488188976,0.9,0.46153846153846156
21464,HyboNet,3,64,0.0002,4,67,0.47244094488188976,0.9,0.46153846153846156
21465,HyboNet,3,64,0.0002,4,68,0.47244094488188976,0.9,0.4230769230769231
21466,HyboNet,3,64,0.0002,4,69,0.47244094488188976,0.9,0.46153846153846156
21467,HyboNet,3,64,0.0002,4,7,0.5196850393700787,0.6666666666666666,0.5384615384615384
21468,HyboNet,3,64,0.0002,4,70,0.4566929133858268,0.9,0.46153846153846156
21469,HyboNet,3,64,0.0002,4,71,0.4566929133858268,0.9,0.46153846153846156
21470,HyboNet,3,64,0.0002,4,72,0.4566929133858268,0.9,0.46153846153846156
21471,HyboNet,3,64,0.0002,4,73,0.4566929133858268,0.9,0.46153846153846156
21472,HyboNet,3,64,0.0002,4,74,0.4566929133858268,0.9,0.5
21473,HyboNet,3,64,0.0002,4,75,0.4566929133858268,0.9,0.46153846153846156
21474,HyboNet,3,64,0.0002,4,76,0.4566929133858268,0.9,0.46153846153846156
21475,HyboNet,3,64,0.0002,4,77,0.4566929133858268,0.9,0.46153846153846156
21476,HyboNet,3,64,0.0002,4,78,0.4645669291338583,0.9,0.46153846153846156
21477,HyboNet,3,64,0.0002,4,79,0.4566929133858268,0.9,0.5
21478,HyboNet,3,64,0.0002,4,8,0.5275590551181102,0.6,0.5384615384615384
21479,HyboNet,3,64,0.0002,4,80,0.4645669291338583,0.9,0.5
21480,HyboNet,3,64,0.0002,4,81,0.47244094488188976,0.9,0.46153846153846156
21481,HyboNet,3,64,0.0002,4,82,0.47244094488188976,0.9,0.46153846153846156
21482,HyboNet,3,64,0.0002,4,83,0.4645669291338583,0.9,0.46153846153846156
21483,HyboNet,3,64,0.0002,4,84,0.44881889763779526,0.9,0.46153846153846156
21484,HyboNet,3,64,0.0002,4,85,0.44881889763779526,0.9,0.46153846153846156
21485,HyboNet,3,64,0.0002,4,86,0.44881889763779526,0.9,0.46153846153846156
21486,HyboNet,3,64,0.0002,4,87,0.44881889763779526,0.9333333333333333,0.46153846153846156
21487,HyboNet,3,64,0.0002,4,88,0.4566929133858268,0.9333333333333333,0.46153846153846156
21488,HyboNet,3,64,0.0002,4,89,0.44881889763779526,0.9333333333333333,0.46153846153846156
21489,HyboNet,3,64,0.0002,4,9,0.5354330708661418,0.6,0.5384615384615384
21490,HyboNet,3,64,0.0002,4,90,0.44881889763779526,0.9333333333333333,0.46153846153846156
21491,HyboNet,3,64,0.0002,4,91,0.44881889763779526,0.9333333333333333,0.46153846153846156
21492,HyboNet,3,64,0.0002,4,92,0.4330708661417323,0.9333333333333333,0.46153846153846156
21493,HyboNet,3,64,0.0002,4,93,0.4330708661417323,0.9333333333333333,0.46153846153846156
21494,HyboNet,3,64,0.0002,4,94,0.4330708661417323,0.9333333333333333,0.46153846153846156
21495,HyboNet,3,64,0.0002,4,95,0.4330708661417323,0.9333333333333333,0.46153846153846156
21496,HyboNet,3,64,0.0002,4,96,0.4251968503937008,0.9333333333333333,0.46153846153846156
21497,HyboNet,3,64,0.0002,4,97,0.4409448818897638,0.9333333333333333,0.46153846153846156
21498,HyboNet,3,64,0.0002,4,98,0.4409448818897638,0.9333333333333333,0.46153846153846156
21499,HyboNet,3,64,0.0002,4,99,0.4330708661417323,0.9333333333333333,0.46153846153846156
21500,HyboNet,3,64,0.0002,5,1,0.09448818897637795,0.16666666666666666,0.07692307692307693
21501,HyboNet,3,64,0.0002,5,10,0.4645669291338583,0.6,0.5769230769230769
21502,HyboNet,3,64,0.0002,5,100,0.3858267716535433,0.9333333333333333,0.4230769230769231
21503,HyboNet,3,64,0.0002,5,11,0.4645669291338583,0.6333333333333333,0.6153846153846154
21504,HyboNet,3,64,0.0002,5,12,0.48031496062992124,0.6666666666666666,0.6153846153846154
21505,HyboNet,3,64,0.0002,5,13,0.4566929133858268,0.6666666666666666,0.5384615384615384
21506,HyboNet,3,64,0.0002,5,14,0.4566929133858268,0.6666666666666666,0.5384615384615384
21507,HyboNet,3,64,0.0002,5,15,0.47244094488188976,0.6666666666666666,0.5384615384615384
21508,HyboNet,3,64,0.0002,5,16,0.47244094488188976,0.6666666666666666,0.5769230769230769
21509,HyboNet,3,64,0.0002,5,17,0.48031496062992124,0.7,0.5769230769230769
21510,HyboNet,3,64,0.0002,5,18,0.4881889763779528,0.7,0.6153846153846154
21511,HyboNet,3,64,0.0002,5,19,0.49606299212598426,0.7,0.6153846153846154
21512,HyboNet,3,64,0.0002,5,2,0.2283464566929134,0.36666666666666664,0.23076923076923078
21513,HyboNet,3,64,0.0002,5,20,0.5039370078740157,0.7,0.6153846153846154
21514,HyboNet,3,64,0.0002,5,21,0.5039370078740157,0.7,0.6153846153846154
21515,HyboNet,3,64,0.0002,5,22,0.5118110236220472,0.7,0.6153846153846154
21516,HyboNet,3,64,0.0002,5,23,0.5118110236220472,0.7,0.6153846153846154
21517,HyboNet,3,64,0.0002,5,24,0.5118110236220472,0.7,0.6153846153846154
21518,HyboNet,3,64,0.0002,5,25,0.49606299212598426,0.7333333333333333,0.6153846153846154
21519,HyboNet,3,64,0.0002,5,26,0.49606299212598426,0.7333333333333333,0.6153846153846154
21520,HyboNet,3,64,0.0002,5,27,0.49606299212598426,0.7333333333333333,0.6153846153846154
21521,HyboNet,3,64,0.0002,5,28,0.49606299212598426,0.7666666666666667,0.6153846153846154
21522,HyboNet,3,64,0.0002,5,29,0.49606299212598426,0.8,0.5769230769230769
21523,HyboNet,3,64,0.0002,5,3,0.31496062992125984,0.4666666666666667,0.34615384615384615
21524,HyboNet,3,64,0.0002,5,30,0.5039370078740157,0.8,0.5769230769230769
21525,HyboNet,3,64,0.0002,5,31,0.49606299212598426,0.8,0.5769230769230769
21526,HyboNet,3,64,0.0002,5,32,0.4881889763779528,0.8,0.5769230769230769
21527,HyboNet,3,64,0.0002,5,33,0.4881889763779528,0.8,0.5769230769230769
21528,HyboNet,3,64,0.0002,5,34,0.49606299212598426,0.8,0.5769230769230769
21529,HyboNet,3,64,0.0002,5,35,0.4881889763779528,0.8,0.5769230769230769
21530,HyboNet,3,64,0.0002,5,36,0.4881889763779528,0.8,0.5769230769230769
21531,HyboNet,3,64,0.0002,5,37,0.4881889763779528,0.8,0.5769230769230769
21532,HyboNet,3,64,0.0002,5,38,0.49606299212598426,0.8,0.5769230769230769
21533,HyboNet,3,64,0.0002,5,39,0.5039370078740157,0.8,0.5769230769230769
21534,HyboNet,3,64,0.0002,5,4,0.3779527559055118,0.6,0.38461538461538464
21535,HyboNet,3,64,0.0002,5,40,0.5118110236220472,0.8,0.5384615384615384
21536,HyboNet,3,64,0.0002,5,41,0.5118110236220472,0.8,0.5384615384615384
21537,HyboNet,3,64,0.0002,5,42,0.5118110236220472,0.8,0.5384615384615384
21538,HyboNet,3,64,0.0002,5,43,0.5118110236220472,0.8,0.5384615384615384
21539,HyboNet,3,64,0.0002,5,44,0.5118110236220472,0.8,0.5384615384615384
21540,HyboNet,3,64,0.0002,5,45,0.5118110236220472,0.8,0.5384615384615384
21541,HyboNet,3,64,0.0002,5,46,0.5039370078740157,0.8,0.5384615384615384
21542,HyboNet,3,64,0.0002,5,47,0.5039370078740157,0.8,0.5384615384615384
21543,HyboNet,3,64,0.0002,5,48,0.49606299212598426,0.8,0.5384615384615384
21544,HyboNet,3,64,0.0002,5,49,0.49606299212598426,0.8,0.5384615384615384
21545,HyboNet,3,64,0.0002,5,5,0.4645669291338583,0.5666666666666667,0.46153846153846156
21546,HyboNet,3,64,0.0002,5,50,0.49606299212598426,0.8,0.5384615384615384
21547,HyboNet,3,64,0.0002,5,51,0.4881889763779528,0.8333333333333334,0.5384615384615384
21548,HyboNet,3,64,0.0002,5,52,0.48031496062992124,0.8333333333333334,0.5384615384615384
21549,HyboNet,3,64,0.0002,5,53,0.4645669291338583,0.8333333333333334,0.5384615384615384
21550,HyboNet,3,64,0.0002,5,54,0.4645669291338583,0.8333333333333334,0.5384615384615384
21551,HyboNet,3,64,0.0002,5,55,0.47244094488188976,0.8666666666666667,0.5384615384615384
21552,HyboNet,3,64,0.0002,5,56,0.4645669291338583,0.8666666666666667,0.5384615384615384
21553,HyboNet,3,64,0.0002,5,57,0.4566929133858268,0.8666666666666667,0.5384615384615384
21554,HyboNet,3,64,0.0002,5,58,0.4566929133858268,0.8666666666666667,0.5384615384615384
21555,HyboNet,3,64,0.0002,5,59,0.4566929133858268,0.8666666666666667,0.5384615384615384
21556,HyboNet,3,64,0.0002,5,6,0.48031496062992124,0.6,0.46153846153846156
21557,HyboNet,3,64,0.0002,5,60,0.4566929133858268,0.8666666666666667,0.46153846153846156
21558,HyboNet,3,64,0.0002,5,61,0.4566929133858268,0.8666666666666667,0.46153846153846156
21559,HyboNet,3,64,0.0002,5,62,0.44881889763779526,0.8666666666666667,0.46153846153846156
21560,HyboNet,3,64,0.0002,5,63,0.44881889763779526,0.8666666666666667,0.46153846153846156
21561,HyboNet,3,64,0.0002,5,64,0.44881889763779526,0.8666666666666667,0.46153846153846156
21562,HyboNet,3,64,0.0002,5,65,0.4409448818897638,0.8666666666666667,0.46153846153846156
21563,HyboNet,3,64,0.0002,5,66,0.4409448818897638,0.8666666666666667,0.46153846153846156
21564,HyboNet,3,64,0.0002,5,67,0.4409448818897638,0.9,0.46153846153846156
21565,HyboNet,3,64,0.0002,5,68,0.4330708661417323,0.9,0.46153846153846156
21566,HyboNet,3,64,0.0002,5,69,0.4251968503937008,0.9,0.46153846153846156
21567,HyboNet,3,64,0.0002,5,7,0.48031496062992124,0.6,0.5
21568,HyboNet,3,64,0.0002,5,70,0.4251968503937008,0.9,0.46153846153846156
21569,HyboNet,3,64,0.0002,5,71,0.41732283464566927,0.9,0.46153846153846156
21570,HyboNet,3,64,0.0002,5,72,0.41732283464566927,0.9333333333333333,0.46153846153846156
21571,HyboNet,3,64,0.0002,5,73,0.41732283464566927,0.9333333333333333,0.46153846153846156
21572,HyboNet,3,64,0.0002,5,74,0.41732283464566927,0.9333333333333333,0.46153846153846156
21573,HyboNet,3,64,0.0002,5,75,0.41732283464566927,0.9333333333333333,0.46153846153846156
21574,HyboNet,3,64,0.0002,5,76,0.41732283464566927,0.9333333333333333,0.4230769230769231
21575,HyboNet,3,64,0.0002,5,77,0.4094488188976378,0.9333333333333333,0.4230769230769231
21576,HyboNet,3,64,0.0002,5,78,0.4094488188976378,0.9333333333333333,0.4230769230769231
21577,HyboNet,3,64,0.0002,5,79,0.4094488188976378,0.9333333333333333,0.46153846153846156
21578,HyboNet,3,64,0.0002,5,8,0.4881889763779528,0.6,0.5384615384615384
21579,HyboNet,3,64,0.0002,5,80,0.3937007874015748,0.9333333333333333,0.46153846153846156
21580,HyboNet,3,64,0.0002,5,81,0.3937007874015748,0.9333333333333333,0.46153846153846156
21581,HyboNet,3,64,0.0002,5,82,0.3937007874015748,0.9333333333333333,0.46153846153846156
21582,HyboNet,3,64,0.0002,5,83,0.4094488188976378,0.9333333333333333,0.46153846153846156
21583,HyboNet,3,64,0.0002,5,84,0.4094488188976378,0.9333333333333333,0.46153846153846156
21584,HyboNet,3,64,0.0002,5,85,0.3937007874015748,0.9333333333333333,0.46153846153846156
21585,HyboNet,3,64,0.0002,5,86,0.3937007874015748,0.9333333333333333,0.46153846153846156
21586,HyboNet,3,64,0.0002,5,87,0.3937007874015748,0.9333333333333333,0.46153846153846156
21587,HyboNet,3,64,0.0002,5,88,0.3937007874015748,0.9333333333333333,0.46153846153846156
21588,HyboNet,3,64,0.0002,5,89,0.3937007874015748,0.9333333333333333,0.46153846153846156
21589,HyboNet,3,64,0.0002,5,9,0.48031496062992124,0.6,0.5769230769230769
21590,HyboNet,3,64,0.0002,5,90,0.3937007874015748,0.9333333333333333,0.46153846153846156
21591,HyboNet,3,64,0.0002,5,91,0.3937007874015748,0.9333333333333333,0.46153846153846156
21592,HyboNet,3,64,0.0002,5,92,0.3937007874015748,0.9333333333333333,0.46153846153846156
21593,HyboNet,3,64,0.0002,5,93,0.3937007874015748,0.9333333333333333,0.4230769230769231
21594,HyboNet,3,64,0.0002,5,94,0.3858267716535433,0.9333333333333333,0.4230769230769231
21595,HyboNet,3,64,0.0002,5,95,0.3937007874015748,0.9333333333333333,0.4230769230769231
21596,HyboNet,3,64,0.0002,5,96,0.3858267716535433,0.9333333333333333,0.4230769230769231
21597,HyboNet,3,64,0.0002,5,97,0.3858267716535433,0.9333333333333333,0.4230769230769231
21598,HyboNet,3,64,0.0002,5,98,0.3858267716535433,0.9333333333333333,0.4230769230769231
21599,HyboNet,3,64,0.0002,5,99,0.3779527559055118,0.9333333333333333,0.4230769230769231
21600,HyboNet,3,64,0.0002,6,1,0.4251968503937008,0.5,0.46153846153846156
21601,HyboNet,3,64,0.0002,6,10,0.5118110236220472,0.6333333333333333,0.46153846153846156
21602,HyboNet,3,64,0.0002,6,100,0.41732283464566927,0.9333333333333333,0.4230769230769231
21603,HyboNet,3,64,0.0002,6,11,0.5118110236220472,0.6333333333333333,0.46153846153846156
21604,HyboNet,3,64,0.0002,6,12,0.5118110236220472,0.6666666666666666,0.46153846153846156
21605,HyboNet,3,64,0.0002,6,13,0.5275590551181102,0.7,0.46153846153846156
21606,HyboNet,3,64,0.0002,6,14,0.5196850393700787,0.7,0.46153846153846156
21607,HyboNet,3,64,0.0002,6,15,0.5196850393700787,0.7,0.46153846153846156
21608,HyboNet,3,64,0.0002,6,16,0.5118110236220472,0.6666666666666666,0.46153846153846156
21609,HyboNet,3,64,0.0002,6,17,0.5039370078740157,0.6666666666666666,0.46153846153846156
21610,HyboNet,3,64,0.0002,6,18,0.49606299212598426,0.6666666666666666,0.46153846153846156
21611,HyboNet,3,64,0.0002,6,19,0.49606299212598426,0.6666666666666666,0.46153846153846156
21612,HyboNet,3,64,0.0002,6,2,0.49606299212598426,0.5666666666666667,0.46153846153846156
21613,HyboNet,3,64,0.0002,6,20,0.5039370078740157,0.6666666666666666,0.46153846153846156
21614,HyboNet,3,64,0.0002,6,21,0.5196850393700787,0.6666666666666666,0.5
21615,HyboNet,3,64,0.0002,6,22,0.5275590551181102,0.6666666666666666,0.5
21616,HyboNet,3,64,0.0002,6,23,0.5275590551181102,0.6666666666666666,0.5
21617,HyboNet,3,64,0.0002,6,24,0.5196850393700787,0.6666666666666666,0.5
21618,HyboNet,3,64,0.0002,6,25,0.5196850393700787,0.6666666666666666,0.5
21619,HyboNet,3,64,0.0002,6,26,0.5039370078740157,0.6666666666666666,0.5
21620,HyboNet,3,64,0.0002,6,27,0.49606299212598426,0.7,0.5
21621,HyboNet,3,64,0.0002,6,28,0.4881889763779528,0.7,0.46153846153846156
21622,HyboNet,3,64,0.0002,6,29,0.5039370078740157,0.7333333333333333,0.46153846153846156
21623,HyboNet,3,64,0.0002,6,3,0.5275590551181102,0.5666666666666667,0.46153846153846156
21624,HyboNet,3,64,0.0002,6,30,0.5039370078740157,0.7666666666666667,0.4230769230769231
21625,HyboNet,3,64,0.0002,6,31,0.5275590551181102,0.8,0.4230769230769231
21626,HyboNet,3,64,0.0002,6,32,0.5433070866141733,0.8,0.46153846153846156
21627,HyboNet,3,64,0.0002,6,33,0.5433070866141733,0.8,0.46153846153846156
21628,HyboNet,3,64,0.0002,6,34,0.5433070866141733,0.8,0.46153846153846156
21629,HyboNet,3,64,0.0002,6,35,0.5433070866141733,0.8,0.46153846153846156
21630,HyboNet,3,64,0.0002,6,36,0.5433070866141733,0.8,0.46153846153846156
21631,HyboNet,3,64,0.0002,6,37,0.5433070866141733,0.8,0.46153846153846156
21632,HyboNet,3,64,0.0002,6,38,0.5433070866141733,0.8,0.4230769230769231
21633,HyboNet,3,64,0.0002,6,39,0.5433070866141733,0.8333333333333334,0.4230769230769231
21634,HyboNet,3,64,0.0002,6,4,0.5275590551181102,0.6,0.5384615384615384
21635,HyboNet,3,64,0.0002,6,40,0.5433070866141733,0.8333333333333334,0.4230769230769231
21636,HyboNet,3,64,0.0002,6,41,0.5354330708661418,0.8333333333333334,0.4230769230769231
21637,HyboNet,3,64,0.0002,6,42,0.5354330708661418,0.8333333333333334,0.4230769230769231
21638,HyboNet,3,64,0.0002,6,43,0.5433070866141733,0.8333333333333334,0.4230769230769231
21639,HyboNet,3,64,0.0002,6,44,0.5433070866141733,0.8333333333333334,0.4230769230769231
21640,HyboNet,3,64,0.0002,6,45,0.5354330708661418,0.8333333333333334,0.4230769230769231
21641,HyboNet,3,64,0.0002,6,46,0.5354330708661418,0.8333333333333334,0.38461538461538464
21642,HyboNet,3,64,0.0002,6,47,0.5275590551181102,0.8333333333333334,0.38461538461538464
21643,HyboNet,3,64,0.0002,6,48,0.5196850393700787,0.8333333333333334,0.38461538461538464
21644,HyboNet,3,64,0.0002,6,49,0.5196850393700787,0.8333333333333334,0.38461538461538464
21645,HyboNet,3,64,0.0002,6,5,0.5275590551181102,0.6,0.5384615384615384
21646,HyboNet,3,64,0.0002,6,50,0.5118110236220472,0.8666666666666667,0.38461538461538464
21647,HyboNet,3,64,0.0002,6,51,0.5118110236220472,0.8666666666666667,0.4230769230769231
21648,HyboNet,3,64,0.0002,6,52,0.5118110236220472,0.8666666666666667,0.4230769230769231
21649,HyboNet,3,64,0.0002,6,53,0.5118110236220472,0.9,0.4230769230769231
21650,HyboNet,3,64,0.0002,6,54,0.5039370078740157,0.9,0.4230769230769231
21651,HyboNet,3,64,0.0002,6,55,0.5039370078740157,0.9,0.4230769230769231
21652,HyboNet,3,64,0.0002,6,56,0.5039370078740157,0.9,0.4230769230769231
21653,HyboNet,3,64,0.0002,6,57,0.5039370078740157,0.9,0.4230769230769231
21654,HyboNet,3,64,0.0002,6,58,0.5039370078740157,0.9,0.4230769230769231
21655,HyboNet,3,64,0.0002,6,59,0.49606299212598426,0.9,0.4230769230769231
21656,HyboNet,3,64,0.0002,6,6,0.5275590551181102,0.6,0.5384615384615384
21657,HyboNet,3,64,0.0002,6,60,0.49606299212598426,0.9,0.4230769230769231
21658,HyboNet,3,64,0.0002,6,61,0.4881889763779528,0.9,0.4230769230769231
21659,HyboNet,3,64,0.0002,6,62,0.4881889763779528,0.9,0.4230769230769231
21660,HyboNet,3,64,0.0002,6,63,0.4881889763779528,0.9,0.4230769230769231
21661,HyboNet,3,64,0.0002,6,64,0.4881889763779528,0.9,0.38461538461538464
21662,HyboNet,3,64,0.0002,6,65,0.4645669291338583,0.9,0.38461538461538464
21663,HyboNet,3,64,0.0002,6,66,0.4645669291338583,0.9,0.38461538461538464
21664,HyboNet,3,64,0.0002,6,67,0.4645669291338583,0.9,0.38461538461538464
21665,HyboNet,3,64,0.0002,6,68,0.4566929133858268,0.9333333333333333,0.38461538461538464
21666,HyboNet,3,64,0.0002,6,69,0.4566929133858268,0.9333333333333333,0.38461538461538464
21667,HyboNet,3,64,0.0002,6,7,0.5275590551181102,0.6,0.5384615384615384
21668,HyboNet,3,64,0.0002,6,70,0.44881889763779526,0.9333333333333333,0.38461538461538464
21669,HyboNet,3,64,0.0002,6,71,0.4645669291338583,0.9333333333333333,0.38461538461538464
21670,HyboNet,3,64,0.0002,6,72,0.4566929133858268,0.9333333333333333,0.38461538461538464
21671,HyboNet,3,64,0.0002,6,73,0.44881889763779526,0.9333333333333333,0.38461538461538464
21672,HyboNet,3,64,0.0002,6,74,0.4566929133858268,0.9333333333333333,0.38461538461538464
21673,HyboNet,3,64,0.0002,6,75,0.4645669291338583,0.9333333333333333,0.4230769230769231
21674,HyboNet,3,64,0.0002,6,76,0.4645669291338583,0.9333333333333333,0.38461538461538464
21675,HyboNet,3,64,0.0002,6,77,0.4645669291338583,0.9333333333333333,0.38461538461538464
21676,HyboNet,3,64,0.0002,6,78,0.47244094488188976,0.9333333333333333,0.4230769230769231
21677,HyboNet,3,64,0.0002,6,79,0.47244094488188976,0.9333333333333333,0.4230769230769231
21678,HyboNet,3,64,0.0002,6,8,0.5196850393700787,0.6,0.5
21679,HyboNet,3,64,0.0002,6,80,0.4645669291338583,0.9333333333333333,0.38461538461538464
21680,HyboNet,3,64,0.0002,6,81,0.4645669291338583,0.9333333333333333,0.38461538461538464
21681,HyboNet,3,64,0.0002,6,82,0.4645669291338583,0.9333333333333333,0.4230769230769231
21682,HyboNet,3,64,0.0002,6,83,0.4645669291338583,0.9,0.4230769230769231
21683,HyboNet,3,64,0.0002,6,84,0.4566929133858268,0.9333333333333333,0.46153846153846156
21684,HyboNet,3,64,0.0002,6,85,0.4409448818897638,0.9333333333333333,0.46153846153846156
21685,HyboNet,3,64,0.0002,6,86,0.4409448818897638,0.9333333333333333,0.46153846153846156
21686,HyboNet,3,64,0.0002,6,87,0.4330708661417323,0.9333333333333333,0.46153846153846156
21687,HyboNet,3,64,0.0002,6,88,0.4330708661417323,0.9333333333333333,0.46153846153846156
21688,HyboNet,3,64,0.0002,6,89,0.4330708661417323,0.9333333333333333,0.46153846153846156
21689,HyboNet,3,64,0.0002,6,9,0.5118110236220472,0.6,0.46153846153846156
21690,HyboNet,3,64,0.0002,6,90,0.4330708661417323,0.9333333333333333,0.4230769230769231
21691,HyboNet,3,64,0.0002,6,91,0.4330708661417323,0.9333333333333333,0.4230769230769231
21692,HyboNet,3,64,0.0002,6,92,0.4330708661417323,0.9333333333333333,0.4230769230769231
21693,HyboNet,3,64,0.0002,6,93,0.4251968503937008,0.9333333333333333,0.4230769230769231
21694,HyboNet,3,64,0.0002,6,94,0.4251968503937008,0.9333333333333333,0.4230769230769231
21695,HyboNet,3,64,0.0002,6,95,0.4251968503937008,0.9333333333333333,0.4230769230769231
21696,HyboNet,3,64,0.0002,6,96,0.4251968503937008,0.9333333333333333,0.4230769230769231
21697,HyboNet,3,64,0.0002,6,97,0.41732283464566927,0.9333333333333333,0.4230769230769231
21698,HyboNet,3,64,0.0002,6,98,0.41732283464566927,0.9333333333333333,0.4230769230769231
21699,HyboNet,3,64,0.0002,6,99,0.41732283464566927,0.9333333333333333,0.4230769230769231
21700,HyboNet,3,64,0.0002,7,1,0.4409448818897638,0.4666666666666667,0.5
21701,HyboNet,3,64,0.0002,7,10,0.5590551181102362,0.6333333333333333,0.5384615384615384
21702,HyboNet,3,64,0.0002,7,100,0.5433070866141733,0.9333333333333333,0.5769230769230769
21703,HyboNet,3,64,0.0002,7,11,0.5590551181102362,0.6333333333333333,0.5384615384615384
21704,HyboNet,3,64,0.0002,7,12,0.5748031496062992,0.6333333333333333,0.5384615384615384
21705,HyboNet,3,64,0.0002,7,13,0.5826771653543307,0.6666666666666666,0.5384615384615384
21706,HyboNet,3,64,0.0002,7,14,0.5905511811023622,0.6666666666666666,0.5384615384615384
21707,HyboNet,3,64,0.0002,7,15,0.5905511811023622,0.6666666666666666,0.5384615384615384
21708,HyboNet,3,64,0.0002,7,16,0.5826771653543307,0.6666666666666666,0.5384615384615384
21709,HyboNet,3,64,0.0002,7,17,0.5826771653543307,0.6666666666666666,0.5384615384615384
21710,HyboNet,3,64,0.0002,7,18,0.5984251968503937,0.6666666666666666,0.5384615384615384
21711,HyboNet,3,64,0.0002,7,19,0.6062992125984252,0.6666666666666666,0.5384615384615384
21712,HyboNet,3,64,0.0002,7,2,0.4881889763779528,0.4666666666666667,0.5
21713,HyboNet,3,64,0.0002,7,20,0.5984251968503937,0.6666666666666666,0.5384615384615384
21714,HyboNet,3,64,0.0002,7,21,0.5826771653543307,0.6666666666666666,0.5384615384615384
21715,HyboNet,3,64,0.0002,7,22,0.5748031496062992,0.7,0.5384615384615384
21716,HyboNet,3,64,0.0002,7,23,0.5826771653543307,0.7,0.5384615384615384
21717,HyboNet,3,64,0.0002,7,24,0.5826771653543307,0.7,0.5384615384615384
21718,HyboNet,3,64,0.0002,7,25,0.5826771653543307,0.7,0.5384615384615384
21719,HyboNet,3,64,0.0002,7,26,0.5905511811023622,0.7333333333333333,0.5384615384615384
21720,HyboNet,3,64,0.0002,7,27,0.6141732283464567,0.7333333333333333,0.5384615384615384
21721,HyboNet,3,64,0.0002,7,28,0.6141732283464567,0.7333333333333333,0.5384615384615384
21722,HyboNet,3,64,0.0002,7,29,0.6141732283464567,0.7333333333333333,0.5384615384615384
21723,HyboNet,3,64,0.0002,7,3,0.5354330708661418,0.6,0.5384615384615384
21724,HyboNet,3,64,0.0002,7,30,0.6141732283464567,0.7333333333333333,0.5384615384615384
21725,HyboNet,3,64,0.0002,7,31,0.6299212598425197,0.7666666666666667,0.5384615384615384
21726,HyboNet,3,64,0.0002,7,32,0.6141732283464567,0.7666666666666667,0.5384615384615384
21727,HyboNet,3,64,0.0002,7,33,0.6141732283464567,0.7666666666666667,0.5
21728,HyboNet,3,64,0.0002,7,34,0.6141732283464567,0.7666666666666667,0.5384615384615384
21729,HyboNet,3,64,0.0002,7,35,0.6141732283464567,0.7666666666666667,0.5384615384615384
21730,HyboNet,3,64,0.0002,7,36,0.6220472440944882,0.7666666666666667,0.5384615384615384
21731,HyboNet,3,64,0.0002,7,37,0.6220472440944882,0.7666666666666667,0.5
21732,HyboNet,3,64,0.0002,7,38,0.6141732283464567,0.7666666666666667,0.5
21733,HyboNet,3,64,0.0002,7,39,0.6141732283464567,0.7666666666666667,0.5
21734,HyboNet,3,64,0.0002,7,4,0.5354330708661418,0.6,0.5769230769230769
21735,HyboNet,3,64,0.0002,7,40,0.6062992125984252,0.7666666666666667,0.5
21736,HyboNet,3,64,0.0002,7,41,0.6062992125984252,0.8,0.5
21737,HyboNet,3,64,0.0002,7,42,0.5984251968503937,0.8,0.5
21738,HyboNet,3,64,0.0002,7,43,0.5905511811023622,0.8,0.5384615384615384
21739,HyboNet,3,64,0.0002,7,44,0.5905511811023622,0.8,0.5384615384615384
21740,HyboNet,3,64,0.0002,7,45,0.5826771653543307,0.8333333333333334,0.5384615384615384
21741,HyboNet,3,64,0.0002,7,46,0.5669291338582677,0.8333333333333334,0.5384615384615384
21742,HyboNet,3,64,0.0002,7,47,0.5748031496062992,0.8333333333333334,0.5384615384615384
21743,HyboNet,3,64,0.0002,7,48,0.5669291338582677,0.8333333333333334,0.5384615384615384
21744,HyboNet,3,64,0.0002,7,49,0.5669291338582677,0.8333333333333334,0.5384615384615384
21745,HyboNet,3,64,0.0002,7,5,0.5354330708661418,0.6,0.5769230769230769
21746,HyboNet,3,64,0.0002,7,50,0.5669291338582677,0.8333333333333334,0.5384615384615384
21747,HyboNet,3,64,0.0002,7,51,0.5590551181102362,0.8333333333333334,0.5384615384615384
21748,HyboNet,3,64,0.0002,7,52,0.5669291338582677,0.8333333333333334,0.5384615384615384
21749,HyboNet,3,64,0.0002,7,53,0.5748031496062992,0.8333333333333334,0.5384615384615384
21750,HyboNet,3,64,0.0002,7,54,0.5826771653543307,0.8333333333333334,0.5384615384615384
21751,HyboNet,3,64,0.0002,7,55,0.5748031496062992,0.8333333333333334,0.5384615384615384
21752,HyboNet,3,64,0.0002,7,56,0.5748031496062992,0.8333333333333334,0.5384615384615384
21753,HyboNet,3,64,0.0002,7,57,0.5748031496062992,0.8333333333333334,0.5384615384615384
21754,HyboNet,3,64,0.0002,7,58,0.5826771653543307,0.8333333333333334,0.5384615384615384
21755,HyboNet,3,64,0.0002,7,59,0.5826771653543307,0.8333333333333334,0.5384615384615384
21756,HyboNet,3,64,0.0002,7,6,0.5354330708661418,0.6333333333333333,0.5384615384615384
21757,HyboNet,3,64,0.0002,7,60,0.5905511811023622,0.8333333333333334,0.5384615384615384
21758,HyboNet,3,64,0.0002,7,61,0.5905511811023622,0.8333333333333334,0.5384615384615384
21759,HyboNet,3,64,0.0002,7,62,0.5905511811023622,0.8333333333333334,0.5384615384615384
21760,HyboNet,3,64,0.0002,7,63,0.5826771653543307,0.8333333333333334,0.5769230769230769
21761,HyboNet,3,64,0.0002,7,64,0.5826771653543307,0.8333333333333334,0.5769230769230769
21762,HyboNet,3,64,0.0002,7,65,0.5826771653543307,0.8333333333333334,0.5769230769230769
21763,HyboNet,3,64,0.0002,7,66,0.5826771653543307,0.8333333333333334,0.5769230769230769
21764,HyboNet,3,64,0.0002,7,67,0.5748031496062992,0.8333333333333334,0.5769230769230769
21765,HyboNet,3,64,0.0002,7,68,0.5748031496062992,0.8666666666666667,0.5769230769230769
21766,HyboNet,3,64,0.0002,7,69,0.5669291338582677,0.8666666666666667,0.5769230769230769
21767,HyboNet,3,64,0.0002,7,7,0.5275590551181102,0.6333333333333333,0.5384615384615384
21768,HyboNet,3,64,0.0002,7,70,0.5669291338582677,0.9,0.5769230769230769
21769,HyboNet,3,64,0.0002,7,71,0.5669291338582677,0.9,0.5769230769230769
21770,HyboNet,3,64,0.0002,7,72,0.5590551181102362,0.9,0.5769230769230769
21771,HyboNet,3,64,0.0002,7,73,0.5590551181102362,0.9,0.5769230769230769
21772,HyboNet,3,64,0.0002,7,74,0.5590551181102362,0.9,0.5769230769230769
21773,HyboNet,3,64,0.0002,7,75,0.5590551181102362,0.9,0.5769230769230769
21774,HyboNet,3,64,0.0002,7,76,0.5590551181102362,0.9,0.5769230769230769
21775,HyboNet,3,64,0.0002,7,77,0.5669291338582677,0.9,0.5769230769230769
21776,HyboNet,3,64,0.0002,7,78,0.5669291338582677,0.9,0.5769230769230769
21777,HyboNet,3,64,0.0002,7,79,0.5669291338582677,0.9,0.5769230769230769
21778,HyboNet,3,64,0.0002,7,8,0.5354330708661418,0.6333333333333333,0.5384615384615384
21779,HyboNet,3,64,0.0002,7,80,0.5590551181102362,0.9,0.5769230769230769
21780,HyboNet,3,64,0.0002,7,81,0.5669291338582677,0.9,0.5769230769230769
21781,HyboNet,3,64,0.0002,7,82,0.5669291338582677,0.9333333333333333,0.5769230769230769
21782,HyboNet,3,64,0.0002,7,83,0.5669291338582677,0.9333333333333333,0.5769230769230769
21783,HyboNet,3,64,0.0002,7,84,0.5590551181102362,0.9333333333333333,0.5769230769230769
21784,HyboNet,3,64,0.0002,7,85,0.5511811023622047,0.9333333333333333,0.5769230769230769
21785,HyboNet,3,64,0.0002,7,86,0.5511811023622047,0.9333333333333333,0.5769230769230769
21786,HyboNet,3,64,0.0002,7,87,0.5511811023622047,0.9333333333333333,0.5769230769230769
21787,HyboNet,3,64,0.0002,7,88,0.5590551181102362,0.9333333333333333,0.5769230769230769
21788,HyboNet,3,64,0.0002,7,89,0.5590551181102362,0.9333333333333333,0.5769230769230769
21789,HyboNet,3,64,0.0002,7,9,0.5433070866141733,0.6333333333333333,0.5384615384615384
21790,HyboNet,3,64,0.0002,7,90,0.5590551181102362,0.9333333333333333,0.5769230769230769
21791,HyboNet,3,64,0.0002,7,91,0.5511811023622047,0.9333333333333333,0.5769230769230769
21792,HyboNet,3,64,0.0002,7,92,0.5433070866141733,0.9333333333333333,0.5769230769230769
21793,HyboNet,3,64,0.0002,7,93,0.5433070866141733,0.9333333333333333,0.5769230769230769
21794,HyboNet,3,64,0.0002,7,94,0.5433070866141733,0.9333333333333333,0.5769230769230769
21795,HyboNet,3,64,0.0002,7,95,0.5433070866141733,0.9333333333333333,0.5769230769230769
21796,HyboNet,3,64,0.0002,7,96,0.5354330708661418,0.9333333333333333,0.5769230769230769
21797,HyboNet,3,64,0.0002,7,97,0.5433070866141733,0.9333333333333333,0.5769230769230769
21798,HyboNet,3,64,0.0002,7,98,0.5433070866141733,0.9333333333333333,0.5769230769230769
21799,HyboNet,3,64,0.0002,7,99,0.5433070866141733,0.9333333333333333,0.5769230769230769
21800,HyboNet,3,64,0.0002,8,1,0.14960629921259844,0.06666666666666667,0.11538461538461539
21801,HyboNet,3,64,0.0002,8,10,0.5118110236220472,0.6,0.5769230769230769
21802,HyboNet,3,64,0.0002,8,100,0.4566929133858268,0.9666666666666667,0.5
21803,HyboNet,3,64,0.0002,8,11,0.5275590551181102,0.6,0.5769230769230769
21804,HyboNet,3,64,0.0002,8,12,0.5275590551181102,0.6,0.5769230769230769
21805,HyboNet,3,64,0.0002,8,13,0.5354330708661418,0.6,0.5769230769230769
21806,HyboNet,3,64,0.0002,8,14,0.5354330708661418,0.6,0.5769230769230769
21807,HyboNet,3,64,0.0002,8,15,0.5354330708661418,0.6,0.5769230769230769
21808,HyboNet,3,64,0.0002,8,16,0.5354330708661418,0.6,0.5769230769230769
21809,HyboNet,3,64,0.0002,8,17,0.5354330708661418,0.6,0.5769230769230769
21810,HyboNet,3,64,0.0002,8,18,0.5433070866141733,0.6,0.5769230769230769
21811,HyboNet,3,64,0.0002,8,19,0.5433070866141733,0.6,0.5769230769230769
21812,HyboNet,3,64,0.0002,8,2,0.16535433070866143,0.13333333333333333,0.15384615384615385
21813,HyboNet,3,64,0.0002,8,20,0.5433070866141733,0.6333333333333333,0.5769230769230769
21814,HyboNet,3,64,0.0002,8,21,0.5354330708661418,0.6333333333333333,0.5769230769230769
21815,HyboNet,3,64,0.0002,8,22,0.5354330708661418,0.6666666666666666,0.5769230769230769
21816,HyboNet,3,64,0.0002,8,23,0.5354330708661418,0.6666666666666666,0.5769230769230769
21817,HyboNet,3,64,0.0002,8,24,0.5354330708661418,0.6666666666666666,0.5769230769230769
21818,HyboNet,3,64,0.0002,8,25,0.5354330708661418,0.6666666666666666,0.5769230769230769
21819,HyboNet,3,64,0.0002,8,26,0.5433070866141733,0.7,0.5769230769230769
21820,HyboNet,3,64,0.0002,8,27,0.5511811023622047,0.7,0.5769230769230769
21821,HyboNet,3,64,0.0002,8,28,0.5511811023622047,0.7,0.5769230769230769
21822,HyboNet,3,64,0.0002,8,29,0.5433070866141733,0.7,0.5769230769230769
21823,HyboNet,3,64,0.0002,8,3,0.18110236220472442,0.1,0.19230769230769232
21824,HyboNet,3,64,0.0002,8,30,0.5433070866141733,0.7,0.5769230769230769
21825,HyboNet,3,64,0.0002,8,31,0.5433070866141733,0.7,0.5769230769230769
21826,HyboNet,3,64,0.0002,8,32,0.5433070866141733,0.7,0.5769230769230769
21827,HyboNet,3,64,0.0002,8,33,0.5433070866141733,0.7,0.5769230769230769
21828,HyboNet,3,64,0.0002,8,34,0.5433070866141733,0.7,0.5384615384615384
21829,HyboNet,3,64,0.0002,8,35,0.5354330708661418,0.7,0.5384615384615384
21830,HyboNet,3,64,0.0002,8,36,0.5433070866141733,0.7,0.5384615384615384
21831,HyboNet,3,64,0.0002,8,37,0.5511811023622047,0.7333333333333333,0.5384615384615384
21832,HyboNet,3,64,0.0002,8,38,0.5511811023622047,0.7333333333333333,0.5384615384615384
21833,HyboNet,3,64,0.0002,8,39,0.5354330708661418,0.7333333333333333,0.5384615384615384
21834,HyboNet,3,64,0.0002,8,4,0.2125984251968504,0.16666666666666666,0.34615384615384615
21835,HyboNet,3,64,0.0002,8,40,0.5354330708661418,0.7333333333333333,0.5384615384615384
21836,HyboNet,3,64,0.0002,8,41,0.5275590551181102,0.7333333333333333,0.5384615384615384
21837,HyboNet,3,64,0.0002,8,42,0.5275590551181102,0.7333333333333333,0.5384615384615384
21838,HyboNet,3,64,0.0002,8,43,0.5275590551181102,0.7333333333333333,0.5384615384615384
21839,HyboNet,3,64,0.0002,8,44,0.5433070866141733,0.7333333333333333,0.5384615384615384
21840,HyboNet,3,64,0.0002,8,45,0.5433070866141733,0.7333333333333333,0.5384615384615384
21841,HyboNet,3,64,0.0002,8,46,0.5354330708661418,0.7333333333333333,0.5384615384615384
21842,HyboNet,3,64,0.0002,8,47,0.5354330708661418,0.7333333333333333,0.5384615384615384
21843,HyboNet,3,64,0.0002,8,48,0.5354330708661418,0.7333333333333333,0.5384615384615384
21844,HyboNet,3,64,0.0002,8,49,0.5196850393700787,0.7333333333333333,0.5384615384615384
21845,HyboNet,3,64,0.0002,8,5,0.30708661417322836,0.4,0.34615384615384615
21846,HyboNet,3,64,0.0002,8,50,0.5196850393700787,0.7333333333333333,0.5
21847,HyboNet,3,64,0.0002,8,51,0.5275590551181102,0.7666666666666667,0.5
21848,HyboNet,3,64,0.0002,8,52,0.5118110236220472,0.7666666666666667,0.5
21849,HyboNet,3,64,0.0002,8,53,0.5118110236220472,0.7666666666666667,0.5
21850,HyboNet,3,64,0.0002,8,54,0.5118110236220472,0.7666666666666667,0.5
21851,HyboNet,3,64,0.0002,8,55,0.49606299212598426,0.7666666666666667,0.5
21852,HyboNet,3,64,0.0002,8,56,0.49606299212598426,0.8,0.5
21853,HyboNet,3,64,0.0002,8,57,0.49606299212598426,0.8333333333333334,0.5
21854,HyboNet,3,64,0.0002,8,58,0.5039370078740157,0.8333333333333334,0.5
21855,HyboNet,3,64,0.0002,8,59,0.5118110236220472,0.8666666666666667,0.5
21856,HyboNet,3,64,0.0002,8,6,0.36220472440944884,0.4666666666666667,0.4230769230769231
21857,HyboNet,3,64,0.0002,8,60,0.5039370078740157,0.8666666666666667,0.46153846153846156
21858,HyboNet,3,64,0.0002,8,61,0.49606299212598426,0.8666666666666667,0.46153846153846156
21859,HyboNet,3,64,0.0002,8,62,0.49606299212598426,0.8666666666666667,0.46153846153846156
21860,HyboNet,3,64,0.0002,8,63,0.4881889763779528,0.8666666666666667,0.46153846153846156
21861,HyboNet,3,64,0.0002,8,64,0.48031496062992124,0.8666666666666667,0.5
21862,HyboNet,3,64,0.0002,8,65,0.4645669291338583,0.8666666666666667,0.5384615384615384
21863,HyboNet,3,64,0.0002,8,66,0.4645669291338583,0.8666666666666667,0.5384615384615384
21864,HyboNet,3,64,0.0002,8,67,0.47244094488188976,0.8666666666666667,0.5384615384615384
21865,HyboNet,3,64,0.0002,8,68,0.48031496062992124,0.8666666666666667,0.5384615384615384
21866,HyboNet,3,64,0.0002,8,69,0.4645669291338583,0.9,0.5384615384615384
21867,HyboNet,3,64,0.0002,8,7,0.41732283464566927,0.5666666666666667,0.5384615384615384
21868,HyboNet,3,64,0.0002,8,70,0.47244094488188976,0.9333333333333333,0.5384615384615384
21869,HyboNet,3,64,0.0002,8,71,0.47244094488188976,0.9333333333333333,0.5384615384615384
21870,HyboNet,3,64,0.0002,8,72,0.47244094488188976,0.9666666666666667,0.5384615384615384
21871,HyboNet,3,64,0.0002,8,73,0.47244094488188976,0.9666666666666667,0.5384615384615384
21872,HyboNet,3,64,0.0002,8,74,0.4645669291338583,0.9666666666666667,0.5384615384615384
21873,HyboNet,3,64,0.0002,8,75,0.4645669291338583,0.9666666666666667,0.5384615384615384
21874,HyboNet,3,64,0.0002,8,76,0.4645669291338583,0.9666666666666667,0.5384615384615384
21875,HyboNet,3,64,0.0002,8,77,0.4645669291338583,0.9666666666666667,0.5384615384615384
21876,HyboNet,3,64,0.0002,8,78,0.4645669291338583,0.9666666666666667,0.5384615384615384
21877,HyboNet,3,64,0.0002,8,79,0.4645669291338583,0.9666666666666667,0.5384615384615384
21878,HyboNet,3,64,0.0002,8,8,0.4409448818897638,0.5666666666666667,0.5769230769230769
21879,HyboNet,3,64,0.0002,8,80,0.4645669291338583,0.9666666666666667,0.5384615384615384
21880,HyboNet,3,64,0.0002,8,81,0.4645669291338583,0.9666666666666667,0.5384615384615384
21881,HyboNet,3,64,0.0002,8,82,0.4645669291338583,0.9666666666666667,0.5384615384615384
21882,HyboNet,3,64,0.0002,8,83,0.4645669291338583,0.9666666666666667,0.5384615384615384
21883,HyboNet,3,64,0.0002,8,84,0.4645669291338583,0.9666666666666667,0.5384615384615384
21884,HyboNet,3,64,0.0002,8,85,0.4645669291338583,0.9666666666666667,0.5384615384615384
21885,HyboNet,3,64,0.0002,8,86,0.4566929133858268,0.9666666666666667,0.5384615384615384
21886,HyboNet,3,64,0.0002,8,87,0.4566929133858268,0.9666666666666667,0.5384615384615384
21887,HyboNet,3,64,0.0002,8,88,0.4566929133858268,0.9666666666666667,0.5384615384615384
21888,HyboNet,3,64,0.0002,8,89,0.4566929133858268,0.9666666666666667,0.5384615384615384
21889,HyboNet,3,64,0.0002,8,9,0.4881889763779528,0.6,0.5769230769230769
21890,HyboNet,3,64,0.0002,8,90,0.44881889763779526,0.9666666666666667,0.5384615384615384
21891,HyboNet,3,64,0.0002,8,91,0.44881889763779526,0.9666666666666667,0.5
21892,HyboNet,3,64,0.0002,8,92,0.44881889763779526,0.9666666666666667,0.5
21893,HyboNet,3,64,0.0002,8,93,0.4566929133858268,0.9666666666666667,0.5
21894,HyboNet,3,64,0.0002,8,94,0.4645669291338583,0.9666666666666667,0.5
21895,HyboNet,3,64,0.0002,8,95,0.4645669291338583,0.9666666666666667,0.5
21896,HyboNet,3,64,0.0002,8,96,0.4645669291338583,0.9666666666666667,0.5
21897,HyboNet,3,64,0.0002,8,97,0.4645669291338583,0.9666666666666667,0.5
21898,HyboNet,3,64,0.0002,8,98,0.4645669291338583,0.9666666666666667,0.5
21899,HyboNet,3,64,0.0002,8,99,0.4566929133858268,0.9666666666666667,0.5
21900,HyboNet,3,64,0.0002,9,1,0.14173228346456693,0.16666666666666666,0.11538461538461539
21901,HyboNet,3,64,0.0002,9,10,0.5275590551181102,0.6,0.5769230769230769
21902,HyboNet,3,64,0.0002,9,100,0.44881889763779526,0.9333333333333333,0.5
21903,HyboNet,3,64,0.0002,9,11,0.5275590551181102,0.6,0.5769230769230769
21904,HyboNet,3,64,0.0002,9,12,0.5275590551181102,0.6,0.5769230769230769
21905,HyboNet,3,64,0.0002,9,13,0.5354330708661418,0.6,0.5769230769230769
21906,HyboNet,3,64,0.0002,9,14,0.5354330708661418,0.6,0.5769230769230769
21907,HyboNet,3,64,0.0002,9,15,0.5275590551181102,0.6,0.5769230769230769
21908,HyboNet,3,64,0.0002,9,16,0.5275590551181102,0.6333333333333333,0.5384615384615384
21909,HyboNet,3,64,0.0002,9,17,0.5275590551181102,0.7,0.5384615384615384
21910,HyboNet,3,64,0.0002,9,18,0.5196850393700787,0.7,0.5384615384615384
21911,HyboNet,3,64,0.0002,9,19,0.5118110236220472,0.7,0.5384615384615384
21912,HyboNet,3,64,0.0002,9,2,0.18110236220472442,0.23333333333333334,0.15384615384615385
21913,HyboNet,3,64,0.0002,9,20,0.5196850393700787,0.7,0.5384615384615384
21914,HyboNet,3,64,0.0002,9,21,0.5196850393700787,0.7,0.5
21915,HyboNet,3,64,0.0002,9,22,0.5118110236220472,0.7,0.46153846153846156
21916,HyboNet,3,64,0.0002,9,23,0.5118110236220472,0.7,0.46153846153846156
21917,HyboNet,3,64,0.0002,9,24,0.5118110236220472,0.7,0.46153846153846156
21918,HyboNet,3,64,0.0002,9,25,0.5039370078740157,0.7333333333333333,0.46153846153846156
21919,HyboNet,3,64,0.0002,9,26,0.5039370078740157,0.7666666666666667,0.46153846153846156
21920,HyboNet,3,64,0.0002,9,27,0.5039370078740157,0.7666666666666667,0.46153846153846156
21921,HyboNet,3,64,0.0002,9,28,0.5039370078740157,0.7666666666666667,0.46153846153846156
21922,HyboNet,3,64,0.0002,9,29,0.5118110236220472,0.7666666666666667,0.46153846153846156
21923,HyboNet,3,64,0.0002,9,3,0.2677165354330709,0.5,0.3076923076923077
21924,HyboNet,3,64,0.0002,9,30,0.5118110236220472,0.7666666666666667,0.46153846153846156
21925,HyboNet,3,64,0.0002,9,31,0.5039370078740157,0.7666666666666667,0.46153846153846156
21926,HyboNet,3,64,0.0002,9,32,0.5039370078740157,0.7666666666666667,0.46153846153846156
21927,HyboNet,3,64,0.0002,9,33,0.5039370078740157,0.7666666666666667,0.46153846153846156
21928,HyboNet,3,64,0.0002,9,34,0.5196850393700787,0.7666666666666667,0.46153846153846156
21929,HyboNet,3,64,0.0002,9,35,0.5275590551181102,0.7666666666666667,0.46153846153846156
21930,HyboNet,3,64,0.0002,9,36,0.5275590551181102,0.7666666666666667,0.46153846153846156
21931,HyboNet,3,64,0.0002,9,37,0.5118110236220472,0.7666666666666667,0.46153846153846156
21932,HyboNet,3,64,0.0002,9,38,0.5118110236220472,0.7666666666666667,0.4230769230769231
21933,HyboNet,3,64,0.0002,9,39,0.4881889763779528,0.7666666666666667,0.46153846153846156
21934,HyboNet,3,64,0.0002,9,4,0.4094488188976378,0.5333333333333333,0.46153846153846156
21935,HyboNet,3,64,0.0002,9,40,0.5118110236220472,0.7666666666666667,0.46153846153846156
21936,HyboNet,3,64,0.0002,9,41,0.5118110236220472,0.7666666666666667,0.5
21937,HyboNet,3,64,0.0002,9,42,0.5039370078740157,0.7666666666666667,0.5
21938,HyboNet,3,64,0.0002,9,43,0.5039370078740157,0.8,0.5
21939,HyboNet,3,64,0.0002,9,44,0.5118110236220472,0.8,0.46153846153846156
21940,HyboNet,3,64,0.0002,9,45,0.5118110236220472,0.8,0.46153846153846156
21941,HyboNet,3,64,0.0002,9,46,0.5118110236220472,0.8,0.46153846153846156
21942,HyboNet,3,64,0.0002,9,47,0.49606299212598426,0.8,0.46153846153846156
21943,HyboNet,3,64,0.0002,9,48,0.49606299212598426,0.8,0.46153846153846156
21944,HyboNet,3,64,0.0002,9,49,0.49606299212598426,0.8,0.46153846153846156
21945,HyboNet,3,64,0.0002,9,5,0.49606299212598426,0.6,0.46153846153846156
21946,HyboNet,3,64,0.0002,9,50,0.49606299212598426,0.8,0.46153846153846156
21947,HyboNet,3,64,0.0002,9,51,0.49606299212598426,0.8,0.46153846153846156
21948,HyboNet,3,64,0.0002,9,52,0.49606299212598426,0.8333333333333334,0.46153846153846156
21949,HyboNet,3,64,0.0002,9,53,0.49606299212598426,0.8333333333333334,0.46153846153846156
21950,HyboNet,3,64,0.0002,9,54,0.49606299212598426,0.8333333333333334,0.46153846153846156
21951,HyboNet,3,64,0.0002,9,55,0.4881889763779528,0.8333333333333334,0.46153846153846156
21952,HyboNet,3,64,0.0002,9,56,0.4881889763779528,0.8333333333333334,0.46153846153846156
21953,HyboNet,3,64,0.0002,9,57,0.49606299212598426,0.8333333333333334,0.46153846153846156
21954,HyboNet,3,64,0.0002,9,58,0.49606299212598426,0.8333333333333334,0.46153846153846156
21955,HyboNet,3,64,0.0002,9,59,0.49606299212598426,0.8333333333333334,0.5
21956,HyboNet,3,64,0.0002,9,6,0.5118110236220472,0.6,0.5
21957,HyboNet,3,64,0.0002,9,60,0.49606299212598426,0.8333333333333334,0.5
21958,HyboNet,3,64,0.0002,9,61,0.49606299212598426,0.8666666666666667,0.5
21959,HyboNet,3,64,0.0002,9,62,0.4881889763779528,0.8666666666666667,0.5
21960,HyboNet,3,64,0.0002,9,63,0.4881889763779528,0.9,0.5
21961,HyboNet,3,64,0.0002,9,64,0.4881889763779528,0.9,0.5
21962,HyboNet,3,64,0.0002,9,65,0.48031496062992124,0.9,0.5
21963,HyboNet,3,64,0.0002,9,66,0.48031496062992124,0.9,0.5
21964,HyboNet,3,64,0.0002,9,67,0.48031496062992124,0.9,0.5
21965,HyboNet,3,64,0.0002,9,68,0.47244094488188976,0.9,0.5
21966,HyboNet,3,64,0.0002,9,69,0.47244094488188976,0.9,0.46153846153846156
21967,HyboNet,3,64,0.0002,9,7,0.5275590551181102,0.6,0.5
21968,HyboNet,3,64,0.0002,9,70,0.47244094488188976,0.9,0.46153846153846156
21969,HyboNet,3,64,0.0002,9,71,0.47244094488188976,0.9,0.46153846153846156
21970,HyboNet,3,64,0.0002,9,72,0.47244094488188976,0.9,0.46153846153846156
21971,HyboNet,3,64,0.0002,9,73,0.47244094488188976,0.9,0.46153846153846156
21972,HyboNet,3,64,0.0002,9,74,0.47244094488188976,0.9,0.46153846153846156
21973,HyboNet,3,64,0.0002,9,75,0.47244094488188976,0.9,0.46153846153846156
21974,HyboNet,3,64,0.0002,9,76,0.47244094488188976,0.9333333333333333,0.46153846153846156
21975,HyboNet,3,64,0.0002,9,77,0.47244094488188976,0.9333333333333333,0.46153846153846156
21976,HyboNet,3,64,0.0002,9,78,0.47244094488188976,0.9333333333333333,0.46153846153846156
21977,HyboNet,3,64,0.0002,9,79,0.47244094488188976,0.9333333333333333,0.46153846153846156
21978,HyboNet,3,64,0.0002,9,8,0.5196850393700787,0.6,0.5384615384615384
21979,HyboNet,3,64,0.0002,9,80,0.47244094488188976,0.9333333333333333,0.46153846153846156
21980,HyboNet,3,64,0.0002,9,81,0.47244094488188976,0.9333333333333333,0.46153846153846156
21981,HyboNet,3,64,0.0002,9,82,0.47244094488188976,0.9333333333333333,0.5
21982,HyboNet,3,64,0.0002,9,83,0.47244094488188976,0.9333333333333333,0.5
21983,HyboNet,3,64,0.0002,9,84,0.47244094488188976,0.9333333333333333,0.5
21984,HyboNet,3,64,0.0002,9,85,0.47244094488188976,0.9333333333333333,0.5
21985,HyboNet,3,64,0.0002,9,86,0.4645669291338583,0.9333333333333333,0.5
21986,HyboNet,3,64,0.0002,9,87,0.4645669291338583,0.9333333333333333,0.5
21987,HyboNet,3,64,0.0002,9,88,0.47244094488188976,0.9333333333333333,0.5
21988,HyboNet,3,64,0.0002,9,89,0.47244094488188976,0.9333333333333333,0.5
21989,HyboNet,3,64,0.0002,9,9,0.5275590551181102,0.6,0.5769230769230769
21990,HyboNet,3,64,0.0002,9,90,0.47244094488188976,0.9333333333333333,0.5
21991,HyboNet,3,64,0.0002,9,91,0.47244094488188976,0.9333333333333333,0.5
21992,HyboNet,3,64,0.0002,9,92,0.4645669291338583,0.9333333333333333,0.5
21993,HyboNet,3,64,0.0002,9,93,0.4645669291338583,0.9333333333333333,0.5
21994,HyboNet,3,64,0.0002,9,94,0.4566929133858268,0.9333333333333333,0.5
21995,HyboNet,3,64,0.0002,9,95,0.4566929133858268,0.9333333333333333,0.5384615384615384
21996,HyboNet,3,64,0.0002,9,96,0.44881889763779526,0.9333333333333333,0.5384615384615384
21997,HyboNet,3,64,0.0002,9,97,0.44881889763779526,0.9333333333333333,0.5384615384615384
21998,HyboNet,3,64,0.0002,9,98,0.44881889763779526,0.9333333333333333,0.5
21999,HyboNet,3,64,0.0002,9,99,0.44881889763779526,0.9333333333333333,0.5
22000,HyboNet,3,64,0.001,1,1,0.5275590551181102,0.6,0.6153846153846154
22001,HyboNet,3,64,0.001,1,10,0.5275590551181102,0.7,0.5769230769230769
22002,HyboNet,3,64,0.001,1,100,0.3464566929133858,1.0,0.4230769230769231
22003,HyboNet,3,64,0.001,1,11,0.5275590551181102,0.7333333333333333,0.5769230769230769
22004,HyboNet,3,64,0.001,1,12,0.5275590551181102,0.7666666666666667,0.5769230769230769
22005,HyboNet,3,64,0.001,1,13,0.5275590551181102,0.7333333333333333,0.5769230769230769
22006,HyboNet,3,64,0.001,1,14,0.5275590551181102,0.7666666666666667,0.5384615384615384
22007,HyboNet,3,64,0.001,1,15,0.5196850393700787,0.7666666666666667,0.5384615384615384
22008,HyboNet,3,64,0.001,1,16,0.49606299212598426,0.8333333333333334,0.5384615384615384
22009,HyboNet,3,64,0.001,1,17,0.49606299212598426,0.8333333333333334,0.5384615384615384
22010,HyboNet,3,64,0.001,1,18,0.49606299212598426,0.9,0.5384615384615384
22011,HyboNet,3,64,0.001,1,19,0.5039370078740157,0.9,0.5384615384615384
22012,HyboNet,3,64,0.001,1,2,0.5275590551181102,0.6,0.5769230769230769
22013,HyboNet,3,64,0.001,1,20,0.47244094488188976,0.9333333333333333,0.5769230769230769
22014,HyboNet,3,64,0.001,1,21,0.47244094488188976,0.9333333333333333,0.5384615384615384
22015,HyboNet,3,64,0.001,1,22,0.48031496062992124,0.9333333333333333,0.5384615384615384
22016,HyboNet,3,64,0.001,1,23,0.47244094488188976,0.9333333333333333,0.5769230769230769
22017,HyboNet,3,64,0.001,1,24,0.48031496062992124,0.9333333333333333,0.5769230769230769
22018,HyboNet,3,64,0.001,1,25,0.48031496062992124,0.9333333333333333,0.5769230769230769
22019,HyboNet,3,64,0.001,1,26,0.48031496062992124,0.9333333333333333,0.5769230769230769
22020,HyboNet,3,64,0.001,1,27,0.4881889763779528,0.9333333333333333,0.5769230769230769
22021,HyboNet,3,64,0.001,1,28,0.48031496062992124,0.9666666666666667,0.5384615384615384
22022,HyboNet,3,64,0.001,1,29,0.5039370078740157,0.9333333333333333,0.5769230769230769
22023,HyboNet,3,64,0.001,1,3,0.5354330708661418,0.6,0.5769230769230769
22024,HyboNet,3,64,0.001,1,30,0.5039370078740157,0.9333333333333333,0.5769230769230769
22025,HyboNet,3,64,0.001,1,31,0.5039370078740157,0.9333333333333333,0.5769230769230769
22026,HyboNet,3,64,0.001,1,32,0.5039370078740157,0.9333333333333333,0.5769230769230769
22027,HyboNet,3,64,0.001,1,33,0.49606299212598426,0.9333333333333333,0.5769230769230769
22028,HyboNet,3,64,0.001,1,34,0.4881889763779528,0.9333333333333333,0.5769230769230769
22029,HyboNet,3,64,0.001,1,35,0.4645669291338583,0.9333333333333333,0.5769230769230769
22030,HyboNet,3,64,0.001,1,36,0.4645669291338583,0.9333333333333333,0.5769230769230769
22031,HyboNet,3,64,0.001,1,37,0.4409448818897638,0.9333333333333333,0.5769230769230769
22032,HyboNet,3,64,0.001,1,38,0.4566929133858268,0.9333333333333333,0.5769230769230769
22033,HyboNet,3,64,0.001,1,39,0.4566929133858268,0.9333333333333333,0.5769230769230769
22034,HyboNet,3,64,0.001,1,4,0.5354330708661418,0.6,0.5769230769230769
22035,HyboNet,3,64,0.001,1,40,0.4566929133858268,0.9333333333333333,0.5769230769230769
22036,HyboNet,3,64,0.001,1,41,0.44881889763779526,0.9333333333333333,0.5769230769230769
22037,HyboNet,3,64,0.001,1,42,0.4645669291338583,0.9333333333333333,0.5769230769230769
22038,HyboNet,3,64,0.001,1,43,0.47244094488188976,0.9333333333333333,0.5384615384615384
22039,HyboNet,3,64,0.001,1,44,0.47244094488188976,0.9333333333333333,0.5384615384615384
22040,HyboNet,3,64,0.001,1,45,0.4566929133858268,0.9333333333333333,0.5769230769230769
22041,HyboNet,3,64,0.001,1,46,0.4566929133858268,0.9333333333333333,0.5384615384615384
22042,HyboNet,3,64,0.001,1,47,0.4566929133858268,0.9333333333333333,0.5384615384615384
22043,HyboNet,3,64,0.001,1,48,0.4881889763779528,0.9333333333333333,0.5769230769230769
22044,HyboNet,3,64,0.001,1,49,0.4881889763779528,0.9333333333333333,0.5769230769230769
22045,HyboNet,3,64,0.001,1,5,0.5354330708661418,0.6,0.5769230769230769
22046,HyboNet,3,64,0.001,1,50,0.4881889763779528,0.9333333333333333,0.5769230769230769
22047,HyboNet,3,64,0.001,1,51,0.49606299212598426,0.9333333333333333,0.5769230769230769
22048,HyboNet,3,64,0.001,1,52,0.4566929133858268,0.9333333333333333,0.5384615384615384
22049,HyboNet,3,64,0.001,1,53,0.4645669291338583,0.9666666666666667,0.5384615384615384
22050,HyboNet,3,64,0.001,1,54,0.4566929133858268,0.9666666666666667,0.5384615384615384
22051,HyboNet,3,64,0.001,1,55,0.4566929133858268,0.9666666666666667,0.5769230769230769
22052,HyboNet,3,64,0.001,1,56,0.4645669291338583,0.9666666666666667,0.5384615384615384
22053,HyboNet,3,64,0.001,1,57,0.47244094488188976,0.9666666666666667,0.5384615384615384
22054,HyboNet,3,64,0.001,1,58,0.4645669291338583,0.9666666666666667,0.5
22055,HyboNet,3,64,0.001,1,59,0.44881889763779526,0.9666666666666667,0.5
22056,HyboNet,3,64,0.001,1,6,0.5354330708661418,0.6333333333333333,0.5769230769230769
22057,HyboNet,3,64,0.001,1,60,0.41732283464566927,0.9666666666666667,0.5
22058,HyboNet,3,64,0.001,1,61,0.41732283464566927,0.9666666666666667,0.46153846153846156
22059,HyboNet,3,64,0.001,1,62,0.4094488188976378,1.0,0.5
22060,HyboNet,3,64,0.001,1,63,0.4409448818897638,0.9666666666666667,0.5384615384615384
22061,HyboNet,3,64,0.001,1,64,0.47244094488188976,0.9666666666666667,0.5384615384615384
22062,HyboNet,3,64,0.001,1,65,0.4645669291338583,0.9666666666666667,0.5769230769230769
22063,HyboNet,3,64,0.001,1,66,0.44881889763779526,0.9666666666666667,0.5769230769230769
22064,HyboNet,3,64,0.001,1,67,0.4330708661417323,1.0,0.5769230769230769
22065,HyboNet,3,64,0.001,1,68,0.4094488188976378,1.0,0.5384615384615384
22066,HyboNet,3,64,0.001,1,69,0.41732283464566927,1.0,0.5384615384615384
22067,HyboNet,3,64,0.001,1,7,0.5196850393700787,0.6333333333333333,0.5769230769230769
22068,HyboNet,3,64,0.001,1,70,0.4251968503937008,1.0,0.5384615384615384
22069,HyboNet,3,64,0.001,1,71,0.4094488188976378,1.0,0.5
22070,HyboNet,3,64,0.001,1,72,0.4251968503937008,1.0,0.5384615384615384
22071,HyboNet,3,64,0.001,1,73,0.4251968503937008,1.0,0.5384615384615384
22072,HyboNet,3,64,0.001,1,74,0.4094488188976378,1.0,0.5384615384615384
22073,HyboNet,3,64,0.001,1,75,0.3937007874015748,1.0,0.5
22074,HyboNet,3,64,0.001,1,76,0.3937007874015748,1.0,0.5
22075,HyboNet,3,64,0.001,1,77,0.36220472440944884,1.0,0.5
22076,HyboNet,3,64,0.001,1,78,0.3700787401574803,1.0,0.5384615384615384
22077,HyboNet,3,64,0.001,1,79,0.3937007874015748,1.0,0.5384615384615384
22078,HyboNet,3,64,0.001,1,8,0.5196850393700787,0.7,0.6153846153846154
22079,HyboNet,3,64,0.001,1,80,0.4015748031496063,1.0,0.46153846153846156
22080,HyboNet,3,64,0.001,1,81,0.3858267716535433,1.0,0.5
22081,HyboNet,3,64,0.001,1,82,0.3858267716535433,1.0,0.5
22082,HyboNet,3,64,0.001,1,83,0.3858267716535433,1.0,0.5
22083,HyboNet,3,64,0.001,1,84,0.3858267716535433,1.0,0.46153846153846156
22084,HyboNet,3,64,0.001,1,85,0.3700787401574803,1.0,0.5384615384615384
22085,HyboNet,3,64,0.001,1,86,0.3700787401574803,1.0,0.5
22086,HyboNet,3,64,0.001,1,87,0.3779527559055118,1.0,0.5
22087,HyboNet,3,64,0.001,1,88,0.3779527559055118,1.0,0.5
22088,HyboNet,3,64,0.001,1,89,0.3700787401574803,1.0,0.5
22089,HyboNet,3,64,0.001,1,9,0.5196850393700787,0.7,0.5769230769230769
22090,HyboNet,3,64,0.001,1,90,0.36220472440944884,1.0,0.5
22091,HyboNet,3,64,0.001,1,91,0.3464566929133858,1.0,0.4230769230769231
22092,HyboNet,3,64,0.001,1,92,0.36220472440944884,1.0,0.46153846153846156
22093,HyboNet,3,64,0.001,1,93,0.36220472440944884,1.0,0.4230769230769231
22094,HyboNet,3,64,0.001,1,94,0.36220472440944884,1.0,0.4230769230769231
22095,HyboNet,3,64,0.001,1,95,0.3464566929133858,1.0,0.4230769230769231
22096,HyboNet,3,64,0.001,1,96,0.36220472440944884,1.0,0.4230769230769231
22097,HyboNet,3,64,0.001,1,97,0.3464566929133858,1.0,0.46153846153846156
22098,HyboNet,3,64,0.001,1,98,0.3464566929133858,1.0,0.46153846153846156
22099,HyboNet,3,64,0.001,1,99,0.3464566929133858,1.0,0.38461538461538464
22100,HyboNet,3,64,0.001,10,1,0.5039370078740157,0.5666666666666667,0.5
22101,HyboNet,3,64,0.001,10,10,0.5433070866141733,0.7,0.5769230769230769
22102,HyboNet,3,64,0.001,10,100,0.4094488188976378,1.0,0.38461538461538464
22103,HyboNet,3,64,0.001,10,11,0.5354330708661418,0.7333333333333333,0.5769230769230769
22104,HyboNet,3,64,0.001,10,12,0.5590551181102362,0.7333333333333333,0.5769230769230769
22105,HyboNet,3,64,0.001,10,13,0.5669291338582677,0.7666666666666667,0.5769230769230769
22106,HyboNet,3,64,0.001,10,14,0.5748031496062992,0.7666666666666667,0.5769230769230769
22107,HyboNet,3,64,0.001,10,15,0.5748031496062992,0.7666666666666667,0.6153846153846154
22108,HyboNet,3,64,0.001,10,16,0.5590551181102362,0.8,0.6153846153846154
22109,HyboNet,3,64,0.001,10,17,0.5669291338582677,0.8333333333333334,0.6153846153846154
22110,HyboNet,3,64,0.001,10,18,0.5511811023622047,0.8333333333333334,0.6153846153846154
22111,HyboNet,3,64,0.001,10,19,0.5511811023622047,0.8333333333333334,0.5769230769230769
22112,HyboNet,3,64,0.001,10,2,0.5354330708661418,0.6,0.5769230769230769
22113,HyboNet,3,64,0.001,10,20,0.5511811023622047,0.8333333333333334,0.5384615384615384
22114,HyboNet,3,64,0.001,10,21,0.5433070866141733,0.8333333333333334,0.5384615384615384
22115,HyboNet,3,64,0.001,10,22,0.49606299212598426,0.8666666666666667,0.46153846153846156
22116,HyboNet,3,64,0.001,10,23,0.49606299212598426,0.8666666666666667,0.46153846153846156
22117,HyboNet,3,64,0.001,10,24,0.4881889763779528,0.8666666666666667,0.46153846153846156
22118,HyboNet,3,64,0.001,10,25,0.4881889763779528,0.9,0.46153846153846156
22119,HyboNet,3,64,0.001,10,26,0.4881889763779528,0.9,0.46153846153846156
22120,HyboNet,3,64,0.001,10,27,0.48031496062992124,0.9,0.4230769230769231
22121,HyboNet,3,64,0.001,10,28,0.47244094488188976,0.9333333333333333,0.4230769230769231
22122,HyboNet,3,64,0.001,10,29,0.47244094488188976,0.9333333333333333,0.4230769230769231
22123,HyboNet,3,64,0.001,10,3,0.5354330708661418,0.6,0.5769230769230769
22124,HyboNet,3,64,0.001,10,30,0.47244094488188976,0.9333333333333333,0.46153846153846156
22125,HyboNet,3,64,0.001,10,31,0.49606299212598426,0.9333333333333333,0.46153846153846156
22126,HyboNet,3,64,0.001,10,32,0.49606299212598426,0.9,0.46153846153846156
22127,HyboNet,3,64,0.001,10,33,0.4881889763779528,0.9,0.46153846153846156
22128,HyboNet,3,64,0.001,10,34,0.48031496062992124,0.9,0.5
22129,HyboNet,3,64,0.001,10,35,0.47244094488188976,0.9,0.5
22130,HyboNet,3,64,0.001,10,36,0.47244094488188976,0.9,0.5
22131,HyboNet,3,64,0.001,10,37,0.4881889763779528,0.9,0.5
22132,HyboNet,3,64,0.001,10,38,0.4881889763779528,0.9,0.5
22133,HyboNet,3,64,0.001,10,39,0.5039370078740157,0.9333333333333333,0.46153846153846156
22134,HyboNet,3,64,0.001,10,4,0.5433070866141733,0.6333333333333333,0.5769230769230769
22135,HyboNet,3,64,0.001,10,40,0.48031496062992124,0.9333333333333333,0.5
22136,HyboNet,3,64,0.001,10,41,0.4881889763779528,0.9333333333333333,0.5
22137,HyboNet,3,64,0.001,10,42,0.49606299212598426,0.9333333333333333,0.5
22138,HyboNet,3,64,0.001,10,43,0.47244094488188976,0.9333333333333333,0.5
22139,HyboNet,3,64,0.001,10,44,0.4881889763779528,0.9333333333333333,0.5
22140,HyboNet,3,64,0.001,10,45,0.48031496062992124,0.9333333333333333,0.5
22141,HyboNet,3,64,0.001,10,46,0.4881889763779528,0.9333333333333333,0.5
22142,HyboNet,3,64,0.001,10,47,0.48031496062992124,0.9333333333333333,0.46153846153846156
22143,HyboNet,3,64,0.001,10,48,0.4881889763779528,0.9333333333333333,0.46153846153846156
22144,HyboNet,3,64,0.001,10,49,0.4881889763779528,0.9333333333333333,0.5
22145,HyboNet,3,64,0.001,10,5,0.5354330708661418,0.6333333333333333,0.5769230769230769
22146,HyboNet,3,64,0.001,10,50,0.4881889763779528,0.9333333333333333,0.5
22147,HyboNet,3,64,0.001,10,51,0.4881889763779528,0.9333333333333333,0.5
22148,HyboNet,3,64,0.001,10,52,0.4645669291338583,0.9666666666666667,0.5
22149,HyboNet,3,64,0.001,10,53,0.47244094488188976,0.9666666666666667,0.46153846153846156
22150,HyboNet,3,64,0.001,10,54,0.47244094488188976,0.9666666666666667,0.5
22151,HyboNet,3,64,0.001,10,55,0.48031496062992124,0.9666666666666667,0.5384615384615384
22152,HyboNet,3,64,0.001,10,56,0.4645669291338583,0.9666666666666667,0.5384615384615384
22153,HyboNet,3,64,0.001,10,57,0.47244094488188976,0.9666666666666667,0.5384615384615384
22154,HyboNet,3,64,0.001,10,58,0.4566929133858268,0.9666666666666667,0.5
22155,HyboNet,3,64,0.001,10,59,0.4409448818897638,0.9666666666666667,0.46153846153846156
22156,HyboNet,3,64,0.001,10,6,0.5433070866141733,0.6333333333333333,0.5769230769230769
22157,HyboNet,3,64,0.001,10,60,0.44881889763779526,0.9666666666666667,0.46153846153846156
22158,HyboNet,3,64,0.001,10,61,0.44881889763779526,0.9666666666666667,0.5
22159,HyboNet,3,64,0.001,10,62,0.4566929133858268,0.9666666666666667,0.5
22160,HyboNet,3,64,0.001,10,63,0.4330708661417323,0.9666666666666667,0.5
22161,HyboNet,3,64,0.001,10,64,0.4330708661417323,0.9666666666666667,0.5
22162,HyboNet,3,64,0.001,10,65,0.4251968503937008,0.9666666666666667,0.5
22163,HyboNet,3,64,0.001,10,66,0.4251968503937008,0.9666666666666667,0.5
22164,HyboNet,3,64,0.001,10,67,0.4094488188976378,0.9666666666666667,0.46153846153846156
22165,HyboNet,3,64,0.001,10,68,0.4251968503937008,0.9666666666666667,0.46153846153846156
22166,HyboNet,3,64,0.001,10,69,0.44881889763779526,0.9666666666666667,0.4230769230769231
22167,HyboNet,3,64,0.001,10,7,0.5354330708661418,0.6666666666666666,0.5769230769230769
22168,HyboNet,3,64,0.001,10,70,0.44881889763779526,0.9666666666666667,0.4230769230769231
22169,HyboNet,3,64,0.001,10,71,0.4566929133858268,0.9666666666666667,0.5
22170,HyboNet,3,64,0.001,10,72,0.4645669291338583,0.9666666666666667,0.5
22171,HyboNet,3,64,0.001,10,73,0.4645669291338583,0.9666666666666667,0.5
22172,HyboNet,3,64,0.001,10,74,0.47244094488188976,0.9666666666666667,0.5384615384615384
22173,HyboNet,3,64,0.001,10,75,0.48031496062992124,0.9666666666666667,0.5384615384615384
22174,HyboNet,3,64,0.001,10,76,0.4881889763779528,0.9666666666666667,0.5384615384615384
22175,HyboNet,3,64,0.001,10,77,0.48031496062992124,1.0,0.5384615384615384
22176,HyboNet,3,64,0.001,10,78,0.4566929133858268,1.0,0.5
22177,HyboNet,3,64,0.001,10,79,0.4566929133858268,1.0,0.5
22178,HyboNet,3,64,0.001,10,8,0.5511811023622047,0.6666666666666666,0.5769230769230769
22179,HyboNet,3,64,0.001,10,80,0.44881889763779526,1.0,0.5
22180,HyboNet,3,64,0.001,10,81,0.44881889763779526,1.0,0.5
22181,HyboNet,3,64,0.001,10,82,0.4566929133858268,1.0,0.5
22182,HyboNet,3,64,0.001,10,83,0.44881889763779526,1.0,0.5
22183,HyboNet,3,64,0.001,10,84,0.4409448818897638,1.0,0.5
22184,HyboNet,3,64,0.001,10,85,0.41732283464566927,1.0,0.5
22185,HyboNet,3,64,0.001,10,86,0.4330708661417323,1.0,0.46153846153846156
22186,HyboNet,3,64,0.001,10,87,0.4251968503937008,1.0,0.46153846153846156
22187,HyboNet,3,64,0.001,10,88,0.41732283464566927,1.0,0.38461538461538464
22188,HyboNet,3,64,0.001,10,89,0.41732283464566927,1.0,0.38461538461538464
22189,HyboNet,3,64,0.001,10,9,0.5433070866141733,0.6666666666666666,0.5769230769230769
22190,HyboNet,3,64,0.001,10,90,0.4251968503937008,1.0,0.38461538461538464
22191,HyboNet,3,64,0.001,10,91,0.4094488188976378,1.0,0.38461538461538464
22192,HyboNet,3,64,0.001,10,92,0.3858267716535433,1.0,0.38461538461538464
22193,HyboNet,3,64,0.001,10,93,0.4094488188976378,1.0,0.38461538461538464
22194,HyboNet,3,64,0.001,10,94,0.4094488188976378,1.0,0.38461538461538464
22195,HyboNet,3,64,0.001,10,95,0.4015748031496063,1.0,0.38461538461538464
22196,HyboNet,3,64,0.001,10,96,0.4094488188976378,1.0,0.38461538461538464
22197,HyboNet,3,64,0.001,10,97,0.4015748031496063,1.0,0.38461538461538464
22198,HyboNet,3,64,0.001,10,98,0.4015748031496063,1.0,0.38461538461538464
22199,HyboNet,3,64,0.001,10,99,0.4251968503937008,1.0,0.38461538461538464
22200,HyboNet,3,64,0.001,2,1,0.5039370078740157,0.5333333333333333,0.5769230769230769
22201,HyboNet,3,64,0.001,2,10,0.5433070866141733,0.6666666666666666,0.5769230769230769
22202,HyboNet,3,64,0.001,2,100,0.3937007874015748,1.0,0.38461538461538464
22203,HyboNet,3,64,0.001,2,11,0.5511811023622047,0.7333333333333333,0.5769230769230769
22204,HyboNet,3,64,0.001,2,12,0.5433070866141733,0.7666666666666667,0.5769230769230769
22205,HyboNet,3,64,0.001,2,13,0.5669291338582677,0.7666666666666667,0.6538461538461539
22206,HyboNet,3,64,0.001,2,14,0.5748031496062992,0.7666666666666667,0.6538461538461539
22207,HyboNet,3,64,0.001,2,15,0.5748031496062992,0.7666666666666667,0.6153846153846154
22208,HyboNet,3,64,0.001,2,16,0.5669291338582677,0.7666666666666667,0.6153846153846154
22209,HyboNet,3,64,0.001,2,17,0.5748031496062992,0.7666666666666667,0.6153846153846154
22210,HyboNet,3,64,0.001,2,18,0.5748031496062992,0.8,0.6153846153846154
22211,HyboNet,3,64,0.001,2,19,0.5669291338582677,0.8,0.6153846153846154
22212,HyboNet,3,64,0.001,2,2,0.5354330708661418,0.6,0.5769230769230769
22213,HyboNet,3,64,0.001,2,20,0.5511811023622047,0.8333333333333334,0.5384615384615384
22214,HyboNet,3,64,0.001,2,21,0.5196850393700787,0.8333333333333334,0.5384615384615384
22215,HyboNet,3,64,0.001,2,22,0.5039370078740157,0.8666666666666667,0.5
22216,HyboNet,3,64,0.001,2,23,0.49606299212598426,0.8666666666666667,0.5
22217,HyboNet,3,64,0.001,2,24,0.5039370078740157,0.8666666666666667,0.5
22218,HyboNet,3,64,0.001,2,25,0.49606299212598426,0.9,0.5
22219,HyboNet,3,64,0.001,2,26,0.49606299212598426,0.9,0.46153846153846156
22220,HyboNet,3,64,0.001,2,27,0.47244094488188976,0.9333333333333333,0.46153846153846156
22221,HyboNet,3,64,0.001,2,28,0.4566929133858268,0.9,0.46153846153846156
22222,HyboNet,3,64,0.001,2,29,0.44881889763779526,0.9,0.46153846153846156
22223,HyboNet,3,64,0.001,2,3,0.5354330708661418,0.6,0.5769230769230769
22224,HyboNet,3,64,0.001,2,30,0.44881889763779526,0.9,0.46153846153846156
22225,HyboNet,3,64,0.001,2,31,0.44881889763779526,0.9,0.46153846153846156
22226,HyboNet,3,64,0.001,2,32,0.4409448818897638,0.9333333333333333,0.46153846153846156
22227,HyboNet,3,64,0.001,2,33,0.4409448818897638,0.9333333333333333,0.46153846153846156
22228,HyboNet,3,64,0.001,2,34,0.4330708661417323,0.9333333333333333,0.46153846153846156
22229,HyboNet,3,64,0.001,2,35,0.4409448818897638,0.9333333333333333,0.5
22230,HyboNet,3,64,0.001,2,36,0.44881889763779526,0.9666666666666667,0.5
22231,HyboNet,3,64,0.001,2,37,0.4409448818897638,0.9666666666666667,0.46153846153846156
22232,HyboNet,3,64,0.001,2,38,0.44881889763779526,0.9666666666666667,0.5
22233,HyboNet,3,64,0.001,2,39,0.44881889763779526,0.9666666666666667,0.46153846153846156
22234,HyboNet,3,64,0.001,2,4,0.5354330708661418,0.6,0.5769230769230769
22235,HyboNet,3,64,0.001,2,40,0.4645669291338583,0.9666666666666667,0.5
22236,HyboNet,3,64,0.001,2,41,0.4566929133858268,0.9666666666666667,0.5
22237,HyboNet,3,64,0.001,2,42,0.4566929133858268,0.9666666666666667,0.5
22238,HyboNet,3,64,0.001,2,43,0.4566929133858268,0.9666666666666667,0.5
22239,HyboNet,3,64,0.001,2,44,0.4566929133858268,0.9666666666666667,0.5
22240,HyboNet,3,64,0.001,2,45,0.4566929133858268,0.9666666666666667,0.46153846153846156
22241,HyboNet,3,64,0.001,2,46,0.4566929133858268,0.9666666666666667,0.46153846153846156
22242,HyboNet,3,64,0.001,2,47,0.4566929133858268,0.9666666666666667,0.46153846153846156
22243,HyboNet,3,64,0.001,2,48,0.44881889763779526,0.9666666666666667,0.46153846153846156
22244,HyboNet,3,64,0.001,2,49,0.4409448818897638,1.0,0.46153846153846156
22245,HyboNet,3,64,0.001,2,5,0.5275590551181102,0.6,0.5769230769230769
22246,HyboNet,3,64,0.001,2,50,0.4094488188976378,1.0,0.46153846153846156
22247,HyboNet,3,64,0.001,2,51,0.44881889763779526,1.0,0.46153846153846156
22248,HyboNet,3,64,0.001,2,52,0.4409448818897638,1.0,0.46153846153846156
22249,HyboNet,3,64,0.001,2,53,0.4409448818897638,1.0,0.46153846153846156
22250,HyboNet,3,64,0.001,2,54,0.4409448818897638,1.0,0.46153846153846156
22251,HyboNet,3,64,0.001,2,55,0.41732283464566927,1.0,0.46153846153846156
22252,HyboNet,3,64,0.001,2,56,0.4015748031496063,1.0,0.46153846153846156
22253,HyboNet,3,64,0.001,2,57,0.4015748031496063,1.0,0.46153846153846156
22254,HyboNet,3,64,0.001,2,58,0.4251968503937008,1.0,0.46153846153846156
22255,HyboNet,3,64,0.001,2,59,0.4330708661417323,1.0,0.46153846153846156
22256,HyboNet,3,64,0.001,2,6,0.5511811023622047,0.6333333333333333,0.5769230769230769
22257,HyboNet,3,64,0.001,2,60,0.4330708661417323,1.0,0.5
22258,HyboNet,3,64,0.001,2,61,0.4251968503937008,1.0,0.5
22259,HyboNet,3,64,0.001,2,62,0.4251968503937008,1.0,0.5
22260,HyboNet,3,64,0.001,2,63,0.41732283464566927,1.0,0.46153846153846156
22261,HyboNet,3,64,0.001,2,64,0.41732283464566927,1.0,0.4230769230769231
22262,HyboNet,3,64,0.001,2,65,0.4015748031496063,1.0,0.4230769230769231
22263,HyboNet,3,64,0.001,2,66,0.4094488188976378,1.0,0.38461538461538464
22264,HyboNet,3,64,0.001,2,67,0.4251968503937008,1.0,0.38461538461538464
22265,HyboNet,3,64,0.001,2,68,0.4409448818897638,1.0,0.38461538461538464
22266,HyboNet,3,64,0.001,2,69,0.4251968503937008,1.0,0.38461538461538464
22267,HyboNet,3,64,0.001,2,7,0.5511811023622047,0.6666666666666666,0.5769230769230769
22268,HyboNet,3,64,0.001,2,70,0.4409448818897638,1.0,0.38461538461538464
22269,HyboNet,3,64,0.001,2,71,0.4251968503937008,1.0,0.4230769230769231
22270,HyboNet,3,64,0.001,2,72,0.4251968503937008,1.0,0.4230769230769231
22271,HyboNet,3,64,0.001,2,73,0.4330708661417323,1.0,0.38461538461538464
22272,HyboNet,3,64,0.001,2,74,0.4330708661417323,1.0,0.38461538461538464
22273,HyboNet,3,64,0.001,2,75,0.4330708661417323,1.0,0.38461538461538464
22274,HyboNet,3,64,0.001,2,76,0.4409448818897638,1.0,0.38461538461538464
22275,HyboNet,3,64,0.001,2,77,0.4409448818897638,1.0,0.38461538461538464
22276,HyboNet,3,64,0.001,2,78,0.4409448818897638,1.0,0.46153846153846156
22277,HyboNet,3,64,0.001,2,79,0.4409448818897638,1.0,0.46153846153846156
22278,HyboNet,3,64,0.001,2,8,0.5354330708661418,0.7,0.5769230769230769
22279,HyboNet,3,64,0.001,2,80,0.44881889763779526,1.0,0.4230769230769231
22280,HyboNet,3,64,0.001,2,81,0.4330708661417323,1.0,0.4230769230769231
22281,HyboNet,3,64,0.001,2,82,0.41732283464566927,1.0,0.38461538461538464
22282,HyboNet,3,64,0.001,2,83,0.41732283464566927,1.0,0.38461538461538464
22283,HyboNet,3,64,0.001,2,84,0.41732283464566927,1.0,0.38461538461538464
22284,HyboNet,3,64,0.001,2,85,0.4251968503937008,1.0,0.4230769230769231
22285,HyboNet,3,64,0.001,2,86,0.41732283464566927,1.0,0.4230769230769231
22286,HyboNet,3,64,0.001,2,87,0.41732283464566927,1.0,0.4230769230769231
22287,HyboNet,3,64,0.001,2,88,0.4330708661417323,1.0,0.4230769230769231
22288,HyboNet,3,64,0.001,2,89,0.4251968503937008,1.0,0.4230769230769231
22289,HyboNet,3,64,0.001,2,9,0.5433070866141733,0.6666666666666666,0.5769230769230769
22290,HyboNet,3,64,0.001,2,90,0.4251968503937008,1.0,0.4230769230769231
22291,HyboNet,3,64,0.001,2,91,0.41732283464566927,1.0,0.4230769230769231
22292,HyboNet,3,64,0.001,2,92,0.4251968503937008,1.0,0.4230769230769231
22293,HyboNet,3,64,0.001,2,93,0.4094488188976378,1.0,0.4230769230769231
22294,HyboNet,3,64,0.001,2,94,0.4251968503937008,1.0,0.46153846153846156
22295,HyboNet,3,64,0.001,2,95,0.4251968503937008,1.0,0.46153846153846156
22296,HyboNet,3,64,0.001,2,96,0.4330708661417323,1.0,0.4230769230769231
22297,HyboNet,3,64,0.001,2,97,0.4251968503937008,1.0,0.4230769230769231
22298,HyboNet,3,64,0.001,2,98,0.4094488188976378,1.0,0.4230769230769231
22299,HyboNet,3,64,0.001,2,99,0.3937007874015748,1.0,0.38461538461538464
22300,HyboNet,3,64,0.001,3,1,0.49606299212598426,0.6,0.5384615384615384
22301,HyboNet,3,64,0.001,3,10,0.5196850393700787,0.6333333333333333,0.5769230769230769
22302,HyboNet,3,64,0.001,3,100,0.3858267716535433,1.0,0.34615384615384615
22303,HyboNet,3,64,0.001,3,11,0.5196850393700787,0.6333333333333333,0.5769230769230769
22304,HyboNet,3,64,0.001,3,12,0.5275590551181102,0.6333333333333333,0.5769230769230769
22305,HyboNet,3,64,0.001,3,13,0.5354330708661418,0.6333333333333333,0.5769230769230769
22306,HyboNet,3,64,0.001,3,14,0.5354330708661418,0.6333333333333333,0.5769230769230769
22307,HyboNet,3,64,0.001,3,15,0.5354330708661418,0.6333333333333333,0.5769230769230769
22308,HyboNet,3,64,0.001,3,16,0.5354330708661418,0.7666666666666667,0.5769230769230769
22309,HyboNet,3,64,0.001,3,17,0.5275590551181102,0.7666666666666667,0.5769230769230769
22310,HyboNet,3,64,0.001,3,18,0.5590551181102362,0.7666666666666667,0.5769230769230769
22311,HyboNet,3,64,0.001,3,19,0.5590551181102362,0.7666666666666667,0.5769230769230769
22312,HyboNet,3,64,0.001,3,2,0.5354330708661418,0.6,0.5769230769230769
22313,HyboNet,3,64,0.001,3,20,0.5511811023622047,0.8333333333333334,0.5769230769230769
22314,HyboNet,3,64,0.001,3,21,0.5354330708661418,0.8333333333333334,0.5384615384615384
22315,HyboNet,3,64,0.001,3,22,0.5354330708661418,0.8666666666666667,0.5384615384615384
22316,HyboNet,3,64,0.001,3,23,0.5275590551181102,0.8666666666666667,0.5384615384615384
22317,HyboNet,3,64,0.001,3,24,0.5275590551181102,0.9,0.5384615384615384
22318,HyboNet,3,64,0.001,3,25,0.5118110236220472,0.9,0.5
22319,HyboNet,3,64,0.001,3,26,0.5118110236220472,0.9,0.5
22320,HyboNet,3,64,0.001,3,27,0.5196850393700787,0.9,0.46153846153846156
22321,HyboNet,3,64,0.001,3,28,0.5196850393700787,0.9333333333333333,0.46153846153846156
22322,HyboNet,3,64,0.001,3,29,0.5118110236220472,0.9333333333333333,0.46153846153846156
22323,HyboNet,3,64,0.001,3,3,0.5354330708661418,0.6,0.5769230769230769
22324,HyboNet,3,64,0.001,3,30,0.5039370078740157,0.9333333333333333,0.46153846153846156
22325,HyboNet,3,64,0.001,3,31,0.5196850393700787,0.9333333333333333,0.5
22326,HyboNet,3,64,0.001,3,32,0.4881889763779528,0.9333333333333333,0.5
22327,HyboNet,3,64,0.001,3,33,0.47244094488188976,0.9333333333333333,0.5
22328,HyboNet,3,64,0.001,3,34,0.4881889763779528,0.9333333333333333,0.5
22329,HyboNet,3,64,0.001,3,35,0.5039370078740157,0.9666666666666667,0.5
22330,HyboNet,3,64,0.001,3,36,0.48031496062992124,0.9666666666666667,0.5
22331,HyboNet,3,64,0.001,3,37,0.4645669291338583,0.9666666666666667,0.5384615384615384
22332,HyboNet,3,64,0.001,3,38,0.4566929133858268,0.9666666666666667,0.5384615384615384
22333,HyboNet,3,64,0.001,3,39,0.47244094488188976,0.9666666666666667,0.5384615384615384
22334,HyboNet,3,64,0.001,3,4,0.5354330708661418,0.6,0.5769230769230769
22335,HyboNet,3,64,0.001,3,40,0.44881889763779526,0.9666666666666667,0.5
22336,HyboNet,3,64,0.001,3,41,0.44881889763779526,0.9666666666666667,0.46153846153846156
22337,HyboNet,3,64,0.001,3,42,0.4409448818897638,0.9666666666666667,0.46153846153846156
22338,HyboNet,3,64,0.001,3,43,0.44881889763779526,0.9666666666666667,0.46153846153846156
22339,HyboNet,3,64,0.001,3,44,0.44881889763779526,0.9666666666666667,0.46153846153846156
22340,HyboNet,3,64,0.001,3,45,0.44881889763779526,0.9333333333333333,0.46153846153846156
22341,HyboNet,3,64,0.001,3,46,0.4330708661417323,0.9333333333333333,0.46153846153846156
22342,HyboNet,3,64,0.001,3,47,0.4251968503937008,0.9333333333333333,0.38461538461538464
22343,HyboNet,3,64,0.001,3,48,0.4409448818897638,0.9333333333333333,0.4230769230769231
22344,HyboNet,3,64,0.001,3,49,0.4409448818897638,0.9333333333333333,0.46153846153846156
22345,HyboNet,3,64,0.001,3,5,0.5354330708661418,0.6,0.5769230769230769
22346,HyboNet,3,64,0.001,3,50,0.4566929133858268,0.9333333333333333,0.46153846153846156
22347,HyboNet,3,64,0.001,3,51,0.44881889763779526,0.9333333333333333,0.46153846153846156
22348,HyboNet,3,64,0.001,3,52,0.4409448818897638,0.9333333333333333,0.46153846153846156
22349,HyboNet,3,64,0.001,3,53,0.4409448818897638,0.9333333333333333,0.46153846153846156
22350,HyboNet,3,64,0.001,3,54,0.4409448818897638,0.9666666666666667,0.4230769230769231
22351,HyboNet,3,64,0.001,3,55,0.4251968503937008,0.9666666666666667,0.38461538461538464
22352,HyboNet,3,64,0.001,3,56,0.4251968503937008,0.9666666666666667,0.38461538461538464
22353,HyboNet,3,64,0.001,3,57,0.4330708661417323,0.9666666666666667,0.4230769230769231
22354,HyboNet,3,64,0.001,3,58,0.4330708661417323,0.9333333333333333,0.4230769230769231
22355,HyboNet,3,64,0.001,3,59,0.4330708661417323,0.9333333333333333,0.4230769230769231
22356,HyboNet,3,64,0.001,3,6,0.5354330708661418,0.6,0.5769230769230769
22357,HyboNet,3,64,0.001,3,60,0.4330708661417323,0.9333333333333333,0.4230769230769231
22358,HyboNet,3,64,0.001,3,61,0.4330708661417323,0.9666666666666667,0.4230769230769231
22359,HyboNet,3,64,0.001,3,62,0.41732283464566927,1.0,0.4230769230769231
22360,HyboNet,3,64,0.001,3,63,0.41732283464566927,1.0,0.38461538461538464
22361,HyboNet,3,64,0.001,3,64,0.4330708661417323,1.0,0.38461538461538464
22362,HyboNet,3,64,0.001,3,65,0.4330708661417323,1.0,0.38461538461538464
22363,HyboNet,3,64,0.001,3,66,0.4251968503937008,1.0,0.38461538461538464
22364,HyboNet,3,64,0.001,3,67,0.4251968503937008,1.0,0.38461538461538464
22365,HyboNet,3,64,0.001,3,68,0.4251968503937008,1.0,0.38461538461538464
22366,HyboNet,3,64,0.001,3,69,0.4251968503937008,1.0,0.38461538461538464
22367,HyboNet,3,64,0.001,3,7,0.5354330708661418,0.6,0.5769230769230769
22368,HyboNet,3,64,0.001,3,70,0.4251968503937008,1.0,0.38461538461538464
22369,HyboNet,3,64,0.001,3,71,0.4251968503937008,1.0,0.4230769230769231
22370,HyboNet,3,64,0.001,3,72,0.4330708661417323,1.0,0.38461538461538464
22371,HyboNet,3,64,0.001,3,73,0.4251968503937008,1.0,0.38461538461538464
22372,HyboNet,3,64,0.001,3,74,0.4094488188976378,1.0,0.38461538461538464
22373,HyboNet,3,64,0.001,3,75,0.3937007874015748,1.0,0.38461538461538464
22374,HyboNet,3,64,0.001,3,76,0.4094488188976378,1.0,0.38461538461538464
22375,HyboNet,3,64,0.001,3,77,0.4251968503937008,1.0,0.38461538461538464
22376,HyboNet,3,64,0.001,3,78,0.41732283464566927,1.0,0.38461538461538464
22377,HyboNet,3,64,0.001,3,79,0.4094488188976378,1.0,0.38461538461538464
22378,HyboNet,3,64,0.001,3,8,0.5354330708661418,0.6,0.5769230769230769
22379,HyboNet,3,64,0.001,3,80,0.3937007874015748,1.0,0.38461538461538464
22380,HyboNet,3,64,0.001,3,81,0.3937007874015748,1.0,0.38461538461538464
22381,HyboNet,3,64,0.001,3,82,0.3779527559055118,1.0,0.38461538461538464
22382,HyboNet,3,64,0.001,3,83,0.3779527559055118,1.0,0.38461538461538464
22383,HyboNet,3,64,0.001,3,84,0.3937007874015748,1.0,0.38461538461538464
22384,HyboNet,3,64,0.001,3,85,0.3937007874015748,1.0,0.38461538461538464
22385,HyboNet,3,64,0.001,3,86,0.3937007874015748,1.0,0.38461538461538464
22386,HyboNet,3,64,0.001,3,87,0.4015748031496063,1.0,0.34615384615384615
22387,HyboNet,3,64,0.001,3,88,0.4094488188976378,1.0,0.38461538461538464
22388,HyboNet,3,64,0.001,3,89,0.4094488188976378,1.0,0.38461538461538464
22389,HyboNet,3,64,0.001,3,9,0.5354330708661418,0.6,0.5769230769230769
22390,HyboNet,3,64,0.001,3,90,0.3937007874015748,1.0,0.38461538461538464
22391,HyboNet,3,64,0.001,3,91,0.3858267716535433,1.0,0.38461538461538464
22392,HyboNet,3,64,0.001,3,92,0.3858267716535433,1.0,0.34615384615384615
22393,HyboNet,3,64,0.001,3,93,0.4094488188976378,1.0,0.34615384615384615
22394,HyboNet,3,64,0.001,3,94,0.4015748031496063,1.0,0.34615384615384615
22395,HyboNet,3,64,0.001,3,95,0.4015748031496063,1.0,0.34615384615384615
22396,HyboNet,3,64,0.001,3,96,0.3858267716535433,1.0,0.34615384615384615
22397,HyboNet,3,64,0.001,3,97,0.3858267716535433,1.0,0.34615384615384615
22398,HyboNet,3,64,0.001,3,98,0.3858267716535433,1.0,0.34615384615384615
22399,HyboNet,3,64,0.001,3,99,0.3858267716535433,1.0,0.34615384615384615
22400,HyboNet,3,64,0.001,4,1,0.5039370078740157,0.5333333333333333,0.5384615384615384
22401,HyboNet,3,64,0.001,4,10,0.5275590551181102,0.7,0.5769230769230769
22402,HyboNet,3,64,0.001,4,100,0.3937007874015748,1.0,0.4230769230769231
22403,HyboNet,3,64,0.001,4,11,0.5511811023622047,0.7,0.5769230769230769
22404,HyboNet,3,64,0.001,4,12,0.5433070866141733,0.7,0.6153846153846154
22405,HyboNet,3,64,0.001,4,13,0.5669291338582677,0.7333333333333333,0.6153846153846154
22406,HyboNet,3,64,0.001,4,14,0.5511811023622047,0.7666666666666667,0.5384615384615384
22407,HyboNet,3,64,0.001,4,15,0.5196850393700787,0.8,0.5
22408,HyboNet,3,64,0.001,4,16,0.5118110236220472,0.8,0.46153846153846156
22409,HyboNet,3,64,0.001,4,17,0.5196850393700787,0.8,0.5384615384615384
22410,HyboNet,3,64,0.001,4,18,0.5354330708661418,0.8,0.5769230769230769
22411,HyboNet,3,64,0.001,4,19,0.5511811023622047,0.7666666666666667,0.5769230769230769
22412,HyboNet,3,64,0.001,4,2,0.5275590551181102,0.6,0.5769230769230769
22413,HyboNet,3,64,0.001,4,20,0.5590551181102362,0.7666666666666667,0.5769230769230769
22414,HyboNet,3,64,0.001,4,21,0.5590551181102362,0.8333333333333334,0.5384615384615384
22415,HyboNet,3,64,0.001,4,22,0.5275590551181102,0.8333333333333334,0.5384615384615384
22416,HyboNet,3,64,0.001,4,23,0.5039370078740157,0.9,0.46153846153846156
22417,HyboNet,3,64,0.001,4,24,0.5118110236220472,0.9333333333333333,0.5
22418,HyboNet,3,64,0.001,4,25,0.5196850393700787,0.9333333333333333,0.5
22419,HyboNet,3,64,0.001,4,26,0.5118110236220472,0.9666666666666667,0.5
22420,HyboNet,3,64,0.001,4,27,0.5118110236220472,0.9666666666666667,0.5
22421,HyboNet,3,64,0.001,4,28,0.5039370078740157,0.9666666666666667,0.5
22422,HyboNet,3,64,0.001,4,29,0.5039370078740157,0.9666666666666667,0.5
22423,HyboNet,3,64,0.001,4,3,0.5275590551181102,0.6,0.5769230769230769
22424,HyboNet,3,64,0.001,4,30,0.5196850393700787,0.9666666666666667,0.5
22425,HyboNet,3,64,0.001,4,31,0.5118110236220472,0.9666666666666667,0.5384615384615384
22426,HyboNet,3,64,0.001,4,32,0.5039370078740157,0.9666666666666667,0.5384615384615384
22427,HyboNet,3,64,0.001,4,33,0.49606299212598426,0.9666666666666667,0.5384615384615384
22428,HyboNet,3,64,0.001,4,34,0.5039370078740157,0.9666666666666667,0.5384615384615384
22429,HyboNet,3,64,0.001,4,35,0.5275590551181102,0.9666666666666667,0.5
22430,HyboNet,3,64,0.001,4,36,0.5196850393700787,0.9666666666666667,0.5
22431,HyboNet,3,64,0.001,4,37,0.49606299212598426,0.9333333333333333,0.5
22432,HyboNet,3,64,0.001,4,38,0.49606299212598426,0.9666666666666667,0.5
22433,HyboNet,3,64,0.001,4,39,0.5039370078740157,0.9666666666666667,0.5
22434,HyboNet,3,64,0.001,4,4,0.5275590551181102,0.6333333333333333,0.5769230769230769
22435,HyboNet,3,64,0.001,4,40,0.4881889763779528,0.9666666666666667,0.5
22436,HyboNet,3,64,0.001,4,41,0.4881889763779528,0.9666666666666667,0.46153846153846156
22437,HyboNet,3,64,0.001,4,42,0.4881889763779528,0.9666666666666667,0.46153846153846156
22438,HyboNet,3,64,0.001,4,43,0.49606299212598426,0.9666666666666667,0.5
22439,HyboNet,3,64,0.001,4,44,0.49606299212598426,0.9666666666666667,0.5
22440,HyboNet,3,64,0.001,4,45,0.47244094488188976,0.9666666666666667,0.5
22441,HyboNet,3,64,0.001,4,46,0.4409448818897638,0.9666666666666667,0.46153846153846156
22442,HyboNet,3,64,0.001,4,47,0.4409448818897638,0.9666666666666667,0.4230769230769231
22443,HyboNet,3,64,0.001,4,48,0.4251968503937008,0.9666666666666667,0.46153846153846156
22444,HyboNet,3,64,0.001,4,49,0.4566929133858268,0.9666666666666667,0.46153846153846156
22445,HyboNet,3,64,0.001,4,5,0.5433070866141733,0.7,0.6153846153846154
22446,HyboNet,3,64,0.001,4,50,0.4881889763779528,0.9666666666666667,0.5384615384615384
22447,HyboNet,3,64,0.001,4,51,0.48031496062992124,0.9666666666666667,0.5384615384615384
22448,HyboNet,3,64,0.001,4,52,0.47244094488188976,0.9666666666666667,0.5384615384615384
22449,HyboNet,3,64,0.001,4,53,0.44881889763779526,0.9666666666666667,0.46153846153846156
22450,HyboNet,3,64,0.001,4,54,0.4094488188976378,0.9666666666666667,0.4230769230769231
22451,HyboNet,3,64,0.001,4,55,0.4094488188976378,0.9666666666666667,0.4230769230769231
22452,HyboNet,3,64,0.001,4,56,0.4330708661417323,0.9666666666666667,0.4230769230769231
22453,HyboNet,3,64,0.001,4,57,0.4330708661417323,0.9666666666666667,0.38461538461538464
22454,HyboNet,3,64,0.001,4,58,0.4330708661417323,1.0,0.4230769230769231
22455,HyboNet,3,64,0.001,4,59,0.4330708661417323,0.9666666666666667,0.38461538461538464
22456,HyboNet,3,64,0.001,4,6,0.5433070866141733,0.7,0.6153846153846154
22457,HyboNet,3,64,0.001,4,60,0.4330708661417323,1.0,0.4230769230769231
22458,HyboNet,3,64,0.001,4,61,0.4251968503937008,1.0,0.4230769230769231
22459,HyboNet,3,64,0.001,4,62,0.4251968503937008,1.0,0.4230769230769231
22460,HyboNet,3,64,0.001,4,63,0.4251968503937008,1.0,0.4230769230769231
22461,HyboNet,3,64,0.001,4,64,0.41732283464566927,1.0,0.4230769230769231
22462,HyboNet,3,64,0.001,4,65,0.4251968503937008,1.0,0.4230769230769231
22463,HyboNet,3,64,0.001,4,66,0.41732283464566927,1.0,0.4230769230769231
22464,HyboNet,3,64,0.001,4,67,0.4094488188976378,1.0,0.4230769230769231
22465,HyboNet,3,64,0.001,4,68,0.4094488188976378,1.0,0.4230769230769231
22466,HyboNet,3,64,0.001,4,69,0.41732283464566927,1.0,0.4230769230769231
22467,HyboNet,3,64,0.001,4,7,0.5590551181102362,0.7,0.6153846153846154
22468,HyboNet,3,64,0.001,4,70,0.4015748031496063,1.0,0.4230769230769231
22469,HyboNet,3,64,0.001,4,71,0.41732283464566927,1.0,0.46153846153846156
22470,HyboNet,3,64,0.001,4,72,0.41732283464566927,1.0,0.46153846153846156
22471,HyboNet,3,64,0.001,4,73,0.41732283464566927,1.0,0.4230769230769231
22472,HyboNet,3,64,0.001,4,74,0.4015748031496063,1.0,0.4230769230769231
22473,HyboNet,3,64,0.001,4,75,0.3937007874015748,1.0,0.38461538461538464
22474,HyboNet,3,64,0.001,4,76,0.4094488188976378,1.0,0.4230769230769231
22475,HyboNet,3,64,0.001,4,77,0.4094488188976378,1.0,0.4230769230769231
22476,HyboNet,3,64,0.001,4,78,0.3937007874015748,1.0,0.38461538461538464
22477,HyboNet,3,64,0.001,4,79,0.3779527559055118,1.0,0.38461538461538464
22478,HyboNet,3,64,0.001,4,8,0.5354330708661418,0.7,0.5769230769230769
22479,HyboNet,3,64,0.001,4,80,0.3779527559055118,1.0,0.38461538461538464
22480,HyboNet,3,64,0.001,4,81,0.3700787401574803,1.0,0.38461538461538464
22481,HyboNet,3,64,0.001,4,82,0.3858267716535433,1.0,0.4230769230769231
22482,HyboNet,3,64,0.001,4,83,0.3937007874015748,1.0,0.4230769230769231
22483,HyboNet,3,64,0.001,4,84,0.3937007874015748,1.0,0.4230769230769231
22484,HyboNet,3,64,0.001,4,85,0.3858267716535433,1.0,0.38461538461538464
22485,HyboNet,3,64,0.001,4,86,0.36220472440944884,1.0,0.38461538461538464
22486,HyboNet,3,64,0.001,4,87,0.36220472440944884,1.0,0.38461538461538464
22487,HyboNet,3,64,0.001,4,88,0.3700787401574803,1.0,0.4230769230769231
22488,HyboNet,3,64,0.001,4,89,0.3858267716535433,1.0,0.4230769230769231
22489,HyboNet,3,64,0.001,4,9,0.5196850393700787,0.7,0.5769230769230769
22490,HyboNet,3,64,0.001,4,90,0.3858267716535433,1.0,0.4230769230769231
22491,HyboNet,3,64,0.001,4,91,0.3779527559055118,1.0,0.4230769230769231
22492,HyboNet,3,64,0.001,4,92,0.3700787401574803,1.0,0.38461538461538464
22493,HyboNet,3,64,0.001,4,93,0.3858267716535433,1.0,0.4230769230769231
22494,HyboNet,3,64,0.001,4,94,0.3858267716535433,1.0,0.4230769230769231
22495,HyboNet,3,64,0.001,4,95,0.3937007874015748,1.0,0.46153846153846156
22496,HyboNet,3,64,0.001,4,96,0.4015748031496063,1.0,0.46153846153846156
22497,HyboNet,3,64,0.001,4,97,0.3937007874015748,1.0,0.46153846153846156
22498,HyboNet,3,64,0.001,4,98,0.3937007874015748,1.0,0.46153846153846156
22499,HyboNet,3,64,0.001,4,99,0.3937007874015748,1.0,0.4230769230769231
22500,HyboNet,3,64,0.001,5,1,0.5511811023622047,0.6,0.5769230769230769
22501,HyboNet,3,64,0.001,5,10,0.5590551181102362,0.7333333333333333,0.5384615384615384
22502,HyboNet,3,64,0.001,5,100,0.4094488188976378,1.0,0.5
22503,HyboNet,3,64,0.001,5,11,0.5511811023622047,0.7333333333333333,0.5384615384615384
22504,HyboNet,3,64,0.001,5,12,0.5590551181102362,0.7333333333333333,0.46153846153846156
22505,HyboNet,3,64,0.001,5,13,0.5433070866141733,0.8,0.46153846153846156
22506,HyboNet,3,64,0.001,5,14,0.49606299212598426,0.8,0.5384615384615384
22507,HyboNet,3,64,0.001,5,15,0.4881889763779528,0.8,0.5384615384615384
22508,HyboNet,3,64,0.001,5,16,0.5039370078740157,0.8333333333333334,0.5384615384615384
22509,HyboNet,3,64,0.001,5,17,0.5118110236220472,0.8666666666666667,0.5384615384615384
22510,HyboNet,3,64,0.001,5,18,0.49606299212598426,0.8666666666666667,0.5384615384615384
22511,HyboNet,3,64,0.001,5,19,0.49606299212598426,0.8666666666666667,0.5769230769230769
22512,HyboNet,3,64,0.001,5,2,0.5433070866141733,0.6,0.5769230769230769
22513,HyboNet,3,64,0.001,5,20,0.49606299212598426,0.8666666666666667,0.5769230769230769
22514,HyboNet,3,64,0.001,5,21,0.49606299212598426,0.8666666666666667,0.5384615384615384
22515,HyboNet,3,64,0.001,5,22,0.47244094488188976,0.8666666666666667,0.5384615384615384
22516,HyboNet,3,64,0.001,5,23,0.4881889763779528,0.8666666666666667,0.5384615384615384
22517,HyboNet,3,64,0.001,5,24,0.48031496062992124,0.8666666666666667,0.5384615384615384
22518,HyboNet,3,64,0.001,5,25,0.48031496062992124,0.9,0.5384615384615384
22519,HyboNet,3,64,0.001,5,26,0.48031496062992124,0.9,0.5
22520,HyboNet,3,64,0.001,5,27,0.48031496062992124,0.9,0.5
22521,HyboNet,3,64,0.001,5,28,0.48031496062992124,0.9,0.5
22522,HyboNet,3,64,0.001,5,29,0.48031496062992124,0.9,0.5
22523,HyboNet,3,64,0.001,5,3,0.5511811023622047,0.6,0.5769230769230769
22524,HyboNet,3,64,0.001,5,30,0.48031496062992124,0.9333333333333333,0.5
22525,HyboNet,3,64,0.001,5,31,0.47244094488188976,0.9666666666666667,0.5
22526,HyboNet,3,64,0.001,5,32,0.4566929133858268,0.9666666666666667,0.5
22527,HyboNet,3,64,0.001,5,33,0.44881889763779526,0.9666666666666667,0.5384615384615384
22528,HyboNet,3,64,0.001,5,34,0.4645669291338583,0.9666666666666667,0.5384615384615384
22529,HyboNet,3,64,0.001,5,35,0.4566929133858268,0.9666666666666667,0.5384615384615384
22530,HyboNet,3,64,0.001,5,36,0.44881889763779526,0.9666666666666667,0.5384615384615384
22531,HyboNet,3,64,0.001,5,37,0.44881889763779526,0.9666666666666667,0.5384615384615384
22532,HyboNet,3,64,0.001,5,38,0.44881889763779526,0.9666666666666667,0.5384615384615384
22533,HyboNet,3,64,0.001,5,39,0.4409448818897638,0.9666666666666667,0.5384615384615384
22534,HyboNet,3,64,0.001,5,4,0.5433070866141733,0.6666666666666666,0.5769230769230769
22535,HyboNet,3,64,0.001,5,40,0.4409448818897638,0.9666666666666667,0.5384615384615384
22536,HyboNet,3,64,0.001,5,41,0.4330708661417323,0.9666666666666667,0.5384615384615384
22537,HyboNet,3,64,0.001,5,42,0.4094488188976378,0.9666666666666667,0.5769230769230769
22538,HyboNet,3,64,0.001,5,43,0.4094488188976378,1.0,0.5384615384615384
22539,HyboNet,3,64,0.001,5,44,0.41732283464566927,1.0,0.5
22540,HyboNet,3,64,0.001,5,45,0.4094488188976378,1.0,0.5
22541,HyboNet,3,64,0.001,5,46,0.3858267716535433,1.0,0.5384615384615384
22542,HyboNet,3,64,0.001,5,47,0.4094488188976378,1.0,0.5384615384615384
22543,HyboNet,3,64,0.001,5,48,0.4094488188976378,1.0,0.5
22544,HyboNet,3,64,0.001,5,49,0.4015748031496063,1.0,0.5384615384615384
22545,HyboNet,3,64,0.001,5,5,0.5590551181102362,0.7,0.5384615384615384
22546,HyboNet,3,64,0.001,5,50,0.4094488188976378,1.0,0.5384615384615384
22547,HyboNet,3,64,0.001,5,51,0.4094488188976378,1.0,0.5384615384615384
22548,HyboNet,3,64,0.001,5,52,0.41732283464566927,1.0,0.5769230769230769
22549,HyboNet,3,64,0.001,5,53,0.41732283464566927,1.0,0.5384615384615384
22550,HyboNet,3,64,0.001,5,54,0.4015748031496063,1.0,0.5
22551,HyboNet,3,64,0.001,5,55,0.4094488188976378,1.0,0.5
22552,HyboNet,3,64,0.001,5,56,0.4015748031496063,1.0,0.5
22553,HyboNet,3,64,0.001,5,57,0.4015748031496063,1.0,0.5
22554,HyboNet,3,64,0.001,5,58,0.4015748031496063,1.0,0.5
22555,HyboNet,3,64,0.001,5,59,0.3937007874015748,1.0,0.5384615384615384
22556,HyboNet,3,64,0.001,5,6,0.5354330708661418,0.7666666666666667,0.5384615384615384
22557,HyboNet,3,64,0.001,5,60,0.3937007874015748,1.0,0.5384615384615384
22558,HyboNet,3,64,0.001,5,61,0.3937007874015748,1.0,0.5384615384615384
22559,HyboNet,3,64,0.001,5,62,0.3858267716535433,1.0,0.5384615384615384
22560,HyboNet,3,64,0.001,5,63,0.4015748031496063,1.0,0.5
22561,HyboNet,3,64,0.001,5,64,0.4094488188976378,1.0,0.5
22562,HyboNet,3,64,0.001,5,65,0.4094488188976378,1.0,0.5
22563,HyboNet,3,64,0.001,5,66,0.4094488188976378,1.0,0.5
22564,HyboNet,3,64,0.001,5,67,0.3937007874015748,1.0,0.5
22565,HyboNet,3,64,0.001,5,68,0.3937007874015748,1.0,0.46153846153846156
22566,HyboNet,3,64,0.001,5,69,0.3937007874015748,1.0,0.46153846153846156
22567,HyboNet,3,64,0.001,5,7,0.5196850393700787,0.8,0.46153846153846156
22568,HyboNet,3,64,0.001,5,70,0.4015748031496063,1.0,0.46153846153846156
22569,HyboNet,3,64,0.001,5,71,0.3858267716535433,1.0,0.46153846153846156
22570,HyboNet,3,64,0.001,5,72,0.3858267716535433,1.0,0.46153846153846156
22571,HyboNet,3,64,0.001,5,73,0.3937007874015748,1.0,0.5
22572,HyboNet,3,64,0.001,5,74,0.3858267716535433,1.0,0.5
22573,HyboNet,3,64,0.001,5,75,0.3858267716535433,1.0,0.5
22574,HyboNet,3,64,0.001,5,76,0.3779527559055118,1.0,0.5
22575,HyboNet,3,64,0.001,5,77,0.3858267716535433,1.0,0.5
22576,HyboNet,3,64,0.001,5,78,0.3779527559055118,1.0,0.5
22577,HyboNet,3,64,0.001,5,79,0.3858267716535433,1.0,0.5
22578,HyboNet,3,64,0.001,5,8,0.5590551181102362,0.7666666666666667,0.5384615384615384
22579,HyboNet,3,64,0.001,5,80,0.3700787401574803,1.0,0.46153846153846156
22580,HyboNet,3,64,0.001,5,81,0.3700787401574803,1.0,0.46153846153846156
22581,HyboNet,3,64,0.001,5,82,0.3779527559055118,1.0,0.46153846153846156
22582,HyboNet,3,64,0.001,5,83,0.3937007874015748,1.0,0.46153846153846156
22583,HyboNet,3,64,0.001,5,84,0.4094488188976378,1.0,0.5
22584,HyboNet,3,64,0.001,5,85,0.41732283464566927,1.0,0.5
22585,HyboNet,3,64,0.001,5,86,0.4015748031496063,1.0,0.5
22586,HyboNet,3,64,0.001,5,87,0.3937007874015748,1.0,0.5
22587,HyboNet,3,64,0.001,5,88,0.3543307086614173,1.0,0.46153846153846156
22588,HyboNet,3,64,0.001,5,89,0.3543307086614173,1.0,0.46153846153846156
22589,HyboNet,3,64,0.001,5,9,0.5590551181102362,0.7666666666666667,0.5384615384615384
22590,HyboNet,3,64,0.001,5,90,0.3779527559055118,1.0,0.46153846153846156
22591,HyboNet,3,64,0.001,5,91,0.3858267716535433,1.0,0.46153846153846156
22592,HyboNet,3,64,0.001,5,92,0.3858267716535433,1.0,0.46153846153846156
22593,HyboNet,3,64,0.001,5,93,0.3858267716535433,1.0,0.46153846153846156
22594,HyboNet,3,64,0.001,5,94,0.4094488188976378,1.0,0.46153846153846156
22595,HyboNet,3,64,0.001,5,95,0.4094488188976378,1.0,0.5
22596,HyboNet,3,64,0.001,5,96,0.4015748031496063,1.0,0.5
22597,HyboNet,3,64,0.001,5,97,0.3858267716535433,1.0,0.5
22598,HyboNet,3,64,0.001,5,98,0.3937007874015748,1.0,0.46153846153846156
22599,HyboNet,3,64,0.001,5,99,0.3858267716535433,1.0,0.5
22600,HyboNet,3,64,0.001,6,1,0.5039370078740157,0.6,0.5384615384615384
22601,HyboNet,3,64,0.001,6,10,0.5354330708661418,0.7333333333333333,0.5384615384615384
22602,HyboNet,3,64,0.001,6,100,0.4251968503937008,1.0,0.4230769230769231
22603,HyboNet,3,64,0.001,6,11,0.5433070866141733,0.7,0.5384615384615384
22604,HyboNet,3,64,0.001,6,12,0.5354330708661418,0.7,0.5384615384615384
22605,HyboNet,3,64,0.001,6,13,0.5354330708661418,0.7,0.5384615384615384
22606,HyboNet,3,64,0.001,6,14,0.5433070866141733,0.7333333333333333,0.5384615384615384
22607,HyboNet,3,64,0.001,6,15,0.5511811023622047,0.7666666666666667,0.5384615384615384
22608,HyboNet,3,64,0.001,6,16,0.5354330708661418,0.7666666666666667,0.5
22609,HyboNet,3,64,0.001,6,17,0.5118110236220472,0.8,0.5384615384615384
22610,HyboNet,3,64,0.001,6,18,0.48031496062992124,0.8,0.46153846153846156
22611,HyboNet,3,64,0.001,6,19,0.48031496062992124,0.8666666666666667,0.5
22612,HyboNet,3,64,0.001,6,2,0.5275590551181102,0.6,0.5769230769230769
22613,HyboNet,3,64,0.001,6,20,0.48031496062992124,0.8666666666666667,0.5
22614,HyboNet,3,64,0.001,6,21,0.48031496062992124,0.9,0.46153846153846156
22615,HyboNet,3,64,0.001,6,22,0.5039370078740157,0.9,0.5
22616,HyboNet,3,64,0.001,6,23,0.5118110236220472,0.8666666666666667,0.5
22617,HyboNet,3,64,0.001,6,24,0.5118110236220472,0.8666666666666667,0.5
22618,HyboNet,3,64,0.001,6,25,0.5039370078740157,0.8666666666666667,0.5
22619,HyboNet,3,64,0.001,6,26,0.48031496062992124,0.8666666666666667,0.5
22620,HyboNet,3,64,0.001,6,27,0.44881889763779526,0.8666666666666667,0.46153846153846156
22621,HyboNet,3,64,0.001,6,28,0.4566929133858268,0.9,0.5384615384615384
22622,HyboNet,3,64,0.001,6,29,0.4566929133858268,0.9,0.5384615384615384
22623,HyboNet,3,64,0.001,6,3,0.5354330708661418,0.6,0.5769230769230769
22624,HyboNet,3,64,0.001,6,30,0.4566929133858268,0.9,0.5384615384615384
22625,HyboNet,3,64,0.001,6,31,0.44881889763779526,0.9,0.5384615384615384
22626,HyboNet,3,64,0.001,6,32,0.44881889763779526,0.9,0.5384615384615384
22627,HyboNet,3,64,0.001,6,33,0.4409448818897638,0.9,0.5384615384615384
22628,HyboNet,3,64,0.001,6,34,0.4409448818897638,0.9,0.5384615384615384
22629,HyboNet,3,64,0.001,6,35,0.4409448818897638,0.9666666666666667,0.5384615384615384
22630,HyboNet,3,64,0.001,6,36,0.4409448818897638,0.9666666666666667,0.5
22631,HyboNet,3,64,0.001,6,37,0.44881889763779526,0.9666666666666667,0.5384615384615384
22632,HyboNet,3,64,0.001,6,38,0.4409448818897638,0.9666666666666667,0.5384615384615384
22633,HyboNet,3,64,0.001,6,39,0.4409448818897638,0.9666666666666667,0.5384615384615384
22634,HyboNet,3,64,0.001,6,4,0.5354330708661418,0.6,0.5769230769230769
22635,HyboNet,3,64,0.001,6,40,0.4330708661417323,0.9666666666666667,0.5384615384615384
22636,HyboNet,3,64,0.001,6,41,0.41732283464566927,0.9666666666666667,0.5384615384615384
22637,HyboNet,3,64,0.001,6,42,0.4409448818897638,0.9666666666666667,0.5384615384615384
22638,HyboNet,3,64,0.001,6,43,0.4251968503937008,0.9666666666666667,0.5384615384615384
22639,HyboNet,3,64,0.001,6,44,0.4409448818897638,1.0,0.5
22640,HyboNet,3,64,0.001,6,45,0.4409448818897638,1.0,0.46153846153846156
22641,HyboNet,3,64,0.001,6,46,0.4330708661417323,1.0,0.5384615384615384
22642,HyboNet,3,64,0.001,6,47,0.4330708661417323,1.0,0.5384615384615384
22643,HyboNet,3,64,0.001,6,48,0.4330708661417323,1.0,0.5384615384615384
22644,HyboNet,3,64,0.001,6,49,0.4330708661417323,1.0,0.5384615384615384
22645,HyboNet,3,64,0.001,6,5,0.5275590551181102,0.6,0.5769230769230769
22646,HyboNet,3,64,0.001,6,50,0.4330708661417323,1.0,0.5384615384615384
22647,HyboNet,3,64,0.001,6,51,0.44881889763779526,1.0,0.5
22648,HyboNet,3,64,0.001,6,52,0.44881889763779526,1.0,0.5
22649,HyboNet,3,64,0.001,6,53,0.44881889763779526,1.0,0.46153846153846156
22650,HyboNet,3,64,0.001,6,54,0.44881889763779526,1.0,0.46153846153846156
22651,HyboNet,3,64,0.001,6,55,0.4409448818897638,1.0,0.46153846153846156
22652,HyboNet,3,64,0.001,6,56,0.44881889763779526,1.0,0.46153846153846156
22653,HyboNet,3,64,0.001,6,57,0.4409448818897638,1.0,0.4230769230769231
22654,HyboNet,3,64,0.001,6,58,0.4251968503937008,1.0,0.38461538461538464
22655,HyboNet,3,64,0.001,6,59,0.44881889763779526,1.0,0.46153846153846156
22656,HyboNet,3,64,0.001,6,6,0.5275590551181102,0.6,0.5769230769230769
22657,HyboNet,3,64,0.001,6,60,0.4409448818897638,1.0,0.46153846153846156
22658,HyboNet,3,64,0.001,6,61,0.4251968503937008,1.0,0.4230769230769231
22659,HyboNet,3,64,0.001,6,62,0.4251968503937008,1.0,0.34615384615384615
22660,HyboNet,3,64,0.001,6,63,0.4409448818897638,1.0,0.4230769230769231
22661,HyboNet,3,64,0.001,6,64,0.4566929133858268,1.0,0.5
22662,HyboNet,3,64,0.001,6,65,0.4409448818897638,1.0,0.46153846153846156
22663,HyboNet,3,64,0.001,6,66,0.4330708661417323,1.0,0.4230769230769231
22664,HyboNet,3,64,0.001,6,67,0.4251968503937008,1.0,0.38461538461538464
22665,HyboNet,3,64,0.001,6,68,0.4409448818897638,1.0,0.34615384615384615
22666,HyboNet,3,64,0.001,6,69,0.4251968503937008,1.0,0.38461538461538464
22667,HyboNet,3,64,0.001,6,7,0.5433070866141733,0.6333333333333333,0.5769230769230769
22668,HyboNet,3,64,0.001,6,70,0.4330708661417323,1.0,0.38461538461538464
22669,HyboNet,3,64,0.001,6,71,0.4330708661417323,1.0,0.38461538461538464
22670,HyboNet,3,64,0.001,6,72,0.4251968503937008,1.0,0.38461538461538464
22671,HyboNet,3,64,0.001,6,73,0.4330708661417323,1.0,0.4230769230769231
22672,HyboNet,3,64,0.001,6,74,0.4330708661417323,1.0,0.4230769230769231
22673,HyboNet,3,64,0.001,6,75,0.44881889763779526,1.0,0.46153846153846156
22674,HyboNet,3,64,0.001,6,76,0.4409448818897638,1.0,0.46153846153846156
22675,HyboNet,3,64,0.001,6,77,0.4330708661417323,1.0,0.4230769230769231
22676,HyboNet,3,64,0.001,6,78,0.4330708661417323,1.0,0.38461538461538464
22677,HyboNet,3,64,0.001,6,79,0.4409448818897638,1.0,0.38461538461538464
22678,HyboNet,3,64,0.001,6,8,0.5196850393700787,0.7,0.5384615384615384
22679,HyboNet,3,64,0.001,6,80,0.4409448818897638,1.0,0.38461538461538464
22680,HyboNet,3,64,0.001,6,81,0.4330708661417323,1.0,0.38461538461538464
22681,HyboNet,3,64,0.001,6,82,0.4330708661417323,1.0,0.38461538461538464
22682,HyboNet,3,64,0.001,6,83,0.4330708661417323,1.0,0.38461538461538464
22683,HyboNet,3,64,0.001,6,84,0.41732283464566927,1.0,0.38461538461538464
22684,HyboNet,3,64,0.001,6,85,0.41732283464566927,1.0,0.38461538461538464
22685,HyboNet,3,64,0.001,6,86,0.41732283464566927,1.0,0.38461538461538464
22686,HyboNet,3,64,0.001,6,87,0.41732283464566927,1.0,0.38461538461538464
22687,HyboNet,3,64,0.001,6,88,0.4251968503937008,1.0,0.38461538461538464
22688,HyboNet,3,64,0.001,6,89,0.4330708661417323,1.0,0.38461538461538464
22689,HyboNet,3,64,0.001,6,9,0.5275590551181102,0.7333333333333333,0.5
22690,HyboNet,3,64,0.001,6,90,0.4251968503937008,1.0,0.34615384615384615
22691,HyboNet,3,64,0.001,6,91,0.4409448818897638,1.0,0.38461538461538464
22692,HyboNet,3,64,0.001,6,92,0.4330708661417323,1.0,0.38461538461538464
22693,HyboNet,3,64,0.001,6,93,0.4409448818897638,1.0,0.38461538461538464
22694,HyboNet,3,64,0.001,6,94,0.4251968503937008,1.0,0.3076923076923077
22695,HyboNet,3,64,0.001,6,95,0.41732283464566927,1.0,0.3076923076923077
22696,HyboNet,3,64,0.001,6,96,0.4409448818897638,1.0,0.38461538461538464
22697,HyboNet,3,64,0.001,6,97,0.4330708661417323,1.0,0.4230769230769231
22698,HyboNet,3,64,0.001,6,98,0.4251968503937008,1.0,0.4230769230769231
22699,HyboNet,3,64,0.001,6,99,0.4251968503937008,1.0,0.4230769230769231
22700,HyboNet,3,64,0.001,7,1,0.41732283464566927,0.6,0.46153846153846156
22701,HyboNet,3,64,0.001,7,10,0.5354330708661418,0.7666666666666667,0.5384615384615384
22702,HyboNet,3,64,0.001,7,100,0.30708661417322836,1.0,0.3076923076923077
22703,HyboNet,3,64,0.001,7,11,0.5354330708661418,0.7666666666666667,0.5384615384615384
22704,HyboNet,3,64,0.001,7,12,0.5433070866141733,0.7666666666666667,0.5384615384615384
22705,HyboNet,3,64,0.001,7,13,0.5433070866141733,0.7666666666666667,0.5384615384615384
22706,HyboNet,3,64,0.001,7,14,0.5354330708661418,0.7666666666666667,0.5384615384615384
22707,HyboNet,3,64,0.001,7,15,0.5354330708661418,0.7666666666666667,0.5384615384615384
22708,HyboNet,3,64,0.001,7,16,0.5118110236220472,0.8,0.5
22709,HyboNet,3,64,0.001,7,17,0.5118110236220472,0.8,0.5
22710,HyboNet,3,64,0.001,7,18,0.5196850393700787,0.8,0.5
22711,HyboNet,3,64,0.001,7,19,0.5275590551181102,0.8,0.5384615384615384
22712,HyboNet,3,64,0.001,7,2,0.5354330708661418,0.6,0.5769230769230769
22713,HyboNet,3,64,0.001,7,20,0.5354330708661418,0.8,0.5384615384615384
22714,HyboNet,3,64,0.001,7,21,0.5354330708661418,0.8333333333333334,0.5384615384615384
22715,HyboNet,3,64,0.001,7,22,0.5275590551181102,0.8333333333333334,0.5384615384615384
22716,HyboNet,3,64,0.001,7,23,0.5433070866141733,0.8333333333333334,0.5384615384615384
22717,HyboNet,3,64,0.001,7,24,0.5039370078740157,0.8666666666666667,0.5384615384615384
22718,HyboNet,3,64,0.001,7,25,0.5118110236220472,0.8666666666666667,0.5384615384615384
22719,HyboNet,3,64,0.001,7,26,0.5196850393700787,0.8666666666666667,0.5384615384615384
22720,HyboNet,3,64,0.001,7,27,0.5196850393700787,0.9,0.5384615384615384
22721,HyboNet,3,64,0.001,7,28,0.5196850393700787,0.9,0.5
22722,HyboNet,3,64,0.001,7,29,0.48031496062992124,0.9,0.5
22723,HyboNet,3,64,0.001,7,3,0.5354330708661418,0.6,0.5769230769230769
22724,HyboNet,3,64,0.001,7,30,0.4409448818897638,0.9,0.46153846153846156
22725,HyboNet,3,64,0.001,7,31,0.4251968503937008,0.8666666666666667,0.34615384615384615
22726,HyboNet,3,64,0.001,7,32,0.4015748031496063,0.9,0.3076923076923077
22727,HyboNet,3,64,0.001,7,33,0.4015748031496063,0.9333333333333333,0.34615384615384615
22728,HyboNet,3,64,0.001,7,34,0.41732283464566927,0.9,0.34615384615384615
22729,HyboNet,3,64,0.001,7,35,0.44881889763779526,0.9,0.46153846153846156
22730,HyboNet,3,64,0.001,7,36,0.47244094488188976,0.9,0.5
22731,HyboNet,3,64,0.001,7,37,0.4645669291338583,0.9,0.5
22732,HyboNet,3,64,0.001,7,38,0.4409448818897638,0.9333333333333333,0.46153846153846156
22733,HyboNet,3,64,0.001,7,39,0.41732283464566927,0.9333333333333333,0.46153846153846156
22734,HyboNet,3,64,0.001,7,4,0.5354330708661418,0.6333333333333333,0.5769230769230769
22735,HyboNet,3,64,0.001,7,40,0.3937007874015748,0.9333333333333333,0.46153846153846156
22736,HyboNet,3,64,0.001,7,41,0.4094488188976378,0.9333333333333333,0.46153846153846156
22737,HyboNet,3,64,0.001,7,42,0.4094488188976378,0.9333333333333333,0.46153846153846156
22738,HyboNet,3,64,0.001,7,43,0.4015748031496063,0.9333333333333333,0.46153846153846156
22739,HyboNet,3,64,0.001,7,44,0.4094488188976378,0.9333333333333333,0.46153846153846156
22740,HyboNet,3,64,0.001,7,45,0.4094488188976378,0.9333333333333333,0.46153846153846156
22741,HyboNet,3,64,0.001,7,46,0.41732283464566927,0.9333333333333333,0.46153846153846156
22742,HyboNet,3,64,0.001,7,47,0.4094488188976378,0.9333333333333333,0.4230769230769231
22743,HyboNet,3,64,0.001,7,48,0.4251968503937008,0.9333333333333333,0.4230769230769231
22744,HyboNet,3,64,0.001,7,49,0.4015748031496063,0.9333333333333333,0.4230769230769231
22745,HyboNet,3,64,0.001,7,5,0.5275590551181102,0.6333333333333333,0.5769230769230769
22746,HyboNet,3,64,0.001,7,50,0.3858267716535433,0.9333333333333333,0.4230769230769231
22747,HyboNet,3,64,0.001,7,51,0.3858267716535433,0.9666666666666667,0.38461538461538464
22748,HyboNet,3,64,0.001,7,52,0.3858267716535433,0.9333333333333333,0.38461538461538464
22749,HyboNet,3,64,0.001,7,53,0.3858267716535433,0.9333333333333333,0.38461538461538464
22750,HyboNet,3,64,0.001,7,54,0.3858267716535433,0.9333333333333333,0.38461538461538464
22751,HyboNet,3,64,0.001,7,55,0.3858267716535433,0.9333333333333333,0.38461538461538464
22752,HyboNet,3,64,0.001,7,56,0.3858267716535433,0.9333333333333333,0.38461538461538464
22753,HyboNet,3,64,0.001,7,57,0.3858267716535433,0.9333333333333333,0.38461538461538464
22754,HyboNet,3,64,0.001,7,58,0.36220472440944884,0.9333333333333333,0.34615384615384615
22755,HyboNet,3,64,0.001,7,59,0.3779527559055118,0.9666666666666667,0.34615384615384615
22756,HyboNet,3,64,0.001,7,6,0.5433070866141733,0.7,0.5769230769230769
22757,HyboNet,3,64,0.001,7,60,0.3858267716535433,0.9666666666666667,0.34615384615384615
22758,HyboNet,3,64,0.001,7,61,0.3858267716535433,0.9666666666666667,0.34615384615384615
22759,HyboNet,3,64,0.001,7,62,0.3700787401574803,0.9333333333333333,0.34615384615384615
22760,HyboNet,3,64,0.001,7,63,0.36220472440944884,0.9333333333333333,0.3076923076923077
22761,HyboNet,3,64,0.001,7,64,0.3858267716535433,0.9333333333333333,0.3076923076923077
22762,HyboNet,3,64,0.001,7,65,0.3700787401574803,0.9333333333333333,0.3076923076923077
22763,HyboNet,3,64,0.001,7,66,0.3464566929133858,0.9666666666666667,0.3076923076923077
22764,HyboNet,3,64,0.001,7,67,0.3543307086614173,0.9666666666666667,0.3076923076923077
22765,HyboNet,3,64,0.001,7,68,0.36220472440944884,1.0,0.2692307692307692
22766,HyboNet,3,64,0.001,7,69,0.33858267716535434,0.9666666666666667,0.2692307692307692
22767,HyboNet,3,64,0.001,7,7,0.5433070866141733,0.7333333333333333,0.5384615384615384
22768,HyboNet,3,64,0.001,7,70,0.3464566929133858,0.9666666666666667,0.2692307692307692
22769,HyboNet,3,64,0.001,7,71,0.3700787401574803,0.9666666666666667,0.3076923076923077
22770,HyboNet,3,64,0.001,7,72,0.36220472440944884,0.9666666666666667,0.2692307692307692
22771,HyboNet,3,64,0.001,7,73,0.36220472440944884,1.0,0.2692307692307692
22772,HyboNet,3,64,0.001,7,74,0.3779527559055118,1.0,0.2692307692307692
22773,HyboNet,3,64,0.001,7,75,0.36220472440944884,1.0,0.3076923076923077
22774,HyboNet,3,64,0.001,7,76,0.36220472440944884,1.0,0.3076923076923077
22775,HyboNet,3,64,0.001,7,77,0.36220472440944884,1.0,0.3076923076923077
22776,HyboNet,3,64,0.001,7,78,0.36220472440944884,1.0,0.2692307692307692
22777,HyboNet,3,64,0.001,7,79,0.3543307086614173,1.0,0.2692307692307692
22778,HyboNet,3,64,0.001,7,8,0.5118110236220472,0.7333333333333333,0.5384615384615384
22779,HyboNet,3,64,0.001,7,80,0.3543307086614173,1.0,0.2692307692307692
22780,HyboNet,3,64,0.001,7,81,0.3700787401574803,1.0,0.23076923076923078
22781,HyboNet,3,64,0.001,7,82,0.36220472440944884,1.0,0.2692307692307692
22782,HyboNet,3,64,0.001,7,83,0.3779527559055118,1.0,0.2692307692307692
22783,HyboNet,3,64,0.001,7,84,0.3858267716535433,1.0,0.23076923076923078
22784,HyboNet,3,64,0.001,7,85,0.3779527559055118,1.0,0.23076923076923078
22785,HyboNet,3,64,0.001,7,86,0.3700787401574803,1.0,0.2692307692307692
22786,HyboNet,3,64,0.001,7,87,0.36220472440944884,1.0,0.2692307692307692
22787,HyboNet,3,64,0.001,7,88,0.33070866141732286,1.0,0.2692307692307692
22788,HyboNet,3,64,0.001,7,89,0.33858267716535434,1.0,0.2692307692307692
22789,HyboNet,3,64,0.001,7,9,0.5196850393700787,0.7666666666666667,0.5384615384615384
22790,HyboNet,3,64,0.001,7,90,0.33070866141732286,1.0,0.2692307692307692
22791,HyboNet,3,64,0.001,7,91,0.3464566929133858,1.0,0.2692307692307692
22792,HyboNet,3,64,0.001,7,92,0.3464566929133858,1.0,0.2692307692307692
22793,HyboNet,3,64,0.001,7,93,0.33858267716535434,1.0,0.2692307692307692
22794,HyboNet,3,64,0.001,7,94,0.3543307086614173,1.0,0.2692307692307692
22795,HyboNet,3,64,0.001,7,95,0.3700787401574803,1.0,0.3076923076923077
22796,HyboNet,3,64,0.001,7,96,0.3464566929133858,1.0,0.3076923076923077
22797,HyboNet,3,64,0.001,7,97,0.3464566929133858,1.0,0.3076923076923077
22798,HyboNet,3,64,0.001,7,98,0.33070866141732286,1.0,0.2692307692307692
22799,HyboNet,3,64,0.001,7,99,0.31496062992125984,1.0,0.2692307692307692
22800,HyboNet,3,64,0.001,8,1,0.33858267716535434,0.6666666666666666,0.3076923076923077
22801,HyboNet,3,64,0.001,8,10,0.5275590551181102,0.7666666666666667,0.5384615384615384
22802,HyboNet,3,64,0.001,8,100,0.4251968503937008,1.0,0.46153846153846156
22803,HyboNet,3,64,0.001,8,11,0.5354330708661418,0.7666666666666667,0.5384615384615384
22804,HyboNet,3,64,0.001,8,12,0.5275590551181102,0.7666666666666667,0.5384615384615384
22805,HyboNet,3,64,0.001,8,13,0.5275590551181102,0.7666666666666667,0.5384615384615384
22806,HyboNet,3,64,0.001,8,14,0.5354330708661418,0.7666666666666667,0.5384615384615384
22807,HyboNet,3,64,0.001,8,15,0.5354330708661418,0.7666666666666667,0.5384615384615384
22808,HyboNet,3,64,0.001,8,16,0.5433070866141733,0.7666666666666667,0.5384615384615384
22809,HyboNet,3,64,0.001,8,17,0.5354330708661418,0.7666666666666667,0.5384615384615384
22810,HyboNet,3,64,0.001,8,18,0.5511811023622047,0.7333333333333333,0.5769230769230769
22811,HyboNet,3,64,0.001,8,19,0.5354330708661418,0.7666666666666667,0.5384615384615384
22812,HyboNet,3,64,0.001,8,2,0.5275590551181102,0.6333333333333333,0.5769230769230769
22813,HyboNet,3,64,0.001,8,20,0.5118110236220472,0.8,0.5769230769230769
22814,HyboNet,3,64,0.001,8,21,0.5039370078740157,0.8666666666666667,0.5
22815,HyboNet,3,64,0.001,8,22,0.49606299212598426,0.8666666666666667,0.5769230769230769
22816,HyboNet,3,64,0.001,8,23,0.5118110236220472,0.8666666666666667,0.6153846153846154
22817,HyboNet,3,64,0.001,8,24,0.5118110236220472,0.8666666666666667,0.5384615384615384
22818,HyboNet,3,64,0.001,8,25,0.5118110236220472,0.8666666666666667,0.5769230769230769
22819,HyboNet,3,64,0.001,8,26,0.5118110236220472,0.8666666666666667,0.5769230769230769
22820,HyboNet,3,64,0.001,8,27,0.5118110236220472,0.8666666666666667,0.6153846153846154
22821,HyboNet,3,64,0.001,8,28,0.5118110236220472,0.8666666666666667,0.5769230769230769
22822,HyboNet,3,64,0.001,8,29,0.5118110236220472,0.9,0.5769230769230769
22823,HyboNet,3,64,0.001,8,3,0.5354330708661418,0.6,0.5769230769230769
22824,HyboNet,3,64,0.001,8,30,0.5118110236220472,0.9,0.5769230769230769
22825,HyboNet,3,64,0.001,8,31,0.5118110236220472,0.9333333333333333,0.5769230769230769
22826,HyboNet,3,64,0.001,8,32,0.5039370078740157,1.0,0.5769230769230769
22827,HyboNet,3,64,0.001,8,33,0.5118110236220472,1.0,0.5384615384615384
22828,HyboNet,3,64,0.001,8,34,0.5118110236220472,0.9666666666666667,0.5384615384615384
22829,HyboNet,3,64,0.001,8,35,0.5196850393700787,0.9666666666666667,0.5384615384615384
22830,HyboNet,3,64,0.001,8,36,0.5118110236220472,0.9666666666666667,0.5384615384615384
22831,HyboNet,3,64,0.001,8,37,0.5039370078740157,0.9666666666666667,0.5384615384615384
22832,HyboNet,3,64,0.001,8,38,0.4881889763779528,0.9666666666666667,0.5384615384615384
22833,HyboNet,3,64,0.001,8,39,0.5039370078740157,0.9666666666666667,0.5384615384615384
22834,HyboNet,3,64,0.001,8,4,0.5354330708661418,0.6,0.5769230769230769
22835,HyboNet,3,64,0.001,8,40,0.49606299212598426,0.9666666666666667,0.5384615384615384
22836,HyboNet,3,64,0.001,8,41,0.49606299212598426,0.9666666666666667,0.5
22837,HyboNet,3,64,0.001,8,42,0.4881889763779528,0.9333333333333333,0.5
22838,HyboNet,3,64,0.001,8,43,0.4881889763779528,0.9333333333333333,0.46153846153846156
22839,HyboNet,3,64,0.001,8,44,0.48031496062992124,0.9333333333333333,0.46153846153846156
22840,HyboNet,3,64,0.001,8,45,0.48031496062992124,0.9333333333333333,0.5
22841,HyboNet,3,64,0.001,8,46,0.47244094488188976,0.9333333333333333,0.5
22842,HyboNet,3,64,0.001,8,47,0.48031496062992124,0.9333333333333333,0.5
22843,HyboNet,3,64,0.001,8,48,0.48031496062992124,0.9666666666666667,0.5
22844,HyboNet,3,64,0.001,8,49,0.47244094488188976,1.0,0.5
22845,HyboNet,3,64,0.001,8,5,0.5354330708661418,0.6,0.5769230769230769
22846,HyboNet,3,64,0.001,8,50,0.47244094488188976,1.0,0.5
22847,HyboNet,3,64,0.001,8,51,0.48031496062992124,1.0,0.5
22848,HyboNet,3,64,0.001,8,52,0.47244094488188976,0.9666666666666667,0.5
22849,HyboNet,3,64,0.001,8,53,0.48031496062992124,0.9666666666666667,0.5
22850,HyboNet,3,64,0.001,8,54,0.4881889763779528,0.9666666666666667,0.5
22851,HyboNet,3,64,0.001,8,55,0.47244094488188976,1.0,0.5
22852,HyboNet,3,64,0.001,8,56,0.4566929133858268,1.0,0.5
22853,HyboNet,3,64,0.001,8,57,0.4409448818897638,1.0,0.5384615384615384
22854,HyboNet,3,64,0.001,8,58,0.4409448818897638,1.0,0.5384615384615384
22855,HyboNet,3,64,0.001,8,59,0.44881889763779526,1.0,0.5384615384615384
22856,HyboNet,3,64,0.001,8,6,0.5354330708661418,0.6333333333333333,0.5769230769230769
22857,HyboNet,3,64,0.001,8,60,0.4566929133858268,1.0,0.5384615384615384
22858,HyboNet,3,64,0.001,8,61,0.4566929133858268,1.0,0.5
22859,HyboNet,3,64,0.001,8,62,0.4566929133858268,1.0,0.46153846153846156
22860,HyboNet,3,64,0.001,8,63,0.4566929133858268,1.0,0.46153846153846156
22861,HyboNet,3,64,0.001,8,64,0.4566929133858268,1.0,0.46153846153846156
22862,HyboNet,3,64,0.001,8,65,0.4330708661417323,1.0,0.46153846153846156
22863,HyboNet,3,64,0.001,8,66,0.4330708661417323,1.0,0.46153846153846156
22864,HyboNet,3,64,0.001,8,67,0.4251968503937008,1.0,0.4230769230769231
22865,HyboNet,3,64,0.001,8,68,0.4094488188976378,1.0,0.4230769230769231
22866,HyboNet,3,64,0.001,8,69,0.4094488188976378,1.0,0.4230769230769231
22867,HyboNet,3,64,0.001,8,7,0.5354330708661418,0.6666666666666666,0.5769230769230769
22868,HyboNet,3,64,0.001,8,70,0.4330708661417323,1.0,0.4230769230769231
22869,HyboNet,3,64,0.001,8,71,0.4251968503937008,1.0,0.46153846153846156
22870,HyboNet,3,64,0.001,8,72,0.4330708661417323,1.0,0.4230769230769231
22871,HyboNet,3,64,0.001,8,73,0.4330708661417323,1.0,0.4230769230769231
22872,HyboNet,3,64,0.001,8,74,0.44881889763779526,1.0,0.5
22873,HyboNet,3,64,0.001,8,75,0.44881889763779526,1.0,0.5
22874,HyboNet,3,64,0.001,8,76,0.4330708661417323,1.0,0.5
22875,HyboNet,3,64,0.001,8,77,0.4330708661417323,1.0,0.46153846153846156
22876,HyboNet,3,64,0.001,8,78,0.41732283464566927,1.0,0.38461538461538464
22877,HyboNet,3,64,0.001,8,79,0.4094488188976378,1.0,0.4230769230769231
22878,HyboNet,3,64,0.001,8,8,0.5275590551181102,0.6666666666666666,0.5769230769230769
22879,HyboNet,3,64,0.001,8,80,0.41732283464566927,1.0,0.46153846153846156
22880,HyboNet,3,64,0.001,8,81,0.4094488188976378,1.0,0.38461538461538464
22881,HyboNet,3,64,0.001,8,82,0.41732283464566927,1.0,0.38461538461538464
22882,HyboNet,3,64,0.001,8,83,0.4015748031496063,1.0,0.34615384615384615
22883,HyboNet,3,64,0.001,8,84,0.41732283464566927,1.0,0.34615384615384615
22884,HyboNet,3,64,0.001,8,85,0.3937007874015748,1.0,0.34615384615384615
22885,HyboNet,3,64,0.001,8,86,0.3858267716535433,1.0,0.34615384615384615
22886,HyboNet,3,64,0.001,8,87,0.4330708661417323,1.0,0.38461538461538464
22887,HyboNet,3,64,0.001,8,88,0.4330708661417323,1.0,0.38461538461538464
22888,HyboNet,3,64,0.001,8,89,0.4409448818897638,1.0,0.4230769230769231
22889,HyboNet,3,64,0.001,8,9,0.5275590551181102,0.7666666666666667,0.5769230769230769
22890,HyboNet,3,64,0.001,8,90,0.4330708661417323,1.0,0.4230769230769231
22891,HyboNet,3,64,0.001,8,91,0.4251968503937008,1.0,0.4230769230769231
22892,HyboNet,3,64,0.001,8,92,0.4251968503937008,1.0,0.38461538461538464
22893,HyboNet,3,64,0.001,8,93,0.4251968503937008,1.0,0.34615384615384615
22894,HyboNet,3,64,0.001,8,94,0.4094488188976378,1.0,0.34615384615384615
22895,HyboNet,3,64,0.001,8,95,0.4251968503937008,1.0,0.38461538461538464
22896,HyboNet,3,64,0.001,8,96,0.4409448818897638,1.0,0.4230769230769231
22897,HyboNet,3,64,0.001,8,97,0.4409448818897638,1.0,0.46153846153846156
22898,HyboNet,3,64,0.001,8,98,0.4409448818897638,1.0,0.46153846153846156
22899,HyboNet,3,64,0.001,8,99,0.44881889763779526,1.0,0.46153846153846156
22900,HyboNet,3,64,0.001,9,1,0.41732283464566927,0.5,0.46153846153846156
22901,HyboNet,3,64,0.001,9,10,0.5196850393700787,0.7666666666666667,0.5
22902,HyboNet,3,64,0.001,9,100,0.4409448818897638,1.0,0.38461538461538464
22903,HyboNet,3,64,0.001,9,11,0.5433070866141733,0.8,0.5
22904,HyboNet,3,64,0.001,9,12,0.5275590551181102,0.7666666666666667,0.5
22905,HyboNet,3,64,0.001,9,13,0.5433070866141733,0.7666666666666667,0.5384615384615384
22906,HyboNet,3,64,0.001,9,14,0.5433070866141733,0.7666666666666667,0.5384615384615384
22907,HyboNet,3,64,0.001,9,15,0.5433070866141733,0.7666666666666667,0.5769230769230769
22908,HyboNet,3,64,0.001,9,16,0.5433070866141733,0.7666666666666667,0.5384615384615384
22909,HyboNet,3,64,0.001,9,17,0.5354330708661418,0.7666666666666667,0.5384615384615384
22910,HyboNet,3,64,0.001,9,18,0.5433070866141733,0.7666666666666667,0.5384615384615384
22911,HyboNet,3,64,0.001,9,19,0.5748031496062992,0.8,0.5384615384615384
22912,HyboNet,3,64,0.001,9,2,0.5275590551181102,0.6,0.5769230769230769
22913,HyboNet,3,64,0.001,9,20,0.5590551181102362,0.8,0.5384615384615384
22914,HyboNet,3,64,0.001,9,21,0.5748031496062992,0.8,0.5384615384615384
22915,HyboNet,3,64,0.001,9,22,0.5669291338582677,0.8,0.5384615384615384
22916,HyboNet,3,64,0.001,9,23,0.5669291338582677,0.8333333333333334,0.5384615384615384
22917,HyboNet,3,64,0.001,9,24,0.5669291338582677,0.8333333333333334,0.5384615384615384
22918,HyboNet,3,64,0.001,9,25,0.5748031496062992,0.8333333333333334,0.5384615384615384
22919,HyboNet,3,64,0.001,9,26,0.5590551181102362,0.8333333333333334,0.5384615384615384
22920,HyboNet,3,64,0.001,9,27,0.5590551181102362,0.8333333333333334,0.5384615384615384
22921,HyboNet,3,64,0.001,9,28,0.5669291338582677,0.8333333333333334,0.5
22922,HyboNet,3,64,0.001,9,29,0.5590551181102362,0.8666666666666667,0.5
22923,HyboNet,3,64,0.001,9,3,0.5354330708661418,0.6,0.5769230769230769
22924,HyboNet,3,64,0.001,9,30,0.5590551181102362,0.9,0.5
22925,HyboNet,3,64,0.001,9,31,0.5590551181102362,0.9,0.5
22926,HyboNet,3,64,0.001,9,32,0.5196850393700787,0.9333333333333333,0.46153846153846156
22927,HyboNet,3,64,0.001,9,33,0.49606299212598426,0.9,0.5
22928,HyboNet,3,64,0.001,9,34,0.49606299212598426,0.9,0.5
22929,HyboNet,3,64,0.001,9,35,0.49606299212598426,0.9,0.5
22930,HyboNet,3,64,0.001,9,36,0.49606299212598426,0.9333333333333333,0.5
22931,HyboNet,3,64,0.001,9,37,0.5118110236220472,0.9333333333333333,0.5
22932,HyboNet,3,64,0.001,9,38,0.5039370078740157,0.9333333333333333,0.5384615384615384
22933,HyboNet,3,64,0.001,9,39,0.49606299212598426,0.9333333333333333,0.5384615384615384
22934,HyboNet,3,64,0.001,9,4,0.5354330708661418,0.6,0.5769230769230769
22935,HyboNet,3,64,0.001,9,40,0.49606299212598426,0.9333333333333333,0.5384615384615384
22936,HyboNet,3,64,0.001,9,41,0.49606299212598426,0.9333333333333333,0.5
22937,HyboNet,3,64,0.001,9,42,0.48031496062992124,0.9333333333333333,0.5
22938,HyboNet,3,64,0.001,9,43,0.4881889763779528,0.9333333333333333,0.5
22939,HyboNet,3,64,0.001,9,44,0.49606299212598426,0.9333333333333333,0.5384615384615384
22940,HyboNet,3,64,0.001,9,45,0.49606299212598426,0.9333333333333333,0.5384615384615384
22941,HyboNet,3,64,0.001,9,46,0.5039370078740157,0.9333333333333333,0.5384615384615384
22942,HyboNet,3,64,0.001,9,47,0.49606299212598426,0.9333333333333333,0.5384615384615384
22943,HyboNet,3,64,0.001,9,48,0.49606299212598426,0.9333333333333333,0.5384615384615384
22944,HyboNet,3,64,0.001,9,49,0.5039370078740157,0.9333333333333333,0.5384615384615384
22945,HyboNet,3,64,0.001,9,5,0.5433070866141733,0.6333333333333333,0.5769230769230769
22946,HyboNet,3,64,0.001,9,50,0.4881889763779528,0.9333333333333333,0.5384615384615384
22947,HyboNet,3,64,0.001,9,51,0.49606299212598426,0.9333333333333333,0.5384615384615384
22948,HyboNet,3,64,0.001,9,52,0.49606299212598426,0.9333333333333333,0.5384615384615384
22949,HyboNet,3,64,0.001,9,53,0.49606299212598426,0.9333333333333333,0.5
22950,HyboNet,3,64,0.001,9,54,0.48031496062992124,0.9333333333333333,0.5
22951,HyboNet,3,64,0.001,9,55,0.4645669291338583,0.9333333333333333,0.5
22952,HyboNet,3,64,0.001,9,56,0.4566929133858268,0.9333333333333333,0.5
22953,HyboNet,3,64,0.001,9,57,0.4566929133858268,0.9333333333333333,0.46153846153846156
22954,HyboNet,3,64,0.001,9,58,0.47244094488188976,0.9333333333333333,0.4230769230769231
22955,HyboNet,3,64,0.001,9,59,0.4566929133858268,0.9333333333333333,0.5
22956,HyboNet,3,64,0.001,9,6,0.5433070866141733,0.7,0.5769230769230769
22957,HyboNet,3,64,0.001,9,60,0.44881889763779526,0.9333333333333333,0.5
22958,HyboNet,3,64,0.001,9,61,0.4645669291338583,0.9333333333333333,0.5
22959,HyboNet,3,64,0.001,9,62,0.4645669291338583,0.9333333333333333,0.5
22960,HyboNet,3,64,0.001,9,63,0.4566929133858268,0.9333333333333333,0.5
22961,HyboNet,3,64,0.001,9,64,0.4645669291338583,0.9666666666666667,0.5
22962,HyboNet,3,64,0.001,9,65,0.4566929133858268,0.9666666666666667,0.46153846153846156
22963,HyboNet,3,64,0.001,9,66,0.4566929133858268,0.9666666666666667,0.46153846153846156
22964,HyboNet,3,64,0.001,9,67,0.4645669291338583,0.9666666666666667,0.46153846153846156
22965,HyboNet,3,64,0.001,9,68,0.4566929133858268,0.9666666666666667,0.46153846153846156
22966,HyboNet,3,64,0.001,9,69,0.4566929133858268,0.9666666666666667,0.46153846153846156
22967,HyboNet,3,64,0.001,9,7,0.5354330708661418,0.7666666666666667,0.5384615384615384
22968,HyboNet,3,64,0.001,9,70,0.4645669291338583,0.9666666666666667,0.46153846153846156
22969,HyboNet,3,64,0.001,9,71,0.4645669291338583,0.9666666666666667,0.46153846153846156
22970,HyboNet,3,64,0.001,9,72,0.4645669291338583,0.9666666666666667,0.46153846153846156
22971,HyboNet,3,64,0.001,9,73,0.47244094488188976,0.9666666666666667,0.46153846153846156
22972,HyboNet,3,64,0.001,9,74,0.48031496062992124,0.9666666666666667,0.46153846153846156
22973,HyboNet,3,64,0.001,9,75,0.4881889763779528,0.9666666666666667,0.4230769230769231
22974,HyboNet,3,64,0.001,9,76,0.4881889763779528,0.9666666666666667,0.38461538461538464
22975,HyboNet,3,64,0.001,9,77,0.48031496062992124,0.9666666666666667,0.4230769230769231
22976,HyboNet,3,64,0.001,9,78,0.4881889763779528,0.9666666666666667,0.38461538461538464
22977,HyboNet,3,64,0.001,9,79,0.48031496062992124,1.0,0.38461538461538464
22978,HyboNet,3,64,0.001,9,8,0.5354330708661418,0.7666666666666667,0.5
22979,HyboNet,3,64,0.001,9,80,0.48031496062992124,1.0,0.38461538461538464
22980,HyboNet,3,64,0.001,9,81,0.48031496062992124,1.0,0.38461538461538464
22981,HyboNet,3,64,0.001,9,82,0.48031496062992124,1.0,0.38461538461538464
22982,HyboNet,3,64,0.001,9,83,0.48031496062992124,0.9666666666666667,0.38461538461538464
22983,HyboNet,3,64,0.001,9,84,0.4645669291338583,0.9666666666666667,0.38461538461538464
22984,HyboNet,3,64,0.001,9,85,0.4566929133858268,0.9666666666666667,0.38461538461538464
22985,HyboNet,3,64,0.001,9,86,0.47244094488188976,0.9666666666666667,0.38461538461538464
22986,HyboNet,3,64,0.001,9,87,0.47244094488188976,1.0,0.38461538461538464
22987,HyboNet,3,64,0.001,9,88,0.47244094488188976,1.0,0.38461538461538464
22988,HyboNet,3,64,0.001,9,89,0.47244094488188976,1.0,0.38461538461538464
22989,HyboNet,3,64,0.001,9,9,0.5196850393700787,0.7666666666666667,0.5
22990,HyboNet,3,64,0.001,9,90,0.44881889763779526,1.0,0.4230769230769231
22991,HyboNet,3,64,0.001,9,91,0.4330708661417323,1.0,0.4230769230769231
22992,HyboNet,3,64,0.001,9,92,0.4566929133858268,1.0,0.4230769230769231
22993,HyboNet,3,64,0.001,9,93,0.4645669291338583,1.0,0.38461538461538464
22994,HyboNet,3,64,0.001,9,94,0.4645669291338583,1.0,0.38461538461538464
22995,HyboNet,3,64,0.001,9,95,0.4566929133858268,1.0,0.38461538461538464
22996,HyboNet,3,64,0.001,9,96,0.4409448818897638,1.0,0.4230769230769231
22997,HyboNet,3,64,0.001,9,97,0.4015748031496063,1.0,0.4230769230769231
22998,HyboNet,3,64,0.001,9,98,0.3779527559055118,1.0,0.38461538461538464
22999,HyboNet,3,64,0.001,9,99,0.4094488188976378,1.0,0.4230769230769231
23000,HyboNet,3,64,0.005,1,1,0.5354330708661418,0.6,0.5769230769230769
23001,HyboNet,3,64,0.005,1,10,0.5354330708661418,0.6,0.5769230769230769
23002,HyboNet,3,64,0.005,1,100,0.4094488188976378,1.0,0.34615384615384615
23003,HyboNet,3,64,0.005,1,11,0.5354330708661418,0.6,0.5769230769230769
23004,HyboNet,3,64,0.005,1,12,0.5354330708661418,0.6,0.5769230769230769
23005,HyboNet,3,64,0.005,1,13,0.5354330708661418,0.6,0.5769230769230769
23006,HyboNet,3,64,0.005,1,14,0.5354330708661418,0.6,0.5769230769230769
23007,HyboNet,3,64,0.005,1,15,0.5354330708661418,0.6,0.5769230769230769
23008,HyboNet,3,64,0.005,1,16,0.5354330708661418,0.6,0.5769230769230769
23009,HyboNet,3,64,0.005,1,17,0.5354330708661418,0.6,0.5769230769230769
23010,HyboNet,3,64,0.005,1,18,0.5354330708661418,0.6,0.5769230769230769
23011,HyboNet,3,64,0.005,1,19,0.5354330708661418,0.6,0.5769230769230769
23012,HyboNet,3,64,0.005,1,2,0.5354330708661418,0.6,0.5769230769230769
23013,HyboNet,3,64,0.005,1,20,0.5354330708661418,0.6,0.5769230769230769
23014,HyboNet,3,64,0.005,1,21,0.5354330708661418,0.6333333333333333,0.5769230769230769
23015,HyboNet,3,64,0.005,1,22,0.5433070866141733,0.6333333333333333,0.5769230769230769
23016,HyboNet,3,64,0.005,1,23,0.5433070866141733,0.6666666666666666,0.5769230769230769
23017,HyboNet,3,64,0.005,1,24,0.5354330708661418,0.7333333333333333,0.5769230769230769
23018,HyboNet,3,64,0.005,1,25,0.5433070866141733,0.7333333333333333,0.5769230769230769
23019,HyboNet,3,64,0.005,1,26,0.5354330708661418,0.7666666666666667,0.5384615384615384
23020,HyboNet,3,64,0.005,1,27,0.5354330708661418,0.7666666666666667,0.5384615384615384
23021,HyboNet,3,64,0.005,1,28,0.5354330708661418,0.8,0.5769230769230769
23022,HyboNet,3,64,0.005,1,29,0.5590551181102362,0.8,0.5769230769230769
23023,HyboNet,3,64,0.005,1,3,0.5354330708661418,0.6,0.5769230769230769
23024,HyboNet,3,64,0.005,1,30,0.5433070866141733,0.8,0.5769230769230769
23025,HyboNet,3,64,0.005,1,31,0.5590551181102362,0.8333333333333334,0.6153846153846154
23026,HyboNet,3,64,0.005,1,32,0.5433070866141733,0.8333333333333334,0.6153846153846154
23027,HyboNet,3,64,0.005,1,33,0.5433070866141733,0.8333333333333334,0.5769230769230769
23028,HyboNet,3,64,0.005,1,34,0.5433070866141733,0.8333333333333334,0.6153846153846154
23029,HyboNet,3,64,0.005,1,35,0.5354330708661418,0.8333333333333334,0.5384615384615384
23030,HyboNet,3,64,0.005,1,36,0.5196850393700787,0.9,0.5384615384615384
23031,HyboNet,3,64,0.005,1,37,0.49606299212598426,0.9333333333333333,0.5384615384615384
23032,HyboNet,3,64,0.005,1,38,0.4881889763779528,0.9333333333333333,0.46153846153846156
23033,HyboNet,3,64,0.005,1,39,0.49606299212598426,0.9333333333333333,0.46153846153846156
23034,HyboNet,3,64,0.005,1,4,0.5354330708661418,0.6,0.5769230769230769
23035,HyboNet,3,64,0.005,1,40,0.49606299212598426,0.9333333333333333,0.46153846153846156
23036,HyboNet,3,64,0.005,1,41,0.48031496062992124,0.9333333333333333,0.46153846153846156
23037,HyboNet,3,64,0.005,1,42,0.49606299212598426,0.9333333333333333,0.46153846153846156
23038,HyboNet,3,64,0.005,1,43,0.49606299212598426,0.9666666666666667,0.46153846153846156
23039,HyboNet,3,64,0.005,1,44,0.4645669291338583,0.9666666666666667,0.4230769230769231
23040,HyboNet,3,64,0.005,1,45,0.47244094488188976,0.9333333333333333,0.4230769230769231
23041,HyboNet,3,64,0.005,1,46,0.48031496062992124,0.9333333333333333,0.38461538461538464
23042,HyboNet,3,64,0.005,1,47,0.4881889763779528,0.9333333333333333,0.38461538461538464
23043,HyboNet,3,64,0.005,1,48,0.4409448818897638,0.9333333333333333,0.34615384615384615
23044,HyboNet,3,64,0.005,1,49,0.44881889763779526,0.9333333333333333,0.34615384615384615
23045,HyboNet,3,64,0.005,1,5,0.5354330708661418,0.6,0.5769230769230769
23046,HyboNet,3,64,0.005,1,50,0.4645669291338583,0.9333333333333333,0.34615384615384615
23047,HyboNet,3,64,0.005,1,51,0.44881889763779526,0.9333333333333333,0.34615384615384615
23048,HyboNet,3,64,0.005,1,52,0.41732283464566927,0.9333333333333333,0.34615384615384615
23049,HyboNet,3,64,0.005,1,53,0.3937007874015748,0.9666666666666667,0.23076923076923078
23050,HyboNet,3,64,0.005,1,54,0.41732283464566927,0.9666666666666667,0.34615384615384615
23051,HyboNet,3,64,0.005,1,55,0.41732283464566927,0.9666666666666667,0.34615384615384615
23052,HyboNet,3,64,0.005,1,56,0.4251968503937008,0.9666666666666667,0.34615384615384615
23053,HyboNet,3,64,0.005,1,57,0.44881889763779526,0.9333333333333333,0.38461538461538464
23054,HyboNet,3,64,0.005,1,58,0.4409448818897638,0.9333333333333333,0.38461538461538464
23055,HyboNet,3,64,0.005,1,59,0.41732283464566927,0.9666666666666667,0.34615384615384615
23056,HyboNet,3,64,0.005,1,6,0.5354330708661418,0.6,0.5769230769230769
23057,HyboNet,3,64,0.005,1,60,0.3779527559055118,0.9666666666666667,0.2692307692307692
23058,HyboNet,3,64,0.005,1,61,0.3464566929133858,1.0,0.19230769230769232
23059,HyboNet,3,64,0.005,1,62,0.4251968503937008,0.9666666666666667,0.3076923076923077
23060,HyboNet,3,64,0.005,1,63,0.4330708661417323,0.9666666666666667,0.34615384615384615
23061,HyboNet,3,64,0.005,1,64,0.4566929133858268,0.9666666666666667,0.34615384615384615
23062,HyboNet,3,64,0.005,1,65,0.4251968503937008,0.9666666666666667,0.3076923076923077
23063,HyboNet,3,64,0.005,1,66,0.3779527559055118,1.0,0.3076923076923077
23064,HyboNet,3,64,0.005,1,67,0.36220472440944884,1.0,0.23076923076923078
23065,HyboNet,3,64,0.005,1,68,0.33070866141732286,1.0,0.19230769230769232
23066,HyboNet,3,64,0.005,1,69,0.3464566929133858,1.0,0.23076923076923078
23067,HyboNet,3,64,0.005,1,7,0.5354330708661418,0.6,0.5769230769230769
23068,HyboNet,3,64,0.005,1,70,0.3937007874015748,1.0,0.3076923076923077
23069,HyboNet,3,64,0.005,1,71,0.4330708661417323,1.0,0.3076923076923077
23070,HyboNet,3,64,0.005,1,72,0.4330708661417323,1.0,0.3076923076923077
23071,HyboNet,3,64,0.005,1,73,0.41732283464566927,1.0,0.3076923076923077
23072,HyboNet,3,64,0.005,1,74,0.3858267716535433,1.0,0.2692307692307692
23073,HyboNet,3,64,0.005,1,75,0.4015748031496063,1.0,0.34615384615384615
23074,HyboNet,3,64,0.005,1,76,0.3779527559055118,1.0,0.34615384615384615
23075,HyboNet,3,64,0.005,1,77,0.3858267716535433,1.0,0.2692307692307692
23076,HyboNet,3,64,0.005,1,78,0.3937007874015748,1.0,0.3076923076923077
23077,HyboNet,3,64,0.005,1,79,0.3779527559055118,1.0,0.34615384615384615
23078,HyboNet,3,64,0.005,1,8,0.5354330708661418,0.6,0.5769230769230769
23079,HyboNet,3,64,0.005,1,80,0.3700787401574803,1.0,0.23076923076923078
23080,HyboNet,3,64,0.005,1,81,0.3700787401574803,1.0,0.23076923076923078
23081,HyboNet,3,64,0.005,1,82,0.36220472440944884,1.0,0.19230769230769232
23082,HyboNet,3,64,0.005,1,83,0.4094488188976378,1.0,0.3076923076923077
23083,HyboNet,3,64,0.005,1,84,0.4094488188976378,1.0,0.3076923076923077
23084,HyboNet,3,64,0.005,1,85,0.3858267716535433,1.0,0.34615384615384615
23085,HyboNet,3,64,0.005,1,86,0.4015748031496063,1.0,0.34615384615384615
23086,HyboNet,3,64,0.005,1,87,0.4015748031496063,1.0,0.34615384615384615
23087,HyboNet,3,64,0.005,1,88,0.41732283464566927,1.0,0.3076923076923077
23088,HyboNet,3,64,0.005,1,89,0.41732283464566927,1.0,0.3076923076923077
23089,HyboNet,3,64,0.005,1,9,0.5354330708661418,0.6,0.5769230769230769
23090,HyboNet,3,64,0.005,1,90,0.3937007874015748,1.0,0.2692307692307692
23091,HyboNet,3,64,0.005,1,91,0.3700787401574803,1.0,0.19230769230769232
23092,HyboNet,3,64,0.005,1,92,0.3700787401574803,1.0,0.2692307692307692
23093,HyboNet,3,64,0.005,1,93,0.3858267716535433,1.0,0.23076923076923078
23094,HyboNet,3,64,0.005,1,94,0.3543307086614173,1.0,0.2692307692307692
23095,HyboNet,3,64,0.005,1,95,0.4015748031496063,1.0,0.3076923076923077
23096,HyboNet,3,64,0.005,1,96,0.41732283464566927,1.0,0.3076923076923077
23097,HyboNet,3,64,0.005,1,97,0.4094488188976378,1.0,0.3076923076923077
23098,HyboNet,3,64,0.005,1,98,0.3937007874015748,1.0,0.2692307692307692
23099,HyboNet,3,64,0.005,1,99,0.3858267716535433,1.0,0.2692307692307692
23100,HyboNet,3,64,0.005,10,1,0.5354330708661418,0.6,0.5769230769230769
23101,HyboNet,3,64,0.005,10,10,0.5354330708661418,0.6,0.5769230769230769
23102,HyboNet,3,64,0.005,10,100,0.4566929133858268,1.0,0.4230769230769231
23103,HyboNet,3,64,0.005,10,11,0.5354330708661418,0.6,0.5769230769230769
23104,HyboNet,3,64,0.005,10,12,0.5354330708661418,0.6,0.5769230769230769
23105,HyboNet,3,64,0.005,10,13,0.5354330708661418,0.6,0.5769230769230769
23106,HyboNet,3,64,0.005,10,14,0.5354330708661418,0.6,0.5769230769230769
23107,HyboNet,3,64,0.005,10,15,0.5354330708661418,0.6,0.5769230769230769
23108,HyboNet,3,64,0.005,10,16,0.5354330708661418,0.6,0.5769230769230769
23109,HyboNet,3,64,0.005,10,17,0.5354330708661418,0.6,0.5769230769230769
23110,HyboNet,3,64,0.005,10,18,0.5354330708661418,0.6,0.5769230769230769
23111,HyboNet,3,64,0.005,10,19,0.5354330708661418,0.6333333333333333,0.5769230769230769
23112,HyboNet,3,64,0.005,10,2,0.5354330708661418,0.6,0.5769230769230769
23113,HyboNet,3,64,0.005,10,20,0.5354330708661418,0.6666666666666666,0.5769230769230769
23114,HyboNet,3,64,0.005,10,21,0.5354330708661418,0.7333333333333333,0.5769230769230769
23115,HyboNet,3,64,0.005,10,22,0.5354330708661418,0.7333333333333333,0.5384615384615384
23116,HyboNet,3,64,0.005,10,23,0.5354330708661418,0.7666666666666667,0.5384615384615384
23117,HyboNet,3,64,0.005,10,24,0.5433070866141733,0.7666666666666667,0.5769230769230769
23118,HyboNet,3,64,0.005,10,25,0.5433070866141733,0.8,0.5384615384615384
23119,HyboNet,3,64,0.005,10,26,0.5433070866141733,0.7666666666666667,0.5769230769230769
23120,HyboNet,3,64,0.005,10,27,0.5275590551181102,0.7666666666666667,0.5769230769230769
23121,HyboNet,3,64,0.005,10,28,0.5354330708661418,0.8333333333333334,0.5384615384615384
23122,HyboNet,3,64,0.005,10,29,0.5196850393700787,0.8,0.5384615384615384
23123,HyboNet,3,64,0.005,10,3,0.5354330708661418,0.6,0.5769230769230769
23124,HyboNet,3,64,0.005,10,30,0.5196850393700787,0.8,0.5384615384615384
23125,HyboNet,3,64,0.005,10,31,0.5196850393700787,0.8666666666666667,0.5769230769230769
23126,HyboNet,3,64,0.005,10,32,0.5275590551181102,0.8666666666666667,0.5384615384615384
23127,HyboNet,3,64,0.005,10,33,0.5118110236220472,0.8666666666666667,0.5
23128,HyboNet,3,64,0.005,10,34,0.5039370078740157,0.8666666666666667,0.5
23129,HyboNet,3,64,0.005,10,35,0.4881889763779528,0.8666666666666667,0.5
23130,HyboNet,3,64,0.005,10,36,0.49606299212598426,0.8666666666666667,0.5
23131,HyboNet,3,64,0.005,10,37,0.5039370078740157,0.8666666666666667,0.5
23132,HyboNet,3,64,0.005,10,38,0.49606299212598426,0.9,0.5
23133,HyboNet,3,64,0.005,10,39,0.49606299212598426,0.9666666666666667,0.5
23134,HyboNet,3,64,0.005,10,4,0.5354330708661418,0.6,0.5769230769230769
23135,HyboNet,3,64,0.005,10,40,0.49606299212598426,0.9333333333333333,0.5
23136,HyboNet,3,64,0.005,10,41,0.5039370078740157,0.9333333333333333,0.5
23137,HyboNet,3,64,0.005,10,42,0.5039370078740157,0.9333333333333333,0.5769230769230769
23138,HyboNet,3,64,0.005,10,43,0.4881889763779528,0.9333333333333333,0.5
23139,HyboNet,3,64,0.005,10,44,0.49606299212598426,0.9333333333333333,0.5
23140,HyboNet,3,64,0.005,10,45,0.49606299212598426,0.9333333333333333,0.5
23141,HyboNet,3,64,0.005,10,46,0.49606299212598426,0.9333333333333333,0.5
23142,HyboNet,3,64,0.005,10,47,0.4881889763779528,0.9333333333333333,0.46153846153846156
23143,HyboNet,3,64,0.005,10,48,0.47244094488188976,0.9333333333333333,0.46153846153846156
23144,HyboNet,3,64,0.005,10,49,0.49606299212598426,0.9666666666666667,0.46153846153846156
23145,HyboNet,3,64,0.005,10,5,0.5354330708661418,0.6,0.5769230769230769
23146,HyboNet,3,64,0.005,10,50,0.48031496062992124,0.9666666666666667,0.46153846153846156
23147,HyboNet,3,64,0.005,10,51,0.47244094488188976,0.9666666666666667,0.46153846153846156
23148,HyboNet,3,64,0.005,10,52,0.49606299212598426,0.9666666666666667,0.46153846153846156
23149,HyboNet,3,64,0.005,10,53,0.4881889763779528,0.9666666666666667,0.46153846153846156
23150,HyboNet,3,64,0.005,10,54,0.4881889763779528,0.9666666666666667,0.5
23151,HyboNet,3,64,0.005,10,55,0.49606299212598426,1.0,0.5
23152,HyboNet,3,64,0.005,10,56,0.47244094488188976,1.0,0.5
23153,HyboNet,3,64,0.005,10,57,0.48031496062992124,1.0,0.5
23154,HyboNet,3,64,0.005,10,58,0.48031496062992124,1.0,0.5
23155,HyboNet,3,64,0.005,10,59,0.4645669291338583,1.0,0.5
23156,HyboNet,3,64,0.005,10,6,0.5354330708661418,0.6,0.5769230769230769
23157,HyboNet,3,64,0.005,10,60,0.4645669291338583,1.0,0.5
23158,HyboNet,3,64,0.005,10,61,0.48031496062992124,1.0,0.5
23159,HyboNet,3,64,0.005,10,62,0.48031496062992124,0.9666666666666667,0.5
23160,HyboNet,3,64,0.005,10,63,0.48031496062992124,1.0,0.5
23161,HyboNet,3,64,0.005,10,64,0.4566929133858268,1.0,0.4230769230769231
23162,HyboNet,3,64,0.005,10,65,0.4566929133858268,1.0,0.34615384615384615
23163,HyboNet,3,64,0.005,10,66,0.44881889763779526,1.0,0.3076923076923077
23164,HyboNet,3,64,0.005,10,67,0.44881889763779526,1.0,0.38461538461538464
23165,HyboNet,3,64,0.005,10,68,0.4566929133858268,1.0,0.38461538461538464
23166,HyboNet,3,64,0.005,10,69,0.4566929133858268,1.0,0.38461538461538464
23167,HyboNet,3,64,0.005,10,7,0.5354330708661418,0.6,0.5769230769230769
23168,HyboNet,3,64,0.005,10,70,0.44881889763779526,1.0,0.38461538461538464
23169,HyboNet,3,64,0.005,10,71,0.4251968503937008,1.0,0.3076923076923077
23170,HyboNet,3,64,0.005,10,72,0.4409448818897638,1.0,0.3076923076923077
23171,HyboNet,3,64,0.005,10,73,0.4409448818897638,1.0,0.3076923076923077
23172,HyboNet,3,64,0.005,10,74,0.4409448818897638,1.0,0.3076923076923077
23173,HyboNet,3,64,0.005,10,75,0.4330708661417323,1.0,0.3076923076923077
23174,HyboNet,3,64,0.005,10,76,0.4409448818897638,1.0,0.3076923076923077
23175,HyboNet,3,64,0.005,10,77,0.44881889763779526,1.0,0.38461538461538464
23176,HyboNet,3,64,0.005,10,78,0.4409448818897638,1.0,0.38461538461538464
23177,HyboNet,3,64,0.005,10,79,0.4330708661417323,1.0,0.3076923076923077
23178,HyboNet,3,64,0.005,10,8,0.5354330708661418,0.6,0.5769230769230769
23179,HyboNet,3,64,0.005,10,80,0.4330708661417323,1.0,0.3076923076923077
23180,HyboNet,3,64,0.005,10,81,0.4251968503937008,1.0,0.38461538461538464
23181,HyboNet,3,64,0.005,10,82,0.4330708661417323,1.0,0.38461538461538464
23182,HyboNet,3,64,0.005,10,83,0.44881889763779526,1.0,0.38461538461538464
23183,HyboNet,3,64,0.005,10,84,0.4409448818897638,1.0,0.38461538461538464
23184,HyboNet,3,64,0.005,10,85,0.4330708661417323,1.0,0.34615384615384615
23185,HyboNet,3,64,0.005,10,86,0.44881889763779526,1.0,0.4230769230769231
23186,HyboNet,3,64,0.005,10,87,0.44881889763779526,1.0,0.4230769230769231
23187,HyboNet,3,64,0.005,10,88,0.4409448818897638,1.0,0.4230769230769231
23188,HyboNet,3,64,0.005,10,89,0.4330708661417323,1.0,0.38461538461538464
23189,HyboNet,3,64,0.005,10,9,0.5354330708661418,0.6,0.5769230769230769
23190,HyboNet,3,64,0.005,10,90,0.4409448818897638,1.0,0.38461538461538464
23191,HyboNet,3,64,0.005,10,91,0.4409448818897638,1.0,0.4230769230769231
23192,HyboNet,3,64,0.005,10,92,0.4409448818897638,1.0,0.38461538461538464
23193,HyboNet,3,64,0.005,10,93,0.44881889763779526,1.0,0.34615384615384615
23194,HyboNet,3,64,0.005,10,94,0.4566929133858268,1.0,0.38461538461538464
23195,HyboNet,3,64,0.005,10,95,0.4645669291338583,1.0,0.4230769230769231
23196,HyboNet,3,64,0.005,10,96,0.4409448818897638,1.0,0.46153846153846156
23197,HyboNet,3,64,0.005,10,97,0.4409448818897638,1.0,0.46153846153846156
23198,HyboNet,3,64,0.005,10,98,0.4409448818897638,1.0,0.46153846153846156
23199,HyboNet,3,64,0.005,10,99,0.44881889763779526,1.0,0.4230769230769231
23200,HyboNet,3,64,0.005,2,1,0.5354330708661418,0.6,0.5769230769230769
23201,HyboNet,3,64,0.005,2,10,0.5354330708661418,0.6,0.5769230769230769
23202,HyboNet,3,64,0.005,2,100,0.33858267716535434,1.0,0.3076923076923077
23203,HyboNet,3,64,0.005,2,11,0.5354330708661418,0.6,0.5769230769230769
23204,HyboNet,3,64,0.005,2,12,0.5354330708661418,0.6,0.5769230769230769
23205,HyboNet,3,64,0.005,2,13,0.5354330708661418,0.6,0.5769230769230769
23206,HyboNet,3,64,0.005,2,14,0.5354330708661418,0.6,0.5769230769230769
23207,HyboNet,3,64,0.005,2,15,0.5354330708661418,0.6,0.5769230769230769
23208,HyboNet,3,64,0.005,2,16,0.5354330708661418,0.6,0.5769230769230769
23209,HyboNet,3,64,0.005,2,17,0.5354330708661418,0.6,0.5769230769230769
23210,HyboNet,3,64,0.005,2,18,0.5354330708661418,0.6,0.5769230769230769
23211,HyboNet,3,64,0.005,2,19,0.5354330708661418,0.6,0.5769230769230769
23212,HyboNet,3,64,0.005,2,2,0.5354330708661418,0.6,0.5769230769230769
23213,HyboNet,3,64,0.005,2,20,0.5354330708661418,0.6,0.5769230769230769
23214,HyboNet,3,64,0.005,2,21,0.5354330708661418,0.6333333333333333,0.5769230769230769
23215,HyboNet,3,64,0.005,2,22,0.5354330708661418,0.6333333333333333,0.5769230769230769
23216,HyboNet,3,64,0.005,2,23,0.5433070866141733,0.6666666666666666,0.5769230769230769
23217,HyboNet,3,64,0.005,2,24,0.5354330708661418,0.7,0.5769230769230769
23218,HyboNet,3,64,0.005,2,25,0.5275590551181102,0.7666666666666667,0.5769230769230769
23219,HyboNet,3,64,0.005,2,26,0.5354330708661418,0.7666666666666667,0.5384615384615384
23220,HyboNet,3,64,0.005,2,27,0.5354330708661418,0.7666666666666667,0.5384615384615384
23221,HyboNet,3,64,0.005,2,28,0.5354330708661418,0.7666666666666667,0.5384615384615384
23222,HyboNet,3,64,0.005,2,29,0.5433070866141733,0.7666666666666667,0.5384615384615384
23223,HyboNet,3,64,0.005,2,3,0.5354330708661418,0.6,0.5769230769230769
23224,HyboNet,3,64,0.005,2,30,0.5433070866141733,0.7666666666666667,0.5384615384615384
23225,HyboNet,3,64,0.005,2,31,0.5511811023622047,0.8,0.5
23226,HyboNet,3,64,0.005,2,32,0.5433070866141733,0.8,0.5
23227,HyboNet,3,64,0.005,2,33,0.5669291338582677,0.8,0.5384615384615384
23228,HyboNet,3,64,0.005,2,34,0.5354330708661418,0.8333333333333334,0.5
23229,HyboNet,3,64,0.005,2,35,0.5039370078740157,0.9,0.5
23230,HyboNet,3,64,0.005,2,36,0.49606299212598426,0.8666666666666667,0.5
23231,HyboNet,3,64,0.005,2,37,0.5118110236220472,0.9,0.5
23232,HyboNet,3,64,0.005,2,38,0.49606299212598426,0.9333333333333333,0.5384615384615384
23233,HyboNet,3,64,0.005,2,39,0.49606299212598426,0.9,0.5
23234,HyboNet,3,64,0.005,2,4,0.5354330708661418,0.6,0.5769230769230769
23235,HyboNet,3,64,0.005,2,40,0.44881889763779526,0.9,0.5
23236,HyboNet,3,64,0.005,2,41,0.4251968503937008,0.9,0.46153846153846156
23237,HyboNet,3,64,0.005,2,42,0.3937007874015748,0.9333333333333333,0.38461538461538464
23238,HyboNet,3,64,0.005,2,43,0.4015748031496063,0.9333333333333333,0.38461538461538464
23239,HyboNet,3,64,0.005,2,44,0.4094488188976378,0.9333333333333333,0.38461538461538464
23240,HyboNet,3,64,0.005,2,45,0.41732283464566927,0.9333333333333333,0.46153846153846156
23241,HyboNet,3,64,0.005,2,46,0.4015748031496063,0.9333333333333333,0.4230769230769231
23242,HyboNet,3,64,0.005,2,47,0.4015748031496063,0.9333333333333333,0.4230769230769231
23243,HyboNet,3,64,0.005,2,48,0.4251968503937008,0.9333333333333333,0.4230769230769231
23244,HyboNet,3,64,0.005,2,49,0.4251968503937008,0.9333333333333333,0.46153846153846156
23245,HyboNet,3,64,0.005,2,5,0.5354330708661418,0.6,0.5769230769230769
23246,HyboNet,3,64,0.005,2,50,0.4015748031496063,0.9333333333333333,0.4230769230769231
23247,HyboNet,3,64,0.005,2,51,0.3779527559055118,0.9333333333333333,0.34615384615384615
23248,HyboNet,3,64,0.005,2,52,0.3779527559055118,0.9333333333333333,0.34615384615384615
23249,HyboNet,3,64,0.005,2,53,0.3779527559055118,0.9333333333333333,0.38461538461538464
23250,HyboNet,3,64,0.005,2,54,0.3700787401574803,0.9333333333333333,0.34615384615384615
23251,HyboNet,3,64,0.005,2,55,0.36220472440944884,0.9333333333333333,0.34615384615384615
23252,HyboNet,3,64,0.005,2,56,0.33858267716535434,0.9666666666666667,0.3076923076923077
23253,HyboNet,3,64,0.005,2,57,0.3228346456692913,1.0,0.23076923076923078
23254,HyboNet,3,64,0.005,2,58,0.33070866141732286,0.9666666666666667,0.3076923076923077
23255,HyboNet,3,64,0.005,2,59,0.3543307086614173,0.9666666666666667,0.34615384615384615
23256,HyboNet,3,64,0.005,2,6,0.5354330708661418,0.6,0.5769230769230769
23257,HyboNet,3,64,0.005,2,60,0.36220472440944884,0.9333333333333333,0.34615384615384615
23258,HyboNet,3,64,0.005,2,61,0.36220472440944884,0.9333333333333333,0.34615384615384615
23259,HyboNet,3,64,0.005,2,62,0.3464566929133858,0.9333333333333333,0.34615384615384615
23260,HyboNet,3,64,0.005,2,63,0.3464566929133858,0.9333333333333333,0.34615384615384615
23261,HyboNet,3,64,0.005,2,64,0.33070866141732286,0.9333333333333333,0.23076923076923078
23262,HyboNet,3,64,0.005,2,65,0.33858267716535434,0.9333333333333333,0.23076923076923078
23263,HyboNet,3,64,0.005,2,66,0.3228346456692913,0.9333333333333333,0.23076923076923078
23264,HyboNet,3,64,0.005,2,67,0.2992125984251969,1.0,0.23076923076923078
23265,HyboNet,3,64,0.005,2,68,0.31496062992125984,1.0,0.23076923076923078
23266,HyboNet,3,64,0.005,2,69,0.3228346456692913,0.9333333333333333,0.23076923076923078
23267,HyboNet,3,64,0.005,2,7,0.5354330708661418,0.6,0.5769230769230769
23268,HyboNet,3,64,0.005,2,70,0.3228346456692913,0.9333333333333333,0.23076923076923078
23269,HyboNet,3,64,0.005,2,71,0.30708661417322836,1.0,0.23076923076923078
23270,HyboNet,3,64,0.005,2,72,0.36220472440944884,0.9333333333333333,0.34615384615384615
23271,HyboNet,3,64,0.005,2,73,0.4330708661417323,0.9333333333333333,0.4230769230769231
23272,HyboNet,3,64,0.005,2,74,0.4251968503937008,0.9333333333333333,0.4230769230769231
23273,HyboNet,3,64,0.005,2,75,0.4251968503937008,1.0,0.4230769230769231
23274,HyboNet,3,64,0.005,2,76,0.4251968503937008,1.0,0.38461538461538464
23275,HyboNet,3,64,0.005,2,77,0.36220472440944884,1.0,0.3076923076923077
23276,HyboNet,3,64,0.005,2,78,0.3464566929133858,1.0,0.2692307692307692
23277,HyboNet,3,64,0.005,2,79,0.33070866141732286,1.0,0.23076923076923078
23278,HyboNet,3,64,0.005,2,8,0.5354330708661418,0.6,0.5769230769230769
23279,HyboNet,3,64,0.005,2,80,0.2677165354330709,1.0,0.23076923076923078
23280,HyboNet,3,64,0.005,2,81,0.29133858267716534,0.9666666666666667,0.23076923076923078
23281,HyboNet,3,64,0.005,2,82,0.33858267716535434,0.9666666666666667,0.23076923076923078
23282,HyboNet,3,64,0.005,2,83,0.33858267716535434,0.9666666666666667,0.3076923076923077
23283,HyboNet,3,64,0.005,2,84,0.3543307086614173,0.9666666666666667,0.3076923076923077
23284,HyboNet,3,64,0.005,2,85,0.33858267716535434,1.0,0.3076923076923077
23285,HyboNet,3,64,0.005,2,86,0.33070866141732286,1.0,0.23076923076923078
23286,HyboNet,3,64,0.005,2,87,0.29133858267716534,1.0,0.23076923076923078
23287,HyboNet,3,64,0.005,2,88,0.28346456692913385,1.0,0.23076923076923078
23288,HyboNet,3,64,0.005,2,89,0.33070866141732286,1.0,0.23076923076923078
23289,HyboNet,3,64,0.005,2,9,0.5354330708661418,0.6,0.5769230769230769
23290,HyboNet,3,64,0.005,2,90,0.3228346456692913,1.0,0.3076923076923077
23291,HyboNet,3,64,0.005,2,91,0.4094488188976378,1.0,0.3076923076923077
23292,HyboNet,3,64,0.005,2,92,0.41732283464566927,1.0,0.38461538461538464
23293,HyboNet,3,64,0.005,2,93,0.4251968503937008,1.0,0.4230769230769231
23294,HyboNet,3,64,0.005,2,94,0.4094488188976378,1.0,0.34615384615384615
23295,HyboNet,3,64,0.005,2,95,0.3937007874015748,1.0,0.3076923076923077
23296,HyboNet,3,64,0.005,2,96,0.33858267716535434,1.0,0.3076923076923077
23297,HyboNet,3,64,0.005,2,97,0.33858267716535434,1.0,0.23076923076923078
23298,HyboNet,3,64,0.005,2,98,0.30708661417322836,1.0,0.23076923076923078
23299,HyboNet,3,64,0.005,2,99,0.2755905511811024,1.0,0.23076923076923078
23300,HyboNet,3,64,0.005,3,1,0.5354330708661418,0.6,0.5769230769230769
23301,HyboNet,3,64,0.005,3,10,0.5354330708661418,0.6333333333333333,0.5769230769230769
23302,HyboNet,3,64,0.005,3,100,0.4251968503937008,1.0,0.3076923076923077
23303,HyboNet,3,64,0.005,3,11,0.5354330708661418,0.6,0.5769230769230769
23304,HyboNet,3,64,0.005,3,12,0.5354330708661418,0.6,0.5769230769230769
23305,HyboNet,3,64,0.005,3,13,0.5354330708661418,0.6,0.5769230769230769
23306,HyboNet,3,64,0.005,3,14,0.5354330708661418,0.6,0.5769230769230769
23307,HyboNet,3,64,0.005,3,15,0.5354330708661418,0.6333333333333333,0.5769230769230769
23308,HyboNet,3,64,0.005,3,16,0.5433070866141733,0.6333333333333333,0.5769230769230769
23309,HyboNet,3,64,0.005,3,17,0.5433070866141733,0.7333333333333333,0.5769230769230769
23310,HyboNet,3,64,0.005,3,18,0.5433070866141733,0.7333333333333333,0.5384615384615384
23311,HyboNet,3,64,0.005,3,19,0.5354330708661418,0.7666666666666667,0.5384615384615384
23312,HyboNet,3,64,0.005,3,2,0.5354330708661418,0.6,0.5769230769230769
23313,HyboNet,3,64,0.005,3,20,0.5354330708661418,0.7666666666666667,0.5384615384615384
23314,HyboNet,3,64,0.005,3,21,0.5354330708661418,0.7666666666666667,0.5384615384615384
23315,HyboNet,3,64,0.005,3,22,0.5354330708661418,0.7666666666666667,0.5384615384615384
23316,HyboNet,3,64,0.005,3,23,0.5354330708661418,0.7666666666666667,0.5384615384615384
23317,HyboNet,3,64,0.005,3,24,0.5433070866141733,0.8,0.5384615384615384
23318,HyboNet,3,64,0.005,3,25,0.5511811023622047,0.8,0.5769230769230769
23319,HyboNet,3,64,0.005,3,26,0.5196850393700787,0.8,0.5769230769230769
23320,HyboNet,3,64,0.005,3,27,0.5039370078740157,0.9,0.5384615384615384
23321,HyboNet,3,64,0.005,3,28,0.49606299212598426,0.9333333333333333,0.5
23322,HyboNet,3,64,0.005,3,29,0.5039370078740157,0.9333333333333333,0.5
23323,HyboNet,3,64,0.005,3,3,0.5354330708661418,0.6,0.5769230769230769
23324,HyboNet,3,64,0.005,3,30,0.49606299212598426,0.8333333333333334,0.5
23325,HyboNet,3,64,0.005,3,31,0.48031496062992124,0.8333333333333334,0.5
23326,HyboNet,3,64,0.005,3,32,0.48031496062992124,0.9,0.5
23327,HyboNet,3,64,0.005,3,33,0.4645669291338583,0.9,0.5
23328,HyboNet,3,64,0.005,3,34,0.4645669291338583,0.9,0.5
23329,HyboNet,3,64,0.005,3,35,0.4566929133858268,0.9333333333333333,0.5
23330,HyboNet,3,64,0.005,3,36,0.4566929133858268,0.9,0.5
23331,HyboNet,3,64,0.005,3,37,0.4645669291338583,0.9333333333333333,0.5
23332,HyboNet,3,64,0.005,3,38,0.48031496062992124,0.9666666666666667,0.5
23333,HyboNet,3,64,0.005,3,39,0.48031496062992124,0.9333333333333333,0.5
23334,HyboNet,3,64,0.005,3,4,0.5354330708661418,0.6,0.5769230769230769
23335,HyboNet,3,64,0.005,3,40,0.48031496062992124,0.9333333333333333,0.5
23336,HyboNet,3,64,0.005,3,41,0.4645669291338583,0.9666666666666667,0.5
23337,HyboNet,3,64,0.005,3,42,0.4566929133858268,0.9666666666666667,0.5
23338,HyboNet,3,64,0.005,3,43,0.4566929133858268,0.9666666666666667,0.46153846153846156
23339,HyboNet,3,64,0.005,3,44,0.44881889763779526,0.9666666666666667,0.5
23340,HyboNet,3,64,0.005,3,45,0.4645669291338583,0.9666666666666667,0.5
23341,HyboNet,3,64,0.005,3,46,0.4881889763779528,0.9666666666666667,0.5
23342,HyboNet,3,64,0.005,3,47,0.48031496062992124,0.9666666666666667,0.5
23343,HyboNet,3,64,0.005,3,48,0.48031496062992124,0.9666666666666667,0.5
23344,HyboNet,3,64,0.005,3,49,0.49606299212598426,0.9666666666666667,0.5
23345,HyboNet,3,64,0.005,3,5,0.5354330708661418,0.6333333333333333,0.5769230769230769
23346,HyboNet,3,64,0.005,3,50,0.4409448818897638,0.9666666666666667,0.46153846153846156
23347,HyboNet,3,64,0.005,3,51,0.4094488188976378,0.9666666666666667,0.38461538461538464
23348,HyboNet,3,64,0.005,3,52,0.4094488188976378,0.9666666666666667,0.38461538461538464
23349,HyboNet,3,64,0.005,3,53,0.4330708661417323,0.9333333333333333,0.46153846153846156
23350,HyboNet,3,64,0.005,3,54,0.4409448818897638,1.0,0.5
23351,HyboNet,3,64,0.005,3,55,0.41732283464566927,1.0,0.5384615384615384
23352,HyboNet,3,64,0.005,3,56,0.4094488188976378,1.0,0.4230769230769231
23353,HyboNet,3,64,0.005,3,57,0.4330708661417323,1.0,0.4230769230769231
23354,HyboNet,3,64,0.005,3,58,0.4645669291338583,1.0,0.5384615384615384
23355,HyboNet,3,64,0.005,3,59,0.4881889763779528,0.9666666666666667,0.5384615384615384
23356,HyboNet,3,64,0.005,3,6,0.5433070866141733,0.7666666666666667,0.6153846153846154
23357,HyboNet,3,64,0.005,3,60,0.48031496062992124,0.9666666666666667,0.5384615384615384
23358,HyboNet,3,64,0.005,3,61,0.4566929133858268,1.0,0.5384615384615384
23359,HyboNet,3,64,0.005,3,62,0.4251968503937008,1.0,0.4230769230769231
23360,HyboNet,3,64,0.005,3,63,0.3779527559055118,1.0,0.3076923076923077
23361,HyboNet,3,64,0.005,3,64,0.3464566929133858,1.0,0.2692307692307692
23362,HyboNet,3,64,0.005,3,65,0.3543307086614173,1.0,0.3076923076923077
23363,HyboNet,3,64,0.005,3,66,0.3937007874015748,1.0,0.4230769230769231
23364,HyboNet,3,64,0.005,3,67,0.41732283464566927,1.0,0.46153846153846156
23365,HyboNet,3,64,0.005,3,68,0.41732283464566927,1.0,0.5
23366,HyboNet,3,64,0.005,3,69,0.4251968503937008,1.0,0.46153846153846156
23367,HyboNet,3,64,0.005,3,7,0.5590551181102362,0.7666666666666667,0.5769230769230769
23368,HyboNet,3,64,0.005,3,70,0.4015748031496063,1.0,0.4230769230769231
23369,HyboNet,3,64,0.005,3,71,0.3858267716535433,1.0,0.34615384615384615
23370,HyboNet,3,64,0.005,3,72,0.3700787401574803,1.0,0.23076923076923078
23371,HyboNet,3,64,0.005,3,73,0.3700787401574803,1.0,0.3076923076923077
23372,HyboNet,3,64,0.005,3,74,0.3543307086614173,1.0,0.34615384615384615
23373,HyboNet,3,64,0.005,3,75,0.3779527559055118,1.0,0.34615384615384615
23374,HyboNet,3,64,0.005,3,76,0.3937007874015748,1.0,0.34615384615384615
23375,HyboNet,3,64,0.005,3,77,0.4094488188976378,1.0,0.34615384615384615
23376,HyboNet,3,64,0.005,3,78,0.4094488188976378,1.0,0.38461538461538464
23377,HyboNet,3,64,0.005,3,79,0.4015748031496063,1.0,0.38461538461538464
23378,HyboNet,3,64,0.005,3,8,0.5354330708661418,0.7333333333333333,0.5384615384615384
23379,HyboNet,3,64,0.005,3,80,0.4015748031496063,1.0,0.34615384615384615
23380,HyboNet,3,64,0.005,3,81,0.41732283464566927,1.0,0.3076923076923077
23381,HyboNet,3,64,0.005,3,82,0.3937007874015748,1.0,0.3076923076923077
23382,HyboNet,3,64,0.005,3,83,0.4015748031496063,1.0,0.34615384615384615
23383,HyboNet,3,64,0.005,3,84,0.41732283464566927,1.0,0.3076923076923077
23384,HyboNet,3,64,0.005,3,85,0.4015748031496063,1.0,0.2692307692307692
23385,HyboNet,3,64,0.005,3,86,0.4251968503937008,1.0,0.3076923076923077
23386,HyboNet,3,64,0.005,3,87,0.4251968503937008,1.0,0.38461538461538464
23387,HyboNet,3,64,0.005,3,88,0.4330708661417323,1.0,0.4230769230769231
23388,HyboNet,3,64,0.005,3,89,0.4330708661417323,1.0,0.4230769230769231
23389,HyboNet,3,64,0.005,3,9,0.5433070866141733,0.6333333333333333,0.5769230769230769
23390,HyboNet,3,64,0.005,3,90,0.4094488188976378,1.0,0.38461538461538464
23391,HyboNet,3,64,0.005,3,91,0.4251968503937008,1.0,0.34615384615384615
23392,HyboNet,3,64,0.005,3,92,0.4251968503937008,1.0,0.38461538461538464
23393,HyboNet,3,64,0.005,3,93,0.4094488188976378,1.0,0.4230769230769231
23394,HyboNet,3,64,0.005,3,94,0.4094488188976378,1.0,0.34615384615384615
23395,HyboNet,3,64,0.005,3,95,0.4094488188976378,1.0,0.2692307692307692
23396,HyboNet,3,64,0.005,3,96,0.3937007874015748,1.0,0.23076923076923078
23397,HyboNet,3,64,0.005,3,97,0.4330708661417323,1.0,0.3076923076923077
23398,HyboNet,3,64,0.005,3,98,0.4094488188976378,1.0,0.3076923076923077
23399,HyboNet,3,64,0.005,3,99,0.4015748031496063,1.0,0.3076923076923077
23400,HyboNet,3,64,0.005,4,1,0.5354330708661418,0.6,0.5769230769230769
23401,HyboNet,3,64,0.005,4,10,0.5354330708661418,0.6,0.5769230769230769
23402,HyboNet,3,64,0.005,4,100,0.4409448818897638,1.0,0.38461538461538464
23403,HyboNet,3,64,0.005,4,11,0.5354330708661418,0.6,0.5769230769230769
23404,HyboNet,3,64,0.005,4,12,0.5354330708661418,0.6,0.5769230769230769
23405,HyboNet,3,64,0.005,4,13,0.5354330708661418,0.6333333333333333,0.5769230769230769
23406,HyboNet,3,64,0.005,4,14,0.5433070866141733,0.6666666666666666,0.5769230769230769
23407,HyboNet,3,64,0.005,4,15,0.5354330708661418,0.7,0.5769230769230769
23408,HyboNet,3,64,0.005,4,16,0.5354330708661418,0.7333333333333333,0.5769230769230769
23409,HyboNet,3,64,0.005,4,17,0.5433070866141733,0.7333333333333333,0.5769230769230769
23410,HyboNet,3,64,0.005,4,18,0.5354330708661418,0.7666666666666667,0.5384615384615384
23411,HyboNet,3,64,0.005,4,19,0.5275590551181102,0.7666666666666667,0.5384615384615384
23412,HyboNet,3,64,0.005,4,2,0.5354330708661418,0.6,0.5769230769230769
23413,HyboNet,3,64,0.005,4,20,0.5354330708661418,0.7666666666666667,0.5384615384615384
23414,HyboNet,3,64,0.005,4,21,0.5590551181102362,0.7666666666666667,0.5
23415,HyboNet,3,64,0.005,4,22,0.5590551181102362,0.8,0.5384615384615384
23416,HyboNet,3,64,0.005,4,23,0.4881889763779528,0.8,0.5
23417,HyboNet,3,64,0.005,4,24,0.5039370078740157,0.8,0.5
23418,HyboNet,3,64,0.005,4,25,0.5039370078740157,0.8,0.5
23419,HyboNet,3,64,0.005,4,26,0.49606299212598426,0.8,0.5
23420,HyboNet,3,64,0.005,4,27,0.48031496062992124,0.8666666666666667,0.5
23421,HyboNet,3,64,0.005,4,28,0.48031496062992124,0.8666666666666667,0.5
23422,HyboNet,3,64,0.005,4,29,0.47244094488188976,0.9,0.5384615384615384
23423,HyboNet,3,64,0.005,4,3,0.5354330708661418,0.6,0.5769230769230769
23424,HyboNet,3,64,0.005,4,30,0.47244094488188976,0.9333333333333333,0.5
23425,HyboNet,3,64,0.005,4,31,0.41732283464566927,0.9333333333333333,0.46153846153846156
23426,HyboNet,3,64,0.005,4,32,0.4094488188976378,0.9333333333333333,0.46153846153846156
23427,HyboNet,3,64,0.005,4,33,0.4094488188976378,0.9333333333333333,0.46153846153846156
23428,HyboNet,3,64,0.005,4,34,0.4645669291338583,1.0,0.46153846153846156
23429,HyboNet,3,64,0.005,4,35,0.47244094488188976,1.0,0.46153846153846156
23430,HyboNet,3,64,0.005,4,36,0.4645669291338583,1.0,0.46153846153846156
23431,HyboNet,3,64,0.005,4,37,0.44881889763779526,0.9666666666666667,0.4230769230769231
23432,HyboNet,3,64,0.005,4,38,0.3779527559055118,0.9666666666666667,0.3076923076923077
23433,HyboNet,3,64,0.005,4,39,0.4330708661417323,0.9666666666666667,0.4230769230769231
23434,HyboNet,3,64,0.005,4,4,0.5275590551181102,0.6666666666666666,0.5769230769230769
23435,HyboNet,3,64,0.005,4,40,0.49606299212598426,0.9333333333333333,0.46153846153846156
23436,HyboNet,3,64,0.005,4,41,0.5039370078740157,0.9333333333333333,0.46153846153846156
23437,HyboNet,3,64,0.005,4,42,0.4566929133858268,0.9333333333333333,0.4230769230769231
23438,HyboNet,3,64,0.005,4,43,0.3779527559055118,0.9666666666666667,0.3076923076923077
23439,HyboNet,3,64,0.005,4,44,0.4330708661417323,1.0,0.38461538461538464
23440,HyboNet,3,64,0.005,4,45,0.44881889763779526,1.0,0.4230769230769231
23441,HyboNet,3,64,0.005,4,46,0.4251968503937008,1.0,0.34615384615384615
23442,HyboNet,3,64,0.005,4,47,0.4881889763779528,1.0,0.38461538461538464
23443,HyboNet,3,64,0.005,4,48,0.4409448818897638,1.0,0.38461538461538464
23444,HyboNet,3,64,0.005,4,49,0.3858267716535433,1.0,0.2692307692307692
23445,HyboNet,3,64,0.005,4,5,0.5275590551181102,0.6666666666666666,0.5769230769230769
23446,HyboNet,3,64,0.005,4,50,0.36220472440944884,1.0,0.23076923076923078
23447,HyboNet,3,64,0.005,4,51,0.4330708661417323,1.0,0.3076923076923077
23448,HyboNet,3,64,0.005,4,52,0.47244094488188976,1.0,0.4230769230769231
23449,HyboNet,3,64,0.005,4,53,0.47244094488188976,1.0,0.4230769230769231
23450,HyboNet,3,64,0.005,4,54,0.4645669291338583,1.0,0.38461538461538464
23451,HyboNet,3,64,0.005,4,55,0.4094488188976378,1.0,0.3076923076923077
23452,HyboNet,3,64,0.005,4,56,0.3858267716535433,1.0,0.2692307692307692
23453,HyboNet,3,64,0.005,4,57,0.41732283464566927,1.0,0.34615384615384615
23454,HyboNet,3,64,0.005,4,58,0.48031496062992124,1.0,0.38461538461538464
23455,HyboNet,3,64,0.005,4,59,0.47244094488188976,1.0,0.4230769230769231
23456,HyboNet,3,64,0.005,4,6,0.5433070866141733,0.6333333333333333,0.5769230769230769
23457,HyboNet,3,64,0.005,4,60,0.44881889763779526,1.0,0.38461538461538464
23458,HyboNet,3,64,0.005,4,61,0.4330708661417323,1.0,0.34615384615384615
23459,HyboNet,3,64,0.005,4,62,0.4330708661417323,1.0,0.34615384615384615
23460,HyboNet,3,64,0.005,4,63,0.41732283464566927,1.0,0.3076923076923077
23461,HyboNet,3,64,0.005,4,64,0.4251968503937008,1.0,0.34615384615384615
23462,HyboNet,3,64,0.005,4,65,0.4409448818897638,1.0,0.34615384615384615
23463,HyboNet,3,64,0.005,4,66,0.4409448818897638,1.0,0.34615384615384615
23464,HyboNet,3,64,0.005,4,67,0.4330708661417323,1.0,0.3076923076923077
23465,HyboNet,3,64,0.005,4,68,0.4094488188976378,1.0,0.3076923076923077
23466,HyboNet,3,64,0.005,4,69,0.3779527559055118,1.0,0.2692307692307692
23467,HyboNet,3,64,0.005,4,7,0.5354330708661418,0.6,0.5769230769230769
23468,HyboNet,3,64,0.005,4,70,0.4015748031496063,1.0,0.3076923076923077
23469,HyboNet,3,64,0.005,4,71,0.4251968503937008,1.0,0.38461538461538464
23470,HyboNet,3,64,0.005,4,72,0.44881889763779526,1.0,0.34615384615384615
23471,HyboNet,3,64,0.005,4,73,0.4566929133858268,1.0,0.38461538461538464
23472,HyboNet,3,64,0.005,4,74,0.44881889763779526,1.0,0.38461538461538464
23473,HyboNet,3,64,0.005,4,75,0.4645669291338583,1.0,0.38461538461538464
23474,HyboNet,3,64,0.005,4,76,0.4645669291338583,1.0,0.38461538461538464
23475,HyboNet,3,64,0.005,4,77,0.47244094488188976,1.0,0.38461538461538464
23476,HyboNet,3,64,0.005,4,78,0.4409448818897638,1.0,0.34615384615384615
23477,HyboNet,3,64,0.005,4,79,0.4015748031496063,1.0,0.34615384615384615
23478,HyboNet,3,64,0.005,4,8,0.5354330708661418,0.6,0.5769230769230769
23479,HyboNet,3,64,0.005,4,80,0.4094488188976378,1.0,0.3076923076923077
23480,HyboNet,3,64,0.005,4,81,0.4409448818897638,1.0,0.34615384615384615
23481,HyboNet,3,64,0.005,4,82,0.44881889763779526,1.0,0.34615384615384615
23482,HyboNet,3,64,0.005,4,83,0.4330708661417323,1.0,0.38461538461538464
23483,HyboNet,3,64,0.005,4,84,0.4409448818897638,1.0,0.38461538461538464
23484,HyboNet,3,64,0.005,4,85,0.4566929133858268,1.0,0.38461538461538464
23485,HyboNet,3,64,0.005,4,86,0.44881889763779526,1.0,0.34615384615384615
23486,HyboNet,3,64,0.005,4,87,0.4409448818897638,1.0,0.34615384615384615
23487,HyboNet,3,64,0.005,4,88,0.4251968503937008,1.0,0.34615384615384615
23488,HyboNet,3,64,0.005,4,89,0.4251968503937008,1.0,0.3076923076923077
23489,HyboNet,3,64,0.005,4,9,0.5354330708661418,0.6,0.5769230769230769
23490,HyboNet,3,64,0.005,4,90,0.4094488188976378,1.0,0.2692307692307692
23491,HyboNet,3,64,0.005,4,91,0.4094488188976378,1.0,0.2692307692307692
23492,HyboNet,3,64,0.005,4,92,0.4251968503937008,1.0,0.34615384615384615
23493,HyboNet,3,64,0.005,4,93,0.44881889763779526,1.0,0.34615384615384615
23494,HyboNet,3,64,0.005,4,94,0.4409448818897638,1.0,0.34615384615384615
23495,HyboNet,3,64,0.005,4,95,0.4409448818897638,1.0,0.34615384615384615
23496,HyboNet,3,64,0.005,4,96,0.4330708661417323,1.0,0.34615384615384615
23497,HyboNet,3,64,0.005,4,97,0.4330708661417323,1.0,0.3076923076923077
23498,HyboNet,3,64,0.005,4,98,0.4094488188976378,1.0,0.34615384615384615
23499,HyboNet,3,64,0.005,4,99,0.4330708661417323,1.0,0.34615384615384615
23500,HyboNet,3,64,0.005,5,1,0.5354330708661418,0.6,0.5769230769230769
23501,HyboNet,3,64,0.005,5,10,0.5354330708661418,0.6,0.5769230769230769
23502,HyboNet,3,64,0.005,5,100,0.4094488188976378,1.0,0.4230769230769231
23503,HyboNet,3,64,0.005,5,11,0.5354330708661418,0.6,0.5769230769230769
23504,HyboNet,3,64,0.005,5,12,0.5354330708661418,0.6,0.5769230769230769
23505,HyboNet,3,64,0.005,5,13,0.5354330708661418,0.6,0.5769230769230769
23506,HyboNet,3,64,0.005,5,14,0.5354330708661418,0.6,0.5769230769230769
23507,HyboNet,3,64,0.005,5,15,0.5354330708661418,0.6,0.5769230769230769
23508,HyboNet,3,64,0.005,5,16,0.5354330708661418,0.6,0.5769230769230769
23509,HyboNet,3,64,0.005,5,17,0.5354330708661418,0.6,0.5769230769230769
23510,HyboNet,3,64,0.005,5,18,0.5354330708661418,0.6,0.5769230769230769
23511,HyboNet,3,64,0.005,5,19,0.5354330708661418,0.6,0.5769230769230769
23512,HyboNet,3,64,0.005,5,2,0.5354330708661418,0.6,0.5769230769230769
23513,HyboNet,3,64,0.005,5,20,0.5354330708661418,0.6333333333333333,0.5769230769230769
23514,HyboNet,3,64,0.005,5,21,0.5354330708661418,0.6333333333333333,0.5769230769230769
23515,HyboNet,3,64,0.005,5,22,0.5354330708661418,0.6333333333333333,0.5769230769230769
23516,HyboNet,3,64,0.005,5,23,0.5433070866141733,0.6666666666666666,0.5769230769230769
23517,HyboNet,3,64,0.005,5,24,0.5354330708661418,0.7,0.5769230769230769
23518,HyboNet,3,64,0.005,5,25,0.5433070866141733,0.7666666666666667,0.5384615384615384
23519,HyboNet,3,64,0.005,5,26,0.5275590551181102,0.8333333333333334,0.5384615384615384
23520,HyboNet,3,64,0.005,5,27,0.5196850393700787,0.8333333333333334,0.5384615384615384
23521,HyboNet,3,64,0.005,5,28,0.49606299212598426,0.8333333333333334,0.5
23522,HyboNet,3,64,0.005,5,29,0.5196850393700787,0.8,0.5
23523,HyboNet,3,64,0.005,5,3,0.5354330708661418,0.6,0.5769230769230769
23524,HyboNet,3,64,0.005,5,30,0.5118110236220472,0.8,0.5
23525,HyboNet,3,64,0.005,5,31,0.5196850393700787,0.8333333333333334,0.5384615384615384
23526,HyboNet,3,64,0.005,5,32,0.5275590551181102,0.8666666666666667,0.5384615384615384
23527,HyboNet,3,64,0.005,5,33,0.5118110236220472,0.9,0.5
23528,HyboNet,3,64,0.005,5,34,0.5039370078740157,0.9,0.5
23529,HyboNet,3,64,0.005,5,35,0.4645669291338583,0.9333333333333333,0.46153846153846156
23530,HyboNet,3,64,0.005,5,36,0.4566929133858268,0.9333333333333333,0.46153846153846156
23531,HyboNet,3,64,0.005,5,37,0.4566929133858268,0.9333333333333333,0.5
23532,HyboNet,3,64,0.005,5,38,0.4330708661417323,0.9333333333333333,0.5
23533,HyboNet,3,64,0.005,5,39,0.44881889763779526,0.9666666666666667,0.5
23534,HyboNet,3,64,0.005,5,4,0.5354330708661418,0.6,0.5769230769230769
23535,HyboNet,3,64,0.005,5,40,0.44881889763779526,0.9666666666666667,0.5
23536,HyboNet,3,64,0.005,5,41,0.4409448818897638,0.9333333333333333,0.46153846153846156
23537,HyboNet,3,64,0.005,5,42,0.44881889763779526,0.9666666666666667,0.46153846153846156
23538,HyboNet,3,64,0.005,5,43,0.4409448818897638,0.9666666666666667,0.46153846153846156
23539,HyboNet,3,64,0.005,5,44,0.44881889763779526,0.9333333333333333,0.46153846153846156
23540,HyboNet,3,64,0.005,5,45,0.44881889763779526,0.9333333333333333,0.5
23541,HyboNet,3,64,0.005,5,46,0.4566929133858268,0.9333333333333333,0.5
23542,HyboNet,3,64,0.005,5,47,0.4645669291338583,0.9666666666666667,0.5
23543,HyboNet,3,64,0.005,5,48,0.44881889763779526,0.9666666666666667,0.5
23544,HyboNet,3,64,0.005,5,49,0.44881889763779526,0.9666666666666667,0.46153846153846156
23545,HyboNet,3,64,0.005,5,5,0.5354330708661418,0.6,0.5769230769230769
23546,HyboNet,3,64,0.005,5,50,0.44881889763779526,1.0,0.46153846153846156
23547,HyboNet,3,64,0.005,5,51,0.44881889763779526,1.0,0.46153846153846156
23548,HyboNet,3,64,0.005,5,52,0.44881889763779526,1.0,0.5
23549,HyboNet,3,64,0.005,5,53,0.44881889763779526,1.0,0.5
23550,HyboNet,3,64,0.005,5,54,0.4409448818897638,1.0,0.5
23551,HyboNet,3,64,0.005,5,55,0.44881889763779526,1.0,0.5
23552,HyboNet,3,64,0.005,5,56,0.44881889763779526,1.0,0.46153846153846156
23553,HyboNet,3,64,0.005,5,57,0.4330708661417323,1.0,0.46153846153846156
23554,HyboNet,3,64,0.005,5,58,0.4330708661417323,1.0,0.46153846153846156
23555,HyboNet,3,64,0.005,5,59,0.4015748031496063,1.0,0.46153846153846156
23556,HyboNet,3,64,0.005,5,6,0.5354330708661418,0.6,0.5769230769230769
23557,HyboNet,3,64,0.005,5,60,0.4015748031496063,1.0,0.46153846153846156
23558,HyboNet,3,64,0.005,5,61,0.4015748031496063,1.0,0.4230769230769231
23559,HyboNet,3,64,0.005,5,62,0.4251968503937008,1.0,0.38461538461538464
23560,HyboNet,3,64,0.005,5,63,0.41732283464566927,1.0,0.38461538461538464
23561,HyboNet,3,64,0.005,5,64,0.4015748031496063,1.0,0.38461538461538464
23562,HyboNet,3,64,0.005,5,65,0.3858267716535433,1.0,0.3076923076923077
23563,HyboNet,3,64,0.005,5,66,0.36220472440944884,1.0,0.2692307692307692
23564,HyboNet,3,64,0.005,5,67,0.3858267716535433,1.0,0.34615384615384615
23565,HyboNet,3,64,0.005,5,68,0.36220472440944884,1.0,0.34615384615384615
23566,HyboNet,3,64,0.005,5,69,0.36220472440944884,1.0,0.34615384615384615
23567,HyboNet,3,64,0.005,5,7,0.5354330708661418,0.6,0.5769230769230769
23568,HyboNet,3,64,0.005,5,70,0.33858267716535434,1.0,0.34615384615384615
23569,HyboNet,3,64,0.005,5,71,0.3543307086614173,1.0,0.34615384615384615
23570,HyboNet,3,64,0.005,5,72,0.3858267716535433,1.0,0.34615384615384615
23571,HyboNet,3,64,0.005,5,73,0.4015748031496063,1.0,0.34615384615384615
23572,HyboNet,3,64,0.005,5,74,0.3858267716535433,1.0,0.38461538461538464
23573,HyboNet,3,64,0.005,5,75,0.3937007874015748,1.0,0.38461538461538464
23574,HyboNet,3,64,0.005,5,76,0.3858267716535433,1.0,0.38461538461538464
23575,HyboNet,3,64,0.005,5,77,0.3858267716535433,1.0,0.38461538461538464
23576,HyboNet,3,64,0.005,5,78,0.3937007874015748,1.0,0.38461538461538464
23577,HyboNet,3,64,0.005,5,79,0.4094488188976378,1.0,0.38461538461538464
23578,HyboNet,3,64,0.005,5,8,0.5354330708661418,0.6,0.5769230769230769
23579,HyboNet,3,64,0.005,5,80,0.4094488188976378,1.0,0.4230769230769231
23580,HyboNet,3,64,0.005,5,81,0.4015748031496063,1.0,0.38461538461538464
23581,HyboNet,3,64,0.005,5,82,0.3543307086614173,1.0,0.3076923076923077
23582,HyboNet,3,64,0.005,5,83,0.36220472440944884,1.0,0.3076923076923077
23583,HyboNet,3,64,0.005,5,84,0.3858267716535433,1.0,0.34615384615384615
23584,HyboNet,3,64,0.005,5,85,0.4015748031496063,1.0,0.38461538461538464
23585,HyboNet,3,64,0.005,5,86,0.3779527559055118,1.0,0.38461538461538464
23586,HyboNet,3,64,0.005,5,87,0.3779527559055118,1.0,0.3076923076923077
23587,HyboNet,3,64,0.005,5,88,0.4015748031496063,1.0,0.34615384615384615
23588,HyboNet,3,64,0.005,5,89,0.3937007874015748,1.0,0.34615384615384615
23589,HyboNet,3,64,0.005,5,9,0.5354330708661418,0.6,0.5769230769230769
23590,HyboNet,3,64,0.005,5,90,0.3858267716535433,1.0,0.34615384615384615
23591,HyboNet,3,64,0.005,5,91,0.3700787401574803,1.0,0.34615384615384615
23592,HyboNet,3,64,0.005,5,92,0.3700787401574803,1.0,0.34615384615384615
23593,HyboNet,3,64,0.005,5,93,0.3700787401574803,1.0,0.34615384615384615
23594,HyboNet,3,64,0.005,5,94,0.3700787401574803,1.0,0.34615384615384615
23595,HyboNet,3,64,0.005,5,95,0.3464566929133858,1.0,0.3076923076923077
23596,HyboNet,3,64,0.005,5,96,0.36220472440944884,1.0,0.3076923076923077
23597,HyboNet,3,64,0.005,5,97,0.3937007874015748,1.0,0.34615384615384615
23598,HyboNet,3,64,0.005,5,98,0.3937007874015748,1.0,0.38461538461538464
23599,HyboNet,3,64,0.005,5,99,0.4015748031496063,1.0,0.34615384615384615
23600,HyboNet,3,64,0.005,6,1,0.5354330708661418,0.6,0.5769230769230769
23601,HyboNet,3,64,0.005,6,10,0.5354330708661418,0.6666666666666666,0.5769230769230769
23602,HyboNet,3,64,0.005,6,100,0.3543307086614173,1.0,0.2692307692307692
23603,HyboNet,3,64,0.005,6,11,0.5354330708661418,0.6333333333333333,0.5769230769230769
23604,HyboNet,3,64,0.005,6,12,0.5354330708661418,0.6333333333333333,0.5769230769230769
23605,HyboNet,3,64,0.005,6,13,0.5354330708661418,0.6666666666666666,0.5769230769230769
23606,HyboNet,3,64,0.005,6,14,0.5433070866141733,0.7,0.5769230769230769
23607,HyboNet,3,64,0.005,6,15,0.5354330708661418,0.7666666666666667,0.5769230769230769
23608,HyboNet,3,64,0.005,6,16,0.5433070866141733,0.8,0.5384615384615384
23609,HyboNet,3,64,0.005,6,17,0.5511811023622047,0.8333333333333334,0.5
23610,HyboNet,3,64,0.005,6,18,0.5511811023622047,0.8333333333333334,0.5384615384615384
23611,HyboNet,3,64,0.005,6,19,0.5590551181102362,0.8,0.5384615384615384
23612,HyboNet,3,64,0.005,6,2,0.5354330708661418,0.6,0.5769230769230769
23613,HyboNet,3,64,0.005,6,20,0.5590551181102362,0.8,0.5384615384615384
23614,HyboNet,3,64,0.005,6,21,0.5590551181102362,0.8,0.5769230769230769
23615,HyboNet,3,64,0.005,6,22,0.5590551181102362,0.8,0.5384615384615384
23616,HyboNet,3,64,0.005,6,23,0.5669291338582677,0.8,0.5769230769230769
23617,HyboNet,3,64,0.005,6,24,0.5511811023622047,0.8333333333333334,0.5384615384615384
23618,HyboNet,3,64,0.005,6,25,0.5196850393700787,0.8333333333333334,0.5384615384615384
23619,HyboNet,3,64,0.005,6,26,0.5039370078740157,0.8666666666666667,0.5
23620,HyboNet,3,64,0.005,6,27,0.5039370078740157,0.9,0.5
23621,HyboNet,3,64,0.005,6,28,0.5196850393700787,0.9,0.5384615384615384
23622,HyboNet,3,64,0.005,6,29,0.5354330708661418,0.9333333333333333,0.5
23623,HyboNet,3,64,0.005,6,3,0.5354330708661418,0.6,0.5769230769230769
23624,HyboNet,3,64,0.005,6,30,0.5196850393700787,0.9333333333333333,0.5
23625,HyboNet,3,64,0.005,6,31,0.4881889763779528,0.9333333333333333,0.5
23626,HyboNet,3,64,0.005,6,32,0.47244094488188976,0.9333333333333333,0.5384615384615384
23627,HyboNet,3,64,0.005,6,33,0.48031496062992124,0.9333333333333333,0.5
23628,HyboNet,3,64,0.005,6,34,0.48031496062992124,0.9333333333333333,0.5384615384615384
23629,HyboNet,3,64,0.005,6,35,0.49606299212598426,0.9333333333333333,0.5384615384615384
23630,HyboNet,3,64,0.005,6,36,0.49606299212598426,0.9333333333333333,0.5384615384615384
23631,HyboNet,3,64,0.005,6,37,0.4881889763779528,0.9,0.5
23632,HyboNet,3,64,0.005,6,38,0.48031496062992124,0.9,0.4230769230769231
23633,HyboNet,3,64,0.005,6,39,0.5039370078740157,0.9,0.5
23634,HyboNet,3,64,0.005,6,4,0.5354330708661418,0.6,0.5769230769230769
23635,HyboNet,3,64,0.005,6,40,0.5039370078740157,0.9333333333333333,0.5384615384615384
23636,HyboNet,3,64,0.005,6,41,0.49606299212598426,0.9333333333333333,0.5384615384615384
23637,HyboNet,3,64,0.005,6,42,0.4881889763779528,0.9333333333333333,0.5384615384615384
23638,HyboNet,3,64,0.005,6,43,0.4881889763779528,0.9333333333333333,0.5
23639,HyboNet,3,64,0.005,6,44,0.49606299212598426,0.9333333333333333,0.46153846153846156
23640,HyboNet,3,64,0.005,6,45,0.49606299212598426,0.9333333333333333,0.5
23641,HyboNet,3,64,0.005,6,46,0.4881889763779528,0.9333333333333333,0.5384615384615384
23642,HyboNet,3,64,0.005,6,47,0.49606299212598426,0.9333333333333333,0.5384615384615384
23643,HyboNet,3,64,0.005,6,48,0.49606299212598426,0.9333333333333333,0.5384615384615384
23644,HyboNet,3,64,0.005,6,49,0.49606299212598426,0.9333333333333333,0.5384615384615384
23645,HyboNet,3,64,0.005,6,5,0.5354330708661418,0.6,0.5769230769230769
23646,HyboNet,3,64,0.005,6,50,0.4566929133858268,0.9666666666666667,0.5
23647,HyboNet,3,64,0.005,6,51,0.4566929133858268,0.9666666666666667,0.46153846153846156
23648,HyboNet,3,64,0.005,6,52,0.44881889763779526,0.9666666666666667,0.5
23649,HyboNet,3,64,0.005,6,53,0.44881889763779526,0.9333333333333333,0.5
23650,HyboNet,3,64,0.005,6,54,0.4566929133858268,0.9333333333333333,0.5
23651,HyboNet,3,64,0.005,6,55,0.44881889763779526,0.9333333333333333,0.5
23652,HyboNet,3,64,0.005,6,56,0.4566929133858268,0.9666666666666667,0.46153846153846156
23653,HyboNet,3,64,0.005,6,57,0.4645669291338583,1.0,0.46153846153846156
23654,HyboNet,3,64,0.005,6,58,0.44881889763779526,1.0,0.46153846153846156
23655,HyboNet,3,64,0.005,6,59,0.44881889763779526,1.0,0.5
23656,HyboNet,3,64,0.005,6,6,0.5275590551181102,0.7333333333333333,0.6153846153846154
23657,HyboNet,3,64,0.005,6,60,0.44881889763779526,1.0,0.4230769230769231
23658,HyboNet,3,64,0.005,6,61,0.44881889763779526,1.0,0.38461538461538464
23659,HyboNet,3,64,0.005,6,62,0.4330708661417323,1.0,0.38461538461538464
23660,HyboNet,3,64,0.005,6,63,0.44881889763779526,1.0,0.4230769230769231
23661,HyboNet,3,64,0.005,6,64,0.4251968503937008,1.0,0.5
23662,HyboNet,3,64,0.005,6,65,0.4330708661417323,1.0,0.5
23663,HyboNet,3,64,0.005,6,66,0.4330708661417323,1.0,0.5
23664,HyboNet,3,64,0.005,6,67,0.4251968503937008,1.0,0.5
23665,HyboNet,3,64,0.005,6,68,0.4409448818897638,1.0,0.46153846153846156
23666,HyboNet,3,64,0.005,6,69,0.4566929133858268,1.0,0.4230769230769231
23667,HyboNet,3,64,0.005,6,7,0.5511811023622047,0.7333333333333333,0.5
23668,HyboNet,3,64,0.005,6,70,0.4566929133858268,1.0,0.46153846153846156
23669,HyboNet,3,64,0.005,6,71,0.44881889763779526,1.0,0.46153846153846156
23670,HyboNet,3,64,0.005,6,72,0.4251968503937008,1.0,0.46153846153846156
23671,HyboNet,3,64,0.005,6,73,0.4330708661417323,1.0,0.46153846153846156
23672,HyboNet,3,64,0.005,6,74,0.44881889763779526,1.0,0.46153846153846156
23673,HyboNet,3,64,0.005,6,75,0.44881889763779526,1.0,0.5
23674,HyboNet,3,64,0.005,6,76,0.4566929133858268,1.0,0.5
23675,HyboNet,3,64,0.005,6,77,0.4566929133858268,1.0,0.46153846153846156
23676,HyboNet,3,64,0.005,6,78,0.4566929133858268,1.0,0.5
23677,HyboNet,3,64,0.005,6,79,0.44881889763779526,1.0,0.4230769230769231
23678,HyboNet,3,64,0.005,6,8,0.5511811023622047,0.8,0.5769230769230769
23679,HyboNet,3,64,0.005,6,80,0.4251968503937008,1.0,0.38461538461538464
23680,HyboNet,3,64,0.005,6,81,0.4251968503937008,1.0,0.38461538461538464
23681,HyboNet,3,64,0.005,6,82,0.4251968503937008,1.0,0.38461538461538464
23682,HyboNet,3,64,0.005,6,83,0.44881889763779526,1.0,0.38461538461538464
23683,HyboNet,3,64,0.005,6,84,0.4409448818897638,1.0,0.38461538461538464
23684,HyboNet,3,64,0.005,6,85,0.44881889763779526,1.0,0.4230769230769231
23685,HyboNet,3,64,0.005,6,86,0.4409448818897638,1.0,0.4230769230769231
23686,HyboNet,3,64,0.005,6,87,0.41732283464566927,1.0,0.4230769230769231
23687,HyboNet,3,64,0.005,6,88,0.4015748031496063,1.0,0.34615384615384615
23688,HyboNet,3,64,0.005,6,89,0.4330708661417323,1.0,0.38461538461538464
23689,HyboNet,3,64,0.005,6,9,0.5354330708661418,0.7,0.5769230769230769
23690,HyboNet,3,64,0.005,6,90,0.47244094488188976,1.0,0.46153846153846156
23691,HyboNet,3,64,0.005,6,91,0.4409448818897638,1.0,0.46153846153846156
23692,HyboNet,3,64,0.005,6,92,0.44881889763779526,1.0,0.5
23693,HyboNet,3,64,0.005,6,93,0.4330708661417323,1.0,0.46153846153846156
23694,HyboNet,3,64,0.005,6,94,0.4330708661417323,1.0,0.46153846153846156
23695,HyboNet,3,64,0.005,6,95,0.4566929133858268,1.0,0.46153846153846156
23696,HyboNet,3,64,0.005,6,96,0.4881889763779528,1.0,0.46153846153846156
23697,HyboNet,3,64,0.005,6,97,0.44881889763779526,1.0,0.46153846153846156
23698,HyboNet,3,64,0.005,6,98,0.4015748031496063,1.0,0.34615384615384615
23699,HyboNet,3,64,0.005,6,99,0.3543307086614173,1.0,0.3076923076923077
23700,HyboNet,3,64,0.005,7,1,0.5354330708661418,0.6,0.5769230769230769
23701,HyboNet,3,64,0.005,7,10,0.5433070866141733,0.6666666666666666,0.5769230769230769
23702,HyboNet,3,64,0.005,7,100,0.41732283464566927,1.0,0.38461538461538464
23703,HyboNet,3,64,0.005,7,11,0.5196850393700787,0.7333333333333333,0.5769230769230769
23704,HyboNet,3,64,0.005,7,12,0.5354330708661418,0.8,0.5384615384615384
23705,HyboNet,3,64,0.005,7,13,0.5433070866141733,0.8,0.5384615384615384
23706,HyboNet,3,64,0.005,7,14,0.5196850393700787,0.8,0.5384615384615384
23707,HyboNet,3,64,0.005,7,15,0.5275590551181102,0.7666666666666667,0.5
23708,HyboNet,3,64,0.005,7,16,0.5275590551181102,0.7666666666666667,0.5384615384615384
23709,HyboNet,3,64,0.005,7,17,0.5275590551181102,0.7666666666666667,0.5384615384615384
23710,HyboNet,3,64,0.005,7,18,0.5354330708661418,0.7666666666666667,0.5
23711,HyboNet,3,64,0.005,7,19,0.5433070866141733,0.8,0.5384615384615384
23712,HyboNet,3,64,0.005,7,2,0.5354330708661418,0.6,0.5769230769230769
23713,HyboNet,3,64,0.005,7,20,0.5590551181102362,0.8,0.5769230769230769
23714,HyboNet,3,64,0.005,7,21,0.5118110236220472,0.8333333333333334,0.5384615384615384
23715,HyboNet,3,64,0.005,7,22,0.5118110236220472,0.9,0.5
23716,HyboNet,3,64,0.005,7,23,0.5039370078740157,0.9333333333333333,0.5
23717,HyboNet,3,64,0.005,7,24,0.4881889763779528,0.9333333333333333,0.5
23718,HyboNet,3,64,0.005,7,25,0.47244094488188976,0.9333333333333333,0.5
23719,HyboNet,3,64,0.005,7,26,0.4881889763779528,0.9333333333333333,0.5384615384615384
23720,HyboNet,3,64,0.005,7,27,0.4881889763779528,0.9333333333333333,0.5384615384615384
23721,HyboNet,3,64,0.005,7,28,0.4881889763779528,0.9333333333333333,0.5384615384615384
23722,HyboNet,3,64,0.005,7,29,0.48031496062992124,0.9333333333333333,0.5
23723,HyboNet,3,64,0.005,7,3,0.5354330708661418,0.6,0.5769230769230769
23724,HyboNet,3,64,0.005,7,30,0.4645669291338583,0.9333333333333333,0.5
23725,HyboNet,3,64,0.005,7,31,0.4645669291338583,0.9333333333333333,0.5
23726,HyboNet,3,64,0.005,7,32,0.4645669291338583,0.9666666666666667,0.4230769230769231
23727,HyboNet,3,64,0.005,7,33,0.47244094488188976,0.9666666666666667,0.4230769230769231
23728,HyboNet,3,64,0.005,7,34,0.4645669291338583,0.9666666666666667,0.5
23729,HyboNet,3,64,0.005,7,35,0.47244094488188976,0.9333333333333333,0.5
23730,HyboNet,3,64,0.005,7,36,0.4645669291338583,0.9333333333333333,0.46153846153846156
23731,HyboNet,3,64,0.005,7,37,0.44881889763779526,0.9333333333333333,0.46153846153846156
23732,HyboNet,3,64,0.005,7,38,0.4645669291338583,0.9333333333333333,0.46153846153846156
23733,HyboNet,3,64,0.005,7,39,0.4645669291338583,0.9333333333333333,0.4230769230769231
23734,HyboNet,3,64,0.005,7,4,0.5354330708661418,0.6,0.5769230769230769
23735,HyboNet,3,64,0.005,7,40,0.48031496062992124,0.9333333333333333,0.4230769230769231
23736,HyboNet,3,64,0.005,7,41,0.4645669291338583,0.9666666666666667,0.46153846153846156
23737,HyboNet,3,64,0.005,7,42,0.4645669291338583,1.0,0.46153846153846156
23738,HyboNet,3,64,0.005,7,43,0.4645669291338583,1.0,0.5
23739,HyboNet,3,64,0.005,7,44,0.47244094488188976,1.0,0.46153846153846156
23740,HyboNet,3,64,0.005,7,45,0.4566929133858268,1.0,0.4230769230769231
23741,HyboNet,3,64,0.005,7,46,0.44881889763779526,1.0,0.4230769230769231
23742,HyboNet,3,64,0.005,7,47,0.4566929133858268,0.9666666666666667,0.38461538461538464
23743,HyboNet,3,64,0.005,7,48,0.4330708661417323,1.0,0.34615384615384615
23744,HyboNet,3,64,0.005,7,49,0.4566929133858268,1.0,0.38461538461538464
23745,HyboNet,3,64,0.005,7,5,0.5275590551181102,0.7333333333333333,0.5769230769230769
23746,HyboNet,3,64,0.005,7,50,0.44881889763779526,1.0,0.38461538461538464
23747,HyboNet,3,64,0.005,7,51,0.4330708661417323,1.0,0.38461538461538464
23748,HyboNet,3,64,0.005,7,52,0.4409448818897638,1.0,0.38461538461538464
23749,HyboNet,3,64,0.005,7,53,0.4409448818897638,1.0,0.38461538461538464
23750,HyboNet,3,64,0.005,7,54,0.4409448818897638,1.0,0.38461538461538464
23751,HyboNet,3,64,0.005,7,55,0.41732283464566927,1.0,0.34615384615384615
23752,HyboNet,3,64,0.005,7,56,0.4094488188976378,1.0,0.3076923076923077
23753,HyboNet,3,64,0.005,7,57,0.4566929133858268,1.0,0.38461538461538464
23754,HyboNet,3,64,0.005,7,58,0.4566929133858268,1.0,0.38461538461538464
23755,HyboNet,3,64,0.005,7,59,0.4566929133858268,1.0,0.34615384615384615
23756,HyboNet,3,64,0.005,7,6,0.5275590551181102,0.7333333333333333,0.5769230769230769
23757,HyboNet,3,64,0.005,7,60,0.4409448818897638,1.0,0.34615384615384615
23758,HyboNet,3,64,0.005,7,61,0.4251968503937008,1.0,0.34615384615384615
23759,HyboNet,3,64,0.005,7,62,0.41732283464566927,1.0,0.34615384615384615
23760,HyboNet,3,64,0.005,7,63,0.41732283464566927,1.0,0.34615384615384615
23761,HyboNet,3,64,0.005,7,64,0.3937007874015748,1.0,0.3076923076923077
23762,HyboNet,3,64,0.005,7,65,0.4330708661417323,1.0,0.34615384615384615
23763,HyboNet,3,64,0.005,7,66,0.44881889763779526,1.0,0.34615384615384615
23764,HyboNet,3,64,0.005,7,67,0.4409448818897638,1.0,0.34615384615384615
23765,HyboNet,3,64,0.005,7,68,0.41732283464566927,1.0,0.34615384615384615
23766,HyboNet,3,64,0.005,7,69,0.41732283464566927,1.0,0.34615384615384615
23767,HyboNet,3,64,0.005,7,7,0.5433070866141733,0.6666666666666666,0.5769230769230769
23768,HyboNet,3,64,0.005,7,70,0.3937007874015748,1.0,0.34615384615384615
23769,HyboNet,3,64,0.005,7,71,0.4094488188976378,1.0,0.34615384615384615
23770,HyboNet,3,64,0.005,7,72,0.4094488188976378,1.0,0.34615384615384615
23771,HyboNet,3,64,0.005,7,73,0.4015748031496063,1.0,0.34615384615384615
23772,HyboNet,3,64,0.005,7,74,0.3858267716535433,1.0,0.34615384615384615
23773,HyboNet,3,64,0.005,7,75,0.44881889763779526,1.0,0.34615384615384615
23774,HyboNet,3,64,0.005,7,76,0.4566929133858268,1.0,0.34615384615384615
23775,HyboNet,3,64,0.005,7,77,0.44881889763779526,1.0,0.34615384615384615
23776,HyboNet,3,64,0.005,7,78,0.4409448818897638,1.0,0.34615384615384615
23777,HyboNet,3,64,0.005,7,79,0.4015748031496063,1.0,0.34615384615384615
23778,HyboNet,3,64,0.005,7,8,0.5354330708661418,0.6333333333333333,0.5769230769230769
23779,HyboNet,3,64,0.005,7,80,0.3858267716535433,1.0,0.34615384615384615
23780,HyboNet,3,64,0.005,7,81,0.41732283464566927,1.0,0.34615384615384615
23781,HyboNet,3,64,0.005,7,82,0.4330708661417323,1.0,0.34615384615384615
23782,HyboNet,3,64,0.005,7,83,0.4645669291338583,1.0,0.4230769230769231
23783,HyboNet,3,64,0.005,7,84,0.4566929133858268,1.0,0.4230769230769231
23784,HyboNet,3,64,0.005,7,85,0.4645669291338583,1.0,0.46153846153846156
23785,HyboNet,3,64,0.005,7,86,0.44881889763779526,1.0,0.46153846153846156
23786,HyboNet,3,64,0.005,7,87,0.4409448818897638,1.0,0.38461538461538464
23787,HyboNet,3,64,0.005,7,88,0.3779527559055118,1.0,0.38461538461538464
23788,HyboNet,3,64,0.005,7,89,0.3858267716535433,1.0,0.2692307692307692
23789,HyboNet,3,64,0.005,7,9,0.5354330708661418,0.6333333333333333,0.5769230769230769
23790,HyboNet,3,64,0.005,7,90,0.3700787401574803,1.0,0.34615384615384615
23791,HyboNet,3,64,0.005,7,91,0.3937007874015748,1.0,0.34615384615384615
23792,HyboNet,3,64,0.005,7,92,0.4409448818897638,1.0,0.38461538461538464
23793,HyboNet,3,64,0.005,7,93,0.44881889763779526,1.0,0.38461538461538464
23794,HyboNet,3,64,0.005,7,94,0.44881889763779526,1.0,0.38461538461538464
23795,HyboNet,3,64,0.005,7,95,0.41732283464566927,1.0,0.34615384615384615
23796,HyboNet,3,64,0.005,7,96,0.4251968503937008,1.0,0.34615384615384615
23797,HyboNet,3,64,0.005,7,97,0.41732283464566927,1.0,0.34615384615384615
23798,HyboNet,3,64,0.005,7,98,0.4330708661417323,1.0,0.38461538461538464
23799,HyboNet,3,64,0.005,7,99,0.4094488188976378,1.0,0.38461538461538464
23800,HyboNet,3,64,0.005,8,1,0.5354330708661418,0.6,0.5769230769230769
23801,HyboNet,3,64,0.005,8,10,0.5354330708661418,0.6,0.5769230769230769
23802,HyboNet,3,64,0.005,8,100,0.3464566929133858,1.0,0.2692307692307692
23803,HyboNet,3,64,0.005,8,11,0.5354330708661418,0.6,0.5769230769230769
23804,HyboNet,3,64,0.005,8,12,0.5354330708661418,0.6,0.5769230769230769
23805,HyboNet,3,64,0.005,8,13,0.5354330708661418,0.6333333333333333,0.5769230769230769
23806,HyboNet,3,64,0.005,8,14,0.5354330708661418,0.6333333333333333,0.5769230769230769
23807,HyboNet,3,64,0.005,8,15,0.5275590551181102,0.6666666666666666,0.5769230769230769
23808,HyboNet,3,64,0.005,8,16,0.5433070866141733,0.7,0.5769230769230769
23809,HyboNet,3,64,0.005,8,17,0.5433070866141733,0.7333333333333333,0.5769230769230769
23810,HyboNet,3,64,0.005,8,18,0.5433070866141733,0.7666666666666667,0.5769230769230769
23811,HyboNet,3,64,0.005,8,19,0.5590551181102362,0.7666666666666667,0.5769230769230769
23812,HyboNet,3,64,0.005,8,2,0.5354330708661418,0.6,0.5769230769230769
23813,HyboNet,3,64,0.005,8,20,0.5354330708661418,0.7666666666666667,0.5384615384615384
23814,HyboNet,3,64,0.005,8,21,0.5511811023622047,0.7666666666666667,0.5384615384615384
23815,HyboNet,3,64,0.005,8,22,0.5590551181102362,0.7666666666666667,0.5
23816,HyboNet,3,64,0.005,8,23,0.5590551181102362,0.8,0.5384615384615384
23817,HyboNet,3,64,0.005,8,24,0.5590551181102362,0.8333333333333334,0.5
23818,HyboNet,3,64,0.005,8,25,0.5275590551181102,0.8333333333333334,0.5384615384615384
23819,HyboNet,3,64,0.005,8,26,0.5039370078740157,0.8333333333333334,0.5384615384615384
23820,HyboNet,3,64,0.005,8,27,0.5039370078740157,0.8333333333333334,0.5384615384615384
23821,HyboNet,3,64,0.005,8,28,0.49606299212598426,0.8666666666666667,0.5384615384615384
23822,HyboNet,3,64,0.005,8,29,0.47244094488188976,0.9,0.5384615384615384
23823,HyboNet,3,64,0.005,8,3,0.5354330708661418,0.6,0.5769230769230769
23824,HyboNet,3,64,0.005,8,30,0.4566929133858268,0.9,0.5384615384615384
23825,HyboNet,3,64,0.005,8,31,0.47244094488188976,0.9,0.5
23826,HyboNet,3,64,0.005,8,32,0.44881889763779526,0.9,0.4230769230769231
23827,HyboNet,3,64,0.005,8,33,0.44881889763779526,0.9,0.4230769230769231
23828,HyboNet,3,64,0.005,8,34,0.4409448818897638,0.9,0.4230769230769231
23829,HyboNet,3,64,0.005,8,35,0.4330708661417323,0.9,0.4230769230769231
23830,HyboNet,3,64,0.005,8,36,0.4330708661417323,0.9,0.4230769230769231
23831,HyboNet,3,64,0.005,8,37,0.4015748031496063,0.9,0.38461538461538464
23832,HyboNet,3,64,0.005,8,38,0.41732283464566927,0.9,0.38461538461538464
23833,HyboNet,3,64,0.005,8,39,0.4015748031496063,0.9,0.38461538461538464
23834,HyboNet,3,64,0.005,8,4,0.5354330708661418,0.6333333333333333,0.5769230769230769
23835,HyboNet,3,64,0.005,8,40,0.4251968503937008,0.9,0.38461538461538464
23836,HyboNet,3,64,0.005,8,41,0.4330708661417323,0.9,0.38461538461538464
23837,HyboNet,3,64,0.005,8,42,0.4330708661417323,0.9,0.38461538461538464
23838,HyboNet,3,64,0.005,8,43,0.4251968503937008,0.9333333333333333,0.38461538461538464
23839,HyboNet,3,64,0.005,8,44,0.4330708661417323,0.9333333333333333,0.38461538461538464
23840,HyboNet,3,64,0.005,8,45,0.4251968503937008,0.9,0.38461538461538464
23841,HyboNet,3,64,0.005,8,46,0.41732283464566927,0.9,0.34615384615384615
23842,HyboNet,3,64,0.005,8,47,0.4251968503937008,0.9333333333333333,0.34615384615384615
23843,HyboNet,3,64,0.005,8,48,0.4409448818897638,0.9333333333333333,0.38461538461538464
23844,HyboNet,3,64,0.005,8,49,0.4409448818897638,0.9333333333333333,0.38461538461538464
23845,HyboNet,3,64,0.005,8,5,0.5354330708661418,0.6666666666666666,0.5769230769230769
23846,HyboNet,3,64,0.005,8,50,0.4409448818897638,0.9333333333333333,0.38461538461538464
23847,HyboNet,3,64,0.005,8,51,0.41732283464566927,0.9666666666666667,0.34615384615384615
23848,HyboNet,3,64,0.005,8,52,0.3937007874015748,0.9666666666666667,0.34615384615384615
23849,HyboNet,3,64,0.005,8,53,0.41732283464566927,0.9666666666666667,0.38461538461538464
23850,HyboNet,3,64,0.005,8,54,0.41732283464566927,0.9666666666666667,0.4230769230769231
23851,HyboNet,3,64,0.005,8,55,0.4251968503937008,0.9666666666666667,0.46153846153846156
23852,HyboNet,3,64,0.005,8,56,0.44881889763779526,0.9666666666666667,0.5384615384615384
23853,HyboNet,3,64,0.005,8,57,0.44881889763779526,0.9666666666666667,0.5384615384615384
23854,HyboNet,3,64,0.005,8,58,0.44881889763779526,0.9666666666666667,0.5384615384615384
23855,HyboNet,3,64,0.005,8,59,0.4330708661417323,0.9666666666666667,0.5
23856,HyboNet,3,64,0.005,8,6,0.5354330708661418,0.6333333333333333,0.5769230769230769
23857,HyboNet,3,64,0.005,8,60,0.41732283464566927,0.9666666666666667,0.46153846153846156
23858,HyboNet,3,64,0.005,8,61,0.4251968503937008,0.9666666666666667,0.4230769230769231
23859,HyboNet,3,64,0.005,8,62,0.4251968503937008,0.9666666666666667,0.34615384615384615
23860,HyboNet,3,64,0.005,8,63,0.41732283464566927,0.9666666666666667,0.4230769230769231
23861,HyboNet,3,64,0.005,8,64,0.4251968503937008,0.9666666666666667,0.4230769230769231
23862,HyboNet,3,64,0.005,8,65,0.4015748031496063,0.9666666666666667,0.38461538461538464
23863,HyboNet,3,64,0.005,8,66,0.41732283464566927,1.0,0.4230769230769231
23864,HyboNet,3,64,0.005,8,67,0.3937007874015748,1.0,0.3076923076923077
23865,HyboNet,3,64,0.005,8,68,0.3858267716535433,1.0,0.34615384615384615
23866,HyboNet,3,64,0.005,8,69,0.3779527559055118,1.0,0.3076923076923077
23867,HyboNet,3,64,0.005,8,7,0.5354330708661418,0.6,0.5769230769230769
23868,HyboNet,3,64,0.005,8,70,0.3937007874015748,1.0,0.3076923076923077
23869,HyboNet,3,64,0.005,8,71,0.3937007874015748,1.0,0.3076923076923077
23870,HyboNet,3,64,0.005,8,72,0.4094488188976378,1.0,0.3076923076923077
23871,HyboNet,3,64,0.005,8,73,0.4015748031496063,1.0,0.3076923076923077
23872,HyboNet,3,64,0.005,8,74,0.3937007874015748,1.0,0.3076923076923077
23873,HyboNet,3,64,0.005,8,75,0.3779527559055118,1.0,0.3076923076923077
23874,HyboNet,3,64,0.005,8,76,0.3779527559055118,1.0,0.34615384615384615
23875,HyboNet,3,64,0.005,8,77,0.3779527559055118,1.0,0.34615384615384615
23876,HyboNet,3,64,0.005,8,78,0.3858267716535433,1.0,0.34615384615384615
23877,HyboNet,3,64,0.005,8,79,0.3779527559055118,1.0,0.3076923076923077
23878,HyboNet,3,64,0.005,8,8,0.5354330708661418,0.6,0.5769230769230769
23879,HyboNet,3,64,0.005,8,80,0.3779527559055118,1.0,0.3076923076923077
23880,HyboNet,3,64,0.005,8,81,0.3779527559055118,1.0,0.2692307692307692
23881,HyboNet,3,64,0.005,8,82,0.3937007874015748,1.0,0.34615384615384615
23882,HyboNet,3,64,0.005,8,83,0.3858267716535433,1.0,0.34615384615384615
23883,HyboNet,3,64,0.005,8,84,0.3700787401574803,1.0,0.34615384615384615
23884,HyboNet,3,64,0.005,8,85,0.3858267716535433,1.0,0.34615384615384615
23885,HyboNet,3,64,0.005,8,86,0.3858267716535433,1.0,0.3076923076923077
23886,HyboNet,3,64,0.005,8,87,0.3779527559055118,1.0,0.3076923076923077
23887,HyboNet,3,64,0.005,8,88,0.3858267716535433,1.0,0.3076923076923077
23888,HyboNet,3,64,0.005,8,89,0.3779527559055118,1.0,0.3076923076923077
23889,HyboNet,3,64,0.005,8,9,0.5354330708661418,0.6,0.5769230769230769
23890,HyboNet,3,64,0.005,8,90,0.3464566929133858,1.0,0.2692307692307692
23891,HyboNet,3,64,0.005,8,91,0.3464566929133858,1.0,0.2692307692307692
23892,HyboNet,3,64,0.005,8,92,0.3779527559055118,1.0,0.3076923076923077
23893,HyboNet,3,64,0.005,8,93,0.3858267716535433,1.0,0.3076923076923077
23894,HyboNet,3,64,0.005,8,94,0.3858267716535433,1.0,0.3076923076923077
23895,HyboNet,3,64,0.005,8,95,0.3937007874015748,1.0,0.3076923076923077
23896,HyboNet,3,64,0.005,8,96,0.3858267716535433,1.0,0.3076923076923077
23897,HyboNet,3,64,0.005,8,97,0.3937007874015748,1.0,0.3076923076923077
23898,HyboNet,3,64,0.005,8,98,0.3858267716535433,1.0,0.3076923076923077
23899,HyboNet,3,64,0.005,8,99,0.3543307086614173,1.0,0.2692307692307692
23900,HyboNet,3,64,0.005,9,1,0.5354330708661418,0.6,0.5769230769230769
23901,HyboNet,3,64,0.005,9,10,0.5433070866141733,0.6666666666666666,0.5769230769230769
23902,HyboNet,3,64,0.005,9,100,0.44881889763779526,1.0,0.34615384615384615
23903,HyboNet,3,64,0.005,9,11,0.5433070866141733,0.7333333333333333,0.5769230769230769
23904,HyboNet,3,64,0.005,9,12,0.5275590551181102,0.7666666666666667,0.5769230769230769
23905,HyboNet,3,64,0.005,9,13,0.5590551181102362,0.7666666666666667,0.5769230769230769
23906,HyboNet,3,64,0.005,9,14,0.5354330708661418,0.7666666666666667,0.5769230769230769
23907,HyboNet,3,64,0.005,9,15,0.5354330708661418,0.7666666666666667,0.5769230769230769
23908,HyboNet,3,64,0.005,9,16,0.5275590551181102,0.7666666666666667,0.5769230769230769
23909,HyboNet,3,64,0.005,9,17,0.5511811023622047,0.7666666666666667,0.5769230769230769
23910,HyboNet,3,64,0.005,9,18,0.5748031496062992,0.8,0.5769230769230769
23911,HyboNet,3,64,0.005,9,19,0.5669291338582677,0.8,0.5769230769230769
23912,HyboNet,3,64,0.005,9,2,0.5354330708661418,0.6,0.5769230769230769
23913,HyboNet,3,64,0.005,9,20,0.5196850393700787,0.8333333333333334,0.5
23914,HyboNet,3,64,0.005,9,21,0.4881889763779528,0.8666666666666667,0.4230769230769231
23915,HyboNet,3,64,0.005,9,22,0.4881889763779528,0.8666666666666667,0.4230769230769231
23916,HyboNet,3,64,0.005,9,23,0.5196850393700787,0.8666666666666667,0.46153846153846156
23917,HyboNet,3,64,0.005,9,24,0.5196850393700787,0.8666666666666667,0.5
23918,HyboNet,3,64,0.005,9,25,0.5118110236220472,0.8666666666666667,0.5
23919,HyboNet,3,64,0.005,9,26,0.5039370078740157,0.9,0.46153846153846156
23920,HyboNet,3,64,0.005,9,27,0.5039370078740157,0.9,0.46153846153846156
23921,HyboNet,3,64,0.005,9,28,0.49606299212598426,0.9333333333333333,0.46153846153846156
23922,HyboNet,3,64,0.005,9,29,0.5039370078740157,0.9333333333333333,0.46153846153846156
23923,HyboNet,3,64,0.005,9,3,0.5433070866141733,0.6666666666666666,0.5769230769230769
23924,HyboNet,3,64,0.005,9,30,0.5039370078740157,0.9,0.46153846153846156
23925,HyboNet,3,64,0.005,9,31,0.5039370078740157,0.9,0.46153846153846156
23926,HyboNet,3,64,0.005,9,32,0.5118110236220472,0.9,0.46153846153846156
23927,HyboNet,3,64,0.005,9,33,0.5118110236220472,0.9,0.46153846153846156
23928,HyboNet,3,64,0.005,9,34,0.5039370078740157,0.9,0.46153846153846156
23929,HyboNet,3,64,0.005,9,35,0.5275590551181102,0.9333333333333333,0.5
23930,HyboNet,3,64,0.005,9,36,0.5118110236220472,0.9333333333333333,0.5
23931,HyboNet,3,64,0.005,9,37,0.5039370078740157,0.9333333333333333,0.46153846153846156
23932,HyboNet,3,64,0.005,9,38,0.48031496062992124,1.0,0.4230769230769231
23933,HyboNet,3,64,0.005,9,39,0.4645669291338583,1.0,0.34615384615384615
23934,HyboNet,3,64,0.005,9,4,0.49606299212598426,0.7333333333333333,0.34615384615384615
23935,HyboNet,3,64,0.005,9,40,0.41732283464566927,1.0,0.3076923076923077
23936,HyboNet,3,64,0.005,9,41,0.48031496062992124,1.0,0.46153846153846156
23937,HyboNet,3,64,0.005,9,42,0.49606299212598426,0.9333333333333333,0.5
23938,HyboNet,3,64,0.005,9,43,0.5196850393700787,0.9333333333333333,0.5384615384615384
23939,HyboNet,3,64,0.005,9,44,0.5196850393700787,0.9333333333333333,0.5384615384615384
23940,HyboNet,3,64,0.005,9,45,0.5039370078740157,0.9666666666666667,0.5
23941,HyboNet,3,64,0.005,9,46,0.48031496062992124,0.9666666666666667,0.5
23942,HyboNet,3,64,0.005,9,47,0.4645669291338583,1.0,0.38461538461538464
23943,HyboNet,3,64,0.005,9,48,0.4409448818897638,1.0,0.38461538461538464
23944,HyboNet,3,64,0.005,9,49,0.4251968503937008,1.0,0.3076923076923077
23945,HyboNet,3,64,0.005,9,5,0.5590551181102362,0.7666666666666667,0.5384615384615384
23946,HyboNet,3,64,0.005,9,50,0.4330708661417323,1.0,0.38461538461538464
23947,HyboNet,3,64,0.005,9,51,0.4409448818897638,1.0,0.38461538461538464
23948,HyboNet,3,64,0.005,9,52,0.4566929133858268,1.0,0.4230769230769231
23949,HyboNet,3,64,0.005,9,53,0.44881889763779526,1.0,0.38461538461538464
23950,HyboNet,3,64,0.005,9,54,0.44881889763779526,1.0,0.3076923076923077
23951,HyboNet,3,64,0.005,9,55,0.4409448818897638,1.0,0.34615384615384615
23952,HyboNet,3,64,0.005,9,56,0.4330708661417323,1.0,0.34615384615384615
23953,HyboNet,3,64,0.005,9,57,0.4330708661417323,1.0,0.3076923076923077
23954,HyboNet,3,64,0.005,9,58,0.4409448818897638,1.0,0.38461538461538464
23955,HyboNet,3,64,0.005,9,59,0.4645669291338583,1.0,0.38461538461538464
23956,HyboNet,3,64,0.005,9,6,0.5433070866141733,0.6666666666666666,0.5769230769230769
23957,HyboNet,3,64,0.005,9,60,0.47244094488188976,1.0,0.38461538461538464
23958,HyboNet,3,64,0.005,9,61,0.44881889763779526,1.0,0.38461538461538464
23959,HyboNet,3,64,0.005,9,62,0.4330708661417323,1.0,0.3076923076923077
23960,HyboNet,3,64,0.005,9,63,0.4330708661417323,1.0,0.34615384615384615
23961,HyboNet,3,64,0.005,9,64,0.4645669291338583,1.0,0.38461538461538464
23962,HyboNet,3,64,0.005,9,65,0.4566929133858268,1.0,0.4230769230769231
23963,HyboNet,3,64,0.005,9,66,0.4566929133858268,1.0,0.4230769230769231
23964,HyboNet,3,64,0.005,9,67,0.4409448818897638,1.0,0.38461538461538464
23965,HyboNet,3,64,0.005,9,68,0.4409448818897638,1.0,0.38461538461538464
23966,HyboNet,3,64,0.005,9,69,0.4330708661417323,1.0,0.38461538461538464
23967,HyboNet,3,64,0.005,9,7,0.5354330708661418,0.6666666666666666,0.5769230769230769
23968,HyboNet,3,64,0.005,9,70,0.4409448818897638,1.0,0.34615384615384615
23969,HyboNet,3,64,0.005,9,71,0.4409448818897638,1.0,0.34615384615384615
23970,HyboNet,3,64,0.005,9,72,0.4409448818897638,1.0,0.34615384615384615
23971,HyboNet,3,64,0.005,9,73,0.4330708661417323,1.0,0.34615384615384615
23972,HyboNet,3,64,0.005,9,74,0.4251968503937008,1.0,0.34615384615384615
23973,HyboNet,3,64,0.005,9,75,0.41732283464566927,1.0,0.23076923076923078
23974,HyboNet,3,64,0.005,9,76,0.4015748031496063,1.0,0.2692307692307692
23975,HyboNet,3,64,0.005,9,77,0.4330708661417323,1.0,0.3076923076923077
23976,HyboNet,3,64,0.005,9,78,0.4409448818897638,1.0,0.3076923076923077
23977,HyboNet,3,64,0.005,9,79,0.44881889763779526,1.0,0.3076923076923077
23978,HyboNet,3,64,0.005,9,8,0.5354330708661418,0.6666666666666666,0.5769230769230769
23979,HyboNet,3,64,0.005,9,80,0.4251968503937008,1.0,0.3076923076923077
23980,HyboNet,3,64,0.005,9,81,0.41732283464566927,1.0,0.3076923076923077
23981,HyboNet,3,64,0.005,9,82,0.41732283464566927,1.0,0.34615384615384615
23982,HyboNet,3,64,0.005,9,83,0.4251968503937008,1.0,0.34615384615384615
23983,HyboNet,3,64,0.005,9,84,0.4330708661417323,1.0,0.34615384615384615
23984,HyboNet,3,64,0.005,9,85,0.41732283464566927,1.0,0.34615384615384615
23985,HyboNet,3,64,0.005,9,86,0.4330708661417323,1.0,0.34615384615384615
23986,HyboNet,3,64,0.005,9,87,0.41732283464566927,1.0,0.34615384615384615
23987,HyboNet,3,64,0.005,9,88,0.41732283464566927,1.0,0.34615384615384615
23988,HyboNet,3,64,0.005,9,89,0.4094488188976378,1.0,0.34615384615384615
23989,HyboNet,3,64,0.005,9,9,0.5354330708661418,0.6666666666666666,0.5769230769230769
23990,HyboNet,3,64,0.005,9,90,0.41732283464566927,1.0,0.34615384615384615
23991,HyboNet,3,64,0.005,9,91,0.41732283464566927,1.0,0.34615384615384615
23992,HyboNet,3,64,0.005,9,92,0.4094488188976378,1.0,0.3076923076923077
23993,HyboNet,3,64,0.005,9,93,0.4015748031496063,1.0,0.3076923076923077
23994,HyboNet,3,64,0.005,9,94,0.4094488188976378,1.0,0.3076923076923077
23995,HyboNet,3,64,0.005,9,95,0.41732283464566927,1.0,0.3076923076923077
23996,HyboNet,3,64,0.005,9,96,0.4251968503937008,1.0,0.3076923076923077
23997,HyboNet,3,64,0.005,9,97,0.4094488188976378,1.0,0.3076923076923077
23998,HyboNet,3,64,0.005,9,98,0.41732283464566927,1.0,0.3076923076923077
23999,HyboNet,3,64,0.005,9,99,0.4330708661417323,1.0,0.34615384615384615
24000,HyboNet,4,128,0.0002,1,1,0.5196850393700787,0.5333333333333333,0.5769230769230769
24001,HyboNet,4,128,0.0002,1,10,0.5354330708661418,0.6333333333333333,0.5769230769230769
24002,HyboNet,4,128,0.0002,1,100,0.44881889763779526,1.0,0.38461538461538464
24003,HyboNet,4,128,0.0002,1,11,0.5354330708661418,0.6333333333333333,0.5769230769230769
24004,HyboNet,4,128,0.0002,1,12,0.5433070866141733,0.6333333333333333,0.5769230769230769
24005,HyboNet,4,128,0.0002,1,13,0.5354330708661418,0.7,0.5769230769230769
24006,HyboNet,4,128,0.0002,1,14,0.5275590551181102,0.7,0.6153846153846154
24007,HyboNet,4,128,0.0002,1,15,0.5275590551181102,0.7333333333333333,0.6153846153846154
24008,HyboNet,4,128,0.0002,1,16,0.5354330708661418,0.7666666666666667,0.6153846153846154
24009,HyboNet,4,128,0.0002,1,17,0.5354330708661418,0.7666666666666667,0.6153846153846154
24010,HyboNet,4,128,0.0002,1,18,0.5433070866141733,0.7666666666666667,0.5769230769230769
24011,HyboNet,4,128,0.0002,1,19,0.5433070866141733,0.7666666666666667,0.5769230769230769
24012,HyboNet,4,128,0.0002,1,2,0.5354330708661418,0.6,0.5769230769230769
24013,HyboNet,4,128,0.0002,1,20,0.5511811023622047,0.8,0.5769230769230769
24014,HyboNet,4,128,0.0002,1,21,0.5433070866141733,0.8,0.5769230769230769
24015,HyboNet,4,128,0.0002,1,22,0.5354330708661418,0.8,0.5769230769230769
24016,HyboNet,4,128,0.0002,1,23,0.5354330708661418,0.8,0.5769230769230769
24017,HyboNet,4,128,0.0002,1,24,0.5433070866141733,0.8,0.5769230769230769
24018,HyboNet,4,128,0.0002,1,25,0.5433070866141733,0.8,0.5769230769230769
24019,HyboNet,4,128,0.0002,1,26,0.5433070866141733,0.8,0.5769230769230769
24020,HyboNet,4,128,0.0002,1,27,0.5433070866141733,0.8333333333333334,0.5769230769230769
24021,HyboNet,4,128,0.0002,1,28,0.5354330708661418,0.8333333333333334,0.5769230769230769
24022,HyboNet,4,128,0.0002,1,29,0.5354330708661418,0.8333333333333334,0.6153846153846154
24023,HyboNet,4,128,0.0002,1,3,0.5354330708661418,0.6,0.5769230769230769
24024,HyboNet,4,128,0.0002,1,30,0.5354330708661418,0.8333333333333334,0.6153846153846154
24025,HyboNet,4,128,0.0002,1,31,0.5275590551181102,0.8333333333333334,0.5769230769230769
24026,HyboNet,4,128,0.0002,1,32,0.5118110236220472,0.8333333333333334,0.5769230769230769
24027,HyboNet,4,128,0.0002,1,33,0.5118110236220472,0.8333333333333334,0.5769230769230769
24028,HyboNet,4,128,0.0002,1,34,0.5196850393700787,0.8333333333333334,0.5769230769230769
24029,HyboNet,4,128,0.0002,1,35,0.49606299212598426,0.8333333333333334,0.5769230769230769
24030,HyboNet,4,128,0.0002,1,36,0.49606299212598426,0.8666666666666667,0.5769230769230769
24031,HyboNet,4,128,0.0002,1,37,0.4881889763779528,0.8666666666666667,0.5769230769230769
24032,HyboNet,4,128,0.0002,1,38,0.49606299212598426,0.8666666666666667,0.5769230769230769
24033,HyboNet,4,128,0.0002,1,39,0.49606299212598426,0.8666666666666667,0.5769230769230769
24034,HyboNet,4,128,0.0002,1,4,0.5354330708661418,0.6,0.5769230769230769
24035,HyboNet,4,128,0.0002,1,40,0.5118110236220472,0.8666666666666667,0.5769230769230769
24036,HyboNet,4,128,0.0002,1,41,0.49606299212598426,0.9,0.5769230769230769
24037,HyboNet,4,128,0.0002,1,42,0.5039370078740157,0.9333333333333333,0.5769230769230769
24038,HyboNet,4,128,0.0002,1,43,0.5039370078740157,0.9,0.5769230769230769
24039,HyboNet,4,128,0.0002,1,44,0.5196850393700787,0.8666666666666667,0.5769230769230769
24040,HyboNet,4,128,0.0002,1,45,0.5039370078740157,0.9,0.5769230769230769
24041,HyboNet,4,128,0.0002,1,46,0.5039370078740157,0.9,0.5769230769230769
24042,HyboNet,4,128,0.0002,1,47,0.5039370078740157,0.9333333333333333,0.5769230769230769
24043,HyboNet,4,128,0.0002,1,48,0.4881889763779528,0.9333333333333333,0.5769230769230769
24044,HyboNet,4,128,0.0002,1,49,0.4881889763779528,0.9333333333333333,0.6153846153846154
24045,HyboNet,4,128,0.0002,1,5,0.5354330708661418,0.6,0.5769230769230769
24046,HyboNet,4,128,0.0002,1,50,0.4881889763779528,0.9333333333333333,0.6153846153846154
24047,HyboNet,4,128,0.0002,1,51,0.49606299212598426,0.9333333333333333,0.6153846153846154
24048,HyboNet,4,128,0.0002,1,52,0.49606299212598426,0.9333333333333333,0.6153846153846154
24049,HyboNet,4,128,0.0002,1,53,0.4881889763779528,0.9333333333333333,0.6153846153846154
24050,HyboNet,4,128,0.0002,1,54,0.48031496062992124,0.9333333333333333,0.6153846153846154
24051,HyboNet,4,128,0.0002,1,55,0.48031496062992124,0.9333333333333333,0.6153846153846154
24052,HyboNet,4,128,0.0002,1,56,0.4881889763779528,0.9333333333333333,0.6153846153846154
24053,HyboNet,4,128,0.0002,1,57,0.4881889763779528,0.9333333333333333,0.5769230769230769
24054,HyboNet,4,128,0.0002,1,58,0.48031496062992124,0.9333333333333333,0.5769230769230769
24055,HyboNet,4,128,0.0002,1,59,0.48031496062992124,0.9333333333333333,0.5769230769230769
24056,HyboNet,4,128,0.0002,1,6,0.5354330708661418,0.6,0.5769230769230769
24057,HyboNet,4,128,0.0002,1,60,0.48031496062992124,0.9333333333333333,0.6153846153846154
24058,HyboNet,4,128,0.0002,1,61,0.4881889763779528,0.9333333333333333,0.5769230769230769
24059,HyboNet,4,128,0.0002,1,62,0.49606299212598426,0.9333333333333333,0.5769230769230769
24060,HyboNet,4,128,0.0002,1,63,0.4881889763779528,0.9333333333333333,0.6153846153846154
24061,HyboNet,4,128,0.0002,1,64,0.48031496062992124,0.9333333333333333,0.6153846153846154
24062,HyboNet,4,128,0.0002,1,65,0.47244094488188976,0.9333333333333333,0.6153846153846154
24063,HyboNet,4,128,0.0002,1,66,0.4645669291338583,0.9333333333333333,0.6153846153846154
24064,HyboNet,4,128,0.0002,1,67,0.44881889763779526,0.9333333333333333,0.5769230769230769
24065,HyboNet,4,128,0.0002,1,68,0.44881889763779526,0.9333333333333333,0.5769230769230769
24066,HyboNet,4,128,0.0002,1,69,0.44881889763779526,0.9333333333333333,0.5769230769230769
24067,HyboNet,4,128,0.0002,1,7,0.5354330708661418,0.6,0.5769230769230769
24068,HyboNet,4,128,0.0002,1,70,0.44881889763779526,0.9333333333333333,0.5769230769230769
24069,HyboNet,4,128,0.0002,1,71,0.44881889763779526,0.9333333333333333,0.5769230769230769
24070,HyboNet,4,128,0.0002,1,72,0.44881889763779526,0.9333333333333333,0.5769230769230769
24071,HyboNet,4,128,0.0002,1,73,0.4566929133858268,0.9333333333333333,0.5769230769230769
24072,HyboNet,4,128,0.0002,1,74,0.4566929133858268,0.9333333333333333,0.5769230769230769
24073,HyboNet,4,128,0.0002,1,75,0.4645669291338583,0.9666666666666667,0.5769230769230769
24074,HyboNet,4,128,0.0002,1,76,0.4645669291338583,0.9666666666666667,0.5769230769230769
24075,HyboNet,4,128,0.0002,1,77,0.4566929133858268,0.9333333333333333,0.5769230769230769
24076,HyboNet,4,128,0.0002,1,78,0.4645669291338583,0.9333333333333333,0.5769230769230769
24077,HyboNet,4,128,0.0002,1,79,0.4566929133858268,1.0,0.5384615384615384
24078,HyboNet,4,128,0.0002,1,8,0.5354330708661418,0.6,0.5769230769230769
24079,HyboNet,4,128,0.0002,1,80,0.44881889763779526,1.0,0.5384615384615384
24080,HyboNet,4,128,0.0002,1,81,0.4409448818897638,1.0,0.5384615384615384
24081,HyboNet,4,128,0.0002,1,82,0.44881889763779526,1.0,0.5384615384615384
24082,HyboNet,4,128,0.0002,1,83,0.4409448818897638,1.0,0.5384615384615384
24083,HyboNet,4,128,0.0002,1,84,0.4409448818897638,1.0,0.5
24084,HyboNet,4,128,0.0002,1,85,0.4330708661417323,1.0,0.5
24085,HyboNet,4,128,0.0002,1,86,0.4409448818897638,1.0,0.5
24086,HyboNet,4,128,0.0002,1,87,0.4409448818897638,1.0,0.5384615384615384
24087,HyboNet,4,128,0.0002,1,88,0.4330708661417323,1.0,0.5384615384615384
24088,HyboNet,4,128,0.0002,1,89,0.44881889763779526,1.0,0.5384615384615384
24089,HyboNet,4,128,0.0002,1,9,0.5354330708661418,0.6,0.5769230769230769
24090,HyboNet,4,128,0.0002,1,90,0.44881889763779526,1.0,0.5
24091,HyboNet,4,128,0.0002,1,91,0.44881889763779526,1.0,0.5
24092,HyboNet,4,128,0.0002,1,92,0.44881889763779526,1.0,0.5
24093,HyboNet,4,128,0.0002,1,93,0.44881889763779526,1.0,0.5
24094,HyboNet,4,128,0.0002,1,94,0.4409448818897638,1.0,0.46153846153846156
24095,HyboNet,4,128,0.0002,1,95,0.4566929133858268,1.0,0.46153846153846156
24096,HyboNet,4,128,0.0002,1,96,0.4330708661417323,1.0,0.5
24097,HyboNet,4,128,0.0002,1,97,0.44881889763779526,1.0,0.5
24098,HyboNet,4,128,0.0002,1,98,0.4566929133858268,1.0,0.5
24099,HyboNet,4,128,0.0002,1,99,0.4566929133858268,1.0,0.46153846153846156
24100,HyboNet,4,128,0.0002,10,1,0.48031496062992124,0.5666666666666667,0.5769230769230769
24101,HyboNet,4,128,0.0002,10,10,0.5354330708661418,0.6333333333333333,0.5769230769230769
24102,HyboNet,4,128,0.0002,10,100,0.3937007874015748,1.0,0.3076923076923077
24103,HyboNet,4,128,0.0002,10,11,0.5511811023622047,0.7,0.5769230769230769
24104,HyboNet,4,128,0.0002,10,12,0.5433070866141733,0.7333333333333333,0.5769230769230769
24105,HyboNet,4,128,0.0002,10,13,0.5433070866141733,0.7333333333333333,0.5769230769230769
24106,HyboNet,4,128,0.0002,10,14,0.5511811023622047,0.7333333333333333,0.5769230769230769
24107,HyboNet,4,128,0.0002,10,15,0.5511811023622047,0.7333333333333333,0.5769230769230769
24108,HyboNet,4,128,0.0002,10,16,0.5511811023622047,0.7333333333333333,0.5769230769230769
24109,HyboNet,4,128,0.0002,10,17,0.5433070866141733,0.7666666666666667,0.5769230769230769
24110,HyboNet,4,128,0.0002,10,18,0.5196850393700787,0.7666666666666667,0.5384615384615384
24111,HyboNet,4,128,0.0002,10,19,0.4881889763779528,0.7666666666666667,0.5
24112,HyboNet,4,128,0.0002,10,2,0.5196850393700787,0.6,0.5769230769230769
24113,HyboNet,4,128,0.0002,10,20,0.48031496062992124,0.7666666666666667,0.5
24114,HyboNet,4,128,0.0002,10,21,0.4645669291338583,0.8333333333333334,0.46153846153846156
24115,HyboNet,4,128,0.0002,10,22,0.44881889763779526,0.8333333333333334,0.46153846153846156
24116,HyboNet,4,128,0.0002,10,23,0.44881889763779526,0.8333333333333334,0.46153846153846156
24117,HyboNet,4,128,0.0002,10,24,0.4566929133858268,0.8333333333333334,0.46153846153846156
24118,HyboNet,4,128,0.0002,10,25,0.4566929133858268,0.8333333333333334,0.46153846153846156
24119,HyboNet,4,128,0.0002,10,26,0.44881889763779526,0.8333333333333334,0.46153846153846156
24120,HyboNet,4,128,0.0002,10,27,0.44881889763779526,0.8666666666666667,0.46153846153846156
24121,HyboNet,4,128,0.0002,10,28,0.47244094488188976,0.9,0.46153846153846156
24122,HyboNet,4,128,0.0002,10,29,0.48031496062992124,0.9,0.46153846153846156
24123,HyboNet,4,128,0.0002,10,3,0.5275590551181102,0.6,0.5769230769230769
24124,HyboNet,4,128,0.0002,10,30,0.48031496062992124,0.8666666666666667,0.46153846153846156
24125,HyboNet,4,128,0.0002,10,31,0.48031496062992124,0.8666666666666667,0.46153846153846156
24126,HyboNet,4,128,0.0002,10,32,0.48031496062992124,0.8666666666666667,0.46153846153846156
24127,HyboNet,4,128,0.0002,10,33,0.47244094488188976,0.8666666666666667,0.46153846153846156
24128,HyboNet,4,128,0.0002,10,34,0.47244094488188976,0.8666666666666667,0.46153846153846156
24129,HyboNet,4,128,0.0002,10,35,0.47244094488188976,0.9,0.46153846153846156
24130,HyboNet,4,128,0.0002,10,36,0.4566929133858268,0.9,0.46153846153846156
24131,HyboNet,4,128,0.0002,10,37,0.4566929133858268,0.9,0.46153846153846156
24132,HyboNet,4,128,0.0002,10,38,0.4566929133858268,0.9,0.46153846153846156
24133,HyboNet,4,128,0.0002,10,39,0.44881889763779526,0.9,0.46153846153846156
24134,HyboNet,4,128,0.0002,10,4,0.5275590551181102,0.6,0.5769230769230769
24135,HyboNet,4,128,0.0002,10,40,0.44881889763779526,0.9,0.46153846153846156
24136,HyboNet,4,128,0.0002,10,41,0.4566929133858268,0.9,0.46153846153846156
24137,HyboNet,4,128,0.0002,10,42,0.4566929133858268,0.9,0.46153846153846156
24138,HyboNet,4,128,0.0002,10,43,0.44881889763779526,0.9,0.46153846153846156
24139,HyboNet,4,128,0.0002,10,44,0.44881889763779526,0.9,0.46153846153846156
24140,HyboNet,4,128,0.0002,10,45,0.44881889763779526,0.9,0.46153846153846156
24141,HyboNet,4,128,0.0002,10,46,0.44881889763779526,0.9,0.46153846153846156
24142,HyboNet,4,128,0.0002,10,47,0.4409448818897638,0.9333333333333333,0.46153846153846156
24143,HyboNet,4,128,0.0002,10,48,0.4409448818897638,0.9333333333333333,0.46153846153846156
24144,HyboNet,4,128,0.0002,10,49,0.4409448818897638,0.9,0.46153846153846156
24145,HyboNet,4,128,0.0002,10,5,0.5275590551181102,0.6,0.5769230769230769
24146,HyboNet,4,128,0.0002,10,50,0.4409448818897638,0.9,0.46153846153846156
24147,HyboNet,4,128,0.0002,10,51,0.4409448818897638,0.9,0.46153846153846156
24148,HyboNet,4,128,0.0002,10,52,0.44881889763779526,0.8666666666666667,0.46153846153846156
24149,HyboNet,4,128,0.0002,10,53,0.4409448818897638,0.9,0.46153846153846156
24150,HyboNet,4,128,0.0002,10,54,0.4409448818897638,0.9,0.46153846153846156
24151,HyboNet,4,128,0.0002,10,55,0.4409448818897638,0.9,0.46153846153846156
24152,HyboNet,4,128,0.0002,10,56,0.4409448818897638,0.9,0.46153846153846156
24153,HyboNet,4,128,0.0002,10,57,0.4251968503937008,0.9,0.46153846153846156
24154,HyboNet,4,128,0.0002,10,58,0.4251968503937008,0.9,0.5
24155,HyboNet,4,128,0.0002,10,59,0.4409448818897638,0.9,0.5
24156,HyboNet,4,128,0.0002,10,6,0.5275590551181102,0.6333333333333333,0.5769230769230769
24157,HyboNet,4,128,0.0002,10,60,0.4330708661417323,0.9,0.5
24158,HyboNet,4,128,0.0002,10,61,0.41732283464566927,0.9,0.46153846153846156
24159,HyboNet,4,128,0.0002,10,62,0.41732283464566927,0.9333333333333333,0.46153846153846156
24160,HyboNet,4,128,0.0002,10,63,0.41732283464566927,0.9333333333333333,0.5
24161,HyboNet,4,128,0.0002,10,64,0.4330708661417323,0.9333333333333333,0.4230769230769231
24162,HyboNet,4,128,0.0002,10,65,0.4330708661417323,0.9333333333333333,0.34615384615384615
24163,HyboNet,4,128,0.0002,10,66,0.4094488188976378,0.9666666666666667,0.34615384615384615
24164,HyboNet,4,128,0.0002,10,67,0.4330708661417323,0.9666666666666667,0.34615384615384615
24165,HyboNet,4,128,0.0002,10,68,0.4330708661417323,0.9666666666666667,0.38461538461538464
24166,HyboNet,4,128,0.0002,10,69,0.4330708661417323,0.9666666666666667,0.34615384615384615
24167,HyboNet,4,128,0.0002,10,7,0.5275590551181102,0.6333333333333333,0.5769230769230769
24168,HyboNet,4,128,0.0002,10,70,0.4251968503937008,0.9666666666666667,0.34615384615384615
24169,HyboNet,4,128,0.0002,10,71,0.4330708661417323,0.9666666666666667,0.34615384615384615
24170,HyboNet,4,128,0.0002,10,72,0.44881889763779526,0.9666666666666667,0.38461538461538464
24171,HyboNet,4,128,0.0002,10,73,0.4409448818897638,0.9666666666666667,0.34615384615384615
24172,HyboNet,4,128,0.0002,10,74,0.4409448818897638,0.9666666666666667,0.34615384615384615
24173,HyboNet,4,128,0.0002,10,75,0.3937007874015748,0.9666666666666667,0.34615384615384615
24174,HyboNet,4,128,0.0002,10,76,0.41732283464566927,0.9666666666666667,0.34615384615384615
24175,HyboNet,4,128,0.0002,10,77,0.4251968503937008,0.9666666666666667,0.34615384615384615
24176,HyboNet,4,128,0.0002,10,78,0.41732283464566927,0.9666666666666667,0.34615384615384615
24177,HyboNet,4,128,0.0002,10,79,0.41732283464566927,0.9666666666666667,0.34615384615384615
24178,HyboNet,4,128,0.0002,10,8,0.5275590551181102,0.6333333333333333,0.5769230769230769
24179,HyboNet,4,128,0.0002,10,80,0.4251968503937008,0.9666666666666667,0.34615384615384615
24180,HyboNet,4,128,0.0002,10,81,0.4251968503937008,0.9666666666666667,0.34615384615384615
24181,HyboNet,4,128,0.0002,10,82,0.41732283464566927,1.0,0.34615384615384615
24182,HyboNet,4,128,0.0002,10,83,0.41732283464566927,1.0,0.34615384615384615
24183,HyboNet,4,128,0.0002,10,84,0.4094488188976378,1.0,0.34615384615384615
24184,HyboNet,4,128,0.0002,10,85,0.41732283464566927,1.0,0.34615384615384615
24185,HyboNet,4,128,0.0002,10,86,0.41732283464566927,1.0,0.34615384615384615
24186,HyboNet,4,128,0.0002,10,87,0.41732283464566927,1.0,0.34615384615384615
24187,HyboNet,4,128,0.0002,10,88,0.4094488188976378,1.0,0.34615384615384615
24188,HyboNet,4,128,0.0002,10,89,0.41732283464566927,1.0,0.3076923076923077
24189,HyboNet,4,128,0.0002,10,9,0.5354330708661418,0.6333333333333333,0.5769230769230769
24190,HyboNet,4,128,0.0002,10,90,0.3779527559055118,1.0,0.3076923076923077
24191,HyboNet,4,128,0.0002,10,91,0.4015748031496063,1.0,0.3076923076923077
24192,HyboNet,4,128,0.0002,10,92,0.4015748031496063,1.0,0.3076923076923077
24193,HyboNet,4,128,0.0002,10,93,0.4015748031496063,1.0,0.34615384615384615
24194,HyboNet,4,128,0.0002,10,94,0.41732283464566927,1.0,0.34615384615384615
24195,HyboNet,4,128,0.0002,10,95,0.41732283464566927,1.0,0.34615384615384615
24196,HyboNet,4,128,0.0002,10,96,0.41732283464566927,1.0,0.34615384615384615
24197,HyboNet,4,128,0.0002,10,97,0.4015748031496063,1.0,0.3076923076923077
24198,HyboNet,4,128,0.0002,10,98,0.4015748031496063,1.0,0.3076923076923077
24199,HyboNet,4,128,0.0002,10,99,0.4015748031496063,1.0,0.3076923076923077
24200,HyboNet,4,128,0.0002,2,1,0.31496062992125984,0.3333333333333333,0.34615384615384615
24201,HyboNet,4,128,0.0002,2,10,0.5354330708661418,0.6666666666666666,0.5769230769230769
24202,HyboNet,4,128,0.0002,2,100,0.31496062992125984,1.0,0.38461538461538464
24203,HyboNet,4,128,0.0002,2,11,0.5354330708661418,0.6666666666666666,0.5769230769230769
24204,HyboNet,4,128,0.0002,2,12,0.5354330708661418,0.6666666666666666,0.5769230769230769
24205,HyboNet,4,128,0.0002,2,13,0.5275590551181102,0.6666666666666666,0.5769230769230769
24206,HyboNet,4,128,0.0002,2,14,0.5275590551181102,0.6666666666666666,0.5769230769230769
24207,HyboNet,4,128,0.0002,2,15,0.5354330708661418,0.6666666666666666,0.6153846153846154
24208,HyboNet,4,128,0.0002,2,16,0.5354330708661418,0.6666666666666666,0.6153846153846154
24209,HyboNet,4,128,0.0002,2,17,0.5354330708661418,0.6666666666666666,0.6153846153846154
24210,HyboNet,4,128,0.0002,2,18,0.5354330708661418,0.6666666666666666,0.6153846153846154
24211,HyboNet,4,128,0.0002,2,19,0.5354330708661418,0.6666666666666666,0.6153846153846154
24212,HyboNet,4,128,0.0002,2,2,0.41732283464566927,0.5333333333333333,0.5384615384615384
24213,HyboNet,4,128,0.0002,2,20,0.5354330708661418,0.7,0.6153846153846154
24214,HyboNet,4,128,0.0002,2,21,0.5354330708661418,0.7333333333333333,0.6153846153846154
24215,HyboNet,4,128,0.0002,2,22,0.5275590551181102,0.7333333333333333,0.6153846153846154
24216,HyboNet,4,128,0.0002,2,23,0.5196850393700787,0.7666666666666667,0.6153846153846154
24217,HyboNet,4,128,0.0002,2,24,0.5196850393700787,0.7666666666666667,0.6538461538461539
24218,HyboNet,4,128,0.0002,2,25,0.5275590551181102,0.7666666666666667,0.6538461538461539
24219,HyboNet,4,128,0.0002,2,26,0.5275590551181102,0.7666666666666667,0.6538461538461539
24220,HyboNet,4,128,0.0002,2,27,0.5196850393700787,0.7666666666666667,0.6538461538461539
24221,HyboNet,4,128,0.0002,2,28,0.5118110236220472,0.8,0.6538461538461539
24222,HyboNet,4,128,0.0002,2,29,0.49606299212598426,0.8,0.6923076923076923
24223,HyboNet,4,128,0.0002,2,3,0.5118110236220472,0.6,0.5769230769230769
24224,HyboNet,4,128,0.0002,2,30,0.4881889763779528,0.8,0.6923076923076923
24225,HyboNet,4,128,0.0002,2,31,0.4881889763779528,0.8333333333333334,0.6923076923076923
24226,HyboNet,4,128,0.0002,2,32,0.4881889763779528,0.8666666666666667,0.6923076923076923
24227,HyboNet,4,128,0.0002,2,33,0.4881889763779528,0.8666666666666667,0.6923076923076923
24228,HyboNet,4,128,0.0002,2,34,0.4881889763779528,0.8666666666666667,0.6923076923076923
24229,HyboNet,4,128,0.0002,2,35,0.49606299212598426,0.8666666666666667,0.6923076923076923
24230,HyboNet,4,128,0.0002,2,36,0.48031496062992124,0.8666666666666667,0.6538461538461539
24231,HyboNet,4,128,0.0002,2,37,0.47244094488188976,0.8666666666666667,0.6153846153846154
24232,HyboNet,4,128,0.0002,2,38,0.4645669291338583,0.9,0.6153846153846154
24233,HyboNet,4,128,0.0002,2,39,0.4566929133858268,0.9,0.6153846153846154
24234,HyboNet,4,128,0.0002,2,4,0.5433070866141733,0.6,0.5769230769230769
24235,HyboNet,4,128,0.0002,2,40,0.4566929133858268,0.8333333333333334,0.6153846153846154
24236,HyboNet,4,128,0.0002,2,41,0.44881889763779526,0.8666666666666667,0.6153846153846154
24237,HyboNet,4,128,0.0002,2,42,0.44881889763779526,0.8666666666666667,0.6153846153846154
24238,HyboNet,4,128,0.0002,2,43,0.44881889763779526,0.8666666666666667,0.6153846153846154
24239,HyboNet,4,128,0.0002,2,44,0.4409448818897638,0.8666666666666667,0.6153846153846154
24240,HyboNet,4,128,0.0002,2,45,0.4409448818897638,0.8666666666666667,0.6153846153846154
24241,HyboNet,4,128,0.0002,2,46,0.4409448818897638,0.8666666666666667,0.5384615384615384
24242,HyboNet,4,128,0.0002,2,47,0.4330708661417323,0.9,0.5384615384615384
24243,HyboNet,4,128,0.0002,2,48,0.4330708661417323,0.9,0.5384615384615384
24244,HyboNet,4,128,0.0002,2,49,0.4251968503937008,0.9,0.5384615384615384
24245,HyboNet,4,128,0.0002,2,5,0.5433070866141733,0.6,0.5769230769230769
24246,HyboNet,4,128,0.0002,2,50,0.41732283464566927,0.9333333333333333,0.6153846153846154
24247,HyboNet,4,128,0.0002,2,51,0.4094488188976378,0.9333333333333333,0.5384615384615384
24248,HyboNet,4,128,0.0002,2,52,0.4251968503937008,0.9333333333333333,0.5769230769230769
24249,HyboNet,4,128,0.0002,2,53,0.4251968503937008,0.9333333333333333,0.5769230769230769
24250,HyboNet,4,128,0.0002,2,54,0.4015748031496063,0.9333333333333333,0.5
24251,HyboNet,4,128,0.0002,2,55,0.3937007874015748,0.9666666666666667,0.5
24252,HyboNet,4,128,0.0002,2,56,0.3937007874015748,0.9666666666666667,0.5
24253,HyboNet,4,128,0.0002,2,57,0.3937007874015748,0.9666666666666667,0.5
24254,HyboNet,4,128,0.0002,2,58,0.3937007874015748,0.9666666666666667,0.5
24255,HyboNet,4,128,0.0002,2,59,0.3858267716535433,0.9666666666666667,0.5
24256,HyboNet,4,128,0.0002,2,6,0.5433070866141733,0.6,0.5769230769230769
24257,HyboNet,4,128,0.0002,2,60,0.3779527559055118,0.9666666666666667,0.46153846153846156
24258,HyboNet,4,128,0.0002,2,61,0.3779527559055118,0.9666666666666667,0.46153846153846156
24259,HyboNet,4,128,0.0002,2,62,0.3779527559055118,0.9666666666666667,0.46153846153846156
24260,HyboNet,4,128,0.0002,2,63,0.3779527559055118,0.9333333333333333,0.5
24261,HyboNet,4,128,0.0002,2,64,0.3779527559055118,0.9333333333333333,0.5
24262,HyboNet,4,128,0.0002,2,65,0.3700787401574803,0.9333333333333333,0.46153846153846156
24263,HyboNet,4,128,0.0002,2,66,0.3700787401574803,0.9333333333333333,0.46153846153846156
24264,HyboNet,4,128,0.0002,2,67,0.3779527559055118,0.9333333333333333,0.46153846153846156
24265,HyboNet,4,128,0.0002,2,68,0.3779527559055118,0.9333333333333333,0.46153846153846156
24266,HyboNet,4,128,0.0002,2,69,0.3937007874015748,0.9333333333333333,0.5384615384615384
24267,HyboNet,4,128,0.0002,2,7,0.5433070866141733,0.6,0.5769230769230769
24268,HyboNet,4,128,0.0002,2,70,0.3937007874015748,0.9333333333333333,0.5384615384615384
24269,HyboNet,4,128,0.0002,2,71,0.3937007874015748,0.9333333333333333,0.5384615384615384
24270,HyboNet,4,128,0.0002,2,72,0.36220472440944884,0.9333333333333333,0.5
24271,HyboNet,4,128,0.0002,2,73,0.3858267716535433,0.9333333333333333,0.5384615384615384
24272,HyboNet,4,128,0.0002,2,74,0.3937007874015748,0.9333333333333333,0.6538461538461539
24273,HyboNet,4,128,0.0002,2,75,0.36220472440944884,0.9333333333333333,0.5769230769230769
24274,HyboNet,4,128,0.0002,2,76,0.36220472440944884,0.9333333333333333,0.5384615384615384
24275,HyboNet,4,128,0.0002,2,77,0.33070866141732286,0.9333333333333333,0.5384615384615384
24276,HyboNet,4,128,0.0002,2,78,0.3228346456692913,0.9333333333333333,0.5
24277,HyboNet,4,128,0.0002,2,79,0.3228346456692913,0.9333333333333333,0.5
24278,HyboNet,4,128,0.0002,2,8,0.5354330708661418,0.6333333333333333,0.5769230769230769
24279,HyboNet,4,128,0.0002,2,80,0.3464566929133858,0.9333333333333333,0.5384615384615384
24280,HyboNet,4,128,0.0002,2,81,0.3543307086614173,0.9333333333333333,0.5384615384615384
24281,HyboNet,4,128,0.0002,2,82,0.33858267716535434,0.9333333333333333,0.5384615384615384
24282,HyboNet,4,128,0.0002,2,83,0.33070866141732286,0.9333333333333333,0.5
24283,HyboNet,4,128,0.0002,2,84,0.31496062992125984,0.9333333333333333,0.5
24284,HyboNet,4,128,0.0002,2,85,0.31496062992125984,0.9333333333333333,0.46153846153846156
24285,HyboNet,4,128,0.0002,2,86,0.3228346456692913,0.9333333333333333,0.46153846153846156
24286,HyboNet,4,128,0.0002,2,87,0.3228346456692913,0.9333333333333333,0.46153846153846156
24287,HyboNet,4,128,0.0002,2,88,0.3228346456692913,0.9333333333333333,0.46153846153846156
24288,HyboNet,4,128,0.0002,2,89,0.33070866141732286,0.9333333333333333,0.46153846153846156
24289,HyboNet,4,128,0.0002,2,9,0.5354330708661418,0.6333333333333333,0.5769230769230769
24290,HyboNet,4,128,0.0002,2,90,0.3228346456692913,0.9333333333333333,0.46153846153846156
24291,HyboNet,4,128,0.0002,2,91,0.31496062992125984,0.9333333333333333,0.46153846153846156
24292,HyboNet,4,128,0.0002,2,92,0.3228346456692913,0.9666666666666667,0.46153846153846156
24293,HyboNet,4,128,0.0002,2,93,0.31496062992125984,0.9666666666666667,0.46153846153846156
24294,HyboNet,4,128,0.0002,2,94,0.31496062992125984,0.9333333333333333,0.46153846153846156
24295,HyboNet,4,128,0.0002,2,95,0.30708661417322836,0.9666666666666667,0.46153846153846156
24296,HyboNet,4,128,0.0002,2,96,0.2992125984251969,0.9666666666666667,0.4230769230769231
24297,HyboNet,4,128,0.0002,2,97,0.2992125984251969,0.9666666666666667,0.4230769230769231
24298,HyboNet,4,128,0.0002,2,98,0.2992125984251969,1.0,0.4230769230769231
24299,HyboNet,4,128,0.0002,2,99,0.30708661417322836,1.0,0.4230769230769231
24300,HyboNet,4,128,0.0002,3,1,0.1889763779527559,0.2,0.19230769230769232
24301,HyboNet,4,128,0.0002,3,10,0.5354330708661418,0.6333333333333333,0.5769230769230769
24302,HyboNet,4,128,0.0002,3,100,0.4094488188976378,0.9666666666666667,0.4230769230769231
24303,HyboNet,4,128,0.0002,3,11,0.5354330708661418,0.6333333333333333,0.5769230769230769
24304,HyboNet,4,128,0.0002,3,12,0.5433070866141733,0.6666666666666666,0.5769230769230769
24305,HyboNet,4,128,0.0002,3,13,0.5354330708661418,0.7,0.5769230769230769
24306,HyboNet,4,128,0.0002,3,14,0.5433070866141733,0.7,0.5769230769230769
24307,HyboNet,4,128,0.0002,3,15,0.5433070866141733,0.7,0.5769230769230769
24308,HyboNet,4,128,0.0002,3,16,0.5433070866141733,0.7,0.5769230769230769
24309,HyboNet,4,128,0.0002,3,17,0.5511811023622047,0.7,0.5769230769230769
24310,HyboNet,4,128,0.0002,3,18,0.5433070866141733,0.7,0.5769230769230769
24311,HyboNet,4,128,0.0002,3,19,0.5433070866141733,0.7,0.5769230769230769
24312,HyboNet,4,128,0.0002,3,2,0.3543307086614173,0.4,0.46153846153846156
24313,HyboNet,4,128,0.0002,3,20,0.5511811023622047,0.7,0.5769230769230769
24314,HyboNet,4,128,0.0002,3,21,0.5511811023622047,0.7666666666666667,0.5769230769230769
24315,HyboNet,4,128,0.0002,3,22,0.5590551181102362,0.7666666666666667,0.5769230769230769
24316,HyboNet,4,128,0.0002,3,23,0.5433070866141733,0.7666666666666667,0.5384615384615384
24317,HyboNet,4,128,0.0002,3,24,0.5433070866141733,0.7666666666666667,0.5384615384615384
24318,HyboNet,4,128,0.0002,3,25,0.5669291338582677,0.7666666666666667,0.5384615384615384
24319,HyboNet,4,128,0.0002,3,26,0.5590551181102362,0.7666666666666667,0.5384615384615384
24320,HyboNet,4,128,0.0002,3,27,0.5511811023622047,0.7666666666666667,0.5384615384615384
24321,HyboNet,4,128,0.0002,3,28,0.5590551181102362,0.8,0.5384615384615384
24322,HyboNet,4,128,0.0002,3,29,0.5433070866141733,0.8,0.5769230769230769
24323,HyboNet,4,128,0.0002,3,3,0.49606299212598426,0.5666666666666667,0.5384615384615384
24324,HyboNet,4,128,0.0002,3,30,0.5433070866141733,0.8333333333333334,0.6153846153846154
24325,HyboNet,4,128,0.0002,3,31,0.5433070866141733,0.8333333333333334,0.6153846153846154
24326,HyboNet,4,128,0.0002,3,32,0.5354330708661418,0.8333333333333334,0.5769230769230769
24327,HyboNet,4,128,0.0002,3,33,0.5354330708661418,0.8333333333333334,0.5769230769230769
24328,HyboNet,4,128,0.0002,3,34,0.5354330708661418,0.8333333333333334,0.5769230769230769
24329,HyboNet,4,128,0.0002,3,35,0.5275590551181102,0.8333333333333334,0.5769230769230769
24330,HyboNet,4,128,0.0002,3,36,0.5196850393700787,0.8333333333333334,0.5769230769230769
24331,HyboNet,4,128,0.0002,3,37,0.5275590551181102,0.8333333333333334,0.5769230769230769
24332,HyboNet,4,128,0.0002,3,38,0.5196850393700787,0.8333333333333334,0.5769230769230769
24333,HyboNet,4,128,0.0002,3,39,0.5039370078740157,0.8333333333333334,0.5384615384615384
24334,HyboNet,4,128,0.0002,3,4,0.5196850393700787,0.6,0.5384615384615384
24335,HyboNet,4,128,0.0002,3,40,0.5039370078740157,0.8333333333333334,0.5384615384615384
24336,HyboNet,4,128,0.0002,3,41,0.5118110236220472,0.8333333333333334,0.5384615384615384
24337,HyboNet,4,128,0.0002,3,42,0.5118110236220472,0.8666666666666667,0.5384615384615384
24338,HyboNet,4,128,0.0002,3,43,0.4881889763779528,0.8666666666666667,0.5384615384615384
24339,HyboNet,4,128,0.0002,3,44,0.49606299212598426,0.8666666666666667,0.5769230769230769
24340,HyboNet,4,128,0.0002,3,45,0.49606299212598426,0.8666666666666667,0.5769230769230769
24341,HyboNet,4,128,0.0002,3,46,0.48031496062992124,0.8666666666666667,0.5769230769230769
24342,HyboNet,4,128,0.0002,3,47,0.49606299212598426,0.9,0.5769230769230769
24343,HyboNet,4,128,0.0002,3,48,0.49606299212598426,0.9,0.5769230769230769
24344,HyboNet,4,128,0.0002,3,49,0.49606299212598426,0.9,0.5769230769230769
24345,HyboNet,4,128,0.0002,3,5,0.5354330708661418,0.6,0.5769230769230769
24346,HyboNet,4,128,0.0002,3,50,0.5039370078740157,0.9,0.6153846153846154
24347,HyboNet,4,128,0.0002,3,51,0.5039370078740157,0.9,0.6153846153846154
24348,HyboNet,4,128,0.0002,3,52,0.5039370078740157,0.9333333333333333,0.6153846153846154
24349,HyboNet,4,128,0.0002,3,53,0.49606299212598426,0.9333333333333333,0.6153846153846154
24350,HyboNet,4,128,0.0002,3,54,0.5118110236220472,0.9,0.5769230769230769
24351,HyboNet,4,128,0.0002,3,55,0.5118110236220472,0.9,0.5769230769230769
24352,HyboNet,4,128,0.0002,3,56,0.49606299212598426,0.9,0.5769230769230769
24353,HyboNet,4,128,0.0002,3,57,0.49606299212598426,0.9333333333333333,0.5769230769230769
24354,HyboNet,4,128,0.0002,3,58,0.5039370078740157,0.9333333333333333,0.5769230769230769
24355,HyboNet,4,128,0.0002,3,59,0.5039370078740157,0.9333333333333333,0.6153846153846154
24356,HyboNet,4,128,0.0002,3,6,0.5354330708661418,0.6,0.5769230769230769
24357,HyboNet,4,128,0.0002,3,60,0.5039370078740157,0.9333333333333333,0.6153846153846154
24358,HyboNet,4,128,0.0002,3,61,0.5039370078740157,0.9333333333333333,0.6153846153846154
24359,HyboNet,4,128,0.0002,3,62,0.5039370078740157,0.9333333333333333,0.6153846153846154
24360,HyboNet,4,128,0.0002,3,63,0.5118110236220472,0.9333333333333333,0.6153846153846154
24361,HyboNet,4,128,0.0002,3,64,0.5118110236220472,0.9333333333333333,0.6153846153846154
24362,HyboNet,4,128,0.0002,3,65,0.49606299212598426,0.9333333333333333,0.6153846153846154
24363,HyboNet,4,128,0.0002,3,66,0.49606299212598426,0.9333333333333333,0.5769230769230769
24364,HyboNet,4,128,0.0002,3,67,0.49606299212598426,0.9333333333333333,0.6153846153846154
24365,HyboNet,4,128,0.0002,3,68,0.49606299212598426,0.9333333333333333,0.6153846153846154
24366,HyboNet,4,128,0.0002,3,69,0.49606299212598426,0.9333333333333333,0.6153846153846154
24367,HyboNet,4,128,0.0002,3,7,0.5354330708661418,0.6,0.5769230769230769
24368,HyboNet,4,128,0.0002,3,70,0.47244094488188976,0.9333333333333333,0.6153846153846154
24369,HyboNet,4,128,0.0002,3,71,0.47244094488188976,0.9333333333333333,0.5769230769230769
24370,HyboNet,4,128,0.0002,3,72,0.44881889763779526,0.9333333333333333,0.5384615384615384
24371,HyboNet,4,128,0.0002,3,73,0.44881889763779526,0.9333333333333333,0.5384615384615384
24372,HyboNet,4,128,0.0002,3,74,0.44881889763779526,0.9333333333333333,0.5384615384615384
24373,HyboNet,4,128,0.0002,3,75,0.44881889763779526,0.9333333333333333,0.5384615384615384
24374,HyboNet,4,128,0.0002,3,76,0.44881889763779526,0.9333333333333333,0.5384615384615384
24375,HyboNet,4,128,0.0002,3,77,0.4251968503937008,0.9333333333333333,0.5384615384615384
24376,HyboNet,4,128,0.0002,3,78,0.4251968503937008,0.9333333333333333,0.5384615384615384
24377,HyboNet,4,128,0.0002,3,79,0.4330708661417323,0.9333333333333333,0.5384615384615384
24378,HyboNet,4,128,0.0002,3,8,0.5354330708661418,0.6,0.5769230769230769
24379,HyboNet,4,128,0.0002,3,80,0.44881889763779526,0.9333333333333333,0.5384615384615384
24380,HyboNet,4,128,0.0002,3,81,0.4409448818897638,0.9333333333333333,0.5384615384615384
24381,HyboNet,4,128,0.0002,3,82,0.4409448818897638,0.9333333333333333,0.5384615384615384
24382,HyboNet,4,128,0.0002,3,83,0.4330708661417323,0.9666666666666667,0.5384615384615384
24383,HyboNet,4,128,0.0002,3,84,0.4094488188976378,0.9666666666666667,0.5
24384,HyboNet,4,128,0.0002,3,85,0.4094488188976378,0.9333333333333333,0.5
24385,HyboNet,4,128,0.0002,3,86,0.41732283464566927,0.9333333333333333,0.46153846153846156
24386,HyboNet,4,128,0.0002,3,87,0.4251968503937008,0.9666666666666667,0.5384615384615384
24387,HyboNet,4,128,0.0002,3,88,0.4251968503937008,0.9666666666666667,0.5384615384615384
24388,HyboNet,4,128,0.0002,3,89,0.4330708661417323,0.9666666666666667,0.5384615384615384
24389,HyboNet,4,128,0.0002,3,9,0.5354330708661418,0.6,0.5769230769230769
24390,HyboNet,4,128,0.0002,3,90,0.4251968503937008,0.9666666666666667,0.5384615384615384
24391,HyboNet,4,128,0.0002,3,91,0.41732283464566927,0.9666666666666667,0.46153846153846156
24392,HyboNet,4,128,0.0002,3,92,0.4094488188976378,0.9666666666666667,0.4230769230769231
24393,HyboNet,4,128,0.0002,3,93,0.41732283464566927,0.9666666666666667,0.4230769230769231
24394,HyboNet,4,128,0.0002,3,94,0.4094488188976378,0.9666666666666667,0.4230769230769231
24395,HyboNet,4,128,0.0002,3,95,0.41732283464566927,0.9666666666666667,0.4230769230769231
24396,HyboNet,4,128,0.0002,3,96,0.41732283464566927,0.9666666666666667,0.4230769230769231
24397,HyboNet,4,128,0.0002,3,97,0.41732283464566927,1.0,0.4230769230769231
24398,HyboNet,4,128,0.0002,3,98,0.4094488188976378,0.9666666666666667,0.4230769230769231
24399,HyboNet,4,128,0.0002,3,99,0.4094488188976378,0.9666666666666667,0.4230769230769231
24400,HyboNet,4,128,0.0002,4,1,0.2677165354330709,0.3,0.19230769230769232
24401,HyboNet,4,128,0.0002,4,10,0.5354330708661418,0.6,0.5769230769230769
24402,HyboNet,4,128,0.0002,4,100,0.3464566929133858,0.9666666666666667,0.3076923076923077
24403,HyboNet,4,128,0.0002,4,11,0.5354330708661418,0.6,0.5384615384615384
24404,HyboNet,4,128,0.0002,4,12,0.5354330708661418,0.6333333333333333,0.5384615384615384
24405,HyboNet,4,128,0.0002,4,13,0.5354330708661418,0.6333333333333333,0.5384615384615384
24406,HyboNet,4,128,0.0002,4,14,0.5354330708661418,0.6333333333333333,0.5384615384615384
24407,HyboNet,4,128,0.0002,4,15,0.5354330708661418,0.6333333333333333,0.5384615384615384
24408,HyboNet,4,128,0.0002,4,16,0.5354330708661418,0.6333333333333333,0.5384615384615384
24409,HyboNet,4,128,0.0002,4,17,0.5354330708661418,0.6333333333333333,0.5384615384615384
24410,HyboNet,4,128,0.0002,4,18,0.5354330708661418,0.6333333333333333,0.5384615384615384
24411,HyboNet,4,128,0.0002,4,19,0.5354330708661418,0.6666666666666666,0.5384615384615384
24412,HyboNet,4,128,0.0002,4,2,0.4409448818897638,0.5333333333333333,0.34615384615384615
24413,HyboNet,4,128,0.0002,4,20,0.5354330708661418,0.6666666666666666,0.5384615384615384
24414,HyboNet,4,128,0.0002,4,21,0.5433070866141733,0.7,0.5384615384615384
24415,HyboNet,4,128,0.0002,4,22,0.5433070866141733,0.7,0.5384615384615384
24416,HyboNet,4,128,0.0002,4,23,0.5511811023622047,0.7,0.5384615384615384
24417,HyboNet,4,128,0.0002,4,24,0.5590551181102362,0.6666666666666666,0.5384615384615384
24418,HyboNet,4,128,0.0002,4,25,0.5590551181102362,0.6666666666666666,0.5384615384615384
24419,HyboNet,4,128,0.0002,4,26,0.5590551181102362,0.7333333333333333,0.5384615384615384
24420,HyboNet,4,128,0.0002,4,27,0.5433070866141733,0.7333333333333333,0.5384615384615384
24421,HyboNet,4,128,0.0002,4,28,0.5511811023622047,0.7666666666666667,0.5
24422,HyboNet,4,128,0.0002,4,29,0.5433070866141733,0.7666666666666667,0.46153846153846156
24423,HyboNet,4,128,0.0002,4,3,0.49606299212598426,0.6,0.5384615384615384
24424,HyboNet,4,128,0.0002,4,30,0.5433070866141733,0.8,0.4230769230769231
24425,HyboNet,4,128,0.0002,4,31,0.5275590551181102,0.8333333333333334,0.46153846153846156
24426,HyboNet,4,128,0.0002,4,32,0.5275590551181102,0.8333333333333334,0.46153846153846156
24427,HyboNet,4,128,0.0002,4,33,0.5196850393700787,0.8333333333333334,0.46153846153846156
24428,HyboNet,4,128,0.0002,4,34,0.49606299212598426,0.8333333333333334,0.4230769230769231
24429,HyboNet,4,128,0.0002,4,35,0.47244094488188976,0.8333333333333334,0.4230769230769231
24430,HyboNet,4,128,0.0002,4,36,0.48031496062992124,0.8333333333333334,0.4230769230769231
24431,HyboNet,4,128,0.0002,4,37,0.49606299212598426,0.8333333333333334,0.38461538461538464
24432,HyboNet,4,128,0.0002,4,38,0.4881889763779528,0.8666666666666667,0.38461538461538464
24433,HyboNet,4,128,0.0002,4,39,0.47244094488188976,0.8666666666666667,0.38461538461538464
24434,HyboNet,4,128,0.0002,4,4,0.5275590551181102,0.6,0.5384615384615384
24435,HyboNet,4,128,0.0002,4,40,0.47244094488188976,0.8666666666666667,0.38461538461538464
24436,HyboNet,4,128,0.0002,4,41,0.4645669291338583,0.8666666666666667,0.38461538461538464
24437,HyboNet,4,128,0.0002,4,42,0.4566929133858268,0.8666666666666667,0.38461538461538464
24438,HyboNet,4,128,0.0002,4,43,0.44881889763779526,0.8666666666666667,0.38461538461538464
24439,HyboNet,4,128,0.0002,4,44,0.4251968503937008,0.8666666666666667,0.38461538461538464
24440,HyboNet,4,128,0.0002,4,45,0.4251968503937008,0.9,0.38461538461538464
24441,HyboNet,4,128,0.0002,4,46,0.4251968503937008,0.9333333333333333,0.38461538461538464
24442,HyboNet,4,128,0.0002,4,47,0.4251968503937008,0.9333333333333333,0.38461538461538464
24443,HyboNet,4,128,0.0002,4,48,0.4330708661417323,0.9333333333333333,0.38461538461538464
24444,HyboNet,4,128,0.0002,4,49,0.4251968503937008,0.9333333333333333,0.38461538461538464
24445,HyboNet,4,128,0.0002,4,5,0.5275590551181102,0.6,0.5384615384615384
24446,HyboNet,4,128,0.0002,4,50,0.4566929133858268,0.9333333333333333,0.38461538461538464
24447,HyboNet,4,128,0.0002,4,51,0.4566929133858268,0.9333333333333333,0.38461538461538464
24448,HyboNet,4,128,0.0002,4,52,0.4566929133858268,0.9333333333333333,0.38461538461538464
24449,HyboNet,4,128,0.0002,4,53,0.44881889763779526,0.9333333333333333,0.38461538461538464
24450,HyboNet,4,128,0.0002,4,54,0.44881889763779526,0.9333333333333333,0.38461538461538464
24451,HyboNet,4,128,0.0002,4,55,0.4566929133858268,0.9333333333333333,0.38461538461538464
24452,HyboNet,4,128,0.0002,4,56,0.4409448818897638,0.9333333333333333,0.38461538461538464
24453,HyboNet,4,128,0.0002,4,57,0.44881889763779526,0.9333333333333333,0.38461538461538464
24454,HyboNet,4,128,0.0002,4,58,0.44881889763779526,0.9333333333333333,0.38461538461538464
24455,HyboNet,4,128,0.0002,4,59,0.4566929133858268,0.9333333333333333,0.38461538461538464
24456,HyboNet,4,128,0.0002,4,6,0.5275590551181102,0.6,0.5769230769230769
24457,HyboNet,4,128,0.0002,4,60,0.4566929133858268,0.9333333333333333,0.38461538461538464
24458,HyboNet,4,128,0.0002,4,61,0.4566929133858268,0.9333333333333333,0.38461538461538464
24459,HyboNet,4,128,0.0002,4,62,0.44881889763779526,0.9333333333333333,0.34615384615384615
24460,HyboNet,4,128,0.0002,4,63,0.4645669291338583,0.9333333333333333,0.34615384615384615
24461,HyboNet,4,128,0.0002,4,64,0.4566929133858268,0.9333333333333333,0.34615384615384615
24462,HyboNet,4,128,0.0002,4,65,0.4566929133858268,0.9333333333333333,0.34615384615384615
24463,HyboNet,4,128,0.0002,4,66,0.44881889763779526,0.9333333333333333,0.34615384615384615
24464,HyboNet,4,128,0.0002,4,67,0.44881889763779526,0.9333333333333333,0.34615384615384615
24465,HyboNet,4,128,0.0002,4,68,0.4409448818897638,0.9333333333333333,0.34615384615384615
24466,HyboNet,4,128,0.0002,4,69,0.4330708661417323,0.9333333333333333,0.34615384615384615
24467,HyboNet,4,128,0.0002,4,7,0.5275590551181102,0.6,0.5769230769230769
24468,HyboNet,4,128,0.0002,4,70,0.4251968503937008,0.9333333333333333,0.34615384615384615
24469,HyboNet,4,128,0.0002,4,71,0.4251968503937008,0.9333333333333333,0.34615384615384615
24470,HyboNet,4,128,0.0002,4,72,0.4251968503937008,0.9333333333333333,0.34615384615384615
24471,HyboNet,4,128,0.0002,4,73,0.41732283464566927,0.9333333333333333,0.34615384615384615
24472,HyboNet,4,128,0.0002,4,74,0.41732283464566927,0.9333333333333333,0.34615384615384615
24473,HyboNet,4,128,0.0002,4,75,0.41732283464566927,0.9333333333333333,0.34615384615384615
24474,HyboNet,4,128,0.0002,4,76,0.41732283464566927,0.9333333333333333,0.34615384615384615
24475,HyboNet,4,128,0.0002,4,77,0.4094488188976378,0.9333333333333333,0.34615384615384615
24476,HyboNet,4,128,0.0002,4,78,0.4094488188976378,0.9333333333333333,0.34615384615384615
24477,HyboNet,4,128,0.0002,4,79,0.3937007874015748,0.9333333333333333,0.34615384615384615
24478,HyboNet,4,128,0.0002,4,8,0.5354330708661418,0.6,0.5769230769230769
24479,HyboNet,4,128,0.0002,4,80,0.3858267716535433,0.9333333333333333,0.34615384615384615
24480,HyboNet,4,128,0.0002,4,81,0.3700787401574803,0.9333333333333333,0.34615384615384615
24481,HyboNet,4,128,0.0002,4,82,0.3543307086614173,0.9333333333333333,0.3076923076923077
24482,HyboNet,4,128,0.0002,4,83,0.3543307086614173,0.9333333333333333,0.3076923076923077
24483,HyboNet,4,128,0.0002,4,84,0.3543307086614173,0.9333333333333333,0.3076923076923077
24484,HyboNet,4,128,0.0002,4,85,0.3543307086614173,0.9666666666666667,0.3076923076923077
24485,HyboNet,4,128,0.0002,4,86,0.36220472440944884,0.9666666666666667,0.3076923076923077
24486,HyboNet,4,128,0.0002,4,87,0.36220472440944884,0.9666666666666667,0.3076923076923077
24487,HyboNet,4,128,0.0002,4,88,0.36220472440944884,0.9666666666666667,0.3076923076923077
24488,HyboNet,4,128,0.0002,4,89,0.36220472440944884,0.9666666666666667,0.3076923076923077
24489,HyboNet,4,128,0.0002,4,9,0.5354330708661418,0.6,0.5769230769230769
24490,HyboNet,4,128,0.0002,4,90,0.36220472440944884,0.9666666666666667,0.3076923076923077
24491,HyboNet,4,128,0.0002,4,91,0.3464566929133858,0.9666666666666667,0.3076923076923077
24492,HyboNet,4,128,0.0002,4,92,0.33858267716535434,0.9666666666666667,0.3076923076923077
24493,HyboNet,4,128,0.0002,4,93,0.33858267716535434,0.9666666666666667,0.3076923076923077
24494,HyboNet,4,128,0.0002,4,94,0.3464566929133858,0.9666666666666667,0.3076923076923077
24495,HyboNet,4,128,0.0002,4,95,0.33858267716535434,0.9666666666666667,0.3076923076923077
24496,HyboNet,4,128,0.0002,4,96,0.33858267716535434,0.9666666666666667,0.3076923076923077
24497,HyboNet,4,128,0.0002,4,97,0.3464566929133858,0.9666666666666667,0.3076923076923077
24498,HyboNet,4,128,0.0002,4,98,0.36220472440944884,0.9666666666666667,0.3076923076923077
24499,HyboNet,4,128,0.0002,4,99,0.3464566929133858,0.9666666666666667,0.3076923076923077
24500,HyboNet,4,128,0.0002,5,1,0.4645669291338583,0.6,0.5769230769230769
24501,HyboNet,4,128,0.0002,5,10,0.5433070866141733,0.7333333333333333,0.5769230769230769
24502,HyboNet,4,128,0.0002,5,100,0.3543307086614173,1.0,0.34615384615384615
24503,HyboNet,4,128,0.0002,5,11,0.5433070866141733,0.7333333333333333,0.5769230769230769
24504,HyboNet,4,128,0.0002,5,12,0.5354330708661418,0.7333333333333333,0.5769230769230769
24505,HyboNet,4,128,0.0002,5,13,0.5275590551181102,0.7333333333333333,0.5384615384615384
24506,HyboNet,4,128,0.0002,5,14,0.5275590551181102,0.7333333333333333,0.5384615384615384
24507,HyboNet,4,128,0.0002,5,15,0.5275590551181102,0.7333333333333333,0.5384615384615384
24508,HyboNet,4,128,0.0002,5,16,0.5196850393700787,0.7666666666666667,0.5384615384615384
24509,HyboNet,4,128,0.0002,5,17,0.5196850393700787,0.7666666666666667,0.5384615384615384
24510,HyboNet,4,128,0.0002,5,18,0.5196850393700787,0.7666666666666667,0.5384615384615384
24511,HyboNet,4,128,0.0002,5,19,0.48031496062992124,0.7666666666666667,0.5384615384615384
24512,HyboNet,4,128,0.0002,5,2,0.5196850393700787,0.6666666666666666,0.5769230769230769
24513,HyboNet,4,128,0.0002,5,20,0.49606299212598426,0.7666666666666667,0.5384615384615384
24514,HyboNet,4,128,0.0002,5,21,0.5039370078740157,0.8,0.5
24515,HyboNet,4,128,0.0002,5,22,0.49606299212598426,0.8,0.5
24516,HyboNet,4,128,0.0002,5,23,0.5039370078740157,0.8,0.5
24517,HyboNet,4,128,0.0002,5,24,0.5039370078740157,0.8,0.5
24518,HyboNet,4,128,0.0002,5,25,0.5039370078740157,0.8,0.5
24519,HyboNet,4,128,0.0002,5,26,0.5039370078740157,0.8,0.5
24520,HyboNet,4,128,0.0002,5,27,0.49606299212598426,0.8,0.5
24521,HyboNet,4,128,0.0002,5,28,0.49606299212598426,0.8,0.5
24522,HyboNet,4,128,0.0002,5,29,0.4881889763779528,0.8,0.5
24523,HyboNet,4,128,0.0002,5,3,0.5354330708661418,0.6333333333333333,0.5769230769230769
24524,HyboNet,4,128,0.0002,5,30,0.48031496062992124,0.8,0.5
24525,HyboNet,4,128,0.0002,5,31,0.48031496062992124,0.8,0.5
24526,HyboNet,4,128,0.0002,5,32,0.44881889763779526,0.8,0.5
24527,HyboNet,4,128,0.0002,5,33,0.4409448818897638,0.8,0.46153846153846156
24528,HyboNet,4,128,0.0002,5,34,0.4409448818897638,0.8,0.46153846153846156
24529,HyboNet,4,128,0.0002,5,35,0.44881889763779526,0.8,0.5384615384615384
24530,HyboNet,4,128,0.0002,5,36,0.44881889763779526,0.8,0.5384615384615384
24531,HyboNet,4,128,0.0002,5,37,0.44881889763779526,0.8333333333333334,0.5384615384615384
24532,HyboNet,4,128,0.0002,5,38,0.4409448818897638,0.8666666666666667,0.5384615384615384
24533,HyboNet,4,128,0.0002,5,39,0.41732283464566927,0.8666666666666667,0.46153846153846156
24534,HyboNet,4,128,0.0002,5,4,0.5354330708661418,0.6333333333333333,0.5769230769230769
24535,HyboNet,4,128,0.0002,5,40,0.4094488188976378,0.8666666666666667,0.46153846153846156
24536,HyboNet,4,128,0.0002,5,41,0.41732283464566927,0.8666666666666667,0.46153846153846156
24537,HyboNet,4,128,0.0002,5,42,0.4251968503937008,0.8666666666666667,0.5
24538,HyboNet,4,128,0.0002,5,43,0.4251968503937008,0.8666666666666667,0.5384615384615384
24539,HyboNet,4,128,0.0002,5,44,0.4330708661417323,0.8666666666666667,0.5384615384615384
24540,HyboNet,4,128,0.0002,5,45,0.4330708661417323,0.9,0.5384615384615384
24541,HyboNet,4,128,0.0002,5,46,0.4330708661417323,0.9,0.5384615384615384
24542,HyboNet,4,128,0.0002,5,47,0.44881889763779526,0.9,0.5769230769230769
24543,HyboNet,4,128,0.0002,5,48,0.44881889763779526,0.9333333333333333,0.5769230769230769
24544,HyboNet,4,128,0.0002,5,49,0.44881889763779526,0.9333333333333333,0.5769230769230769
24545,HyboNet,4,128,0.0002,5,5,0.5354330708661418,0.6666666666666666,0.5769230769230769
24546,HyboNet,4,128,0.0002,5,50,0.4330708661417323,0.9333333333333333,0.5769230769230769
24547,HyboNet,4,128,0.0002,5,51,0.4330708661417323,0.9333333333333333,0.5769230769230769
24548,HyboNet,4,128,0.0002,5,52,0.4330708661417323,0.9333333333333333,0.5769230769230769
24549,HyboNet,4,128,0.0002,5,53,0.4251968503937008,0.9,0.5769230769230769
24550,HyboNet,4,128,0.0002,5,54,0.4330708661417323,0.9,0.5769230769230769
24551,HyboNet,4,128,0.0002,5,55,0.4251968503937008,0.9,0.5769230769230769
24552,HyboNet,4,128,0.0002,5,56,0.4330708661417323,0.9,0.5769230769230769
24553,HyboNet,4,128,0.0002,5,57,0.4330708661417323,0.9,0.5769230769230769
24554,HyboNet,4,128,0.0002,5,58,0.4251968503937008,0.9,0.5769230769230769
24555,HyboNet,4,128,0.0002,5,59,0.4015748031496063,0.9333333333333333,0.5384615384615384
24556,HyboNet,4,128,0.0002,5,6,0.5354330708661418,0.6666666666666666,0.6153846153846154
24557,HyboNet,4,128,0.0002,5,60,0.4015748031496063,0.9333333333333333,0.5
24558,HyboNet,4,128,0.0002,5,61,0.3937007874015748,0.9333333333333333,0.5
24559,HyboNet,4,128,0.0002,5,62,0.4015748031496063,0.9333333333333333,0.5
24560,HyboNet,4,128,0.0002,5,63,0.3937007874015748,0.9333333333333333,0.46153846153846156
24561,HyboNet,4,128,0.0002,5,64,0.3779527559055118,0.9333333333333333,0.46153846153846156
24562,HyboNet,4,128,0.0002,5,65,0.3858267716535433,0.9333333333333333,0.46153846153846156
24563,HyboNet,4,128,0.0002,5,66,0.3858267716535433,0.9333333333333333,0.46153846153846156
24564,HyboNet,4,128,0.0002,5,67,0.3779527559055118,0.9333333333333333,0.46153846153846156
24565,HyboNet,4,128,0.0002,5,68,0.3779527559055118,0.9333333333333333,0.46153846153846156
24566,HyboNet,4,128,0.0002,5,69,0.3779527559055118,0.9333333333333333,0.46153846153846156
24567,HyboNet,4,128,0.0002,5,7,0.5354330708661418,0.6666666666666666,0.6153846153846154
24568,HyboNet,4,128,0.0002,5,70,0.3779527559055118,0.9333333333333333,0.46153846153846156
24569,HyboNet,4,128,0.0002,5,71,0.3779527559055118,0.9333333333333333,0.46153846153846156
24570,HyboNet,4,128,0.0002,5,72,0.3779527559055118,0.9333333333333333,0.46153846153846156
24571,HyboNet,4,128,0.0002,5,73,0.3858267716535433,0.9333333333333333,0.46153846153846156
24572,HyboNet,4,128,0.0002,5,74,0.3858267716535433,0.9666666666666667,0.46153846153846156
24573,HyboNet,4,128,0.0002,5,75,0.3937007874015748,0.9666666666666667,0.46153846153846156
24574,HyboNet,4,128,0.0002,5,76,0.4015748031496063,0.9666666666666667,0.4230769230769231
24575,HyboNet,4,128,0.0002,5,77,0.3937007874015748,0.9666666666666667,0.4230769230769231
24576,HyboNet,4,128,0.0002,5,78,0.3858267716535433,0.9666666666666667,0.4230769230769231
24577,HyboNet,4,128,0.0002,5,79,0.3779527559055118,0.9666666666666667,0.34615384615384615
24578,HyboNet,4,128,0.0002,5,8,0.5433070866141733,0.7333333333333333,0.6153846153846154
24579,HyboNet,4,128,0.0002,5,80,0.3937007874015748,0.9666666666666667,0.38461538461538464
24580,HyboNet,4,128,0.0002,5,81,0.3858267716535433,0.9666666666666667,0.38461538461538464
24581,HyboNet,4,128,0.0002,5,82,0.3858267716535433,0.9666666666666667,0.38461538461538464
24582,HyboNet,4,128,0.0002,5,83,0.3779527559055118,0.9666666666666667,0.38461538461538464
24583,HyboNet,4,128,0.0002,5,84,0.3858267716535433,0.9666666666666667,0.4230769230769231
24584,HyboNet,4,128,0.0002,5,85,0.3858267716535433,0.9666666666666667,0.38461538461538464
24585,HyboNet,4,128,0.0002,5,86,0.3858267716535433,0.9666666666666667,0.38461538461538464
24586,HyboNet,4,128,0.0002,5,87,0.3937007874015748,1.0,0.38461538461538464
24587,HyboNet,4,128,0.0002,5,88,0.3700787401574803,1.0,0.38461538461538464
24588,HyboNet,4,128,0.0002,5,89,0.36220472440944884,1.0,0.34615384615384615
24589,HyboNet,4,128,0.0002,5,9,0.5590551181102362,0.7333333333333333,0.5769230769230769
24590,HyboNet,4,128,0.0002,5,90,0.3700787401574803,1.0,0.34615384615384615
24591,HyboNet,4,128,0.0002,5,91,0.3700787401574803,1.0,0.38461538461538464
24592,HyboNet,4,128,0.0002,5,92,0.3779527559055118,1.0,0.38461538461538464
24593,HyboNet,4,128,0.0002,5,93,0.3779527559055118,1.0,0.38461538461538464
24594,HyboNet,4,128,0.0002,5,94,0.3543307086614173,1.0,0.34615384615384615
24595,HyboNet,4,128,0.0002,5,95,0.3700787401574803,1.0,0.38461538461538464
24596,HyboNet,4,128,0.0002,5,96,0.3858267716535433,1.0,0.38461538461538464
24597,HyboNet,4,128,0.0002,5,97,0.3779527559055118,1.0,0.38461538461538464
24598,HyboNet,4,128,0.0002,5,98,0.36220472440944884,1.0,0.34615384615384615
24599,HyboNet,4,128,0.0002,5,99,0.36220472440944884,1.0,0.34615384615384615
24600,HyboNet,4,128,0.0002,6,1,0.36220472440944884,0.4,0.34615384615384615
24601,HyboNet,4,128,0.0002,6,10,0.5354330708661418,0.6333333333333333,0.5769230769230769
24602,HyboNet,4,128,0.0002,6,100,0.3937007874015748,1.0,0.4230769230769231
24603,HyboNet,4,128,0.0002,6,11,0.5354330708661418,0.7,0.5769230769230769
24604,HyboNet,4,128,0.0002,6,12,0.5433070866141733,0.7,0.5769230769230769
24605,HyboNet,4,128,0.0002,6,13,0.5433070866141733,0.7,0.5769230769230769
24606,HyboNet,4,128,0.0002,6,14,0.5354330708661418,0.7333333333333333,0.5769230769230769
24607,HyboNet,4,128,0.0002,6,15,0.5354330708661418,0.7333333333333333,0.5384615384615384
24608,HyboNet,4,128,0.0002,6,16,0.5275590551181102,0.7666666666666667,0.5769230769230769
24609,HyboNet,4,128,0.0002,6,17,0.5275590551181102,0.7666666666666667,0.5769230769230769
24610,HyboNet,4,128,0.0002,6,18,0.5433070866141733,0.7666666666666667,0.5769230769230769
24611,HyboNet,4,128,0.0002,6,19,0.5433070866141733,0.7333333333333333,0.5769230769230769
24612,HyboNet,4,128,0.0002,6,2,0.4566929133858268,0.5666666666666667,0.5384615384615384
24613,HyboNet,4,128,0.0002,6,20,0.5433070866141733,0.7333333333333333,0.5769230769230769
24614,HyboNet,4,128,0.0002,6,21,0.5354330708661418,0.7333333333333333,0.5769230769230769
24615,HyboNet,4,128,0.0002,6,22,0.5354330708661418,0.7333333333333333,0.5769230769230769
24616,HyboNet,4,128,0.0002,6,23,0.5354330708661418,0.7333333333333333,0.5769230769230769
24617,HyboNet,4,128,0.0002,6,24,0.5433070866141733,0.7666666666666667,0.5769230769230769
24618,HyboNet,4,128,0.0002,6,25,0.5354330708661418,0.7666666666666667,0.5769230769230769
24619,HyboNet,4,128,0.0002,6,26,0.5354330708661418,0.7666666666666667,0.5769230769230769
24620,HyboNet,4,128,0.0002,6,27,0.5275590551181102,0.7666666666666667,0.5769230769230769
24621,HyboNet,4,128,0.0002,6,28,0.5118110236220472,0.7666666666666667,0.5384615384615384
24622,HyboNet,4,128,0.0002,6,29,0.5196850393700787,0.7666666666666667,0.5
24623,HyboNet,4,128,0.0002,6,3,0.5039370078740157,0.6,0.5769230769230769
24624,HyboNet,4,128,0.0002,6,30,0.5118110236220472,0.7666666666666667,0.5384615384615384
24625,HyboNet,4,128,0.0002,6,31,0.5118110236220472,0.7666666666666667,0.5384615384615384
24626,HyboNet,4,128,0.0002,6,32,0.5039370078740157,0.7666666666666667,0.5384615384615384
24627,HyboNet,4,128,0.0002,6,33,0.5196850393700787,0.7666666666666667,0.5384615384615384
24628,HyboNet,4,128,0.0002,6,34,0.5118110236220472,0.8,0.5769230769230769
24629,HyboNet,4,128,0.0002,6,35,0.49606299212598426,0.8,0.5769230769230769
24630,HyboNet,4,128,0.0002,6,36,0.4881889763779528,0.8,0.5384615384615384
24631,HyboNet,4,128,0.0002,6,37,0.49606299212598426,0.8333333333333334,0.5769230769230769
24632,HyboNet,4,128,0.0002,6,38,0.49606299212598426,0.8333333333333334,0.5769230769230769
24633,HyboNet,4,128,0.0002,6,39,0.5039370078740157,0.8333333333333334,0.5384615384615384
24634,HyboNet,4,128,0.0002,6,4,0.5275590551181102,0.6,0.5769230769230769
24635,HyboNet,4,128,0.0002,6,40,0.5039370078740157,0.8333333333333334,0.5769230769230769
24636,HyboNet,4,128,0.0002,6,41,0.5039370078740157,0.8333333333333334,0.5769230769230769
24637,HyboNet,4,128,0.0002,6,42,0.49606299212598426,0.8333333333333334,0.5769230769230769
24638,HyboNet,4,128,0.0002,6,43,0.49606299212598426,0.8666666666666667,0.5769230769230769
24639,HyboNet,4,128,0.0002,6,44,0.4881889763779528,0.8666666666666667,0.5769230769230769
24640,HyboNet,4,128,0.0002,6,45,0.4881889763779528,0.8666666666666667,0.5769230769230769
24641,HyboNet,4,128,0.0002,6,46,0.4881889763779528,0.8666666666666667,0.5769230769230769
24642,HyboNet,4,128,0.0002,6,47,0.4881889763779528,0.8666666666666667,0.5384615384615384
24643,HyboNet,4,128,0.0002,6,48,0.4881889763779528,0.8666666666666667,0.5384615384615384
24644,HyboNet,4,128,0.0002,6,49,0.48031496062992124,0.8666666666666667,0.5384615384615384
24645,HyboNet,4,128,0.0002,6,5,0.5354330708661418,0.6,0.5769230769230769
24646,HyboNet,4,128,0.0002,6,50,0.48031496062992124,0.8666666666666667,0.5384615384615384
24647,HyboNet,4,128,0.0002,6,51,0.47244094488188976,0.8666666666666667,0.5384615384615384
24648,HyboNet,4,128,0.0002,6,52,0.47244094488188976,0.8666666666666667,0.5384615384615384
24649,HyboNet,4,128,0.0002,6,53,0.4645669291338583,0.8666666666666667,0.5384615384615384
24650,HyboNet,4,128,0.0002,6,54,0.4566929133858268,0.8666666666666667,0.5384615384615384
24651,HyboNet,4,128,0.0002,6,55,0.48031496062992124,0.8666666666666667,0.5384615384615384
24652,HyboNet,4,128,0.0002,6,56,0.48031496062992124,0.9,0.5384615384615384
24653,HyboNet,4,128,0.0002,6,57,0.4645669291338583,0.9,0.5384615384615384
24654,HyboNet,4,128,0.0002,6,58,0.47244094488188976,0.9,0.5384615384615384
24655,HyboNet,4,128,0.0002,6,59,0.4645669291338583,0.9,0.5384615384615384
24656,HyboNet,4,128,0.0002,6,6,0.5354330708661418,0.6,0.5769230769230769
24657,HyboNet,4,128,0.0002,6,60,0.47244094488188976,0.9,0.5384615384615384
24658,HyboNet,4,128,0.0002,6,61,0.47244094488188976,0.9333333333333333,0.5
24659,HyboNet,4,128,0.0002,6,62,0.47244094488188976,0.9333333333333333,0.5384615384615384
24660,HyboNet,4,128,0.0002,6,63,0.4645669291338583,0.9333333333333333,0.5384615384615384
24661,HyboNet,4,128,0.0002,6,64,0.4645669291338583,0.9333333333333333,0.5384615384615384
24662,HyboNet,4,128,0.0002,6,65,0.4645669291338583,0.9333333333333333,0.5769230769230769
24663,HyboNet,4,128,0.0002,6,66,0.4645669291338583,0.9333333333333333,0.5384615384615384
24664,HyboNet,4,128,0.0002,6,67,0.4566929133858268,0.9333333333333333,0.5384615384615384
24665,HyboNet,4,128,0.0002,6,68,0.4566929133858268,0.9333333333333333,0.5384615384615384
24666,HyboNet,4,128,0.0002,6,69,0.4566929133858268,0.9333333333333333,0.5384615384615384
24667,HyboNet,4,128,0.0002,6,7,0.5354330708661418,0.6,0.5769230769230769
24668,HyboNet,4,128,0.0002,6,70,0.44881889763779526,0.9333333333333333,0.5
24669,HyboNet,4,128,0.0002,6,71,0.4409448818897638,0.9333333333333333,0.5
24670,HyboNet,4,128,0.0002,6,72,0.4409448818897638,0.9333333333333333,0.5
24671,HyboNet,4,128,0.0002,6,73,0.44881889763779526,0.9333333333333333,0.5
24672,HyboNet,4,128,0.0002,6,74,0.44881889763779526,0.9333333333333333,0.5
24673,HyboNet,4,128,0.0002,6,75,0.44881889763779526,0.9333333333333333,0.5
24674,HyboNet,4,128,0.0002,6,76,0.4330708661417323,0.9333333333333333,0.5
24675,HyboNet,4,128,0.0002,6,77,0.4409448818897638,0.9333333333333333,0.5
24676,HyboNet,4,128,0.0002,6,78,0.44881889763779526,0.9333333333333333,0.46153846153846156
24677,HyboNet,4,128,0.0002,6,79,0.4251968503937008,0.9333333333333333,0.4230769230769231
24678,HyboNet,4,128,0.0002,6,8,0.5275590551181102,0.6333333333333333,0.5769230769230769
24679,HyboNet,4,128,0.0002,6,80,0.4409448818897638,0.9333333333333333,0.46153846153846156
24680,HyboNet,4,128,0.0002,6,81,0.44881889763779526,0.9333333333333333,0.46153846153846156
24681,HyboNet,4,128,0.0002,6,82,0.4409448818897638,0.9666666666666667,0.46153846153846156
24682,HyboNet,4,128,0.0002,6,83,0.4409448818897638,0.9666666666666667,0.4230769230769231
24683,HyboNet,4,128,0.0002,6,84,0.41732283464566927,0.9666666666666667,0.4230769230769231
24684,HyboNet,4,128,0.0002,6,85,0.4015748031496063,0.9666666666666667,0.4230769230769231
24685,HyboNet,4,128,0.0002,6,86,0.4094488188976378,0.9666666666666667,0.4230769230769231
24686,HyboNet,4,128,0.0002,6,87,0.4015748031496063,0.9666666666666667,0.4230769230769231
24687,HyboNet,4,128,0.0002,6,88,0.3858267716535433,1.0,0.4230769230769231
24688,HyboNet,4,128,0.0002,6,89,0.3858267716535433,1.0,0.4230769230769231
24689,HyboNet,4,128,0.0002,6,9,0.5275590551181102,0.6333333333333333,0.5769230769230769
24690,HyboNet,4,128,0.0002,6,90,0.3858267716535433,1.0,0.4230769230769231
24691,HyboNet,4,128,0.0002,6,91,0.3937007874015748,1.0,0.4230769230769231
24692,HyboNet,4,128,0.0002,6,92,0.3858267716535433,1.0,0.4230769230769231
24693,HyboNet,4,128,0.0002,6,93,0.3858267716535433,1.0,0.4230769230769231
24694,HyboNet,4,128,0.0002,6,94,0.3858267716535433,1.0,0.4230769230769231
24695,HyboNet,4,128,0.0002,6,95,0.3700787401574803,1.0,0.46153846153846156
24696,HyboNet,4,128,0.0002,6,96,0.3700787401574803,1.0,0.46153846153846156
24697,HyboNet,4,128,0.0002,6,97,0.3779527559055118,1.0,0.46153846153846156
24698,HyboNet,4,128,0.0002,6,98,0.3937007874015748,1.0,0.4230769230769231
24699,HyboNet,4,128,0.0002,6,99,0.3858267716535433,1.0,0.4230769230769231
24700,HyboNet,4,128,0.0002,7,1,0.5039370078740157,0.6,0.5769230769230769
24701,HyboNet,4,128,0.0002,7,10,0.5354330708661418,0.7,0.5769230769230769
24702,HyboNet,4,128,0.0002,7,100,0.30708661417322836,1.0,0.3076923076923077
24703,HyboNet,4,128,0.0002,7,11,0.5354330708661418,0.7333333333333333,0.5769230769230769
24704,HyboNet,4,128,0.0002,7,12,0.5275590551181102,0.7333333333333333,0.5769230769230769
24705,HyboNet,4,128,0.0002,7,13,0.5275590551181102,0.7333333333333333,0.5769230769230769
24706,HyboNet,4,128,0.0002,7,14,0.5039370078740157,0.7333333333333333,0.5769230769230769
24707,HyboNet,4,128,0.0002,7,15,0.49606299212598426,0.7333333333333333,0.5769230769230769
24708,HyboNet,4,128,0.0002,7,16,0.4645669291338583,0.7333333333333333,0.6153846153846154
24709,HyboNet,4,128,0.0002,7,17,0.4645669291338583,0.7666666666666667,0.6153846153846154
24710,HyboNet,4,128,0.0002,7,18,0.47244094488188976,0.8,0.6153846153846154
24711,HyboNet,4,128,0.0002,7,19,0.4645669291338583,0.8333333333333334,0.6153846153846154
24712,HyboNet,4,128,0.0002,7,2,0.5275590551181102,0.6,0.5769230769230769
24713,HyboNet,4,128,0.0002,7,20,0.4645669291338583,0.8,0.6153846153846154
24714,HyboNet,4,128,0.0002,7,21,0.4566929133858268,0.7666666666666667,0.6153846153846154
24715,HyboNet,4,128,0.0002,7,22,0.4645669291338583,0.7666666666666667,0.6153846153846154
24716,HyboNet,4,128,0.0002,7,23,0.47244094488188976,0.7666666666666667,0.6153846153846154
24717,HyboNet,4,128,0.0002,7,24,0.4645669291338583,0.7666666666666667,0.6153846153846154
24718,HyboNet,4,128,0.0002,7,25,0.4566929133858268,0.8,0.6153846153846154
24719,HyboNet,4,128,0.0002,7,26,0.47244094488188976,0.8,0.5769230769230769
24720,HyboNet,4,128,0.0002,7,27,0.4409448818897638,0.8,0.5384615384615384
24721,HyboNet,4,128,0.0002,7,28,0.41732283464566927,0.8,0.5
24722,HyboNet,4,128,0.0002,7,29,0.4094488188976378,0.8,0.5384615384615384
24723,HyboNet,4,128,0.0002,7,3,0.5275590551181102,0.6,0.5769230769230769
24724,HyboNet,4,128,0.0002,7,30,0.4094488188976378,0.8,0.5384615384615384
24725,HyboNet,4,128,0.0002,7,31,0.4094488188976378,0.8,0.5384615384615384
24726,HyboNet,4,128,0.0002,7,32,0.3937007874015748,0.8,0.5384615384615384
24727,HyboNet,4,128,0.0002,7,33,0.3937007874015748,0.8,0.5384615384615384
24728,HyboNet,4,128,0.0002,7,34,0.3937007874015748,0.8,0.5384615384615384
24729,HyboNet,4,128,0.0002,7,35,0.3937007874015748,0.8,0.5384615384615384
24730,HyboNet,4,128,0.0002,7,36,0.4015748031496063,0.8333333333333334,0.5384615384615384
24731,HyboNet,4,128,0.0002,7,37,0.4015748031496063,0.9333333333333333,0.5
24732,HyboNet,4,128,0.0002,7,38,0.3858267716535433,0.9333333333333333,0.46153846153846156
24733,HyboNet,4,128,0.0002,7,39,0.3858267716535433,0.9666666666666667,0.46153846153846156
24734,HyboNet,4,128,0.0002,7,4,0.5118110236220472,0.6,0.5769230769230769
24735,HyboNet,4,128,0.0002,7,40,0.3858267716535433,0.9666666666666667,0.46153846153846156
24736,HyboNet,4,128,0.0002,7,41,0.3858267716535433,0.9333333333333333,0.46153846153846156
24737,HyboNet,4,128,0.0002,7,42,0.3779527559055118,0.9666666666666667,0.46153846153846156
24738,HyboNet,4,128,0.0002,7,43,0.3779527559055118,0.9666666666666667,0.46153846153846156
24739,HyboNet,4,128,0.0002,7,44,0.3858267716535433,0.9666666666666667,0.46153846153846156
24740,HyboNet,4,128,0.0002,7,45,0.3779527559055118,0.9666666666666667,0.46153846153846156
24741,HyboNet,4,128,0.0002,7,46,0.3779527559055118,0.9666666666666667,0.46153846153846156
24742,HyboNet,4,128,0.0002,7,47,0.3779527559055118,0.9666666666666667,0.46153846153846156
24743,HyboNet,4,128,0.0002,7,48,0.3700787401574803,0.9666666666666667,0.46153846153846156
24744,HyboNet,4,128,0.0002,7,49,0.3779527559055118,0.9333333333333333,0.46153846153846156
24745,HyboNet,4,128,0.0002,7,5,0.5118110236220472,0.6,0.5769230769230769
24746,HyboNet,4,128,0.0002,7,50,0.3700787401574803,0.9333333333333333,0.46153846153846156
24747,HyboNet,4,128,0.0002,7,51,0.3779527559055118,0.9333333333333333,0.46153846153846156
24748,HyboNet,4,128,0.0002,7,52,0.3700787401574803,0.9333333333333333,0.46153846153846156
24749,HyboNet,4,128,0.0002,7,53,0.3779527559055118,0.9333333333333333,0.46153846153846156
24750,HyboNet,4,128,0.0002,7,54,0.3779527559055118,0.9333333333333333,0.46153846153846156
24751,HyboNet,4,128,0.0002,7,55,0.3779527559055118,0.9333333333333333,0.46153846153846156
24752,HyboNet,4,128,0.0002,7,56,0.3779527559055118,0.9333333333333333,0.46153846153846156
24753,HyboNet,4,128,0.0002,7,57,0.3858267716535433,0.9333333333333333,0.4230769230769231
24754,HyboNet,4,128,0.0002,7,58,0.3779527559055118,0.9333333333333333,0.4230769230769231
24755,HyboNet,4,128,0.0002,7,59,0.3779527559055118,0.9333333333333333,0.4230769230769231
24756,HyboNet,4,128,0.0002,7,6,0.5118110236220472,0.6,0.5769230769230769
24757,HyboNet,4,128,0.0002,7,60,0.3858267716535433,0.9333333333333333,0.38461538461538464
24758,HyboNet,4,128,0.0002,7,61,0.3858267716535433,0.9666666666666667,0.38461538461538464
24759,HyboNet,4,128,0.0002,7,62,0.3858267716535433,0.9666666666666667,0.38461538461538464
24760,HyboNet,4,128,0.0002,7,63,0.3858267716535433,1.0,0.38461538461538464
24761,HyboNet,4,128,0.0002,7,64,0.3779527559055118,1.0,0.38461538461538464
24762,HyboNet,4,128,0.0002,7,65,0.3543307086614173,1.0,0.38461538461538464
24763,HyboNet,4,128,0.0002,7,66,0.3779527559055118,0.9666666666666667,0.38461538461538464
24764,HyboNet,4,128,0.0002,7,67,0.3779527559055118,0.9666666666666667,0.38461538461538464
24765,HyboNet,4,128,0.0002,7,68,0.3543307086614173,0.9666666666666667,0.38461538461538464
24766,HyboNet,4,128,0.0002,7,69,0.3464566929133858,1.0,0.34615384615384615
24767,HyboNet,4,128,0.0002,7,7,0.5118110236220472,0.7,0.5769230769230769
24768,HyboNet,4,128,0.0002,7,70,0.33858267716535434,1.0,0.34615384615384615
24769,HyboNet,4,128,0.0002,7,71,0.3228346456692913,1.0,0.34615384615384615
24770,HyboNet,4,128,0.0002,7,72,0.33070866141732286,1.0,0.34615384615384615
24771,HyboNet,4,128,0.0002,7,73,0.33070866141732286,1.0,0.34615384615384615
24772,HyboNet,4,128,0.0002,7,74,0.33070866141732286,1.0,0.34615384615384615
24773,HyboNet,4,128,0.0002,7,75,0.3228346456692913,1.0,0.34615384615384615
24774,HyboNet,4,128,0.0002,7,76,0.33070866141732286,1.0,0.34615384615384615
24775,HyboNet,4,128,0.0002,7,77,0.33070866141732286,1.0,0.34615384615384615
24776,HyboNet,4,128,0.0002,7,78,0.3228346456692913,1.0,0.34615384615384615
24777,HyboNet,4,128,0.0002,7,79,0.31496062992125984,1.0,0.34615384615384615
24778,HyboNet,4,128,0.0002,7,8,0.5039370078740157,0.7,0.5769230769230769
24779,HyboNet,4,128,0.0002,7,80,0.3228346456692913,1.0,0.34615384615384615
24780,HyboNet,4,128,0.0002,7,81,0.30708661417322836,1.0,0.34615384615384615
24781,HyboNet,4,128,0.0002,7,82,0.30708661417322836,1.0,0.34615384615384615
24782,HyboNet,4,128,0.0002,7,83,0.31496062992125984,1.0,0.34615384615384615
24783,HyboNet,4,128,0.0002,7,84,0.3228346456692913,1.0,0.34615384615384615
24784,HyboNet,4,128,0.0002,7,85,0.30708661417322836,1.0,0.34615384615384615
24785,HyboNet,4,128,0.0002,7,86,0.2992125984251969,1.0,0.3076923076923077
24786,HyboNet,4,128,0.0002,7,87,0.2992125984251969,1.0,0.3076923076923077
24787,HyboNet,4,128,0.0002,7,88,0.2992125984251969,1.0,0.3076923076923077
24788,HyboNet,4,128,0.0002,7,89,0.30708661417322836,1.0,0.3076923076923077
24789,HyboNet,4,128,0.0002,7,9,0.5275590551181102,0.7,0.5769230769230769
24790,HyboNet,4,128,0.0002,7,90,0.2992125984251969,1.0,0.3076923076923077
24791,HyboNet,4,128,0.0002,7,91,0.3228346456692913,1.0,0.3076923076923077
24792,HyboNet,4,128,0.0002,7,92,0.30708661417322836,1.0,0.34615384615384615
24793,HyboNet,4,128,0.0002,7,93,0.31496062992125984,1.0,0.34615384615384615
24794,HyboNet,4,128,0.0002,7,94,0.2992125984251969,1.0,0.2692307692307692
24795,HyboNet,4,128,0.0002,7,95,0.2992125984251969,1.0,0.2692307692307692
24796,HyboNet,4,128,0.0002,7,96,0.30708661417322836,1.0,0.2692307692307692
24797,HyboNet,4,128,0.0002,7,97,0.30708661417322836,1.0,0.34615384615384615
24798,HyboNet,4,128,0.0002,7,98,0.31496062992125984,1.0,0.34615384615384615
24799,HyboNet,4,128,0.0002,7,99,0.31496062992125984,1.0,0.34615384615384615
24800,HyboNet,4,128,0.0002,8,1,0.2125984251968504,0.43333333333333335,0.38461538461538464
24801,HyboNet,4,128,0.0002,8,10,0.5275590551181102,0.6666666666666666,0.5769230769230769
24802,HyboNet,4,128,0.0002,8,100,0.3858267716535433,1.0,0.34615384615384615
24803,HyboNet,4,128,0.0002,8,11,0.5354330708661418,0.7333333333333333,0.5
24804,HyboNet,4,128,0.0002,8,12,0.5275590551181102,0.7333333333333333,0.5
24805,HyboNet,4,128,0.0002,8,13,0.5354330708661418,0.7666666666666667,0.5
24806,HyboNet,4,128,0.0002,8,14,0.5196850393700787,0.7666666666666667,0.5
24807,HyboNet,4,128,0.0002,8,15,0.5196850393700787,0.7666666666666667,0.5
24808,HyboNet,4,128,0.0002,8,16,0.5511811023622047,0.7666666666666667,0.5
24809,HyboNet,4,128,0.0002,8,17,0.5511811023622047,0.7666666666666667,0.5
24810,HyboNet,4,128,0.0002,8,18,0.5433070866141733,0.7666666666666667,0.5384615384615384
24811,HyboNet,4,128,0.0002,8,19,0.5511811023622047,0.7666666666666667,0.5384615384615384
24812,HyboNet,4,128,0.0002,8,2,0.4251968503937008,0.5333333333333333,0.46153846153846156
24813,HyboNet,4,128,0.0002,8,20,0.5433070866141733,0.7666666666666667,0.5384615384615384
24814,HyboNet,4,128,0.0002,8,21,0.5433070866141733,0.7666666666666667,0.5384615384615384
24815,HyboNet,4,128,0.0002,8,22,0.5433070866141733,0.7666666666666667,0.5384615384615384
24816,HyboNet,4,128,0.0002,8,23,0.5275590551181102,0.8,0.46153846153846156
24817,HyboNet,4,128,0.0002,8,24,0.5039370078740157,0.8,0.46153846153846156
24818,HyboNet,4,128,0.0002,8,25,0.49606299212598426,0.8,0.46153846153846156
24819,HyboNet,4,128,0.0002,8,26,0.5039370078740157,0.8,0.46153846153846156
24820,HyboNet,4,128,0.0002,8,27,0.5118110236220472,0.8,0.46153846153846156
24821,HyboNet,4,128,0.0002,8,28,0.5039370078740157,0.8,0.46153846153846156
24822,HyboNet,4,128,0.0002,8,29,0.5118110236220472,0.8,0.46153846153846156
24823,HyboNet,4,128,0.0002,8,3,0.47244094488188976,0.6,0.5
24824,HyboNet,4,128,0.0002,8,30,0.49606299212598426,0.8,0.46153846153846156
24825,HyboNet,4,128,0.0002,8,31,0.48031496062992124,0.8,0.38461538461538464
24826,HyboNet,4,128,0.0002,8,32,0.4645669291338583,0.8,0.38461538461538464
24827,HyboNet,4,128,0.0002,8,33,0.4645669291338583,0.8333333333333334,0.4230769230769231
24828,HyboNet,4,128,0.0002,8,34,0.4645669291338583,0.8333333333333334,0.4230769230769231
24829,HyboNet,4,128,0.0002,8,35,0.4645669291338583,0.8333333333333334,0.38461538461538464
24830,HyboNet,4,128,0.0002,8,36,0.4645669291338583,0.8333333333333334,0.38461538461538464
24831,HyboNet,4,128,0.0002,8,37,0.4645669291338583,0.8333333333333334,0.4230769230769231
24832,HyboNet,4,128,0.0002,8,38,0.4645669291338583,0.8333333333333334,0.4230769230769231
24833,HyboNet,4,128,0.0002,8,39,0.4645669291338583,0.8333333333333334,0.4230769230769231
24834,HyboNet,4,128,0.0002,8,4,0.5196850393700787,0.6,0.5384615384615384
24835,HyboNet,4,128,0.0002,8,40,0.4645669291338583,0.8333333333333334,0.46153846153846156
24836,HyboNet,4,128,0.0002,8,41,0.4645669291338583,0.8333333333333334,0.46153846153846156
24837,HyboNet,4,128,0.0002,8,42,0.4566929133858268,0.8333333333333334,0.46153846153846156
24838,HyboNet,4,128,0.0002,8,43,0.4645669291338583,0.8333333333333334,0.46153846153846156
24839,HyboNet,4,128,0.0002,8,44,0.4645669291338583,0.8333333333333334,0.46153846153846156
24840,HyboNet,4,128,0.0002,8,45,0.47244094488188976,0.8333333333333334,0.46153846153846156
24841,HyboNet,4,128,0.0002,8,46,0.48031496062992124,0.8666666666666667,0.46153846153846156
24842,HyboNet,4,128,0.0002,8,47,0.48031496062992124,0.8666666666666667,0.46153846153846156
24843,HyboNet,4,128,0.0002,8,48,0.48031496062992124,0.8666666666666667,0.46153846153846156
24844,HyboNet,4,128,0.0002,8,49,0.47244094488188976,0.8666666666666667,0.46153846153846156
24845,HyboNet,4,128,0.0002,8,5,0.5354330708661418,0.6,0.5769230769230769
24846,HyboNet,4,128,0.0002,8,50,0.48031496062992124,0.8666666666666667,0.46153846153846156
24847,HyboNet,4,128,0.0002,8,51,0.47244094488188976,0.8666666666666667,0.46153846153846156
24848,HyboNet,4,128,0.0002,8,52,0.47244094488188976,0.8666666666666667,0.46153846153846156
24849,HyboNet,4,128,0.0002,8,53,0.47244094488188976,0.8666666666666667,0.46153846153846156
24850,HyboNet,4,128,0.0002,8,54,0.47244094488188976,0.9,0.46153846153846156
24851,HyboNet,4,128,0.0002,8,55,0.4645669291338583,0.9,0.46153846153846156
24852,HyboNet,4,128,0.0002,8,56,0.4566929133858268,0.9,0.46153846153846156
24853,HyboNet,4,128,0.0002,8,57,0.4645669291338583,0.9,0.46153846153846156
24854,HyboNet,4,128,0.0002,8,58,0.4645669291338583,0.9,0.46153846153846156
24855,HyboNet,4,128,0.0002,8,59,0.4566929133858268,0.9,0.5
24856,HyboNet,4,128,0.0002,8,6,0.5354330708661418,0.6333333333333333,0.5769230769230769
24857,HyboNet,4,128,0.0002,8,60,0.4645669291338583,0.9,0.5
24858,HyboNet,4,128,0.0002,8,61,0.4645669291338583,0.9333333333333333,0.5
24859,HyboNet,4,128,0.0002,8,62,0.4645669291338583,0.9333333333333333,0.46153846153846156
24860,HyboNet,4,128,0.0002,8,63,0.4645669291338583,0.9333333333333333,0.4230769230769231
24861,HyboNet,4,128,0.0002,8,64,0.44881889763779526,0.9333333333333333,0.4230769230769231
24862,HyboNet,4,128,0.0002,8,65,0.4645669291338583,0.9333333333333333,0.4230769230769231
24863,HyboNet,4,128,0.0002,8,66,0.4645669291338583,0.9333333333333333,0.4230769230769231
24864,HyboNet,4,128,0.0002,8,67,0.4645669291338583,0.9333333333333333,0.4230769230769231
24865,HyboNet,4,128,0.0002,8,68,0.44881889763779526,0.9333333333333333,0.4230769230769231
24866,HyboNet,4,128,0.0002,8,69,0.4409448818897638,0.9333333333333333,0.4230769230769231
24867,HyboNet,4,128,0.0002,8,7,0.5354330708661418,0.6333333333333333,0.5769230769230769
24868,HyboNet,4,128,0.0002,8,70,0.4409448818897638,0.9333333333333333,0.4230769230769231
24869,HyboNet,4,128,0.0002,8,71,0.4251968503937008,0.9666666666666667,0.4230769230769231
24870,HyboNet,4,128,0.0002,8,72,0.4409448818897638,0.9333333333333333,0.4230769230769231
24871,HyboNet,4,128,0.0002,8,73,0.4330708661417323,0.9666666666666667,0.4230769230769231
24872,HyboNet,4,128,0.0002,8,74,0.4251968503937008,0.9666666666666667,0.4230769230769231
24873,HyboNet,4,128,0.0002,8,75,0.4251968503937008,0.9666666666666667,0.4230769230769231
24874,HyboNet,4,128,0.0002,8,76,0.4094488188976378,0.9666666666666667,0.4230769230769231
24875,HyboNet,4,128,0.0002,8,77,0.4094488188976378,0.9666666666666667,0.4230769230769231
24876,HyboNet,4,128,0.0002,8,78,0.4094488188976378,0.9666666666666667,0.4230769230769231
24877,HyboNet,4,128,0.0002,8,79,0.4094488188976378,0.9666666666666667,0.4230769230769231
24878,HyboNet,4,128,0.0002,8,8,0.5354330708661418,0.6333333333333333,0.5769230769230769
24879,HyboNet,4,128,0.0002,8,80,0.4094488188976378,0.9666666666666667,0.4230769230769231
24880,HyboNet,4,128,0.0002,8,81,0.4094488188976378,0.9666666666666667,0.4230769230769231
24881,HyboNet,4,128,0.0002,8,82,0.4015748031496063,0.9666666666666667,0.38461538461538464
24882,HyboNet,4,128,0.0002,8,83,0.4015748031496063,0.9666666666666667,0.38461538461538464
24883,HyboNet,4,128,0.0002,8,84,0.4094488188976378,0.9666666666666667,0.4230769230769231
24884,HyboNet,4,128,0.0002,8,85,0.4094488188976378,0.9666666666666667,0.4230769230769231
24885,HyboNet,4,128,0.0002,8,86,0.4094488188976378,1.0,0.46153846153846156
24886,HyboNet,4,128,0.0002,8,87,0.41732283464566927,1.0,0.46153846153846156
24887,HyboNet,4,128,0.0002,8,88,0.41732283464566927,1.0,0.4230769230769231
24888,HyboNet,4,128,0.0002,8,89,0.41732283464566927,1.0,0.4230769230769231
24889,HyboNet,4,128,0.0002,8,9,0.5354330708661418,0.6333333333333333,0.5769230769230769
24890,HyboNet,4,128,0.0002,8,90,0.41732283464566927,0.9666666666666667,0.4230769230769231
24891,HyboNet,4,128,0.0002,8,91,0.3937007874015748,0.9666666666666667,0.4230769230769231
24892,HyboNet,4,128,0.0002,8,92,0.4094488188976378,0.9666666666666667,0.4230769230769231
24893,HyboNet,4,128,0.0002,8,93,0.4015748031496063,1.0,0.4230769230769231
24894,HyboNet,4,128,0.0002,8,94,0.3937007874015748,1.0,0.38461538461538464
24895,HyboNet,4,128,0.0002,8,95,0.4015748031496063,1.0,0.38461538461538464
24896,HyboNet,4,128,0.0002,8,96,0.41732283464566927,1.0,0.4230769230769231
24897,HyboNet,4,128,0.0002,8,97,0.41732283464566927,1.0,0.4230769230769231
24898,HyboNet,4,128,0.0002,8,98,0.4094488188976378,1.0,0.46153846153846156
24899,HyboNet,4,128,0.0002,8,99,0.3937007874015748,1.0,0.46153846153846156
24900,HyboNet,4,128,0.0002,9,1,0.5354330708661418,0.6,0.5769230769230769
24901,HyboNet,4,128,0.0002,9,10,0.5196850393700787,0.7333333333333333,0.5769230769230769
24902,HyboNet,4,128,0.0002,9,100,0.33070866141732286,1.0,0.2692307692307692
24903,HyboNet,4,128,0.0002,9,11,0.5354330708661418,0.7666666666666667,0.5769230769230769
24904,HyboNet,4,128,0.0002,9,12,0.5354330708661418,0.7666666666666667,0.5769230769230769
24905,HyboNet,4,128,0.0002,9,13,0.5433070866141733,0.7666666666666667,0.5769230769230769
24906,HyboNet,4,128,0.0002,9,14,0.5433070866141733,0.7666666666666667,0.5769230769230769
24907,HyboNet,4,128,0.0002,9,15,0.5433070866141733,0.7666666666666667,0.5769230769230769
24908,HyboNet,4,128,0.0002,9,16,0.5433070866141733,0.7666666666666667,0.5769230769230769
24909,HyboNet,4,128,0.0002,9,17,0.5354330708661418,0.7666666666666667,0.5769230769230769
24910,HyboNet,4,128,0.0002,9,18,0.5275590551181102,0.7666666666666667,0.5384615384615384
24911,HyboNet,4,128,0.0002,9,19,0.5354330708661418,0.7666666666666667,0.5769230769230769
24912,HyboNet,4,128,0.0002,9,2,0.5354330708661418,0.6,0.5769230769230769
24913,HyboNet,4,128,0.0002,9,20,0.5433070866141733,0.7666666666666667,0.5384615384615384
24914,HyboNet,4,128,0.0002,9,21,0.5511811023622047,0.7666666666666667,0.5
24915,HyboNet,4,128,0.0002,9,22,0.5433070866141733,0.7666666666666667,0.5
24916,HyboNet,4,128,0.0002,9,23,0.5433070866141733,0.7666666666666667,0.5
24917,HyboNet,4,128,0.0002,9,24,0.5433070866141733,0.7666666666666667,0.5
24918,HyboNet,4,128,0.0002,9,25,0.5354330708661418,0.7666666666666667,0.5
24919,HyboNet,4,128,0.0002,9,26,0.5354330708661418,0.7666666666666667,0.5
24920,HyboNet,4,128,0.0002,9,27,0.5354330708661418,0.7666666666666667,0.5
24921,HyboNet,4,128,0.0002,9,28,0.5275590551181102,0.7666666666666667,0.5
24922,HyboNet,4,128,0.0002,9,29,0.5275590551181102,0.7666666666666667,0.5
24923,HyboNet,4,128,0.0002,9,3,0.5354330708661418,0.6,0.5769230769230769
24924,HyboNet,4,128,0.0002,9,30,0.5039370078740157,0.8,0.5384615384615384
24925,HyboNet,4,128,0.0002,9,31,0.49606299212598426,0.8,0.5
24926,HyboNet,4,128,0.0002,9,32,0.5039370078740157,0.8333333333333334,0.5
24927,HyboNet,4,128,0.0002,9,33,0.5039370078740157,0.8666666666666667,0.5
24928,HyboNet,4,128,0.0002,9,34,0.49606299212598426,0.8666666666666667,0.5384615384615384
24929,HyboNet,4,128,0.0002,9,35,0.49606299212598426,0.8666666666666667,0.5384615384615384
24930,HyboNet,4,128,0.0002,9,36,0.49606299212598426,0.8666666666666667,0.5384615384615384
24931,HyboNet,4,128,0.0002,9,37,0.49606299212598426,0.8666666666666667,0.5769230769230769
24932,HyboNet,4,128,0.0002,9,38,0.4881889763779528,0.8666666666666667,0.5769230769230769
24933,HyboNet,4,128,0.0002,9,39,0.48031496062992124,0.9,0.5769230769230769
24934,HyboNet,4,128,0.0002,9,4,0.5354330708661418,0.6,0.5769230769230769
24935,HyboNet,4,128,0.0002,9,40,0.47244094488188976,0.9,0.5769230769230769
24936,HyboNet,4,128,0.0002,9,41,0.48031496062992124,0.9,0.5769230769230769
24937,HyboNet,4,128,0.0002,9,42,0.47244094488188976,0.9,0.5769230769230769
24938,HyboNet,4,128,0.0002,9,43,0.4645669291338583,0.9333333333333333,0.5769230769230769
24939,HyboNet,4,128,0.0002,9,44,0.47244094488188976,0.9333333333333333,0.5769230769230769
24940,HyboNet,4,128,0.0002,9,45,0.4566929133858268,0.9333333333333333,0.5769230769230769
24941,HyboNet,4,128,0.0002,9,46,0.4566929133858268,0.9333333333333333,0.5769230769230769
24942,HyboNet,4,128,0.0002,9,47,0.4566929133858268,0.9333333333333333,0.5769230769230769
24943,HyboNet,4,128,0.0002,9,48,0.4566929133858268,0.9333333333333333,0.5769230769230769
24944,HyboNet,4,128,0.0002,9,49,0.44881889763779526,0.9333333333333333,0.5769230769230769
24945,HyboNet,4,128,0.0002,9,5,0.5354330708661418,0.6,0.5769230769230769
24946,HyboNet,4,128,0.0002,9,50,0.4566929133858268,0.9,0.5769230769230769
24947,HyboNet,4,128,0.0002,9,51,0.4566929133858268,0.9,0.5769230769230769
24948,HyboNet,4,128,0.0002,9,52,0.44881889763779526,0.9333333333333333,0.5769230769230769
24949,HyboNet,4,128,0.0002,9,53,0.4409448818897638,0.9333333333333333,0.5769230769230769
24950,HyboNet,4,128,0.0002,9,54,0.4409448818897638,0.9333333333333333,0.5384615384615384
24951,HyboNet,4,128,0.0002,9,55,0.4409448818897638,0.9333333333333333,0.5384615384615384
24952,HyboNet,4,128,0.0002,9,56,0.4015748031496063,0.9333333333333333,0.5384615384615384
24953,HyboNet,4,128,0.0002,9,57,0.4015748031496063,0.9333333333333333,0.5384615384615384
24954,HyboNet,4,128,0.0002,9,58,0.3937007874015748,0.9333333333333333,0.5384615384615384
24955,HyboNet,4,128,0.0002,9,59,0.3937007874015748,0.9333333333333333,0.5384615384615384
24956,HyboNet,4,128,0.0002,9,6,0.5354330708661418,0.7,0.5769230769230769
24957,HyboNet,4,128,0.0002,9,60,0.4015748031496063,0.9333333333333333,0.5384615384615384
24958,HyboNet,4,128,0.0002,9,61,0.3779527559055118,0.9666666666666667,0.4230769230769231
24959,HyboNet,4,128,0.0002,9,62,0.3937007874015748,0.9333333333333333,0.46153846153846156
24960,HyboNet,4,128,0.0002,9,63,0.3858267716535433,0.9333333333333333,0.5
24961,HyboNet,4,128,0.0002,9,64,0.3937007874015748,0.9333333333333333,0.5
24962,HyboNet,4,128,0.0002,9,65,0.3858267716535433,0.9333333333333333,0.46153846153846156
24963,HyboNet,4,128,0.0002,9,66,0.3700787401574803,0.9333333333333333,0.4230769230769231
24964,HyboNet,4,128,0.0002,9,67,0.3779527559055118,0.9333333333333333,0.4230769230769231
24965,HyboNet,4,128,0.0002,9,68,0.3779527559055118,0.9333333333333333,0.4230769230769231
24966,HyboNet,4,128,0.0002,9,69,0.3779527559055118,0.9666666666666667,0.4230769230769231
24967,HyboNet,4,128,0.0002,9,7,0.5196850393700787,0.7666666666666667,0.5769230769230769
24968,HyboNet,4,128,0.0002,9,70,0.3700787401574803,0.9666666666666667,0.4230769230769231
24969,HyboNet,4,128,0.0002,9,71,0.3779527559055118,0.9666666666666667,0.4230769230769231
24970,HyboNet,4,128,0.0002,9,72,0.3779527559055118,0.9666666666666667,0.4230769230769231
24971,HyboNet,4,128,0.0002,9,73,0.3543307086614173,0.9666666666666667,0.38461538461538464
24972,HyboNet,4,128,0.0002,9,74,0.33070866141732286,0.9666666666666667,0.34615384615384615
24973,HyboNet,4,128,0.0002,9,75,0.3464566929133858,1.0,0.38461538461538464
24974,HyboNet,4,128,0.0002,9,76,0.3543307086614173,1.0,0.38461538461538464
24975,HyboNet,4,128,0.0002,9,77,0.36220472440944884,1.0,0.38461538461538464
24976,HyboNet,4,128,0.0002,9,78,0.3700787401574803,1.0,0.4230769230769231
24977,HyboNet,4,128,0.0002,9,79,0.36220472440944884,1.0,0.38461538461538464
24978,HyboNet,4,128,0.0002,9,8,0.5118110236220472,0.7333333333333333,0.5769230769230769
24979,HyboNet,4,128,0.0002,9,80,0.36220472440944884,1.0,0.38461538461538464
24980,HyboNet,4,128,0.0002,9,81,0.3464566929133858,1.0,0.38461538461538464
24981,HyboNet,4,128,0.0002,9,82,0.33070866141732286,1.0,0.3076923076923077
24982,HyboNet,4,128,0.0002,9,83,0.33858267716535434,1.0,0.2692307692307692
24983,HyboNet,4,128,0.0002,9,84,0.33858267716535434,1.0,0.2692307692307692
24984,HyboNet,4,128,0.0002,9,85,0.3464566929133858,1.0,0.2692307692307692
24985,HyboNet,4,128,0.0002,9,86,0.3464566929133858,1.0,0.2692307692307692
24986,HyboNet,4,128,0.0002,9,87,0.3464566929133858,1.0,0.3076923076923077
24987,HyboNet,4,128,0.0002,9,88,0.3464566929133858,1.0,0.3076923076923077
24988,HyboNet,4,128,0.0002,9,89,0.33858267716535434,1.0,0.3076923076923077
24989,HyboNet,4,128,0.0002,9,9,0.5196850393700787,0.7666666666666667,0.5769230769230769
24990,HyboNet,4,128,0.0002,9,90,0.3464566929133858,1.0,0.3076923076923077
24991,HyboNet,4,128,0.0002,9,91,0.33858267716535434,1.0,0.2692307692307692
24992,HyboNet,4,128,0.0002,9,92,0.33858267716535434,1.0,0.2692307692307692
24993,HyboNet,4,128,0.0002,9,93,0.3464566929133858,1.0,0.2692307692307692
24994,HyboNet,4,128,0.0002,9,94,0.3543307086614173,1.0,0.3076923076923077
24995,HyboNet,4,128,0.0002,9,95,0.3543307086614173,1.0,0.3076923076923077
24996,HyboNet,4,128,0.0002,9,96,0.33858267716535434,1.0,0.2692307692307692
24997,HyboNet,4,128,0.0002,9,97,0.33858267716535434,1.0,0.2692307692307692
24998,HyboNet,4,128,0.0002,9,98,0.33858267716535434,1.0,0.2692307692307692
24999,HyboNet,4,128,0.0002,9,99,0.33070866141732286,1.0,0.2692307692307692
25000,HyboNet,4,128,0.001,1,1,0.5354330708661418,0.6666666666666666,0.5769230769230769
25001,HyboNet,4,128,0.001,1,10,0.5275590551181102,0.7333333333333333,0.5384615384615384
25002,HyboNet,4,128,0.001,1,100,0.3937007874015748,1.0,0.46153846153846156
25003,HyboNet,4,128,0.001,1,11,0.5433070866141733,0.7333333333333333,0.5
25004,HyboNet,4,128,0.001,1,12,0.4645669291338583,0.8333333333333334,0.4230769230769231
25005,HyboNet,4,128,0.001,1,13,0.47244094488188976,0.8333333333333334,0.4230769230769231
25006,HyboNet,4,128,0.001,1,14,0.4881889763779528,0.8,0.4230769230769231
25007,HyboNet,4,128,0.001,1,15,0.5511811023622047,0.8,0.5
25008,HyboNet,4,128,0.001,1,16,0.5275590551181102,0.8,0.4230769230769231
25009,HyboNet,4,128,0.001,1,17,0.4881889763779528,0.8333333333333334,0.4230769230769231
25010,HyboNet,4,128,0.001,1,18,0.4645669291338583,0.8,0.46153846153846156
25011,HyboNet,4,128,0.001,1,19,0.4566929133858268,0.8666666666666667,0.5
25012,HyboNet,4,128,0.001,1,2,0.5354330708661418,0.6333333333333333,0.5769230769230769
25013,HyboNet,4,128,0.001,1,20,0.44881889763779526,0.8333333333333334,0.5
25014,HyboNet,4,128,0.001,1,21,0.44881889763779526,0.8666666666666667,0.5
25015,HyboNet,4,128,0.001,1,22,0.44881889763779526,0.8666666666666667,0.5
25016,HyboNet,4,128,0.001,1,23,0.4566929133858268,0.8333333333333334,0.46153846153846156
25017,HyboNet,4,128,0.001,1,24,0.4566929133858268,0.9,0.46153846153846156
25018,HyboNet,4,128,0.001,1,25,0.4409448818897638,0.9333333333333333,0.46153846153846156
25019,HyboNet,4,128,0.001,1,26,0.4094488188976378,0.9666666666666667,0.5
25020,HyboNet,4,128,0.001,1,27,0.4094488188976378,0.9666666666666667,0.5
25021,HyboNet,4,128,0.001,1,28,0.4094488188976378,0.9333333333333333,0.5
25022,HyboNet,4,128,0.001,1,29,0.4645669291338583,0.9333333333333333,0.46153846153846156
25023,HyboNet,4,128,0.001,1,3,0.5354330708661418,0.6333333333333333,0.5769230769230769
25024,HyboNet,4,128,0.001,1,30,0.47244094488188976,0.9333333333333333,0.46153846153846156
25025,HyboNet,4,128,0.001,1,31,0.4645669291338583,0.9333333333333333,0.46153846153846156
25026,HyboNet,4,128,0.001,1,32,0.4409448818897638,0.9333333333333333,0.5
25027,HyboNet,4,128,0.001,1,33,0.4330708661417323,0.9666666666666667,0.5
25028,HyboNet,4,128,0.001,1,34,0.4251968503937008,1.0,0.46153846153846156
25029,HyboNet,4,128,0.001,1,35,0.4251968503937008,1.0,0.5
25030,HyboNet,4,128,0.001,1,36,0.4330708661417323,0.9666666666666667,0.5
25031,HyboNet,4,128,0.001,1,37,0.4566929133858268,0.9666666666666667,0.5
25032,HyboNet,4,128,0.001,1,38,0.4330708661417323,0.9333333333333333,0.5
25033,HyboNet,4,128,0.001,1,39,0.41732283464566927,0.9333333333333333,0.5
25034,HyboNet,4,128,0.001,1,4,0.5354330708661418,0.6333333333333333,0.5769230769230769
25035,HyboNet,4,128,0.001,1,40,0.41732283464566927,0.9333333333333333,0.5
25036,HyboNet,4,128,0.001,1,41,0.41732283464566927,0.9333333333333333,0.5
25037,HyboNet,4,128,0.001,1,42,0.4251968503937008,0.9666666666666667,0.5
25038,HyboNet,4,128,0.001,1,43,0.4251968503937008,0.9666666666666667,0.46153846153846156
25039,HyboNet,4,128,0.001,1,44,0.4409448818897638,0.9666666666666667,0.4230769230769231
25040,HyboNet,4,128,0.001,1,45,0.4251968503937008,0.9666666666666667,0.38461538461538464
25041,HyboNet,4,128,0.001,1,46,0.4251968503937008,0.9666666666666667,0.38461538461538464
25042,HyboNet,4,128,0.001,1,47,0.4094488188976378,0.9666666666666667,0.38461538461538464
25043,HyboNet,4,128,0.001,1,48,0.3858267716535433,0.9666666666666667,0.38461538461538464
25044,HyboNet,4,128,0.001,1,49,0.3858267716535433,0.9666666666666667,0.38461538461538464
25045,HyboNet,4,128,0.001,1,5,0.5354330708661418,0.6666666666666666,0.5769230769230769
25046,HyboNet,4,128,0.001,1,50,0.4015748031496063,0.9666666666666667,0.38461538461538464
25047,HyboNet,4,128,0.001,1,51,0.4330708661417323,0.9666666666666667,0.4230769230769231
25048,HyboNet,4,128,0.001,1,52,0.4251968503937008,0.9666666666666667,0.4230769230769231
25049,HyboNet,4,128,0.001,1,53,0.4251968503937008,0.9666666666666667,0.4230769230769231
25050,HyboNet,4,128,0.001,1,54,0.4330708661417323,0.9666666666666667,0.4230769230769231
25051,HyboNet,4,128,0.001,1,55,0.4094488188976378,0.9666666666666667,0.46153846153846156
25052,HyboNet,4,128,0.001,1,56,0.4094488188976378,0.9666666666666667,0.46153846153846156
25053,HyboNet,4,128,0.001,1,57,0.4094488188976378,0.9666666666666667,0.4230769230769231
25054,HyboNet,4,128,0.001,1,58,0.4251968503937008,1.0,0.38461538461538464
25055,HyboNet,4,128,0.001,1,59,0.3937007874015748,1.0,0.46153846153846156
25056,HyboNet,4,128,0.001,1,6,0.5433070866141733,0.7333333333333333,0.5384615384615384
25057,HyboNet,4,128,0.001,1,60,0.4015748031496063,0.9666666666666667,0.46153846153846156
25058,HyboNet,4,128,0.001,1,61,0.41732283464566927,1.0,0.46153846153846156
25059,HyboNet,4,128,0.001,1,62,0.41732283464566927,1.0,0.4230769230769231
25060,HyboNet,4,128,0.001,1,63,0.41732283464566927,1.0,0.38461538461538464
25061,HyboNet,4,128,0.001,1,64,0.3543307086614173,1.0,0.34615384615384615
25062,HyboNet,4,128,0.001,1,65,0.41732283464566927,1.0,0.4230769230769231
25063,HyboNet,4,128,0.001,1,66,0.4094488188976378,1.0,0.5
25064,HyboNet,4,128,0.001,1,67,0.4094488188976378,1.0,0.5
25065,HyboNet,4,128,0.001,1,68,0.3779527559055118,1.0,0.46153846153846156
25066,HyboNet,4,128,0.001,1,69,0.3858267716535433,1.0,0.4230769230769231
25067,HyboNet,4,128,0.001,1,7,0.5433070866141733,0.7333333333333333,0.5384615384615384
25068,HyboNet,4,128,0.001,1,70,0.3937007874015748,1.0,0.38461538461538464
25069,HyboNet,4,128,0.001,1,71,0.41732283464566927,1.0,0.38461538461538464
25070,HyboNet,4,128,0.001,1,72,0.4251968503937008,1.0,0.38461538461538464
25071,HyboNet,4,128,0.001,1,73,0.41732283464566927,1.0,0.38461538461538464
25072,HyboNet,4,128,0.001,1,74,0.4094488188976378,1.0,0.34615384615384615
25073,HyboNet,4,128,0.001,1,75,0.4094488188976378,1.0,0.38461538461538464
25074,HyboNet,4,128,0.001,1,76,0.4015748031496063,1.0,0.34615384615384615
25075,HyboNet,4,128,0.001,1,77,0.3779527559055118,1.0,0.38461538461538464
25076,HyboNet,4,128,0.001,1,78,0.3700787401574803,1.0,0.38461538461538464
25077,HyboNet,4,128,0.001,1,79,0.36220472440944884,1.0,0.38461538461538464
25078,HyboNet,4,128,0.001,1,8,0.5354330708661418,0.7,0.5384615384615384
25079,HyboNet,4,128,0.001,1,80,0.3700787401574803,1.0,0.38461538461538464
25080,HyboNet,4,128,0.001,1,81,0.3700787401574803,1.0,0.34615384615384615
25081,HyboNet,4,128,0.001,1,82,0.3858267716535433,1.0,0.38461538461538464
25082,HyboNet,4,128,0.001,1,83,0.3779527559055118,1.0,0.38461538461538464
25083,HyboNet,4,128,0.001,1,84,0.3779527559055118,1.0,0.34615384615384615
25084,HyboNet,4,128,0.001,1,85,0.3543307086614173,1.0,0.3076923076923077
25085,HyboNet,4,128,0.001,1,86,0.3700787401574803,1.0,0.34615384615384615
25086,HyboNet,4,128,0.001,1,87,0.3779527559055118,1.0,0.46153846153846156
25087,HyboNet,4,128,0.001,1,88,0.3937007874015748,1.0,0.46153846153846156
25088,HyboNet,4,128,0.001,1,89,0.3858267716535433,1.0,0.46153846153846156
25089,HyboNet,4,128,0.001,1,9,0.5433070866141733,0.7,0.5769230769230769
25090,HyboNet,4,128,0.001,1,90,0.36220472440944884,1.0,0.34615384615384615
25091,HyboNet,4,128,0.001,1,91,0.3700787401574803,1.0,0.34615384615384615
25092,HyboNet,4,128,0.001,1,92,0.3464566929133858,1.0,0.3076923076923077
25093,HyboNet,4,128,0.001,1,93,0.3779527559055118,1.0,0.38461538461538464
25094,HyboNet,4,128,0.001,1,94,0.3937007874015748,1.0,0.5
25095,HyboNet,4,128,0.001,1,95,0.3700787401574803,1.0,0.5
25096,HyboNet,4,128,0.001,1,96,0.3779527559055118,1.0,0.46153846153846156
25097,HyboNet,4,128,0.001,1,97,0.3700787401574803,1.0,0.46153846153846156
25098,HyboNet,4,128,0.001,1,98,0.3937007874015748,1.0,0.46153846153846156
25099,HyboNet,4,128,0.001,1,99,0.3937007874015748,1.0,0.46153846153846156
25100,HyboNet,4,128,0.001,10,1,0.5039370078740157,0.6333333333333333,0.5384615384615384
25101,HyboNet,4,128,0.001,10,10,0.5354330708661418,0.7666666666666667,0.5384615384615384
25102,HyboNet,4,128,0.001,10,100,0.4330708661417323,1.0,0.38461538461538464
25103,HyboNet,4,128,0.001,10,11,0.5433070866141733,0.7666666666666667,0.5384615384615384
25104,HyboNet,4,128,0.001,10,12,0.49606299212598426,0.7666666666666667,0.4230769230769231
25105,HyboNet,4,128,0.001,10,13,0.47244094488188976,0.7666666666666667,0.4230769230769231
25106,HyboNet,4,128,0.001,10,14,0.49606299212598426,0.7666666666666667,0.4230769230769231
25107,HyboNet,4,128,0.001,10,15,0.49606299212598426,0.7666666666666667,0.46153846153846156
25108,HyboNet,4,128,0.001,10,16,0.4881889763779528,0.8,0.4230769230769231
25109,HyboNet,4,128,0.001,10,17,0.4409448818897638,0.8333333333333334,0.46153846153846156
25110,HyboNet,4,128,0.001,10,18,0.41732283464566927,0.8666666666666667,0.38461538461538464
25111,HyboNet,4,128,0.001,10,19,0.4251968503937008,0.8666666666666667,0.46153846153846156
25112,HyboNet,4,128,0.001,10,2,0.5354330708661418,0.6,0.5769230769230769
25113,HyboNet,4,128,0.001,10,20,0.4251968503937008,0.8333333333333334,0.46153846153846156
25114,HyboNet,4,128,0.001,10,21,0.41732283464566927,0.8666666666666667,0.46153846153846156
25115,HyboNet,4,128,0.001,10,22,0.41732283464566927,0.8666666666666667,0.38461538461538464
25116,HyboNet,4,128,0.001,10,23,0.41732283464566927,0.9,0.46153846153846156
25117,HyboNet,4,128,0.001,10,24,0.4251968503937008,0.9,0.46153846153846156
25118,HyboNet,4,128,0.001,10,25,0.4251968503937008,0.9,0.46153846153846156
25119,HyboNet,4,128,0.001,10,26,0.4330708661417323,0.9,0.46153846153846156
25120,HyboNet,4,128,0.001,10,27,0.4409448818897638,0.9,0.5
25121,HyboNet,4,128,0.001,10,28,0.4251968503937008,0.9333333333333333,0.5
25122,HyboNet,4,128,0.001,10,29,0.4566929133858268,0.9333333333333333,0.5
25123,HyboNet,4,128,0.001,10,3,0.5354330708661418,0.6333333333333333,0.5769230769230769
25124,HyboNet,4,128,0.001,10,30,0.41732283464566927,0.9333333333333333,0.5
25125,HyboNet,4,128,0.001,10,31,0.4094488188976378,0.9333333333333333,0.5
25126,HyboNet,4,128,0.001,10,32,0.4094488188976378,0.9333333333333333,0.5
25127,HyboNet,4,128,0.001,10,33,0.4094488188976378,0.9333333333333333,0.5
25128,HyboNet,4,128,0.001,10,34,0.4094488188976378,0.9333333333333333,0.46153846153846156
25129,HyboNet,4,128,0.001,10,35,0.4251968503937008,0.9333333333333333,0.38461538461538464
25130,HyboNet,4,128,0.001,10,36,0.4094488188976378,0.9333333333333333,0.46153846153846156
25131,HyboNet,4,128,0.001,10,37,0.4015748031496063,0.9333333333333333,0.5
25132,HyboNet,4,128,0.001,10,38,0.4094488188976378,0.9333333333333333,0.5
25133,HyboNet,4,128,0.001,10,39,0.3937007874015748,0.9333333333333333,0.4230769230769231
25134,HyboNet,4,128,0.001,10,4,0.5275590551181102,0.6666666666666666,0.5769230769230769
25135,HyboNet,4,128,0.001,10,40,0.4015748031496063,0.9333333333333333,0.4230769230769231
25136,HyboNet,4,128,0.001,10,41,0.4094488188976378,0.9333333333333333,0.46153846153846156
25137,HyboNet,4,128,0.001,10,42,0.4094488188976378,0.9333333333333333,0.46153846153846156
25138,HyboNet,4,128,0.001,10,43,0.4015748031496063,0.9333333333333333,0.46153846153846156
25139,HyboNet,4,128,0.001,10,44,0.4251968503937008,0.9333333333333333,0.4230769230769231
25140,HyboNet,4,128,0.001,10,45,0.41732283464566927,0.9333333333333333,0.46153846153846156
25141,HyboNet,4,128,0.001,10,46,0.4251968503937008,0.9333333333333333,0.46153846153846156
25142,HyboNet,4,128,0.001,10,47,0.4251968503937008,0.9333333333333333,0.46153846153846156
25143,HyboNet,4,128,0.001,10,48,0.4251968503937008,0.9333333333333333,0.46153846153846156
25144,HyboNet,4,128,0.001,10,49,0.41732283464566927,0.9666666666666667,0.46153846153846156
25145,HyboNet,4,128,0.001,10,5,0.5275590551181102,0.6666666666666666,0.5769230769230769
25146,HyboNet,4,128,0.001,10,50,0.4330708661417323,0.9666666666666667,0.4230769230769231
25147,HyboNet,4,128,0.001,10,51,0.41732283464566927,0.9666666666666667,0.46153846153846156
25148,HyboNet,4,128,0.001,10,52,0.4094488188976378,0.9666666666666667,0.46153846153846156
25149,HyboNet,4,128,0.001,10,53,0.3937007874015748,0.9666666666666667,0.4230769230769231
25150,HyboNet,4,128,0.001,10,54,0.3937007874015748,0.9666666666666667,0.38461538461538464
25151,HyboNet,4,128,0.001,10,55,0.3858267716535433,0.9666666666666667,0.3076923076923077
25152,HyboNet,4,128,0.001,10,56,0.4015748031496063,1.0,0.3076923076923077
25153,HyboNet,4,128,0.001,10,57,0.3779527559055118,0.9666666666666667,0.34615384615384615
25154,HyboNet,4,128,0.001,10,58,0.4094488188976378,0.9666666666666667,0.38461538461538464
25155,HyboNet,4,128,0.001,10,59,0.4015748031496063,0.9666666666666667,0.38461538461538464
25156,HyboNet,4,128,0.001,10,6,0.5354330708661418,0.6666666666666666,0.5769230769230769
25157,HyboNet,4,128,0.001,10,60,0.3858267716535433,1.0,0.4230769230769231
25158,HyboNet,4,128,0.001,10,61,0.3937007874015748,1.0,0.4230769230769231
25159,HyboNet,4,128,0.001,10,62,0.3937007874015748,1.0,0.4230769230769231
25160,HyboNet,4,128,0.001,10,63,0.41732283464566927,0.9666666666666667,0.4230769230769231
25161,HyboNet,4,128,0.001,10,64,0.4015748031496063,0.9666666666666667,0.34615384615384615
25162,HyboNet,4,128,0.001,10,65,0.3858267716535433,1.0,0.34615384615384615
25163,HyboNet,4,128,0.001,10,66,0.3779527559055118,1.0,0.34615384615384615
25164,HyboNet,4,128,0.001,10,67,0.3779527559055118,1.0,0.38461538461538464
25165,HyboNet,4,128,0.001,10,68,0.3700787401574803,1.0,0.38461538461538464
25166,HyboNet,4,128,0.001,10,69,0.36220472440944884,1.0,0.4230769230769231
25167,HyboNet,4,128,0.001,10,7,0.5275590551181102,0.6666666666666666,0.5769230769230769
25168,HyboNet,4,128,0.001,10,70,0.3779527559055118,1.0,0.4230769230769231
25169,HyboNet,4,128,0.001,10,71,0.3543307086614173,1.0,0.38461538461538464
25170,HyboNet,4,128,0.001,10,72,0.3543307086614173,0.9666666666666667,0.3076923076923077
25171,HyboNet,4,128,0.001,10,73,0.36220472440944884,1.0,0.3076923076923077
25172,HyboNet,4,128,0.001,10,74,0.3858267716535433,1.0,0.4230769230769231
25173,HyboNet,4,128,0.001,10,75,0.4251968503937008,1.0,0.4230769230769231
25174,HyboNet,4,128,0.001,10,76,0.41732283464566927,1.0,0.4230769230769231
25175,HyboNet,4,128,0.001,10,77,0.3937007874015748,1.0,0.4230769230769231
25176,HyboNet,4,128,0.001,10,78,0.3543307086614173,1.0,0.3076923076923077
25177,HyboNet,4,128,0.001,10,79,0.3543307086614173,1.0,0.3076923076923077
25178,HyboNet,4,128,0.001,10,8,0.5433070866141733,0.7333333333333333,0.5769230769230769
25179,HyboNet,4,128,0.001,10,80,0.33858267716535434,1.0,0.3076923076923077
25180,HyboNet,4,128,0.001,10,81,0.36220472440944884,1.0,0.34615384615384615
25181,HyboNet,4,128,0.001,10,82,0.3543307086614173,1.0,0.3076923076923077
25182,HyboNet,4,128,0.001,10,83,0.3464566929133858,1.0,0.34615384615384615
25183,HyboNet,4,128,0.001,10,84,0.3543307086614173,1.0,0.3076923076923077
25184,HyboNet,4,128,0.001,10,85,0.3543307086614173,1.0,0.4230769230769231
25185,HyboNet,4,128,0.001,10,86,0.36220472440944884,1.0,0.4230769230769231
25186,HyboNet,4,128,0.001,10,87,0.3543307086614173,1.0,0.46153846153846156
25187,HyboNet,4,128,0.001,10,88,0.3543307086614173,1.0,0.4230769230769231
25188,HyboNet,4,128,0.001,10,89,0.3464566929133858,1.0,0.34615384615384615
25189,HyboNet,4,128,0.001,10,9,0.5354330708661418,0.7666666666666667,0.5384615384615384
25190,HyboNet,4,128,0.001,10,90,0.3543307086614173,1.0,0.4230769230769231
25191,HyboNet,4,128,0.001,10,91,0.36220472440944884,1.0,0.46153846153846156
25192,HyboNet,4,128,0.001,10,92,0.3464566929133858,1.0,0.4230769230769231
25193,HyboNet,4,128,0.001,10,93,0.3543307086614173,1.0,0.34615384615384615
25194,HyboNet,4,128,0.001,10,94,0.36220472440944884,1.0,0.4230769230769231
25195,HyboNet,4,128,0.001,10,95,0.36220472440944884,1.0,0.4230769230769231
25196,HyboNet,4,128,0.001,10,96,0.3543307086614173,1.0,0.4230769230769231
25197,HyboNet,4,128,0.001,10,97,0.3543307086614173,1.0,0.4230769230769231
25198,HyboNet,4,128,0.001,10,98,0.33858267716535434,1.0,0.38461538461538464
25199,HyboNet,4,128,0.001,10,99,0.3937007874015748,1.0,0.38461538461538464
25200,HyboNet,4,128,0.001,2,1,0.5354330708661418,0.6,0.5769230769230769
25201,HyboNet,4,128,0.001,2,10,0.5511811023622047,0.7333333333333333,0.5769230769230769
25202,HyboNet,4,128,0.001,2,100,0.4094488188976378,1.0,0.34615384615384615
25203,HyboNet,4,128,0.001,2,11,0.5433070866141733,0.7333333333333333,0.5769230769230769
25204,HyboNet,4,128,0.001,2,12,0.5511811023622047,0.7333333333333333,0.5769230769230769
25205,HyboNet,4,128,0.001,2,13,0.5354330708661418,0.7666666666666667,0.5769230769230769
25206,HyboNet,4,128,0.001,2,14,0.5118110236220472,0.7666666666666667,0.5769230769230769
25207,HyboNet,4,128,0.001,2,15,0.5354330708661418,0.7666666666666667,0.6153846153846154
25208,HyboNet,4,128,0.001,2,16,0.5590551181102362,0.7333333333333333,0.5769230769230769
25209,HyboNet,4,128,0.001,2,17,0.5354330708661418,0.7666666666666667,0.6153846153846154
25210,HyboNet,4,128,0.001,2,18,0.5196850393700787,0.7666666666666667,0.5769230769230769
25211,HyboNet,4,128,0.001,2,19,0.5354330708661418,0.8,0.5769230769230769
25212,HyboNet,4,128,0.001,2,2,0.5354330708661418,0.6,0.5769230769230769
25213,HyboNet,4,128,0.001,2,20,0.5196850393700787,0.8333333333333334,0.5769230769230769
25214,HyboNet,4,128,0.001,2,21,0.5196850393700787,0.8,0.5769230769230769
25215,HyboNet,4,128,0.001,2,22,0.5118110236220472,0.8333333333333334,0.5769230769230769
25216,HyboNet,4,128,0.001,2,23,0.5196850393700787,0.8333333333333334,0.5769230769230769
25217,HyboNet,4,128,0.001,2,24,0.5039370078740157,0.8666666666666667,0.5384615384615384
25218,HyboNet,4,128,0.001,2,25,0.5039370078740157,0.9,0.5384615384615384
25219,HyboNet,4,128,0.001,2,26,0.5118110236220472,0.9333333333333333,0.5
25220,HyboNet,4,128,0.001,2,27,0.44881889763779526,0.9333333333333333,0.46153846153846156
25221,HyboNet,4,128,0.001,2,28,0.49606299212598426,0.9333333333333333,0.5384615384615384
25222,HyboNet,4,128,0.001,2,29,0.49606299212598426,0.9333333333333333,0.5384615384615384
25223,HyboNet,4,128,0.001,2,3,0.5354330708661418,0.6,0.5769230769230769
25224,HyboNet,4,128,0.001,2,30,0.49606299212598426,0.9333333333333333,0.5
25225,HyboNet,4,128,0.001,2,31,0.44881889763779526,0.9333333333333333,0.46153846153846156
25226,HyboNet,4,128,0.001,2,32,0.4566929133858268,0.9333333333333333,0.5
25227,HyboNet,4,128,0.001,2,33,0.49606299212598426,0.9333333333333333,0.5
25228,HyboNet,4,128,0.001,2,34,0.48031496062992124,0.9333333333333333,0.5
25229,HyboNet,4,128,0.001,2,35,0.41732283464566927,0.9333333333333333,0.5
25230,HyboNet,4,128,0.001,2,36,0.4645669291338583,0.9333333333333333,0.5384615384615384
25231,HyboNet,4,128,0.001,2,37,0.4645669291338583,0.9333333333333333,0.5384615384615384
25232,HyboNet,4,128,0.001,2,38,0.4330708661417323,0.9333333333333333,0.46153846153846156
25233,HyboNet,4,128,0.001,2,39,0.4094488188976378,0.9333333333333333,0.4230769230769231
25234,HyboNet,4,128,0.001,2,4,0.5354330708661418,0.6333333333333333,0.5769230769230769
25235,HyboNet,4,128,0.001,2,40,0.3779527559055118,0.9333333333333333,0.38461538461538464
25236,HyboNet,4,128,0.001,2,41,0.4645669291338583,0.9333333333333333,0.46153846153846156
25237,HyboNet,4,128,0.001,2,42,0.5039370078740157,0.9333333333333333,0.5384615384615384
25238,HyboNet,4,128,0.001,2,43,0.4881889763779528,0.9333333333333333,0.5384615384615384
25239,HyboNet,4,128,0.001,2,44,0.5196850393700787,0.9333333333333333,0.5384615384615384
25240,HyboNet,4,128,0.001,2,45,0.49606299212598426,0.9333333333333333,0.5384615384615384
25241,HyboNet,4,128,0.001,2,46,0.4251968503937008,0.9333333333333333,0.46153846153846156
25242,HyboNet,4,128,0.001,2,47,0.41732283464566927,0.9333333333333333,0.46153846153846156
25243,HyboNet,4,128,0.001,2,48,0.4251968503937008,0.9333333333333333,0.46153846153846156
25244,HyboNet,4,128,0.001,2,49,0.4330708661417323,0.9333333333333333,0.46153846153846156
25245,HyboNet,4,128,0.001,2,5,0.5354330708661418,0.6333333333333333,0.5769230769230769
25246,HyboNet,4,128,0.001,2,50,0.4251968503937008,0.9333333333333333,0.46153846153846156
25247,HyboNet,4,128,0.001,2,51,0.4251968503937008,0.9333333333333333,0.46153846153846156
25248,HyboNet,4,128,0.001,2,52,0.3858267716535433,0.9333333333333333,0.5
25249,HyboNet,4,128,0.001,2,53,0.4015748031496063,1.0,0.46153846153846156
25250,HyboNet,4,128,0.001,2,54,0.4015748031496063,1.0,0.4230769230769231
25251,HyboNet,4,128,0.001,2,55,0.41732283464566927,0.9666666666666667,0.4230769230769231
25252,HyboNet,4,128,0.001,2,56,0.4094488188976378,0.9333333333333333,0.4230769230769231
25253,HyboNet,4,128,0.001,2,57,0.4015748031496063,0.9333333333333333,0.4230769230769231
25254,HyboNet,4,128,0.001,2,58,0.4094488188976378,0.9333333333333333,0.4230769230769231
25255,HyboNet,4,128,0.001,2,59,0.3937007874015748,0.9666666666666667,0.4230769230769231
25256,HyboNet,4,128,0.001,2,6,0.5354330708661418,0.6666666666666666,0.5769230769230769
25257,HyboNet,4,128,0.001,2,60,0.3937007874015748,0.9666666666666667,0.4230769230769231
25258,HyboNet,4,128,0.001,2,61,0.3858267716535433,1.0,0.38461538461538464
25259,HyboNet,4,128,0.001,2,62,0.3858267716535433,1.0,0.38461538461538464
25260,HyboNet,4,128,0.001,2,63,0.4094488188976378,1.0,0.38461538461538464
25261,HyboNet,4,128,0.001,2,64,0.41732283464566927,0.9666666666666667,0.38461538461538464
25262,HyboNet,4,128,0.001,2,65,0.4094488188976378,1.0,0.38461538461538464
25263,HyboNet,4,128,0.001,2,66,0.3858267716535433,1.0,0.34615384615384615
25264,HyboNet,4,128,0.001,2,67,0.3858267716535433,1.0,0.34615384615384615
25265,HyboNet,4,128,0.001,2,68,0.3779527559055118,1.0,0.34615384615384615
25266,HyboNet,4,128,0.001,2,69,0.3858267716535433,1.0,0.38461538461538464
25267,HyboNet,4,128,0.001,2,7,0.5354330708661418,0.6666666666666666,0.5769230769230769
25268,HyboNet,4,128,0.001,2,70,0.3779527559055118,0.9666666666666667,0.38461538461538464
25269,HyboNet,4,128,0.001,2,71,0.3858267716535433,1.0,0.34615384615384615
25270,HyboNet,4,128,0.001,2,72,0.3858267716535433,1.0,0.38461538461538464
25271,HyboNet,4,128,0.001,2,73,0.3858267716535433,1.0,0.38461538461538464
25272,HyboNet,4,128,0.001,2,74,0.4094488188976378,1.0,0.34615384615384615
25273,HyboNet,4,128,0.001,2,75,0.3937007874015748,1.0,0.2692307692307692
25274,HyboNet,4,128,0.001,2,76,0.3779527559055118,1.0,0.3076923076923077
25275,HyboNet,4,128,0.001,2,77,0.3858267716535433,1.0,0.2692307692307692
25276,HyboNet,4,128,0.001,2,78,0.4330708661417323,1.0,0.38461538461538464
25277,HyboNet,4,128,0.001,2,79,0.4330708661417323,1.0,0.38461538461538464
25278,HyboNet,4,128,0.001,2,8,0.5354330708661418,0.7333333333333333,0.5769230769230769
25279,HyboNet,4,128,0.001,2,80,0.4094488188976378,1.0,0.3076923076923077
25280,HyboNet,4,128,0.001,2,81,0.3779527559055118,1.0,0.2692307692307692
25281,HyboNet,4,128,0.001,2,82,0.3779527559055118,1.0,0.3076923076923077
25282,HyboNet,4,128,0.001,2,83,0.4015748031496063,1.0,0.38461538461538464
25283,HyboNet,4,128,0.001,2,84,0.4094488188976378,1.0,0.38461538461538464
25284,HyboNet,4,128,0.001,2,85,0.41732283464566927,1.0,0.34615384615384615
25285,HyboNet,4,128,0.001,2,86,0.3700787401574803,1.0,0.3076923076923077
25286,HyboNet,4,128,0.001,2,87,0.3779527559055118,1.0,0.3076923076923077
25287,HyboNet,4,128,0.001,2,88,0.3700787401574803,1.0,0.3076923076923077
25288,HyboNet,4,128,0.001,2,89,0.3700787401574803,1.0,0.3076923076923077
25289,HyboNet,4,128,0.001,2,9,0.5511811023622047,0.7333333333333333,0.5769230769230769
25290,HyboNet,4,128,0.001,2,90,0.36220472440944884,1.0,0.2692307692307692
25291,HyboNet,4,128,0.001,2,91,0.3543307086614173,1.0,0.23076923076923078
25292,HyboNet,4,128,0.001,2,92,0.3779527559055118,1.0,0.3076923076923077
25293,HyboNet,4,128,0.001,2,93,0.3937007874015748,1.0,0.3076923076923077
25294,HyboNet,4,128,0.001,2,94,0.3858267716535433,1.0,0.3076923076923077
25295,HyboNet,4,128,0.001,2,95,0.36220472440944884,1.0,0.3076923076923077
25296,HyboNet,4,128,0.001,2,96,0.33858267716535434,1.0,0.2692307692307692
25297,HyboNet,4,128,0.001,2,97,0.3543307086614173,1.0,0.3076923076923077
25298,HyboNet,4,128,0.001,2,98,0.41732283464566927,1.0,0.34615384615384615
25299,HyboNet,4,128,0.001,2,99,0.41732283464566927,1.0,0.34615384615384615
25300,HyboNet,4,128,0.001,3,1,0.5354330708661418,0.6,0.5769230769230769
25301,HyboNet,4,128,0.001,3,10,0.5275590551181102,0.7666666666666667,0.5769230769230769
25302,HyboNet,4,128,0.001,3,100,0.33858267716535434,1.0,0.3076923076923077
25303,HyboNet,4,128,0.001,3,11,0.5275590551181102,0.8,0.5
25304,HyboNet,4,128,0.001,3,12,0.5275590551181102,0.8,0.5
25305,HyboNet,4,128,0.001,3,13,0.5354330708661418,0.7666666666666667,0.5384615384615384
25306,HyboNet,4,128,0.001,3,14,0.5433070866141733,0.8,0.5769230769230769
25307,HyboNet,4,128,0.001,3,15,0.5433070866141733,0.8,0.5769230769230769
25308,HyboNet,4,128,0.001,3,16,0.5275590551181102,0.8,0.5384615384615384
25309,HyboNet,4,128,0.001,3,17,0.5354330708661418,0.8333333333333334,0.5769230769230769
25310,HyboNet,4,128,0.001,3,18,0.4881889763779528,0.8333333333333334,0.4230769230769231
25311,HyboNet,4,128,0.001,3,19,0.44881889763779526,0.8333333333333334,0.4230769230769231
25312,HyboNet,4,128,0.001,3,2,0.5354330708661418,0.6,0.5769230769230769
25313,HyboNet,4,128,0.001,3,20,0.4251968503937008,0.8333333333333334,0.34615384615384615
25314,HyboNet,4,128,0.001,3,21,0.47244094488188976,0.8333333333333334,0.4230769230769231
25315,HyboNet,4,128,0.001,3,22,0.5039370078740157,0.8333333333333334,0.46153846153846156
25316,HyboNet,4,128,0.001,3,23,0.5275590551181102,0.8666666666666667,0.46153846153846156
25317,HyboNet,4,128,0.001,3,24,0.49606299212598426,0.8666666666666667,0.4230769230769231
25318,HyboNet,4,128,0.001,3,25,0.4330708661417323,0.9,0.4230769230769231
25319,HyboNet,4,128,0.001,3,26,0.4409448818897638,0.9,0.34615384615384615
25320,HyboNet,4,128,0.001,3,27,0.44881889763779526,0.9,0.4230769230769231
25321,HyboNet,4,128,0.001,3,28,0.4566929133858268,0.9333333333333333,0.4230769230769231
25322,HyboNet,4,128,0.001,3,29,0.4645669291338583,0.9333333333333333,0.4230769230769231
25323,HyboNet,4,128,0.001,3,3,0.5354330708661418,0.6333333333333333,0.5769230769230769
25324,HyboNet,4,128,0.001,3,30,0.49606299212598426,0.9333333333333333,0.5
25325,HyboNet,4,128,0.001,3,31,0.49606299212598426,0.9333333333333333,0.5
25326,HyboNet,4,128,0.001,3,32,0.4566929133858268,0.9333333333333333,0.4230769230769231
25327,HyboNet,4,128,0.001,3,33,0.4645669291338583,0.9333333333333333,0.46153846153846156
25328,HyboNet,4,128,0.001,3,34,0.4645669291338583,0.9333333333333333,0.5
25329,HyboNet,4,128,0.001,3,35,0.4645669291338583,0.9333333333333333,0.5
25330,HyboNet,4,128,0.001,3,36,0.47244094488188976,0.9333333333333333,0.5
25331,HyboNet,4,128,0.001,3,37,0.4330708661417323,0.9333333333333333,0.4230769230769231
25332,HyboNet,4,128,0.001,3,38,0.47244094488188976,0.9333333333333333,0.5384615384615384
25333,HyboNet,4,128,0.001,3,39,0.4881889763779528,0.9333333333333333,0.5384615384615384
25334,HyboNet,4,128,0.001,3,4,0.5118110236220472,0.7333333333333333,0.5
25335,HyboNet,4,128,0.001,3,40,0.49606299212598426,0.9333333333333333,0.5384615384615384
25336,HyboNet,4,128,0.001,3,41,0.48031496062992124,0.9333333333333333,0.5384615384615384
25337,HyboNet,4,128,0.001,3,42,0.5118110236220472,0.9333333333333333,0.5769230769230769
25338,HyboNet,4,128,0.001,3,43,0.49606299212598426,0.9333333333333333,0.5769230769230769
25339,HyboNet,4,128,0.001,3,44,0.4881889763779528,0.9666666666666667,0.5384615384615384
25340,HyboNet,4,128,0.001,3,45,0.47244094488188976,1.0,0.46153846153846156
25341,HyboNet,4,128,0.001,3,46,0.47244094488188976,1.0,0.46153846153846156
25342,HyboNet,4,128,0.001,3,47,0.48031496062992124,0.9333333333333333,0.5384615384615384
25343,HyboNet,4,128,0.001,3,48,0.48031496062992124,0.9333333333333333,0.5769230769230769
25344,HyboNet,4,128,0.001,3,49,0.47244094488188976,0.9333333333333333,0.5384615384615384
25345,HyboNet,4,128,0.001,3,5,0.5039370078740157,0.7666666666666667,0.5384615384615384
25346,HyboNet,4,128,0.001,3,50,0.4566929133858268,1.0,0.4230769230769231
25347,HyboNet,4,128,0.001,3,51,0.47244094488188976,1.0,0.46153846153846156
25348,HyboNet,4,128,0.001,3,52,0.4330708661417323,1.0,0.34615384615384615
25349,HyboNet,4,128,0.001,3,53,0.4094488188976378,1.0,0.34615384615384615
25350,HyboNet,4,128,0.001,3,54,0.4094488188976378,1.0,0.34615384615384615
25351,HyboNet,4,128,0.001,3,55,0.3700787401574803,1.0,0.3076923076923077
25352,HyboNet,4,128,0.001,3,56,0.3700787401574803,1.0,0.34615384615384615
25353,HyboNet,4,128,0.001,3,57,0.3858267716535433,1.0,0.34615384615384615
25354,HyboNet,4,128,0.001,3,58,0.3937007874015748,1.0,0.3076923076923077
25355,HyboNet,4,128,0.001,3,59,0.41732283464566927,1.0,0.34615384615384615
25356,HyboNet,4,128,0.001,3,6,0.5354330708661418,0.7333333333333333,0.5769230769230769
25357,HyboNet,4,128,0.001,3,60,0.44881889763779526,1.0,0.4230769230769231
25358,HyboNet,4,128,0.001,3,61,0.4566929133858268,1.0,0.4230769230769231
25359,HyboNet,4,128,0.001,3,62,0.44881889763779526,1.0,0.4230769230769231
25360,HyboNet,4,128,0.001,3,63,0.4330708661417323,1.0,0.34615384615384615
25361,HyboNet,4,128,0.001,3,64,0.4251968503937008,1.0,0.34615384615384615
25362,HyboNet,4,128,0.001,3,65,0.4330708661417323,1.0,0.34615384615384615
25363,HyboNet,4,128,0.001,3,66,0.4094488188976378,1.0,0.34615384615384615
25364,HyboNet,4,128,0.001,3,67,0.3779527559055118,1.0,0.34615384615384615
25365,HyboNet,4,128,0.001,3,68,0.33070866141732286,1.0,0.2692307692307692
25366,HyboNet,4,128,0.001,3,69,0.3858267716535433,1.0,0.3076923076923077
25367,HyboNet,4,128,0.001,3,7,0.5275590551181102,0.7,0.5769230769230769
25368,HyboNet,4,128,0.001,3,70,0.4251968503937008,1.0,0.3076923076923077
25369,HyboNet,4,128,0.001,3,71,0.41732283464566927,1.0,0.3076923076923077
25370,HyboNet,4,128,0.001,3,72,0.4015748031496063,1.0,0.3076923076923077
25371,HyboNet,4,128,0.001,3,73,0.33858267716535434,1.0,0.2692307692307692
25372,HyboNet,4,128,0.001,3,74,0.33858267716535434,1.0,0.2692307692307692
25373,HyboNet,4,128,0.001,3,75,0.33070866141732286,1.0,0.2692307692307692
25374,HyboNet,4,128,0.001,3,76,0.3700787401574803,1.0,0.3076923076923077
25375,HyboNet,4,128,0.001,3,77,0.3858267716535433,1.0,0.3076923076923077
25376,HyboNet,4,128,0.001,3,78,0.36220472440944884,1.0,0.3076923076923077
25377,HyboNet,4,128,0.001,3,79,0.3700787401574803,1.0,0.3076923076923077
25378,HyboNet,4,128,0.001,3,8,0.5275590551181102,0.7333333333333333,0.5769230769230769
25379,HyboNet,4,128,0.001,3,80,0.3858267716535433,1.0,0.3076923076923077
25380,HyboNet,4,128,0.001,3,81,0.3858267716535433,1.0,0.34615384615384615
25381,HyboNet,4,128,0.001,3,82,0.3937007874015748,1.0,0.3076923076923077
25382,HyboNet,4,128,0.001,3,83,0.3700787401574803,1.0,0.3076923076923077
25383,HyboNet,4,128,0.001,3,84,0.3779527559055118,1.0,0.3076923076923077
25384,HyboNet,4,128,0.001,3,85,0.3937007874015748,1.0,0.34615384615384615
25385,HyboNet,4,128,0.001,3,86,0.3937007874015748,1.0,0.34615384615384615
25386,HyboNet,4,128,0.001,3,87,0.3858267716535433,1.0,0.3076923076923077
25387,HyboNet,4,128,0.001,3,88,0.3700787401574803,1.0,0.3076923076923077
25388,HyboNet,4,128,0.001,3,89,0.3779527559055118,1.0,0.3076923076923077
25389,HyboNet,4,128,0.001,3,9,0.5354330708661418,0.7333333333333333,0.5769230769230769
25390,HyboNet,4,128,0.001,3,90,0.3937007874015748,1.0,0.3076923076923077
25391,HyboNet,4,128,0.001,3,91,0.3858267716535433,1.0,0.34615384615384615
25392,HyboNet,4,128,0.001,3,92,0.4015748031496063,1.0,0.34615384615384615
25393,HyboNet,4,128,0.001,3,93,0.3937007874015748,1.0,0.3076923076923077
25394,HyboNet,4,128,0.001,3,94,0.3700787401574803,1.0,0.3076923076923077
25395,HyboNet,4,128,0.001,3,95,0.36220472440944884,1.0,0.3076923076923077
25396,HyboNet,4,128,0.001,3,96,0.3700787401574803,1.0,0.3076923076923077
25397,HyboNet,4,128,0.001,3,97,0.36220472440944884,1.0,0.3076923076923077
25398,HyboNet,4,128,0.001,3,98,0.3700787401574803,1.0,0.3076923076923077
25399,HyboNet,4,128,0.001,3,99,0.3700787401574803,1.0,0.3076923076923077
25400,HyboNet,4,128,0.001,4,1,0.5354330708661418,0.6,0.5769230769230769
25401,HyboNet,4,128,0.001,4,10,0.5275590551181102,0.6666666666666666,0.5769230769230769
25402,HyboNet,4,128,0.001,4,100,0.4251968503937008,1.0,0.46153846153846156
25403,HyboNet,4,128,0.001,4,11,0.5354330708661418,0.7333333333333333,0.5769230769230769
25404,HyboNet,4,128,0.001,4,12,0.5433070866141733,0.7666666666666667,0.5384615384615384
25405,HyboNet,4,128,0.001,4,13,0.5433070866141733,0.8,0.5769230769230769
25406,HyboNet,4,128,0.001,4,14,0.5511811023622047,0.8333333333333334,0.6153846153846154
25407,HyboNet,4,128,0.001,4,15,0.5433070866141733,0.8333333333333334,0.6153846153846154
25408,HyboNet,4,128,0.001,4,16,0.5275590551181102,0.8666666666666667,0.5769230769230769
25409,HyboNet,4,128,0.001,4,17,0.5354330708661418,0.8666666666666667,0.6153846153846154
25410,HyboNet,4,128,0.001,4,18,0.5118110236220472,0.8333333333333334,0.5769230769230769
25411,HyboNet,4,128,0.001,4,19,0.4881889763779528,0.8666666666666667,0.5
25412,HyboNet,4,128,0.001,4,2,0.5354330708661418,0.6,0.5769230769230769
25413,HyboNet,4,128,0.001,4,20,0.4566929133858268,0.8666666666666667,0.38461538461538464
25414,HyboNet,4,128,0.001,4,21,0.4409448818897638,0.8666666666666667,0.38461538461538464
25415,HyboNet,4,128,0.001,4,22,0.47244094488188976,0.8666666666666667,0.46153846153846156
25416,HyboNet,4,128,0.001,4,23,0.49606299212598426,0.8666666666666667,0.5384615384615384
25417,HyboNet,4,128,0.001,4,24,0.48031496062992124,0.9,0.5
25418,HyboNet,4,128,0.001,4,25,0.44881889763779526,0.8666666666666667,0.46153846153846156
25419,HyboNet,4,128,0.001,4,26,0.4330708661417323,0.9,0.38461538461538464
25420,HyboNet,4,128,0.001,4,27,0.44881889763779526,0.9666666666666667,0.5
25421,HyboNet,4,128,0.001,4,28,0.4409448818897638,0.9,0.5
25422,HyboNet,4,128,0.001,4,29,0.4409448818897638,0.9,0.5
25423,HyboNet,4,128,0.001,4,3,0.5354330708661418,0.6,0.5769230769230769
25424,HyboNet,4,128,0.001,4,30,0.44881889763779526,0.9,0.5
25425,HyboNet,4,128,0.001,4,31,0.44881889763779526,0.9333333333333333,0.4230769230769231
25426,HyboNet,4,128,0.001,4,32,0.44881889763779526,0.9,0.4230769230769231
25427,HyboNet,4,128,0.001,4,33,0.41732283464566927,0.9333333333333333,0.38461538461538464
25428,HyboNet,4,128,0.001,4,34,0.4645669291338583,0.9333333333333333,0.5
25429,HyboNet,4,128,0.001,4,35,0.47244094488188976,0.9333333333333333,0.5
25430,HyboNet,4,128,0.001,4,36,0.4881889763779528,0.9333333333333333,0.5
25431,HyboNet,4,128,0.001,4,37,0.4645669291338583,0.9333333333333333,0.5
25432,HyboNet,4,128,0.001,4,38,0.4251968503937008,0.9666666666666667,0.38461538461538464
25433,HyboNet,4,128,0.001,4,39,0.4015748031496063,0.9666666666666667,0.38461538461538464
25434,HyboNet,4,128,0.001,4,4,0.5354330708661418,0.6333333333333333,0.5769230769230769
25435,HyboNet,4,128,0.001,4,40,0.3937007874015748,0.9333333333333333,0.38461538461538464
25436,HyboNet,4,128,0.001,4,41,0.36220472440944884,0.9333333333333333,0.38461538461538464
25437,HyboNet,4,128,0.001,4,42,0.4094488188976378,0.9333333333333333,0.4230769230769231
25438,HyboNet,4,128,0.001,4,43,0.41732283464566927,0.9666666666666667,0.4230769230769231
25439,HyboNet,4,128,0.001,4,44,0.4015748031496063,0.9666666666666667,0.4230769230769231
25440,HyboNet,4,128,0.001,4,45,0.3700787401574803,1.0,0.4230769230769231
25441,HyboNet,4,128,0.001,4,46,0.3543307086614173,1.0,0.38461538461538464
25442,HyboNet,4,128,0.001,4,47,0.33858267716535434,0.9666666666666667,0.34615384615384615
25443,HyboNet,4,128,0.001,4,48,0.3464566929133858,0.9666666666666667,0.38461538461538464
25444,HyboNet,4,128,0.001,4,49,0.3543307086614173,0.9666666666666667,0.34615384615384615
25445,HyboNet,4,128,0.001,4,5,0.5275590551181102,0.7333333333333333,0.5769230769230769
25446,HyboNet,4,128,0.001,4,50,0.3858267716535433,0.9666666666666667,0.4230769230769231
25447,HyboNet,4,128,0.001,4,51,0.3700787401574803,0.9666666666666667,0.4230769230769231
25448,HyboNet,4,128,0.001,4,52,0.3700787401574803,0.9666666666666667,0.4230769230769231
25449,HyboNet,4,128,0.001,4,53,0.3543307086614173,1.0,0.38461538461538464
25450,HyboNet,4,128,0.001,4,54,0.3464566929133858,1.0,0.34615384615384615
25451,HyboNet,4,128,0.001,4,55,0.33858267716535434,1.0,0.34615384615384615
25452,HyboNet,4,128,0.001,4,56,0.33070866141732286,0.9666666666666667,0.34615384615384615
25453,HyboNet,4,128,0.001,4,57,0.3228346456692913,1.0,0.3076923076923077
25454,HyboNet,4,128,0.001,4,58,0.2755905511811024,1.0,0.23076923076923078
25455,HyboNet,4,128,0.001,4,59,0.36220472440944884,1.0,0.34615384615384615
25456,HyboNet,4,128,0.001,4,6,0.5275590551181102,0.7,0.5769230769230769
25457,HyboNet,4,128,0.001,4,60,0.3779527559055118,1.0,0.4230769230769231
25458,HyboNet,4,128,0.001,4,61,0.3858267716535433,1.0,0.4230769230769231
25459,HyboNet,4,128,0.001,4,62,0.3779527559055118,1.0,0.4230769230769231
25460,HyboNet,4,128,0.001,4,63,0.3464566929133858,1.0,0.38461538461538464
25461,HyboNet,4,128,0.001,4,64,0.3464566929133858,1.0,0.3076923076923077
25462,HyboNet,4,128,0.001,4,65,0.33858267716535434,1.0,0.3076923076923077
25463,HyboNet,4,128,0.001,4,66,0.31496062992125984,1.0,0.2692307692307692
25464,HyboNet,4,128,0.001,4,67,0.31496062992125984,1.0,0.3076923076923077
25465,HyboNet,4,128,0.001,4,68,0.33858267716535434,1.0,0.3076923076923077
25466,HyboNet,4,128,0.001,4,69,0.33858267716535434,1.0,0.3076923076923077
25467,HyboNet,4,128,0.001,4,7,0.5275590551181102,0.6666666666666666,0.5769230769230769
25468,HyboNet,4,128,0.001,4,70,0.33858267716535434,1.0,0.3076923076923077
25469,HyboNet,4,128,0.001,4,71,0.3464566929133858,1.0,0.3076923076923077
25470,HyboNet,4,128,0.001,4,72,0.36220472440944884,1.0,0.34615384615384615
25471,HyboNet,4,128,0.001,4,73,0.3858267716535433,1.0,0.34615384615384615
25472,HyboNet,4,128,0.001,4,74,0.3858267716535433,1.0,0.34615384615384615
25473,HyboNet,4,128,0.001,4,75,0.3700787401574803,1.0,0.3076923076923077
25474,HyboNet,4,128,0.001,4,76,0.36220472440944884,1.0,0.3076923076923077
25475,HyboNet,4,128,0.001,4,77,0.3779527559055118,1.0,0.38461538461538464
25476,HyboNet,4,128,0.001,4,78,0.4251968503937008,1.0,0.5384615384615384
25477,HyboNet,4,128,0.001,4,79,0.44881889763779526,1.0,0.5384615384615384
25478,HyboNet,4,128,0.001,4,8,0.5354330708661418,0.6666666666666666,0.5769230769230769
25479,HyboNet,4,128,0.001,4,80,0.4251968503937008,1.0,0.5
25480,HyboNet,4,128,0.001,4,81,0.4015748031496063,1.0,0.46153846153846156
25481,HyboNet,4,128,0.001,4,82,0.36220472440944884,1.0,0.34615384615384615
25482,HyboNet,4,128,0.001,4,83,0.3700787401574803,1.0,0.3076923076923077
25483,HyboNet,4,128,0.001,4,84,0.3700787401574803,1.0,0.34615384615384615
25484,HyboNet,4,128,0.001,4,85,0.3937007874015748,1.0,0.4230769230769231
25485,HyboNet,4,128,0.001,4,86,0.4094488188976378,1.0,0.4230769230769231
25486,HyboNet,4,128,0.001,4,87,0.4094488188976378,1.0,0.4230769230769231
25487,HyboNet,4,128,0.001,4,88,0.3700787401574803,1.0,0.38461538461538464
25488,HyboNet,4,128,0.001,4,89,0.33858267716535434,1.0,0.23076923076923078
25489,HyboNet,4,128,0.001,4,9,0.5354330708661418,0.6666666666666666,0.5769230769230769
25490,HyboNet,4,128,0.001,4,90,0.2755905511811024,1.0,0.23076923076923078
25491,HyboNet,4,128,0.001,4,91,0.25984251968503935,1.0,0.23076923076923078
25492,HyboNet,4,128,0.001,4,92,0.3228346456692913,1.0,0.23076923076923078
25493,HyboNet,4,128,0.001,4,93,0.3700787401574803,1.0,0.38461538461538464
25494,HyboNet,4,128,0.001,4,94,0.3779527559055118,1.0,0.38461538461538464
25495,HyboNet,4,128,0.001,4,95,0.3858267716535433,1.0,0.4230769230769231
25496,HyboNet,4,128,0.001,4,96,0.3858267716535433,1.0,0.4230769230769231
25497,HyboNet,4,128,0.001,4,97,0.36220472440944884,1.0,0.38461538461538464
25498,HyboNet,4,128,0.001,4,98,0.3858267716535433,1.0,0.38461538461538464
25499,HyboNet,4,128,0.001,4,99,0.41732283464566927,1.0,0.46153846153846156
25500,HyboNet,4,128,0.001,5,1,0.5354330708661418,0.6,0.5769230769230769
25501,HyboNet,4,128,0.001,5,10,0.5354330708661418,0.6333333333333333,0.5769230769230769
25502,HyboNet,4,128,0.001,5,100,0.4645669291338583,1.0,0.5769230769230769
25503,HyboNet,4,128,0.001,5,11,0.5354330708661418,0.6666666666666666,0.5769230769230769
25504,HyboNet,4,128,0.001,5,12,0.5354330708661418,0.7666666666666667,0.5769230769230769
25505,HyboNet,4,128,0.001,5,13,0.5354330708661418,0.7666666666666667,0.5769230769230769
25506,HyboNet,4,128,0.001,5,14,0.5433070866141733,0.7333333333333333,0.5769230769230769
25507,HyboNet,4,128,0.001,5,15,0.5433070866141733,0.7333333333333333,0.5769230769230769
25508,HyboNet,4,128,0.001,5,16,0.5433070866141733,0.7333333333333333,0.6153846153846154
25509,HyboNet,4,128,0.001,5,17,0.5354330708661418,0.7333333333333333,0.5769230769230769
25510,HyboNet,4,128,0.001,5,18,0.5354330708661418,0.8333333333333334,0.6153846153846154
25511,HyboNet,4,128,0.001,5,19,0.5433070866141733,0.8333333333333334,0.6153846153846154
25512,HyboNet,4,128,0.001,5,2,0.5354330708661418,0.6,0.5769230769230769
25513,HyboNet,4,128,0.001,5,20,0.49606299212598426,0.8333333333333334,0.5769230769230769
25514,HyboNet,4,128,0.001,5,21,0.5118110236220472,0.8333333333333334,0.5769230769230769
25515,HyboNet,4,128,0.001,5,22,0.5118110236220472,0.8333333333333334,0.6153846153846154
25516,HyboNet,4,128,0.001,5,23,0.5196850393700787,0.8666666666666667,0.6153846153846154
25517,HyboNet,4,128,0.001,5,24,0.5039370078740157,0.8666666666666667,0.6153846153846154
25518,HyboNet,4,128,0.001,5,25,0.49606299212598426,0.8666666666666667,0.6153846153846154
25519,HyboNet,4,128,0.001,5,26,0.5118110236220472,0.8666666666666667,0.6153846153846154
25520,HyboNet,4,128,0.001,5,27,0.5118110236220472,0.9,0.6153846153846154
25521,HyboNet,4,128,0.001,5,28,0.5118110236220472,0.9666666666666667,0.6153846153846154
25522,HyboNet,4,128,0.001,5,29,0.5118110236220472,0.9333333333333333,0.6153846153846154
25523,HyboNet,4,128,0.001,5,3,0.5354330708661418,0.6,0.5769230769230769
25524,HyboNet,4,128,0.001,5,30,0.5196850393700787,0.9333333333333333,0.6153846153846154
25525,HyboNet,4,128,0.001,5,31,0.5196850393700787,0.9333333333333333,0.6538461538461539
25526,HyboNet,4,128,0.001,5,32,0.5275590551181102,0.9333333333333333,0.6153846153846154
25527,HyboNet,4,128,0.001,5,33,0.5196850393700787,0.9333333333333333,0.6153846153846154
25528,HyboNet,4,128,0.001,5,34,0.5118110236220472,0.9333333333333333,0.6153846153846154
25529,HyboNet,4,128,0.001,5,35,0.5039370078740157,0.9333333333333333,0.6153846153846154
25530,HyboNet,4,128,0.001,5,36,0.49606299212598426,0.9333333333333333,0.6153846153846154
25531,HyboNet,4,128,0.001,5,37,0.5039370078740157,0.9333333333333333,0.5769230769230769
25532,HyboNet,4,128,0.001,5,38,0.4881889763779528,0.9333333333333333,0.5769230769230769
25533,HyboNet,4,128,0.001,5,39,0.49606299212598426,0.9333333333333333,0.5769230769230769
25534,HyboNet,4,128,0.001,5,4,0.5354330708661418,0.6,0.5769230769230769
25535,HyboNet,4,128,0.001,5,40,0.5118110236220472,0.9333333333333333,0.5769230769230769
25536,HyboNet,4,128,0.001,5,41,0.5039370078740157,0.9333333333333333,0.5769230769230769
25537,HyboNet,4,128,0.001,5,42,0.49606299212598426,0.9333333333333333,0.6153846153846154
25538,HyboNet,4,128,0.001,5,43,0.49606299212598426,0.9666666666666667,0.6153846153846154
25539,HyboNet,4,128,0.001,5,44,0.48031496062992124,0.9666666666666667,0.5769230769230769
25540,HyboNet,4,128,0.001,5,45,0.48031496062992124,0.9666666666666667,0.5384615384615384
25541,HyboNet,4,128,0.001,5,46,0.49606299212598426,0.9333333333333333,0.6153846153846154
25542,HyboNet,4,128,0.001,5,47,0.5118110236220472,0.9333333333333333,0.6153846153846154
25543,HyboNet,4,128,0.001,5,48,0.49606299212598426,0.9333333333333333,0.6153846153846154
25544,HyboNet,4,128,0.001,5,49,0.4881889763779528,0.9333333333333333,0.5769230769230769
25545,HyboNet,4,128,0.001,5,5,0.5354330708661418,0.6,0.5769230769230769
25546,HyboNet,4,128,0.001,5,50,0.4409448818897638,0.9333333333333333,0.5
25547,HyboNet,4,128,0.001,5,51,0.3858267716535433,0.9666666666666667,0.38461538461538464
25548,HyboNet,4,128,0.001,5,52,0.4881889763779528,0.9333333333333333,0.5769230769230769
25549,HyboNet,4,128,0.001,5,53,0.5118110236220472,0.9333333333333333,0.5769230769230769
25550,HyboNet,4,128,0.001,5,54,0.5118110236220472,0.9666666666666667,0.6153846153846154
25551,HyboNet,4,128,0.001,5,55,0.5196850393700787,1.0,0.6153846153846154
25552,HyboNet,4,128,0.001,5,56,0.5118110236220472,1.0,0.6153846153846154
25553,HyboNet,4,128,0.001,5,57,0.5039370078740157,1.0,0.6153846153846154
25554,HyboNet,4,128,0.001,5,58,0.47244094488188976,1.0,0.5384615384615384
25555,HyboNet,4,128,0.001,5,59,0.44881889763779526,0.9333333333333333,0.5
25556,HyboNet,4,128,0.001,5,6,0.5354330708661418,0.6,0.5769230769230769
25557,HyboNet,4,128,0.001,5,60,0.3858267716535433,0.9333333333333333,0.3076923076923077
25558,HyboNet,4,128,0.001,5,61,0.4330708661417323,0.9333333333333333,0.4230769230769231
25559,HyboNet,4,128,0.001,5,62,0.4094488188976378,1.0,0.4230769230769231
25560,HyboNet,4,128,0.001,5,63,0.4566929133858268,1.0,0.5769230769230769
25561,HyboNet,4,128,0.001,5,64,0.4881889763779528,1.0,0.5769230769230769
25562,HyboNet,4,128,0.001,5,65,0.4881889763779528,1.0,0.5769230769230769
25563,HyboNet,4,128,0.001,5,66,0.49606299212598426,1.0,0.5769230769230769
25564,HyboNet,4,128,0.001,5,67,0.5039370078740157,1.0,0.5769230769230769
25565,HyboNet,4,128,0.001,5,68,0.5118110236220472,1.0,0.5769230769230769
25566,HyboNet,4,128,0.001,5,69,0.5039370078740157,1.0,0.5769230769230769
25567,HyboNet,4,128,0.001,5,7,0.5354330708661418,0.6,0.5769230769230769
25568,HyboNet,4,128,0.001,5,70,0.48031496062992124,1.0,0.5769230769230769
25569,HyboNet,4,128,0.001,5,71,0.47244094488188976,1.0,0.5769230769230769
25570,HyboNet,4,128,0.001,5,72,0.4330708661417323,1.0,0.46153846153846156
25571,HyboNet,4,128,0.001,5,73,0.4409448818897638,1.0,0.5769230769230769
25572,HyboNet,4,128,0.001,5,74,0.4645669291338583,1.0,0.5769230769230769
25573,HyboNet,4,128,0.001,5,75,0.48031496062992124,0.9666666666666667,0.5769230769230769
25574,HyboNet,4,128,0.001,5,76,0.47244094488188976,0.9666666666666667,0.5769230769230769
25575,HyboNet,4,128,0.001,5,77,0.48031496062992124,1.0,0.5769230769230769
25576,HyboNet,4,128,0.001,5,78,0.48031496062992124,1.0,0.5769230769230769
25577,HyboNet,4,128,0.001,5,79,0.4645669291338583,1.0,0.5384615384615384
25578,HyboNet,4,128,0.001,5,8,0.5354330708661418,0.6,0.5769230769230769
25579,HyboNet,4,128,0.001,5,80,0.47244094488188976,1.0,0.5384615384615384
25580,HyboNet,4,128,0.001,5,81,0.47244094488188976,1.0,0.5769230769230769
25581,HyboNet,4,128,0.001,5,82,0.47244094488188976,1.0,0.5769230769230769
25582,HyboNet,4,128,0.001,5,83,0.48031496062992124,1.0,0.5769230769230769
25583,HyboNet,4,128,0.001,5,84,0.48031496062992124,1.0,0.5769230769230769
25584,HyboNet,4,128,0.001,5,85,0.48031496062992124,1.0,0.5769230769230769
25585,HyboNet,4,128,0.001,5,86,0.4645669291338583,1.0,0.5384615384615384
25586,HyboNet,4,128,0.001,5,87,0.4094488188976378,1.0,0.46153846153846156
25587,HyboNet,4,128,0.001,5,88,0.4015748031496063,1.0,0.5
25588,HyboNet,4,128,0.001,5,89,0.4251968503937008,1.0,0.5
25589,HyboNet,4,128,0.001,5,9,0.5354330708661418,0.6,0.5769230769230769
25590,HyboNet,4,128,0.001,5,90,0.44881889763779526,1.0,0.5
25591,HyboNet,4,128,0.001,5,91,0.4566929133858268,1.0,0.5769230769230769
25592,HyboNet,4,128,0.001,5,92,0.47244094488188976,1.0,0.5769230769230769
25593,HyboNet,4,128,0.001,5,93,0.47244094488188976,1.0,0.5769230769230769
25594,HyboNet,4,128,0.001,5,94,0.48031496062992124,1.0,0.5769230769230769
25595,HyboNet,4,128,0.001,5,95,0.48031496062992124,1.0,0.5769230769230769
25596,HyboNet,4,128,0.001,5,96,0.4645669291338583,1.0,0.5769230769230769
25597,HyboNet,4,128,0.001,5,97,0.4409448818897638,1.0,0.5
25598,HyboNet,4,128,0.001,5,98,0.44881889763779526,1.0,0.4230769230769231
25599,HyboNet,4,128,0.001,5,99,0.4409448818897638,1.0,0.5
25600,HyboNet,4,128,0.001,6,1,0.5354330708661418,0.6,0.5769230769230769
25601,HyboNet,4,128,0.001,6,10,0.5433070866141733,0.7333333333333333,0.5384615384615384
25602,HyboNet,4,128,0.001,6,100,0.3543307086614173,1.0,0.34615384615384615
25603,HyboNet,4,128,0.001,6,11,0.5118110236220472,0.7333333333333333,0.4230769230769231
25604,HyboNet,4,128,0.001,6,12,0.5275590551181102,0.7333333333333333,0.4230769230769231
25605,HyboNet,4,128,0.001,6,13,0.5196850393700787,0.7333333333333333,0.4230769230769231
25606,HyboNet,4,128,0.001,6,14,0.5118110236220472,0.8,0.4230769230769231
25607,HyboNet,4,128,0.001,6,15,0.5118110236220472,0.8,0.4230769230769231
25608,HyboNet,4,128,0.001,6,16,0.5118110236220472,0.8333333333333334,0.46153846153846156
25609,HyboNet,4,128,0.001,6,17,0.4881889763779528,0.8333333333333334,0.46153846153846156
25610,HyboNet,4,128,0.001,6,18,0.49606299212598426,0.8333333333333334,0.5
25611,HyboNet,4,128,0.001,6,19,0.48031496062992124,0.8333333333333334,0.5
25612,HyboNet,4,128,0.001,6,2,0.5354330708661418,0.6,0.5769230769230769
25613,HyboNet,4,128,0.001,6,20,0.47244094488188976,0.9,0.46153846153846156
25614,HyboNet,4,128,0.001,6,21,0.44881889763779526,0.9,0.4230769230769231
25615,HyboNet,4,128,0.001,6,22,0.4645669291338583,0.9,0.5
25616,HyboNet,4,128,0.001,6,23,0.47244094488188976,0.9,0.5
25617,HyboNet,4,128,0.001,6,24,0.4645669291338583,0.9,0.5
25618,HyboNet,4,128,0.001,6,25,0.4566929133858268,0.9,0.46153846153846156
25619,HyboNet,4,128,0.001,6,26,0.4566929133858268,0.9333333333333333,0.4230769230769231
25620,HyboNet,4,128,0.001,6,27,0.4645669291338583,0.9333333333333333,0.46153846153846156
25621,HyboNet,4,128,0.001,6,28,0.4409448818897638,0.9,0.46153846153846156
25622,HyboNet,4,128,0.001,6,29,0.4409448818897638,0.9333333333333333,0.46153846153846156
25623,HyboNet,4,128,0.001,6,3,0.5354330708661418,0.6,0.5769230769230769
25624,HyboNet,4,128,0.001,6,30,0.4566929133858268,0.9333333333333333,0.4230769230769231
25625,HyboNet,4,128,0.001,6,31,0.4566929133858268,0.9333333333333333,0.46153846153846156
25626,HyboNet,4,128,0.001,6,32,0.41732283464566927,0.9333333333333333,0.46153846153846156
25627,HyboNet,4,128,0.001,6,33,0.41732283464566927,0.9333333333333333,0.4230769230769231
25628,HyboNet,4,128,0.001,6,34,0.4094488188976378,0.9333333333333333,0.46153846153846156
25629,HyboNet,4,128,0.001,6,35,0.41732283464566927,0.9333333333333333,0.4230769230769231
25630,HyboNet,4,128,0.001,6,36,0.41732283464566927,0.9333333333333333,0.4230769230769231
25631,HyboNet,4,128,0.001,6,37,0.41732283464566927,0.9333333333333333,0.4230769230769231
25632,HyboNet,4,128,0.001,6,38,0.4015748031496063,0.9666666666666667,0.38461538461538464
25633,HyboNet,4,128,0.001,6,39,0.4015748031496063,0.9666666666666667,0.34615384615384615
25634,HyboNet,4,128,0.001,6,4,0.5354330708661418,0.6,0.5769230769230769
25635,HyboNet,4,128,0.001,6,40,0.3937007874015748,0.9333333333333333,0.34615384615384615
25636,HyboNet,4,128,0.001,6,41,0.4330708661417323,0.9333333333333333,0.4230769230769231
25637,HyboNet,4,128,0.001,6,42,0.4645669291338583,0.9,0.46153846153846156
25638,HyboNet,4,128,0.001,6,43,0.4881889763779528,0.9,0.4230769230769231
25639,HyboNet,4,128,0.001,6,44,0.4645669291338583,0.9333333333333333,0.46153846153846156
25640,HyboNet,4,128,0.001,6,45,0.4409448818897638,0.9666666666666667,0.46153846153846156
25641,HyboNet,4,128,0.001,6,46,0.4251968503937008,0.9666666666666667,0.46153846153846156
25642,HyboNet,4,128,0.001,6,47,0.4015748031496063,1.0,0.38461538461538464
25643,HyboNet,4,128,0.001,6,48,0.3464566929133858,1.0,0.3076923076923077
25644,HyboNet,4,128,0.001,6,49,0.36220472440944884,1.0,0.3076923076923077
25645,HyboNet,4,128,0.001,6,5,0.5354330708661418,0.6,0.5769230769230769
25646,HyboNet,4,128,0.001,6,50,0.3858267716535433,1.0,0.34615384615384615
25647,HyboNet,4,128,0.001,6,51,0.4094488188976378,1.0,0.34615384615384615
25648,HyboNet,4,128,0.001,6,52,0.41732283464566927,1.0,0.38461538461538464
25649,HyboNet,4,128,0.001,6,53,0.4251968503937008,1.0,0.4230769230769231
25650,HyboNet,4,128,0.001,6,54,0.3937007874015748,1.0,0.3076923076923077
25651,HyboNet,4,128,0.001,6,55,0.3543307086614173,1.0,0.19230769230769232
25652,HyboNet,4,128,0.001,6,56,0.3464566929133858,1.0,0.19230769230769232
25653,HyboNet,4,128,0.001,6,57,0.41732283464566927,1.0,0.34615384615384615
25654,HyboNet,4,128,0.001,6,58,0.4251968503937008,1.0,0.38461538461538464
25655,HyboNet,4,128,0.001,6,59,0.4251968503937008,1.0,0.38461538461538464
25656,HyboNet,4,128,0.001,6,6,0.5354330708661418,0.6333333333333333,0.5769230769230769
25657,HyboNet,4,128,0.001,6,60,0.41732283464566927,1.0,0.38461538461538464
25658,HyboNet,4,128,0.001,6,61,0.4094488188976378,1.0,0.38461538461538464
25659,HyboNet,4,128,0.001,6,62,0.44881889763779526,1.0,0.38461538461538464
25660,HyboNet,4,128,0.001,6,63,0.4251968503937008,1.0,0.38461538461538464
25661,HyboNet,4,128,0.001,6,64,0.4094488188976378,1.0,0.38461538461538464
25662,HyboNet,4,128,0.001,6,65,0.4094488188976378,1.0,0.38461538461538464
25663,HyboNet,4,128,0.001,6,66,0.3937007874015748,1.0,0.38461538461538464
25664,HyboNet,4,128,0.001,6,67,0.4094488188976378,1.0,0.38461538461538464
25665,HyboNet,4,128,0.001,6,68,0.4094488188976378,1.0,0.4230769230769231
25666,HyboNet,4,128,0.001,6,69,0.4094488188976378,1.0,0.38461538461538464
25667,HyboNet,4,128,0.001,6,7,0.5354330708661418,0.6333333333333333,0.5769230769230769
25668,HyboNet,4,128,0.001,6,70,0.3937007874015748,1.0,0.38461538461538464
25669,HyboNet,4,128,0.001,6,71,0.33070866141732286,1.0,0.34615384615384615
25670,HyboNet,4,128,0.001,6,72,0.33070866141732286,1.0,0.34615384615384615
25671,HyboNet,4,128,0.001,6,73,0.3543307086614173,1.0,0.34615384615384615
25672,HyboNet,4,128,0.001,6,74,0.4015748031496063,1.0,0.3076923076923077
25673,HyboNet,4,128,0.001,6,75,0.4015748031496063,1.0,0.34615384615384615
25674,HyboNet,4,128,0.001,6,76,0.3937007874015748,1.0,0.3076923076923077
25675,HyboNet,4,128,0.001,6,77,0.36220472440944884,1.0,0.3076923076923077
25676,HyboNet,4,128,0.001,6,78,0.3543307086614173,1.0,0.2692307692307692
25677,HyboNet,4,128,0.001,6,79,0.4094488188976378,1.0,0.2692307692307692
25678,HyboNet,4,128,0.001,6,8,0.5354330708661418,0.6333333333333333,0.5769230769230769
25679,HyboNet,4,128,0.001,6,80,0.3937007874015748,1.0,0.3076923076923077
25680,HyboNet,4,128,0.001,6,81,0.33858267716535434,1.0,0.3076923076923077
25681,HyboNet,4,128,0.001,6,82,0.3228346456692913,1.0,0.3076923076923077
25682,HyboNet,4,128,0.001,6,83,0.3228346456692913,1.0,0.23076923076923078
25683,HyboNet,4,128,0.001,6,84,0.3543307086614173,1.0,0.3076923076923077
25684,HyboNet,4,128,0.001,6,85,0.3937007874015748,1.0,0.38461538461538464
25685,HyboNet,4,128,0.001,6,86,0.4094488188976378,1.0,0.4230769230769231
25686,HyboNet,4,128,0.001,6,87,0.3858267716535433,1.0,0.4230769230769231
25687,HyboNet,4,128,0.001,6,88,0.3937007874015748,1.0,0.4230769230769231
25688,HyboNet,4,128,0.001,6,89,0.4015748031496063,1.0,0.4230769230769231
25689,HyboNet,4,128,0.001,6,9,0.5275590551181102,0.7,0.5769230769230769
25690,HyboNet,4,128,0.001,6,90,0.41732283464566927,1.0,0.4230769230769231
25691,HyboNet,4,128,0.001,6,91,0.4094488188976378,1.0,0.4230769230769231
25692,HyboNet,4,128,0.001,6,92,0.3937007874015748,1.0,0.4230769230769231
25693,HyboNet,4,128,0.001,6,93,0.3700787401574803,1.0,0.4230769230769231
25694,HyboNet,4,128,0.001,6,94,0.3543307086614173,1.0,0.4230769230769231
25695,HyboNet,4,128,0.001,6,95,0.3700787401574803,1.0,0.46153846153846156
25696,HyboNet,4,128,0.001,6,96,0.3779527559055118,1.0,0.4230769230769231
25697,HyboNet,4,128,0.001,6,97,0.3543307086614173,1.0,0.38461538461538464
25698,HyboNet,4,128,0.001,6,98,0.3543307086614173,1.0,0.3076923076923077
25699,HyboNet,4,128,0.001,6,99,0.33070866141732286,1.0,0.23076923076923078
25700,HyboNet,4,128,0.001,7,1,0.5275590551181102,0.6333333333333333,0.5384615384615384
25701,HyboNet,4,128,0.001,7,10,0.5118110236220472,0.7666666666666667,0.46153846153846156
25702,HyboNet,4,128,0.001,7,100,0.3700787401574803,1.0,0.38461538461538464
25703,HyboNet,4,128,0.001,7,11,0.5118110236220472,0.8,0.46153846153846156
25704,HyboNet,4,128,0.001,7,12,0.4566929133858268,0.8333333333333334,0.4230769230769231
25705,HyboNet,4,128,0.001,7,13,0.5196850393700787,0.7666666666666667,0.4230769230769231
25706,HyboNet,4,128,0.001,7,14,0.5039370078740157,0.7666666666666667,0.46153846153846156
25707,HyboNet,4,128,0.001,7,15,0.5039370078740157,0.7666666666666667,0.46153846153846156
25708,HyboNet,4,128,0.001,7,16,0.5196850393700787,0.8,0.38461538461538464
25709,HyboNet,4,128,0.001,7,17,0.4566929133858268,0.8666666666666667,0.38461538461538464
25710,HyboNet,4,128,0.001,7,18,0.41732283464566927,0.8333333333333334,0.3076923076923077
25711,HyboNet,4,128,0.001,7,19,0.4251968503937008,0.8666666666666667,0.4230769230769231
25712,HyboNet,4,128,0.001,7,2,0.5354330708661418,0.6666666666666666,0.5769230769230769
25713,HyboNet,4,128,0.001,7,20,0.48031496062992124,0.8666666666666667,0.4230769230769231
25714,HyboNet,4,128,0.001,7,21,0.4881889763779528,0.8333333333333334,0.4230769230769231
25715,HyboNet,4,128,0.001,7,22,0.49606299212598426,0.8666666666666667,0.4230769230769231
25716,HyboNet,4,128,0.001,7,23,0.4881889763779528,0.9,0.4230769230769231
25717,HyboNet,4,128,0.001,7,24,0.48031496062992124,0.9333333333333333,0.4230769230769231
25718,HyboNet,4,128,0.001,7,25,0.4566929133858268,0.9333333333333333,0.46153846153846156
25719,HyboNet,4,128,0.001,7,26,0.4330708661417323,0.9333333333333333,0.46153846153846156
25720,HyboNet,4,128,0.001,7,27,0.47244094488188976,0.9333333333333333,0.46153846153846156
25721,HyboNet,4,128,0.001,7,28,0.47244094488188976,0.9333333333333333,0.4230769230769231
25722,HyboNet,4,128,0.001,7,29,0.47244094488188976,0.9333333333333333,0.4230769230769231
25723,HyboNet,4,128,0.001,7,3,0.5354330708661418,0.6666666666666666,0.5769230769230769
25724,HyboNet,4,128,0.001,7,30,0.47244094488188976,0.9333333333333333,0.4230769230769231
25725,HyboNet,4,128,0.001,7,31,0.4645669291338583,0.9333333333333333,0.4230769230769231
25726,HyboNet,4,128,0.001,7,32,0.44881889763779526,0.9333333333333333,0.46153846153846156
25727,HyboNet,4,128,0.001,7,33,0.41732283464566927,0.9333333333333333,0.46153846153846156
25728,HyboNet,4,128,0.001,7,34,0.4094488188976378,0.9333333333333333,0.46153846153846156
25729,HyboNet,4,128,0.001,7,35,0.4251968503937008,0.9333333333333333,0.46153846153846156
25730,HyboNet,4,128,0.001,7,36,0.4330708661417323,0.9333333333333333,0.46153846153846156
25731,HyboNet,4,128,0.001,7,37,0.4251968503937008,0.9333333333333333,0.46153846153846156
25732,HyboNet,4,128,0.001,7,38,0.4251968503937008,0.9333333333333333,0.4230769230769231
25733,HyboNet,4,128,0.001,7,39,0.4330708661417323,0.9333333333333333,0.46153846153846156
25734,HyboNet,4,128,0.001,7,4,0.5354330708661418,0.6666666666666666,0.5769230769230769
25735,HyboNet,4,128,0.001,7,40,0.4566929133858268,0.9333333333333333,0.46153846153846156
25736,HyboNet,4,128,0.001,7,41,0.44881889763779526,0.9333333333333333,0.46153846153846156
25737,HyboNet,4,128,0.001,7,42,0.3858267716535433,0.9333333333333333,0.46153846153846156
25738,HyboNet,4,128,0.001,7,43,0.3779527559055118,0.9333333333333333,0.38461538461538464
25739,HyboNet,4,128,0.001,7,44,0.33070866141732286,0.9333333333333333,0.3076923076923077
25740,HyboNet,4,128,0.001,7,45,0.3464566929133858,0.9333333333333333,0.3076923076923077
25741,HyboNet,4,128,0.001,7,46,0.33858267716535434,0.9333333333333333,0.3076923076923077
25742,HyboNet,4,128,0.001,7,47,0.3858267716535433,0.9333333333333333,0.34615384615384615
25743,HyboNet,4,128,0.001,7,48,0.3858267716535433,0.9333333333333333,0.34615384615384615
25744,HyboNet,4,128,0.001,7,49,0.3779527559055118,0.9333333333333333,0.34615384615384615
25745,HyboNet,4,128,0.001,7,5,0.5433070866141733,0.7,0.5384615384615384
25746,HyboNet,4,128,0.001,7,50,0.36220472440944884,0.9333333333333333,0.34615384615384615
25747,HyboNet,4,128,0.001,7,51,0.3543307086614173,0.9333333333333333,0.34615384615384615
25748,HyboNet,4,128,0.001,7,52,0.3543307086614173,0.9333333333333333,0.34615384615384615
25749,HyboNet,4,128,0.001,7,53,0.3543307086614173,0.9333333333333333,0.2692307692307692
25750,HyboNet,4,128,0.001,7,54,0.3543307086614173,0.9666666666666667,0.2692307692307692
25751,HyboNet,4,128,0.001,7,55,0.3543307086614173,0.9666666666666667,0.2692307692307692
25752,HyboNet,4,128,0.001,7,56,0.33858267716535434,0.9666666666666667,0.2692307692307692
25753,HyboNet,4,128,0.001,7,57,0.36220472440944884,0.9333333333333333,0.34615384615384615
25754,HyboNet,4,128,0.001,7,58,0.4094488188976378,0.9666666666666667,0.4230769230769231
25755,HyboNet,4,128,0.001,7,59,0.4015748031496063,1.0,0.4230769230769231
25756,HyboNet,4,128,0.001,7,6,0.5275590551181102,0.7,0.5384615384615384
25757,HyboNet,4,128,0.001,7,60,0.4094488188976378,1.0,0.4230769230769231
25758,HyboNet,4,128,0.001,7,61,0.4015748031496063,1.0,0.38461538461538464
25759,HyboNet,4,128,0.001,7,62,0.4015748031496063,1.0,0.38461538461538464
25760,HyboNet,4,128,0.001,7,63,0.3464566929133858,1.0,0.34615384615384615
25761,HyboNet,4,128,0.001,7,64,0.33858267716535434,1.0,0.2692307692307692
25762,HyboNet,4,128,0.001,7,65,0.3464566929133858,1.0,0.2692307692307692
25763,HyboNet,4,128,0.001,7,66,0.33070866141732286,1.0,0.2692307692307692
25764,HyboNet,4,128,0.001,7,67,0.33070866141732286,1.0,0.2692307692307692
25765,HyboNet,4,128,0.001,7,68,0.33858267716535434,1.0,0.2692307692307692
25766,HyboNet,4,128,0.001,7,69,0.33858267716535434,1.0,0.2692307692307692
25767,HyboNet,4,128,0.001,7,7,0.5275590551181102,0.7333333333333333,0.46153846153846156
25768,HyboNet,4,128,0.001,7,70,0.33070866141732286,1.0,0.2692307692307692
25769,HyboNet,4,128,0.001,7,71,0.33858267716535434,1.0,0.2692307692307692
25770,HyboNet,4,128,0.001,7,72,0.3543307086614173,1.0,0.34615384615384615
25771,HyboNet,4,128,0.001,7,73,0.36220472440944884,1.0,0.46153846153846156
25772,HyboNet,4,128,0.001,7,74,0.3700787401574803,1.0,0.46153846153846156
25773,HyboNet,4,128,0.001,7,75,0.33858267716535434,1.0,0.4230769230769231
25774,HyboNet,4,128,0.001,7,76,0.3543307086614173,1.0,0.3076923076923077
25775,HyboNet,4,128,0.001,7,77,0.33858267716535434,1.0,0.3076923076923077
25776,HyboNet,4,128,0.001,7,78,0.33858267716535434,1.0,0.4230769230769231
25777,HyboNet,4,128,0.001,7,79,0.3700787401574803,1.0,0.4230769230769231
25778,HyboNet,4,128,0.001,7,8,0.5196850393700787,0.7,0.46153846153846156
25779,HyboNet,4,128,0.001,7,80,0.3779527559055118,1.0,0.4230769230769231
25780,HyboNet,4,128,0.001,7,81,0.3700787401574803,1.0,0.38461538461538464
25781,HyboNet,4,128,0.001,7,82,0.31496062992125984,1.0,0.34615384615384615
25782,HyboNet,4,128,0.001,7,83,0.33070866141732286,1.0,0.2692307692307692
25783,HyboNet,4,128,0.001,7,84,0.3464566929133858,1.0,0.2692307692307692
25784,HyboNet,4,128,0.001,7,85,0.3543307086614173,1.0,0.2692307692307692
25785,HyboNet,4,128,0.001,7,86,0.3543307086614173,1.0,0.34615384615384615
25786,HyboNet,4,128,0.001,7,87,0.3464566929133858,1.0,0.2692307692307692
25787,HyboNet,4,128,0.001,7,88,0.3464566929133858,1.0,0.2692307692307692
25788,HyboNet,4,128,0.001,7,89,0.3543307086614173,1.0,0.2692307692307692
25789,HyboNet,4,128,0.001,7,9,0.5118110236220472,0.7333333333333333,0.46153846153846156
25790,HyboNet,4,128,0.001,7,90,0.3543307086614173,1.0,0.2692307692307692
25791,HyboNet,4,128,0.001,7,91,0.36220472440944884,1.0,0.2692307692307692
25792,HyboNet,4,128,0.001,7,92,0.36220472440944884,1.0,0.2692307692307692
25793,HyboNet,4,128,0.001,7,93,0.3543307086614173,1.0,0.2692307692307692
25794,HyboNet,4,128,0.001,7,94,0.33858267716535434,1.0,0.34615384615384615
25795,HyboNet,4,128,0.001,7,95,0.3543307086614173,1.0,0.34615384615384615
25796,HyboNet,4,128,0.001,7,96,0.3543307086614173,1.0,0.34615384615384615
25797,HyboNet,4,128,0.001,7,97,0.3700787401574803,1.0,0.34615384615384615
25798,HyboNet,4,128,0.001,7,98,0.3779527559055118,1.0,0.38461538461538464
25799,HyboNet,4,128,0.001,7,99,0.3937007874015748,1.0,0.38461538461538464
25800,HyboNet,4,128,0.001,8,1,0.5354330708661418,0.6,0.5769230769230769
25801,HyboNet,4,128,0.001,8,10,0.5354330708661418,0.6333333333333333,0.5769230769230769
25802,HyboNet,4,128,0.001,8,100,0.3700787401574803,1.0,0.38461538461538464
25803,HyboNet,4,128,0.001,8,11,0.5354330708661418,0.6333333333333333,0.5769230769230769
25804,HyboNet,4,128,0.001,8,12,0.5354330708661418,0.6666666666666666,0.5769230769230769
25805,HyboNet,4,128,0.001,8,13,0.5433070866141733,0.6666666666666666,0.5769230769230769
25806,HyboNet,4,128,0.001,8,14,0.5354330708661418,0.6666666666666666,0.5769230769230769
25807,HyboNet,4,128,0.001,8,15,0.5275590551181102,0.7333333333333333,0.5769230769230769
25808,HyboNet,4,128,0.001,8,16,0.5354330708661418,0.7666666666666667,0.5384615384615384
25809,HyboNet,4,128,0.001,8,17,0.5275590551181102,0.8,0.5384615384615384
25810,HyboNet,4,128,0.001,8,18,0.5118110236220472,0.8333333333333334,0.5384615384615384
25811,HyboNet,4,128,0.001,8,19,0.5118110236220472,0.8333333333333334,0.5384615384615384
25812,HyboNet,4,128,0.001,8,2,0.5354330708661418,0.6,0.5769230769230769
25813,HyboNet,4,128,0.001,8,20,0.48031496062992124,0.8333333333333334,0.5384615384615384
25814,HyboNet,4,128,0.001,8,21,0.49606299212598426,0.8333333333333334,0.46153846153846156
25815,HyboNet,4,128,0.001,8,22,0.49606299212598426,0.8333333333333334,0.4230769230769231
25816,HyboNet,4,128,0.001,8,23,0.48031496062992124,0.8666666666666667,0.38461538461538464
25817,HyboNet,4,128,0.001,8,24,0.4645669291338583,0.8666666666666667,0.38461538461538464
25818,HyboNet,4,128,0.001,8,25,0.44881889763779526,0.8666666666666667,0.38461538461538464
25819,HyboNet,4,128,0.001,8,26,0.4094488188976378,0.9,0.38461538461538464
25820,HyboNet,4,128,0.001,8,27,0.4094488188976378,0.9,0.38461538461538464
25821,HyboNet,4,128,0.001,8,28,0.4015748031496063,0.9,0.38461538461538464
25822,HyboNet,4,128,0.001,8,29,0.41732283464566927,0.9,0.34615384615384615
25823,HyboNet,4,128,0.001,8,3,0.5354330708661418,0.6,0.5769230769230769
25824,HyboNet,4,128,0.001,8,30,0.4015748031496063,0.9,0.34615384615384615
25825,HyboNet,4,128,0.001,8,31,0.4015748031496063,0.9666666666666667,0.34615384615384615
25826,HyboNet,4,128,0.001,8,32,0.4251968503937008,0.9666666666666667,0.38461538461538464
25827,HyboNet,4,128,0.001,8,33,0.4409448818897638,0.9333333333333333,0.38461538461538464
25828,HyboNet,4,128,0.001,8,34,0.4409448818897638,0.9333333333333333,0.38461538461538464
25829,HyboNet,4,128,0.001,8,35,0.4251968503937008,0.9333333333333333,0.38461538461538464
25830,HyboNet,4,128,0.001,8,36,0.4330708661417323,0.9333333333333333,0.38461538461538464
25831,HyboNet,4,128,0.001,8,37,0.4645669291338583,0.9333333333333333,0.46153846153846156
25832,HyboNet,4,128,0.001,8,38,0.44881889763779526,0.9333333333333333,0.4230769230769231
25833,HyboNet,4,128,0.001,8,39,0.4645669291338583,0.9333333333333333,0.46153846153846156
25834,HyboNet,4,128,0.001,8,4,0.5354330708661418,0.6,0.5769230769230769
25835,HyboNet,4,128,0.001,8,40,0.48031496062992124,0.9333333333333333,0.46153846153846156
25836,HyboNet,4,128,0.001,8,41,0.48031496062992124,0.9333333333333333,0.46153846153846156
25837,HyboNet,4,128,0.001,8,42,0.4409448818897638,0.9666666666666667,0.46153846153846156
25838,HyboNet,4,128,0.001,8,43,0.4094488188976378,0.9666666666666667,0.34615384615384615
25839,HyboNet,4,128,0.001,8,44,0.47244094488188976,0.9666666666666667,0.5
25840,HyboNet,4,128,0.001,8,45,0.48031496062992124,0.9333333333333333,0.46153846153846156
25841,HyboNet,4,128,0.001,8,46,0.48031496062992124,0.9333333333333333,0.46153846153846156
25842,HyboNet,4,128,0.001,8,47,0.47244094488188976,0.9333333333333333,0.5
25843,HyboNet,4,128,0.001,8,48,0.4330708661417323,0.9333333333333333,0.4230769230769231
25844,HyboNet,4,128,0.001,8,49,0.4094488188976378,0.9333333333333333,0.34615384615384615
25845,HyboNet,4,128,0.001,8,5,0.5354330708661418,0.6,0.5769230769230769
25846,HyboNet,4,128,0.001,8,50,0.3700787401574803,0.9666666666666667,0.34615384615384615
25847,HyboNet,4,128,0.001,8,51,0.4015748031496063,0.9666666666666667,0.3076923076923077
25848,HyboNet,4,128,0.001,8,52,0.4015748031496063,0.9666666666666667,0.3076923076923077
25849,HyboNet,4,128,0.001,8,53,0.3858267716535433,0.9666666666666667,0.3076923076923077
25850,HyboNet,4,128,0.001,8,54,0.3779527559055118,0.9666666666666667,0.3076923076923077
25851,HyboNet,4,128,0.001,8,55,0.3700787401574803,0.9666666666666667,0.3076923076923077
25852,HyboNet,4,128,0.001,8,56,0.4409448818897638,0.9333333333333333,0.4230769230769231
25853,HyboNet,4,128,0.001,8,57,0.4645669291338583,0.9333333333333333,0.46153846153846156
25854,HyboNet,4,128,0.001,8,58,0.4409448818897638,1.0,0.4230769230769231
25855,HyboNet,4,128,0.001,8,59,0.44881889763779526,1.0,0.4230769230769231
25856,HyboNet,4,128,0.001,8,6,0.5354330708661418,0.6,0.5769230769230769
25857,HyboNet,4,128,0.001,8,60,0.4409448818897638,1.0,0.4230769230769231
25858,HyboNet,4,128,0.001,8,61,0.4251968503937008,1.0,0.34615384615384615
25859,HyboNet,4,128,0.001,8,62,0.4251968503937008,1.0,0.38461538461538464
25860,HyboNet,4,128,0.001,8,63,0.4251968503937008,1.0,0.34615384615384615
25861,HyboNet,4,128,0.001,8,64,0.4330708661417323,1.0,0.4230769230769231
25862,HyboNet,4,128,0.001,8,65,0.4330708661417323,1.0,0.4230769230769231
25863,HyboNet,4,128,0.001,8,66,0.41732283464566927,1.0,0.34615384615384615
25864,HyboNet,4,128,0.001,8,67,0.41732283464566927,1.0,0.3076923076923077
25865,HyboNet,4,128,0.001,8,68,0.3779527559055118,1.0,0.3076923076923077
25866,HyboNet,4,128,0.001,8,69,0.3937007874015748,1.0,0.3076923076923077
25867,HyboNet,4,128,0.001,8,7,0.5354330708661418,0.6,0.5769230769230769
25868,HyboNet,4,128,0.001,8,70,0.3858267716535433,1.0,0.34615384615384615
25869,HyboNet,4,128,0.001,8,71,0.4015748031496063,1.0,0.38461538461538464
25870,HyboNet,4,128,0.001,8,72,0.4330708661417323,1.0,0.38461538461538464
25871,HyboNet,4,128,0.001,8,73,0.3779527559055118,1.0,0.34615384615384615
25872,HyboNet,4,128,0.001,8,74,0.36220472440944884,1.0,0.2692307692307692
25873,HyboNet,4,128,0.001,8,75,0.36220472440944884,1.0,0.38461538461538464
25874,HyboNet,4,128,0.001,8,76,0.3858267716535433,1.0,0.38461538461538464
25875,HyboNet,4,128,0.001,8,77,0.4409448818897638,1.0,0.38461538461538464
25876,HyboNet,4,128,0.001,8,78,0.4330708661417323,1.0,0.38461538461538464
25877,HyboNet,4,128,0.001,8,79,0.3858267716535433,1.0,0.3076923076923077
25878,HyboNet,4,128,0.001,8,8,0.5354330708661418,0.6,0.5769230769230769
25879,HyboNet,4,128,0.001,8,80,0.3543307086614173,1.0,0.3076923076923077
25880,HyboNet,4,128,0.001,8,81,0.3858267716535433,1.0,0.3076923076923077
25881,HyboNet,4,128,0.001,8,82,0.4330708661417323,1.0,0.38461538461538464
25882,HyboNet,4,128,0.001,8,83,0.4094488188976378,1.0,0.4230769230769231
25883,HyboNet,4,128,0.001,8,84,0.3700787401574803,1.0,0.34615384615384615
25884,HyboNet,4,128,0.001,8,85,0.3700787401574803,1.0,0.3076923076923077
25885,HyboNet,4,128,0.001,8,86,0.3543307086614173,1.0,0.3076923076923077
25886,HyboNet,4,128,0.001,8,87,0.36220472440944884,1.0,0.2692307692307692
25887,HyboNet,4,128,0.001,8,88,0.3779527559055118,1.0,0.2692307692307692
25888,HyboNet,4,128,0.001,8,89,0.4330708661417323,1.0,0.38461538461538464
25889,HyboNet,4,128,0.001,8,9,0.5354330708661418,0.6,0.5769230769230769
25890,HyboNet,4,128,0.001,8,90,0.4330708661417323,1.0,0.4230769230769231
25891,HyboNet,4,128,0.001,8,91,0.4251968503937008,1.0,0.4230769230769231
25892,HyboNet,4,128,0.001,8,92,0.41732283464566927,1.0,0.38461538461538464
25893,HyboNet,4,128,0.001,8,93,0.4015748031496063,1.0,0.34615384615384615
25894,HyboNet,4,128,0.001,8,94,0.4251968503937008,1.0,0.3076923076923077
25895,HyboNet,4,128,0.001,8,95,0.4409448818897638,1.0,0.4230769230769231
25896,HyboNet,4,128,0.001,8,96,0.4409448818897638,1.0,0.46153846153846156
25897,HyboNet,4,128,0.001,8,97,0.4409448818897638,1.0,0.4230769230769231
25898,HyboNet,4,128,0.001,8,98,0.4251968503937008,1.0,0.4230769230769231
25899,HyboNet,4,128,0.001,8,99,0.4015748031496063,1.0,0.38461538461538464
25900,HyboNet,4,128,0.001,9,1,0.5354330708661418,0.6,0.5769230769230769
25901,HyboNet,4,128,0.001,9,10,0.5433070866141733,0.7666666666666667,0.6153846153846154
25902,HyboNet,4,128,0.001,9,100,0.3937007874015748,1.0,0.38461538461538464
25903,HyboNet,4,128,0.001,9,11,0.5039370078740157,0.8,0.46153846153846156
25904,HyboNet,4,128,0.001,9,12,0.49606299212598426,0.7666666666666667,0.46153846153846156
25905,HyboNet,4,128,0.001,9,13,0.5196850393700787,0.8,0.5384615384615384
25906,HyboNet,4,128,0.001,9,14,0.49606299212598426,0.8,0.5
25907,HyboNet,4,128,0.001,9,15,0.48031496062992124,0.8333333333333334,0.46153846153846156
25908,HyboNet,4,128,0.001,9,16,0.4330708661417323,0.9,0.46153846153846156
25909,HyboNet,4,128,0.001,9,17,0.41732283464566927,0.9333333333333333,0.46153846153846156
25910,HyboNet,4,128,0.001,9,18,0.4330708661417323,0.8666666666666667,0.5
25911,HyboNet,4,128,0.001,9,19,0.4566929133858268,0.8666666666666667,0.5
25912,HyboNet,4,128,0.001,9,2,0.5354330708661418,0.6,0.5769230769230769
25913,HyboNet,4,128,0.001,9,20,0.47244094488188976,0.9,0.5
25914,HyboNet,4,128,0.001,9,21,0.4645669291338583,0.9,0.5384615384615384
25915,HyboNet,4,128,0.001,9,22,0.4645669291338583,0.9333333333333333,0.5384615384615384
25916,HyboNet,4,128,0.001,9,23,0.4566929133858268,0.9333333333333333,0.5384615384615384
25917,HyboNet,4,128,0.001,9,24,0.4645669291338583,0.9333333333333333,0.5384615384615384
25918,HyboNet,4,128,0.001,9,25,0.4409448818897638,0.9333333333333333,0.5384615384615384
25919,HyboNet,4,128,0.001,9,26,0.4251968503937008,0.9333333333333333,0.5384615384615384
25920,HyboNet,4,128,0.001,9,27,0.4330708661417323,0.9333333333333333,0.5384615384615384
25921,HyboNet,4,128,0.001,9,28,0.4409448818897638,0.9333333333333333,0.5
25922,HyboNet,4,128,0.001,9,29,0.4409448818897638,0.9333333333333333,0.5384615384615384
25923,HyboNet,4,128,0.001,9,3,0.5433070866141733,0.6333333333333333,0.5769230769230769
25924,HyboNet,4,128,0.001,9,30,0.44881889763779526,0.9333333333333333,0.5
25925,HyboNet,4,128,0.001,9,31,0.44881889763779526,0.9333333333333333,0.5
25926,HyboNet,4,128,0.001,9,32,0.44881889763779526,0.9333333333333333,0.5
25927,HyboNet,4,128,0.001,9,33,0.44881889763779526,0.9333333333333333,0.5384615384615384
25928,HyboNet,4,128,0.001,9,34,0.44881889763779526,0.9333333333333333,0.5384615384615384
25929,HyboNet,4,128,0.001,9,35,0.4330708661417323,0.9333333333333333,0.5
25930,HyboNet,4,128,0.001,9,36,0.4094488188976378,0.9333333333333333,0.46153846153846156
25931,HyboNet,4,128,0.001,9,37,0.41732283464566927,0.9333333333333333,0.5
25932,HyboNet,4,128,0.001,9,38,0.41732283464566927,0.9333333333333333,0.5
25933,HyboNet,4,128,0.001,9,39,0.4094488188976378,0.9333333333333333,0.5
25934,HyboNet,4,128,0.001,9,4,0.5433070866141733,0.7666666666666667,0.5769230769230769
25935,HyboNet,4,128,0.001,9,40,0.4094488188976378,0.9333333333333333,0.5
25936,HyboNet,4,128,0.001,9,41,0.3858267716535433,0.9333333333333333,0.5
25937,HyboNet,4,128,0.001,9,42,0.4094488188976378,0.9333333333333333,0.5
25938,HyboNet,4,128,0.001,9,43,0.41732283464566927,0.9333333333333333,0.5
25939,HyboNet,4,128,0.001,9,44,0.41732283464566927,0.9333333333333333,0.5
25940,HyboNet,4,128,0.001,9,45,0.41732283464566927,0.9333333333333333,0.5
25941,HyboNet,4,128,0.001,9,46,0.3700787401574803,1.0,0.5
25942,HyboNet,4,128,0.001,9,47,0.3779527559055118,1.0,0.46153846153846156
25943,HyboNet,4,128,0.001,9,48,0.4015748031496063,0.9333333333333333,0.5
25944,HyboNet,4,128,0.001,9,49,0.3858267716535433,0.9333333333333333,0.5
25945,HyboNet,4,128,0.001,9,5,0.5511811023622047,0.7666666666666667,0.5769230769230769
25946,HyboNet,4,128,0.001,9,50,0.4015748031496063,0.9666666666666667,0.5
25947,HyboNet,4,128,0.001,9,51,0.4015748031496063,0.9666666666666667,0.5
25948,HyboNet,4,128,0.001,9,52,0.3858267716535433,1.0,0.5
25949,HyboNet,4,128,0.001,9,53,0.3937007874015748,1.0,0.46153846153846156
25950,HyboNet,4,128,0.001,9,54,0.3858267716535433,1.0,0.5
25951,HyboNet,4,128,0.001,9,55,0.3937007874015748,0.9666666666666667,0.5
25952,HyboNet,4,128,0.001,9,56,0.3937007874015748,0.9666666666666667,0.5
25953,HyboNet,4,128,0.001,9,57,0.3779527559055118,0.9666666666666667,0.46153846153846156
25954,HyboNet,4,128,0.001,9,58,0.36220472440944884,1.0,0.4230769230769231
25955,HyboNet,4,128,0.001,9,59,0.3700787401574803,1.0,0.46153846153846156
25956,HyboNet,4,128,0.001,9,6,0.5433070866141733,0.7666666666666667,0.5769230769230769
25957,HyboNet,4,128,0.001,9,60,0.3779527559055118,1.0,0.46153846153846156
25958,HyboNet,4,128,0.001,9,61,0.3779527559055118,1.0,0.46153846153846156
25959,HyboNet,4,128,0.001,9,62,0.3937007874015748,1.0,0.46153846153846156
25960,HyboNet,4,128,0.001,9,63,0.4015748031496063,1.0,0.46153846153846156
25961,HyboNet,4,128,0.001,9,64,0.3858267716535433,1.0,0.46153846153846156
25962,HyboNet,4,128,0.001,9,65,0.36220472440944884,1.0,0.4230769230769231
25963,HyboNet,4,128,0.001,9,66,0.3543307086614173,1.0,0.4230769230769231
25964,HyboNet,4,128,0.001,9,67,0.3779527559055118,1.0,0.4230769230769231
25965,HyboNet,4,128,0.001,9,68,0.3779527559055118,1.0,0.38461538461538464
25966,HyboNet,4,128,0.001,9,69,0.33858267716535434,1.0,0.3076923076923077
25967,HyboNet,4,128,0.001,9,7,0.5354330708661418,0.7333333333333333,0.5769230769230769
25968,HyboNet,4,128,0.001,9,70,0.33070866141732286,1.0,0.3076923076923077
25969,HyboNet,4,128,0.001,9,71,0.3779527559055118,1.0,0.46153846153846156
25970,HyboNet,4,128,0.001,9,72,0.4015748031496063,1.0,0.5
25971,HyboNet,4,128,0.001,9,73,0.4409448818897638,1.0,0.5
25972,HyboNet,4,128,0.001,9,74,0.4409448818897638,1.0,0.5
25973,HyboNet,4,128,0.001,9,75,0.44881889763779526,1.0,0.5
25974,HyboNet,4,128,0.001,9,76,0.4251968503937008,1.0,0.5
25975,HyboNet,4,128,0.001,9,77,0.4015748031496063,1.0,0.4230769230769231
25976,HyboNet,4,128,0.001,9,78,0.3937007874015748,1.0,0.4230769230769231
25977,HyboNet,4,128,0.001,9,79,0.41732283464566927,1.0,0.46153846153846156
25978,HyboNet,4,128,0.001,9,8,0.5354330708661418,0.7333333333333333,0.5769230769230769
25979,HyboNet,4,128,0.001,9,80,0.41732283464566927,1.0,0.5
25980,HyboNet,4,128,0.001,9,81,0.41732283464566927,1.0,0.5
25981,HyboNet,4,128,0.001,9,82,0.41732283464566927,1.0,0.5
25982,HyboNet,4,128,0.001,9,83,0.3937007874015748,1.0,0.46153846153846156
25983,HyboNet,4,128,0.001,9,84,0.3779527559055118,1.0,0.46153846153846156
25984,HyboNet,4,128,0.001,9,85,0.41732283464566927,1.0,0.46153846153846156
25985,HyboNet,4,128,0.001,9,86,0.41732283464566927,1.0,0.5
25986,HyboNet,4,128,0.001,9,87,0.41732283464566927,1.0,0.5
25987,HyboNet,4,128,0.001,9,88,0.4251968503937008,1.0,0.5
25988,HyboNet,4,128,0.001,9,89,0.4409448818897638,1.0,0.5
25989,HyboNet,4,128,0.001,9,9,0.5354330708661418,0.7666666666666667,0.5769230769230769
25990,HyboNet,4,128,0.001,9,90,0.4409448818897638,1.0,0.5
25991,HyboNet,4,128,0.001,9,91,0.4409448818897638,1.0,0.5
25992,HyboNet,4,128,0.001,9,92,0.4409448818897638,1.0,0.5
25993,HyboNet,4,128,0.001,9,93,0.4094488188976378,1.0,0.46153846153846156
25994,HyboNet,4,128,0.001,9,94,0.3858267716535433,1.0,0.46153846153846156
25995,HyboNet,4,128,0.001,9,95,0.4094488188976378,1.0,0.46153846153846156
25996,HyboNet,4,128,0.001,9,96,0.4330708661417323,1.0,0.5
25997,HyboNet,4,128,0.001,9,97,0.4251968503937008,1.0,0.5
25998,HyboNet,4,128,0.001,9,98,0.4251968503937008,1.0,0.46153846153846156
25999,HyboNet,4,128,0.001,9,99,0.4015748031496063,1.0,0.4230769230769231
26000,HyboNet,4,128,0.005,1,1,0.5354330708661418,0.6,0.5769230769230769
26001,HyboNet,4,128,0.005,1,10,0.5354330708661418,0.6,0.5769230769230769
26002,HyboNet,4,128,0.005,1,100,0.4566929133858268,0.9333333333333333,0.5
26003,HyboNet,4,128,0.005,1,11,0.5354330708661418,0.6,0.5769230769230769
26004,HyboNet,4,128,0.005,1,12,0.5354330708661418,0.6,0.5769230769230769
26005,HyboNet,4,128,0.005,1,13,0.5354330708661418,0.6,0.5769230769230769
26006,HyboNet,4,128,0.005,1,14,0.5354330708661418,0.6,0.5769230769230769
26007,HyboNet,4,128,0.005,1,15,0.5354330708661418,0.6,0.5769230769230769
26008,HyboNet,4,128,0.005,1,16,0.5354330708661418,0.6,0.5769230769230769
26009,HyboNet,4,128,0.005,1,17,0.5354330708661418,0.6,0.5769230769230769
26010,HyboNet,4,128,0.005,1,18,0.5354330708661418,0.6,0.5769230769230769
26011,HyboNet,4,128,0.005,1,19,0.5354330708661418,0.6,0.5769230769230769
26012,HyboNet,4,128,0.005,1,2,0.5354330708661418,0.6,0.5769230769230769
26013,HyboNet,4,128,0.005,1,20,0.5354330708661418,0.6,0.5769230769230769
26014,HyboNet,4,128,0.005,1,21,0.5354330708661418,0.6,0.5769230769230769
26015,HyboNet,4,128,0.005,1,22,0.5354330708661418,0.6,0.5769230769230769
26016,HyboNet,4,128,0.005,1,23,0.5354330708661418,0.6,0.5769230769230769
26017,HyboNet,4,128,0.005,1,24,0.5354330708661418,0.6,0.5769230769230769
26018,HyboNet,4,128,0.005,1,25,0.5354330708661418,0.6,0.5769230769230769
26019,HyboNet,4,128,0.005,1,26,0.5354330708661418,0.6,0.5769230769230769
26020,HyboNet,4,128,0.005,1,27,0.5354330708661418,0.6,0.5769230769230769
26021,HyboNet,4,128,0.005,1,28,0.5354330708661418,0.6,0.5769230769230769
26022,HyboNet,4,128,0.005,1,29,0.5354330708661418,0.6,0.5769230769230769
26023,HyboNet,4,128,0.005,1,3,0.5354330708661418,0.6,0.5769230769230769
26024,HyboNet,4,128,0.005,1,30,0.5354330708661418,0.6,0.5769230769230769
26025,HyboNet,4,128,0.005,1,31,0.5354330708661418,0.6,0.5769230769230769
26026,HyboNet,4,128,0.005,1,32,0.5354330708661418,0.6,0.5769230769230769
26027,HyboNet,4,128,0.005,1,33,0.5354330708661418,0.6,0.5769230769230769
26028,HyboNet,4,128,0.005,1,34,0.5354330708661418,0.6,0.5769230769230769
26029,HyboNet,4,128,0.005,1,35,0.5354330708661418,0.6,0.5769230769230769
26030,HyboNet,4,128,0.005,1,36,0.5354330708661418,0.6,0.5769230769230769
26031,HyboNet,4,128,0.005,1,37,0.5354330708661418,0.6,0.5769230769230769
26032,HyboNet,4,128,0.005,1,38,0.5354330708661418,0.6,0.5769230769230769
26033,HyboNet,4,128,0.005,1,39,0.5354330708661418,0.6,0.5769230769230769
26034,HyboNet,4,128,0.005,1,4,0.5354330708661418,0.6,0.5769230769230769
26035,HyboNet,4,128,0.005,1,40,0.5354330708661418,0.6,0.5769230769230769
26036,HyboNet,4,128,0.005,1,41,0.5354330708661418,0.6,0.5769230769230769
26037,HyboNet,4,128,0.005,1,42,0.5354330708661418,0.6,0.5769230769230769
26038,HyboNet,4,128,0.005,1,43,0.5354330708661418,0.6,0.5769230769230769
26039,HyboNet,4,128,0.005,1,44,0.5354330708661418,0.6,0.5769230769230769
26040,HyboNet,4,128,0.005,1,45,0.5354330708661418,0.6,0.5769230769230769
26041,HyboNet,4,128,0.005,1,46,0.5354330708661418,0.6,0.5769230769230769
26042,HyboNet,4,128,0.005,1,47,0.5354330708661418,0.6,0.5769230769230769
26043,HyboNet,4,128,0.005,1,48,0.5354330708661418,0.6,0.5769230769230769
26044,HyboNet,4,128,0.005,1,49,0.5354330708661418,0.6,0.5769230769230769
26045,HyboNet,4,128,0.005,1,5,0.5354330708661418,0.6,0.5769230769230769
26046,HyboNet,4,128,0.005,1,50,0.5354330708661418,0.6,0.5769230769230769
26047,HyboNet,4,128,0.005,1,51,0.5354330708661418,0.6,0.5769230769230769
26048,HyboNet,4,128,0.005,1,52,0.5354330708661418,0.6,0.5769230769230769
26049,HyboNet,4,128,0.005,1,53,0.5354330708661418,0.6,0.5769230769230769
26050,HyboNet,4,128,0.005,1,54,0.5354330708661418,0.6,0.5769230769230769
26051,HyboNet,4,128,0.005,1,55,0.5354330708661418,0.6333333333333333,0.5769230769230769
26052,HyboNet,4,128,0.005,1,56,0.5354330708661418,0.6666666666666666,0.5769230769230769
26053,HyboNet,4,128,0.005,1,57,0.5354330708661418,0.7,0.5769230769230769
26054,HyboNet,4,128,0.005,1,58,0.5196850393700787,0.7333333333333333,0.5769230769230769
26055,HyboNet,4,128,0.005,1,59,0.5354330708661418,0.7333333333333333,0.5769230769230769
26056,HyboNet,4,128,0.005,1,6,0.5354330708661418,0.6,0.5769230769230769
26057,HyboNet,4,128,0.005,1,60,0.5354330708661418,0.7333333333333333,0.5384615384615384
26058,HyboNet,4,128,0.005,1,61,0.5590551181102362,0.7666666666666667,0.5384615384615384
26059,HyboNet,4,128,0.005,1,62,0.5433070866141733,0.7666666666666667,0.5
26060,HyboNet,4,128,0.005,1,63,0.5118110236220472,0.8,0.46153846153846156
26061,HyboNet,4,128,0.005,1,64,0.5196850393700787,0.8333333333333334,0.46153846153846156
26062,HyboNet,4,128,0.005,1,65,0.5196850393700787,0.8333333333333334,0.46153846153846156
26063,HyboNet,4,128,0.005,1,66,0.5196850393700787,0.8333333333333334,0.46153846153846156
26064,HyboNet,4,128,0.005,1,67,0.5039370078740157,0.8333333333333334,0.5
26065,HyboNet,4,128,0.005,1,68,0.4881889763779528,0.8333333333333334,0.46153846153846156
26066,HyboNet,4,128,0.005,1,69,0.49606299212598426,0.8,0.5
26067,HyboNet,4,128,0.005,1,7,0.5354330708661418,0.6,0.5769230769230769
26068,HyboNet,4,128,0.005,1,70,0.5039370078740157,0.8,0.5
26069,HyboNet,4,128,0.005,1,71,0.4409448818897638,0.8333333333333334,0.5384615384615384
26070,HyboNet,4,128,0.005,1,72,0.48031496062992124,0.8666666666666667,0.5
26071,HyboNet,4,128,0.005,1,73,0.4566929133858268,0.8333333333333334,0.5
26072,HyboNet,4,128,0.005,1,74,0.4409448818897638,0.8333333333333334,0.5
26073,HyboNet,4,128,0.005,1,75,0.4094488188976378,0.8333333333333334,0.4230769230769231
26074,HyboNet,4,128,0.005,1,76,0.3937007874015748,0.8666666666666667,0.4230769230769231
26075,HyboNet,4,128,0.005,1,77,0.5039370078740157,0.9,0.5
26076,HyboNet,4,128,0.005,1,78,0.48031496062992124,0.8666666666666667,0.5
26077,HyboNet,4,128,0.005,1,79,0.5118110236220472,0.8666666666666667,0.5
26078,HyboNet,4,128,0.005,1,8,0.5354330708661418,0.6,0.5769230769230769
26079,HyboNet,4,128,0.005,1,80,0.5196850393700787,0.8666666666666667,0.5
26080,HyboNet,4,128,0.005,1,81,0.5118110236220472,0.8666666666666667,0.5
26081,HyboNet,4,128,0.005,1,82,0.5433070866141733,0.8666666666666667,0.5384615384615384
26082,HyboNet,4,128,0.005,1,83,0.5118110236220472,0.9,0.5
26083,HyboNet,4,128,0.005,1,84,0.5354330708661418,0.9,0.5384615384615384
26084,HyboNet,4,128,0.005,1,85,0.5118110236220472,0.9,0.5384615384615384
26085,HyboNet,4,128,0.005,1,86,0.49606299212598426,0.9333333333333333,0.5
26086,HyboNet,4,128,0.005,1,87,0.48031496062992124,0.9666666666666667,0.5
26087,HyboNet,4,128,0.005,1,88,0.44881889763779526,0.9666666666666667,0.46153846153846156
26088,HyboNet,4,128,0.005,1,89,0.41732283464566927,0.9333333333333333,0.46153846153846156
26089,HyboNet,4,128,0.005,1,9,0.5354330708661418,0.6,0.5769230769230769
26090,HyboNet,4,128,0.005,1,90,0.36220472440944884,0.9333333333333333,0.46153846153846156
26091,HyboNet,4,128,0.005,1,91,0.4094488188976378,0.9333333333333333,0.4230769230769231
26092,HyboNet,4,128,0.005,1,92,0.4409448818897638,0.9666666666666667,0.4230769230769231
26093,HyboNet,4,128,0.005,1,93,0.44881889763779526,0.9333333333333333,0.46153846153846156
26094,HyboNet,4,128,0.005,1,94,0.4881889763779528,0.9666666666666667,0.46153846153846156
26095,HyboNet,4,128,0.005,1,95,0.47244094488188976,0.9666666666666667,0.46153846153846156
26096,HyboNet,4,128,0.005,1,96,0.47244094488188976,0.9666666666666667,0.46153846153846156
26097,HyboNet,4,128,0.005,1,97,0.47244094488188976,0.9666666666666667,0.5384615384615384
26098,HyboNet,4,128,0.005,1,98,0.48031496062992124,0.9333333333333333,0.5384615384615384
26099,HyboNet,4,128,0.005,1,99,0.49606299212598426,0.9333333333333333,0.5
26100,HyboNet,4,128,0.005,10,1,0.5354330708661418,0.6,0.5769230769230769
26101,HyboNet,4,128,0.005,10,10,0.5354330708661418,0.6,0.5769230769230769
26102,HyboNet,4,128,0.005,10,100,0.4330708661417323,0.9333333333333333,0.46153846153846156
26103,HyboNet,4,128,0.005,10,11,0.5354330708661418,0.6,0.5769230769230769
26104,HyboNet,4,128,0.005,10,12,0.5354330708661418,0.6,0.5769230769230769
26105,HyboNet,4,128,0.005,10,13,0.5354330708661418,0.6,0.5769230769230769
26106,HyboNet,4,128,0.005,10,14,0.5354330708661418,0.6,0.5769230769230769
26107,HyboNet,4,128,0.005,10,15,0.5354330708661418,0.6,0.5769230769230769
26108,HyboNet,4,128,0.005,10,16,0.5354330708661418,0.6,0.5769230769230769
26109,HyboNet,4,128,0.005,10,17,0.5354330708661418,0.6,0.5769230769230769
26110,HyboNet,4,128,0.005,10,18,0.5354330708661418,0.6,0.5769230769230769
26111,HyboNet,4,128,0.005,10,19,0.5354330708661418,0.6,0.5769230769230769
26112,HyboNet,4,128,0.005,10,2,0.5354330708661418,0.6,0.5769230769230769
26113,HyboNet,4,128,0.005,10,20,0.5354330708661418,0.6,0.5769230769230769
26114,HyboNet,4,128,0.005,10,21,0.5354330708661418,0.6,0.5769230769230769
26115,HyboNet,4,128,0.005,10,22,0.5354330708661418,0.6,0.5769230769230769
26116,HyboNet,4,128,0.005,10,23,0.5354330708661418,0.6,0.5769230769230769
26117,HyboNet,4,128,0.005,10,24,0.5354330708661418,0.6,0.5769230769230769
26118,HyboNet,4,128,0.005,10,25,0.5354330708661418,0.6,0.5769230769230769
26119,HyboNet,4,128,0.005,10,26,0.5354330708661418,0.6,0.5769230769230769
26120,HyboNet,4,128,0.005,10,27,0.5354330708661418,0.6,0.5769230769230769
26121,HyboNet,4,128,0.005,10,28,0.5354330708661418,0.6,0.5769230769230769
26122,HyboNet,4,128,0.005,10,29,0.5354330708661418,0.6,0.5769230769230769
26123,HyboNet,4,128,0.005,10,3,0.5354330708661418,0.6,0.5769230769230769
26124,HyboNet,4,128,0.005,10,30,0.5354330708661418,0.6,0.5769230769230769
26125,HyboNet,4,128,0.005,10,31,0.5354330708661418,0.6,0.5769230769230769
26126,HyboNet,4,128,0.005,10,32,0.5354330708661418,0.6,0.5769230769230769
26127,HyboNet,4,128,0.005,10,33,0.5354330708661418,0.6,0.5769230769230769
26128,HyboNet,4,128,0.005,10,34,0.5354330708661418,0.6,0.5769230769230769
26129,HyboNet,4,128,0.005,10,35,0.5354330708661418,0.6,0.5769230769230769
26130,HyboNet,4,128,0.005,10,36,0.5354330708661418,0.6,0.5769230769230769
26131,HyboNet,4,128,0.005,10,37,0.5354330708661418,0.6,0.5769230769230769
26132,HyboNet,4,128,0.005,10,38,0.5354330708661418,0.6,0.5769230769230769
26133,HyboNet,4,128,0.005,10,39,0.5354330708661418,0.6,0.5769230769230769
26134,HyboNet,4,128,0.005,10,4,0.5354330708661418,0.6,0.5769230769230769
26135,HyboNet,4,128,0.005,10,40,0.5354330708661418,0.6,0.5769230769230769
26136,HyboNet,4,128,0.005,10,41,0.5354330708661418,0.6,0.5769230769230769
26137,HyboNet,4,128,0.005,10,42,0.5354330708661418,0.6,0.5769230769230769
26138,HyboNet,4,128,0.005,10,43,0.5354330708661418,0.6,0.5769230769230769
26139,HyboNet,4,128,0.005,10,44,0.5354330708661418,0.6,0.5769230769230769
26140,HyboNet,4,128,0.005,10,45,0.5354330708661418,0.6,0.5769230769230769
26141,HyboNet,4,128,0.005,10,46,0.5354330708661418,0.6,0.5769230769230769
26142,HyboNet,4,128,0.005,10,47,0.5354330708661418,0.6,0.5769230769230769
26143,HyboNet,4,128,0.005,10,48,0.5354330708661418,0.6333333333333333,0.5769230769230769
26144,HyboNet,4,128,0.005,10,49,0.5275590551181102,0.6666666666666666,0.5769230769230769
26145,HyboNet,4,128,0.005,10,5,0.5354330708661418,0.6,0.5769230769230769
26146,HyboNet,4,128,0.005,10,50,0.5511811023622047,0.7333333333333333,0.5769230769230769
26147,HyboNet,4,128,0.005,10,51,0.5433070866141733,0.7666666666666667,0.5384615384615384
26148,HyboNet,4,128,0.005,10,52,0.5433070866141733,0.7666666666666667,0.5
26149,HyboNet,4,128,0.005,10,53,0.5511811023622047,0.7666666666666667,0.5384615384615384
26150,HyboNet,4,128,0.005,10,54,0.5511811023622047,0.7666666666666667,0.5769230769230769
26151,HyboNet,4,128,0.005,10,55,0.5196850393700787,0.8333333333333334,0.46153846153846156
26152,HyboNet,4,128,0.005,10,56,0.4566929133858268,0.7666666666666667,0.46153846153846156
26153,HyboNet,4,128,0.005,10,57,0.44881889763779526,0.8,0.46153846153846156
26154,HyboNet,4,128,0.005,10,58,0.48031496062992124,0.8333333333333334,0.4230769230769231
26155,HyboNet,4,128,0.005,10,59,0.5275590551181102,0.7666666666666667,0.5769230769230769
26156,HyboNet,4,128,0.005,10,6,0.5354330708661418,0.6,0.5769230769230769
26157,HyboNet,4,128,0.005,10,60,0.5118110236220472,0.8333333333333334,0.5384615384615384
26158,HyboNet,4,128,0.005,10,61,0.44881889763779526,0.8333333333333334,0.46153846153846156
26159,HyboNet,4,128,0.005,10,62,0.4409448818897638,0.8333333333333334,0.38461538461538464
26160,HyboNet,4,128,0.005,10,63,0.4566929133858268,0.8333333333333334,0.46153846153846156
26161,HyboNet,4,128,0.005,10,64,0.48031496062992124,0.8333333333333334,0.46153846153846156
26162,HyboNet,4,128,0.005,10,65,0.4330708661417323,0.8333333333333334,0.46153846153846156
26163,HyboNet,4,128,0.005,10,66,0.47244094488188976,0.8333333333333334,0.46153846153846156
26164,HyboNet,4,128,0.005,10,67,0.4566929133858268,0.8333333333333334,0.46153846153846156
26165,HyboNet,4,128,0.005,10,68,0.49606299212598426,0.8333333333333334,0.5
26166,HyboNet,4,128,0.005,10,69,0.5275590551181102,0.8333333333333334,0.5769230769230769
26167,HyboNet,4,128,0.005,10,7,0.5354330708661418,0.6,0.5769230769230769
26168,HyboNet,4,128,0.005,10,70,0.5275590551181102,0.8333333333333334,0.5769230769230769
26169,HyboNet,4,128,0.005,10,71,0.5196850393700787,0.8666666666666667,0.5384615384615384
26170,HyboNet,4,128,0.005,10,72,0.4330708661417323,0.8,0.38461538461538464
26171,HyboNet,4,128,0.005,10,73,0.5118110236220472,0.8333333333333334,0.5384615384615384
26172,HyboNet,4,128,0.005,10,74,0.5275590551181102,0.8333333333333334,0.5769230769230769
26173,HyboNet,4,128,0.005,10,75,0.5196850393700787,0.8666666666666667,0.5769230769230769
26174,HyboNet,4,128,0.005,10,76,0.5118110236220472,0.8666666666666667,0.5
26175,HyboNet,4,128,0.005,10,77,0.4409448818897638,0.8,0.4230769230769231
26176,HyboNet,4,128,0.005,10,78,0.47244094488188976,0.8666666666666667,0.5
26177,HyboNet,4,128,0.005,10,79,0.49606299212598426,0.8666666666666667,0.5769230769230769
26178,HyboNet,4,128,0.005,10,8,0.5354330708661418,0.6,0.5769230769230769
26179,HyboNet,4,128,0.005,10,80,0.5039370078740157,0.8666666666666667,0.5769230769230769
26180,HyboNet,4,128,0.005,10,81,0.5118110236220472,0.8666666666666667,0.5769230769230769
26181,HyboNet,4,128,0.005,10,82,0.5039370078740157,0.8666666666666667,0.5384615384615384
26182,HyboNet,4,128,0.005,10,83,0.4251968503937008,0.9,0.4230769230769231
26183,HyboNet,4,128,0.005,10,84,0.4094488188976378,0.8666666666666667,0.2692307692307692
26184,HyboNet,4,128,0.005,10,85,0.4330708661417323,0.8666666666666667,0.46153846153846156
26185,HyboNet,4,128,0.005,10,86,0.5039370078740157,0.8666666666666667,0.5384615384615384
26186,HyboNet,4,128,0.005,10,87,0.5275590551181102,0.8666666666666667,0.5769230769230769
26187,HyboNet,4,128,0.005,10,88,0.5196850393700787,0.8666666666666667,0.5769230769230769
26188,HyboNet,4,128,0.005,10,89,0.49606299212598426,0.9,0.5769230769230769
26189,HyboNet,4,128,0.005,10,9,0.5354330708661418,0.6,0.5769230769230769
26190,HyboNet,4,128,0.005,10,90,0.49606299212598426,0.9,0.5
26191,HyboNet,4,128,0.005,10,91,0.4251968503937008,0.9,0.46153846153846156
26192,HyboNet,4,128,0.005,10,92,0.41732283464566927,0.9,0.38461538461538464
26193,HyboNet,4,128,0.005,10,93,0.4409448818897638,0.9,0.2692307692307692
26194,HyboNet,4,128,0.005,10,94,0.4409448818897638,0.9,0.3076923076923077
26195,HyboNet,4,128,0.005,10,95,0.4409448818897638,0.8666666666666667,0.3076923076923077
26196,HyboNet,4,128,0.005,10,96,0.4330708661417323,0.8666666666666667,0.38461538461538464
26197,HyboNet,4,128,0.005,10,97,0.4251968503937008,0.8666666666666667,0.38461538461538464
26198,HyboNet,4,128,0.005,10,98,0.4251968503937008,0.8666666666666667,0.38461538461538464
26199,HyboNet,4,128,0.005,10,99,0.4409448818897638,0.9333333333333333,0.4230769230769231
26200,HyboNet,4,128,0.005,2,1,0.5354330708661418,0.6,0.5769230769230769
26201,HyboNet,4,128,0.005,2,10,0.5354330708661418,0.6,0.5769230769230769
26202,HyboNet,4,128,0.005,2,100,0.5039370078740157,1.0,0.5384615384615384
26203,HyboNet,4,128,0.005,2,11,0.5354330708661418,0.6,0.5769230769230769
26204,HyboNet,4,128,0.005,2,12,0.5354330708661418,0.6,0.5769230769230769
26205,HyboNet,4,128,0.005,2,13,0.5354330708661418,0.6,0.5769230769230769
26206,HyboNet,4,128,0.005,2,14,0.5354330708661418,0.6,0.5769230769230769
26207,HyboNet,4,128,0.005,2,15,0.5354330708661418,0.6,0.5769230769230769
26208,HyboNet,4,128,0.005,2,16,0.5354330708661418,0.6,0.5769230769230769
26209,HyboNet,4,128,0.005,2,17,0.5354330708661418,0.6,0.5769230769230769
26210,HyboNet,4,128,0.005,2,18,0.5354330708661418,0.6,0.5769230769230769
26211,HyboNet,4,128,0.005,2,19,0.5354330708661418,0.6,0.5769230769230769
26212,HyboNet,4,128,0.005,2,2,0.5354330708661418,0.6,0.5769230769230769
26213,HyboNet,4,128,0.005,2,20,0.5354330708661418,0.6,0.5769230769230769
26214,HyboNet,4,128,0.005,2,21,0.5354330708661418,0.6,0.5769230769230769
26215,HyboNet,4,128,0.005,2,22,0.5354330708661418,0.6,0.5769230769230769
26216,HyboNet,4,128,0.005,2,23,0.5354330708661418,0.6,0.5769230769230769
26217,HyboNet,4,128,0.005,2,24,0.5354330708661418,0.6,0.5769230769230769
26218,HyboNet,4,128,0.005,2,25,0.5354330708661418,0.6,0.5769230769230769
26219,HyboNet,4,128,0.005,2,26,0.5354330708661418,0.6,0.5769230769230769
26220,HyboNet,4,128,0.005,2,27,0.5354330708661418,0.6,0.5769230769230769
26221,HyboNet,4,128,0.005,2,28,0.5354330708661418,0.6,0.5769230769230769
26222,HyboNet,4,128,0.005,2,29,0.5354330708661418,0.6,0.5769230769230769
26223,HyboNet,4,128,0.005,2,3,0.5354330708661418,0.6,0.5769230769230769
26224,HyboNet,4,128,0.005,2,30,0.5354330708661418,0.6,0.5769230769230769
26225,HyboNet,4,128,0.005,2,31,0.5354330708661418,0.6,0.5769230769230769
26226,HyboNet,4,128,0.005,2,32,0.5354330708661418,0.6,0.5769230769230769
26227,HyboNet,4,128,0.005,2,33,0.5354330708661418,0.6,0.5769230769230769
26228,HyboNet,4,128,0.005,2,34,0.5354330708661418,0.6333333333333333,0.5769230769230769
26229,HyboNet,4,128,0.005,2,35,0.5354330708661418,0.6666666666666666,0.5769230769230769
26230,HyboNet,4,128,0.005,2,36,0.5275590551181102,0.7,0.5769230769230769
26231,HyboNet,4,128,0.005,2,37,0.5354330708661418,0.7666666666666667,0.5384615384615384
26232,HyboNet,4,128,0.005,2,38,0.5275590551181102,0.7666666666666667,0.5384615384615384
26233,HyboNet,4,128,0.005,2,39,0.5354330708661418,0.7666666666666667,0.5384615384615384
26234,HyboNet,4,128,0.005,2,4,0.5354330708661418,0.6,0.5769230769230769
26235,HyboNet,4,128,0.005,2,40,0.5433070866141733,0.7666666666666667,0.5384615384615384
26236,HyboNet,4,128,0.005,2,41,0.5590551181102362,0.8,0.5769230769230769
26237,HyboNet,4,128,0.005,2,42,0.5196850393700787,0.8333333333333334,0.5
26238,HyboNet,4,128,0.005,2,43,0.5118110236220472,0.8333333333333334,0.5
26239,HyboNet,4,128,0.005,2,44,0.5275590551181102,0.8333333333333334,0.5
26240,HyboNet,4,128,0.005,2,45,0.5433070866141733,0.8333333333333334,0.5384615384615384
26241,HyboNet,4,128,0.005,2,46,0.5511811023622047,0.8,0.5769230769230769
26242,HyboNet,4,128,0.005,2,47,0.5433070866141733,0.8333333333333334,0.5384615384615384
26243,HyboNet,4,128,0.005,2,48,0.47244094488188976,0.8666666666666667,0.5
26244,HyboNet,4,128,0.005,2,49,0.48031496062992124,0.8666666666666667,0.5384615384615384
26245,HyboNet,4,128,0.005,2,5,0.5354330708661418,0.6,0.5769230769230769
26246,HyboNet,4,128,0.005,2,50,0.5433070866141733,0.8333333333333334,0.5384615384615384
26247,HyboNet,4,128,0.005,2,51,0.5354330708661418,0.8,0.5384615384615384
26248,HyboNet,4,128,0.005,2,52,0.5275590551181102,0.8666666666666667,0.5384615384615384
26249,HyboNet,4,128,0.005,2,53,0.49606299212598426,0.9,0.5
26250,HyboNet,4,128,0.005,2,54,0.48031496062992124,0.9,0.5
26251,HyboNet,4,128,0.005,2,55,0.47244094488188976,0.9,0.5
26252,HyboNet,4,128,0.005,2,56,0.4881889763779528,0.9333333333333333,0.5384615384615384
26253,HyboNet,4,128,0.005,2,57,0.4881889763779528,0.9333333333333333,0.5384615384615384
26254,HyboNet,4,128,0.005,2,58,0.4881889763779528,0.9333333333333333,0.5
26255,HyboNet,4,128,0.005,2,59,0.5039370078740157,0.9333333333333333,0.5384615384615384
26256,HyboNet,4,128,0.005,2,6,0.5354330708661418,0.6,0.5769230769230769
26257,HyboNet,4,128,0.005,2,60,0.5039370078740157,0.9333333333333333,0.5
26258,HyboNet,4,128,0.005,2,61,0.4881889763779528,0.9333333333333333,0.5
26259,HyboNet,4,128,0.005,2,62,0.5039370078740157,0.9333333333333333,0.5769230769230769
26260,HyboNet,4,128,0.005,2,63,0.48031496062992124,0.9333333333333333,0.46153846153846156
26261,HyboNet,4,128,0.005,2,64,0.47244094488188976,0.9333333333333333,0.46153846153846156
26262,HyboNet,4,128,0.005,2,65,0.4881889763779528,0.9333333333333333,0.5384615384615384
26263,HyboNet,4,128,0.005,2,66,0.5275590551181102,0.9333333333333333,0.5384615384615384
26264,HyboNet,4,128,0.005,2,67,0.5354330708661418,0.9333333333333333,0.6153846153846154
26265,HyboNet,4,128,0.005,2,68,0.5354330708661418,0.9333333333333333,0.5384615384615384
26266,HyboNet,4,128,0.005,2,69,0.49606299212598426,0.9333333333333333,0.5
26267,HyboNet,4,128,0.005,2,7,0.5354330708661418,0.6,0.5769230769230769
26268,HyboNet,4,128,0.005,2,70,0.4566929133858268,0.9333333333333333,0.46153846153846156
26269,HyboNet,4,128,0.005,2,71,0.49606299212598426,0.9666666666666667,0.5
26270,HyboNet,4,128,0.005,2,72,0.49606299212598426,0.9666666666666667,0.5769230769230769
26271,HyboNet,4,128,0.005,2,73,0.4645669291338583,0.9666666666666667,0.5769230769230769
26272,HyboNet,4,128,0.005,2,74,0.48031496062992124,1.0,0.5769230769230769
26273,HyboNet,4,128,0.005,2,75,0.4881889763779528,0.9666666666666667,0.5769230769230769
26274,HyboNet,4,128,0.005,2,76,0.48031496062992124,0.9666666666666667,0.5
26275,HyboNet,4,128,0.005,2,77,0.49606299212598426,0.9666666666666667,0.5
26276,HyboNet,4,128,0.005,2,78,0.5039370078740157,0.9333333333333333,0.5
26277,HyboNet,4,128,0.005,2,79,0.5196850393700787,0.9333333333333333,0.5
26278,HyboNet,4,128,0.005,2,8,0.5354330708661418,0.6,0.5769230769230769
26279,HyboNet,4,128,0.005,2,80,0.5275590551181102,0.9333333333333333,0.5384615384615384
26280,HyboNet,4,128,0.005,2,81,0.5196850393700787,0.9333333333333333,0.5769230769230769
26281,HyboNet,4,128,0.005,2,82,0.5118110236220472,0.9333333333333333,0.5769230769230769
26282,HyboNet,4,128,0.005,2,83,0.5118110236220472,0.9333333333333333,0.5769230769230769
26283,HyboNet,4,128,0.005,2,84,0.5196850393700787,0.9333333333333333,0.5769230769230769
26284,HyboNet,4,128,0.005,2,85,0.5118110236220472,0.9333333333333333,0.5769230769230769
26285,HyboNet,4,128,0.005,2,86,0.49606299212598426,0.9666666666666667,0.5769230769230769
26286,HyboNet,4,128,0.005,2,87,0.4881889763779528,0.9666666666666667,0.5769230769230769
26287,HyboNet,4,128,0.005,2,88,0.4881889763779528,0.9666666666666667,0.5769230769230769
26288,HyboNet,4,128,0.005,2,89,0.49606299212598426,0.9666666666666667,0.5384615384615384
26289,HyboNet,4,128,0.005,2,9,0.5354330708661418,0.6,0.5769230769230769
26290,HyboNet,4,128,0.005,2,90,0.47244094488188976,0.9333333333333333,0.5769230769230769
26291,HyboNet,4,128,0.005,2,91,0.49606299212598426,0.9333333333333333,0.5384615384615384
26292,HyboNet,4,128,0.005,2,92,0.4881889763779528,0.9333333333333333,0.5769230769230769
26293,HyboNet,4,128,0.005,2,93,0.49606299212598426,0.9666666666666667,0.5384615384615384
26294,HyboNet,4,128,0.005,2,94,0.4881889763779528,1.0,0.5384615384615384
26295,HyboNet,4,128,0.005,2,95,0.49606299212598426,1.0,0.5384615384615384
26296,HyboNet,4,128,0.005,2,96,0.48031496062992124,0.9666666666666667,0.5384615384615384
26297,HyboNet,4,128,0.005,2,97,0.4645669291338583,0.9666666666666667,0.5384615384615384
26298,HyboNet,4,128,0.005,2,98,0.47244094488188976,1.0,0.5384615384615384
26299,HyboNet,4,128,0.005,2,99,0.48031496062992124,1.0,0.5384615384615384
26300,HyboNet,4,128,0.005,3,1,0.5354330708661418,0.6,0.5769230769230769
26301,HyboNet,4,128,0.005,3,10,0.5354330708661418,0.6,0.5769230769230769
26302,HyboNet,4,128,0.005,3,100,0.4645669291338583,0.9333333333333333,0.46153846153846156
26303,HyboNet,4,128,0.005,3,11,0.5354330708661418,0.6,0.5769230769230769
26304,HyboNet,4,128,0.005,3,12,0.5354330708661418,0.6,0.5769230769230769
26305,HyboNet,4,128,0.005,3,13,0.5354330708661418,0.6,0.5769230769230769
26306,HyboNet,4,128,0.005,3,14,0.5354330708661418,0.6,0.5769230769230769
26307,HyboNet,4,128,0.005,3,15,0.5354330708661418,0.6,0.5769230769230769
26308,HyboNet,4,128,0.005,3,16,0.5354330708661418,0.6,0.5769230769230769
26309,HyboNet,4,128,0.005,3,17,0.5354330708661418,0.6,0.5769230769230769
26310,HyboNet,4,128,0.005,3,18,0.5354330708661418,0.6,0.5769230769230769
26311,HyboNet,4,128,0.005,3,19,0.5354330708661418,0.6,0.5769230769230769
26312,HyboNet,4,128,0.005,3,2,0.5354330708661418,0.6,0.5769230769230769
26313,HyboNet,4,128,0.005,3,20,0.5354330708661418,0.6,0.5769230769230769
26314,HyboNet,4,128,0.005,3,21,0.5354330708661418,0.6,0.5769230769230769
26315,HyboNet,4,128,0.005,3,22,0.5354330708661418,0.6,0.5769230769230769
26316,HyboNet,4,128,0.005,3,23,0.5354330708661418,0.6,0.5769230769230769
26317,HyboNet,4,128,0.005,3,24,0.5354330708661418,0.6,0.5769230769230769
26318,HyboNet,4,128,0.005,3,25,0.5354330708661418,0.6,0.5769230769230769
26319,HyboNet,4,128,0.005,3,26,0.5354330708661418,0.6,0.5769230769230769
26320,HyboNet,4,128,0.005,3,27,0.5354330708661418,0.6,0.5769230769230769
26321,HyboNet,4,128,0.005,3,28,0.5354330708661418,0.6,0.5769230769230769
26322,HyboNet,4,128,0.005,3,29,0.5354330708661418,0.6,0.5769230769230769
26323,HyboNet,4,128,0.005,3,3,0.5354330708661418,0.6,0.5769230769230769
26324,HyboNet,4,128,0.005,3,30,0.5354330708661418,0.6,0.5769230769230769
26325,HyboNet,4,128,0.005,3,31,0.5354330708661418,0.6,0.5769230769230769
26326,HyboNet,4,128,0.005,3,32,0.5354330708661418,0.6,0.5769230769230769
26327,HyboNet,4,128,0.005,3,33,0.5354330708661418,0.6,0.5769230769230769
26328,HyboNet,4,128,0.005,3,34,0.5354330708661418,0.6,0.5769230769230769
26329,HyboNet,4,128,0.005,3,35,0.5354330708661418,0.6,0.5769230769230769
26330,HyboNet,4,128,0.005,3,36,0.5354330708661418,0.6,0.5769230769230769
26331,HyboNet,4,128,0.005,3,37,0.5354330708661418,0.6,0.5769230769230769
26332,HyboNet,4,128,0.005,3,38,0.5354330708661418,0.6,0.5769230769230769
26333,HyboNet,4,128,0.005,3,39,0.5354330708661418,0.6,0.5769230769230769
26334,HyboNet,4,128,0.005,3,4,0.5354330708661418,0.6,0.5769230769230769
26335,HyboNet,4,128,0.005,3,40,0.5354330708661418,0.6,0.5769230769230769
26336,HyboNet,4,128,0.005,3,41,0.5354330708661418,0.6,0.5769230769230769
26337,HyboNet,4,128,0.005,3,42,0.5354330708661418,0.6,0.5769230769230769
26338,HyboNet,4,128,0.005,3,43,0.5354330708661418,0.6,0.5769230769230769
26339,HyboNet,4,128,0.005,3,44,0.5354330708661418,0.6333333333333333,0.5769230769230769
26340,HyboNet,4,128,0.005,3,45,0.5354330708661418,0.6333333333333333,0.5769230769230769
26341,HyboNet,4,128,0.005,3,46,0.5354330708661418,0.7,0.5769230769230769
26342,HyboNet,4,128,0.005,3,47,0.5354330708661418,0.7333333333333333,0.5769230769230769
26343,HyboNet,4,128,0.005,3,48,0.5354330708661418,0.7333333333333333,0.5769230769230769
26344,HyboNet,4,128,0.005,3,49,0.5354330708661418,0.7666666666666667,0.5
26345,HyboNet,4,128,0.005,3,5,0.5354330708661418,0.6,0.5769230769230769
26346,HyboNet,4,128,0.005,3,50,0.5669291338582677,0.8333333333333334,0.5769230769230769
26347,HyboNet,4,128,0.005,3,51,0.5354330708661418,0.8,0.5
26348,HyboNet,4,128,0.005,3,52,0.5354330708661418,0.8,0.5
26349,HyboNet,4,128,0.005,3,53,0.5275590551181102,0.8,0.5
26350,HyboNet,4,128,0.005,3,54,0.5196850393700787,0.8,0.5
26351,HyboNet,4,128,0.005,3,55,0.5275590551181102,0.8333333333333334,0.5
26352,HyboNet,4,128,0.005,3,56,0.5354330708661418,0.8333333333333334,0.5
26353,HyboNet,4,128,0.005,3,57,0.5354330708661418,0.8333333333333334,0.5
26354,HyboNet,4,128,0.005,3,58,0.5196850393700787,0.8333333333333334,0.5
26355,HyboNet,4,128,0.005,3,59,0.5039370078740157,0.8333333333333334,0.5
26356,HyboNet,4,128,0.005,3,6,0.5354330708661418,0.6,0.5769230769230769
26357,HyboNet,4,128,0.005,3,60,0.4566929133858268,0.8666666666666667,0.46153846153846156
26358,HyboNet,4,128,0.005,3,61,0.3937007874015748,0.8,0.38461538461538464
26359,HyboNet,4,128,0.005,3,62,0.4566929133858268,0.8333333333333334,0.5
26360,HyboNet,4,128,0.005,3,63,0.4645669291338583,0.8333333333333334,0.5
26361,HyboNet,4,128,0.005,3,64,0.4094488188976378,0.8333333333333334,0.4230769230769231
26362,HyboNet,4,128,0.005,3,65,0.3937007874015748,0.8333333333333334,0.34615384615384615
26363,HyboNet,4,128,0.005,3,66,0.5039370078740157,0.8333333333333334,0.5
26364,HyboNet,4,128,0.005,3,67,0.5354330708661418,0.8333333333333334,0.5769230769230769
26365,HyboNet,4,128,0.005,3,68,0.5511811023622047,0.7666666666666667,0.5384615384615384
26366,HyboNet,4,128,0.005,3,69,0.5511811023622047,0.7666666666666667,0.5769230769230769
26367,HyboNet,4,128,0.005,3,7,0.5354330708661418,0.6,0.5769230769230769
26368,HyboNet,4,128,0.005,3,70,0.5275590551181102,0.8333333333333334,0.5769230769230769
26369,HyboNet,4,128,0.005,3,71,0.5354330708661418,0.8666666666666667,0.5384615384615384
26370,HyboNet,4,128,0.005,3,72,0.47244094488188976,0.8333333333333334,0.5
26371,HyboNet,4,128,0.005,3,73,0.4409448818897638,0.8333333333333334,0.46153846153846156
26372,HyboNet,4,128,0.005,3,74,0.4015748031496063,0.8333333333333334,0.34615384615384615
26373,HyboNet,4,128,0.005,3,75,0.44881889763779526,0.8333333333333334,0.4230769230769231
26374,HyboNet,4,128,0.005,3,76,0.48031496062992124,0.8666666666666667,0.5
26375,HyboNet,4,128,0.005,3,77,0.5118110236220472,0.8666666666666667,0.5769230769230769
26376,HyboNet,4,128,0.005,3,78,0.5118110236220472,0.8666666666666667,0.5769230769230769
26377,HyboNet,4,128,0.005,3,79,0.49606299212598426,0.8666666666666667,0.5
26378,HyboNet,4,128,0.005,3,8,0.5354330708661418,0.6,0.5769230769230769
26379,HyboNet,4,128,0.005,3,80,0.47244094488188976,0.8666666666666667,0.46153846153846156
26380,HyboNet,4,128,0.005,3,81,0.44881889763779526,0.8666666666666667,0.46153846153846156
26381,HyboNet,4,128,0.005,3,82,0.4409448818897638,0.8666666666666667,0.38461538461538464
26382,HyboNet,4,128,0.005,3,83,0.4409448818897638,0.8666666666666667,0.38461538461538464
26383,HyboNet,4,128,0.005,3,84,0.47244094488188976,0.8666666666666667,0.46153846153846156
26384,HyboNet,4,128,0.005,3,85,0.4881889763779528,0.8666666666666667,0.46153846153846156
26385,HyboNet,4,128,0.005,3,86,0.4881889763779528,0.8666666666666667,0.46153846153846156
26386,HyboNet,4,128,0.005,3,87,0.4881889763779528,0.8666666666666667,0.5
26387,HyboNet,4,128,0.005,3,88,0.4881889763779528,0.8666666666666667,0.46153846153846156
26388,HyboNet,4,128,0.005,3,89,0.47244094488188976,0.8666666666666667,0.38461538461538464
26389,HyboNet,4,128,0.005,3,9,0.5354330708661418,0.6,0.5769230769230769
26390,HyboNet,4,128,0.005,3,90,0.47244094488188976,0.8666666666666667,0.38461538461538464
26391,HyboNet,4,128,0.005,3,91,0.48031496062992124,0.8666666666666667,0.46153846153846156
26392,HyboNet,4,128,0.005,3,92,0.4881889763779528,0.8666666666666667,0.5
26393,HyboNet,4,128,0.005,3,93,0.48031496062992124,0.8666666666666667,0.5
26394,HyboNet,4,128,0.005,3,94,0.48031496062992124,0.8666666666666667,0.46153846153846156
26395,HyboNet,4,128,0.005,3,95,0.48031496062992124,0.8666666666666667,0.46153846153846156
26396,HyboNet,4,128,0.005,3,96,0.4645669291338583,0.8666666666666667,0.46153846153846156
26397,HyboNet,4,128,0.005,3,97,0.4566929133858268,0.8666666666666667,0.46153846153846156
26398,HyboNet,4,128,0.005,3,98,0.4566929133858268,0.9,0.46153846153846156
26399,HyboNet,4,128,0.005,3,99,0.4645669291338583,0.9333333333333333,0.46153846153846156
26400,HyboNet,4,128,0.005,4,1,0.5354330708661418,0.6,0.5769230769230769
26401,HyboNet,4,128,0.005,4,10,0.5354330708661418,0.6,0.5769230769230769
26402,HyboNet,4,128,0.005,4,100,0.41732283464566927,1.0,0.46153846153846156
26403,HyboNet,4,128,0.005,4,11,0.5354330708661418,0.6,0.5769230769230769
26404,HyboNet,4,128,0.005,4,12,0.5354330708661418,0.6,0.5769230769230769
26405,HyboNet,4,128,0.005,4,13,0.5354330708661418,0.6,0.5769230769230769
26406,HyboNet,4,128,0.005,4,14,0.5354330708661418,0.6,0.5769230769230769
26407,HyboNet,4,128,0.005,4,15,0.5354330708661418,0.6,0.5769230769230769
26408,HyboNet,4,128,0.005,4,16,0.5354330708661418,0.6,0.5769230769230769
26409,HyboNet,4,128,0.005,4,17,0.5354330708661418,0.6,0.5769230769230769
26410,HyboNet,4,128,0.005,4,18,0.5354330708661418,0.6,0.5769230769230769
26411,HyboNet,4,128,0.005,4,19,0.5354330708661418,0.6,0.5769230769230769
26412,HyboNet,4,128,0.005,4,2,0.5354330708661418,0.6,0.5769230769230769
26413,HyboNet,4,128,0.005,4,20,0.5354330708661418,0.6,0.5769230769230769
26414,HyboNet,4,128,0.005,4,21,0.5354330708661418,0.6,0.5769230769230769
26415,HyboNet,4,128,0.005,4,22,0.5354330708661418,0.6,0.5769230769230769
26416,HyboNet,4,128,0.005,4,23,0.5354330708661418,0.6,0.5769230769230769
26417,HyboNet,4,128,0.005,4,24,0.5354330708661418,0.6,0.5769230769230769
26418,HyboNet,4,128,0.005,4,25,0.5354330708661418,0.6,0.5769230769230769
26419,HyboNet,4,128,0.005,4,26,0.5354330708661418,0.6,0.5769230769230769
26420,HyboNet,4,128,0.005,4,27,0.5354330708661418,0.6,0.5769230769230769
26421,HyboNet,4,128,0.005,4,28,0.5354330708661418,0.6,0.5769230769230769
26422,HyboNet,4,128,0.005,4,29,0.5354330708661418,0.6,0.5769230769230769
26423,HyboNet,4,128,0.005,4,3,0.5354330708661418,0.6,0.5769230769230769
26424,HyboNet,4,128,0.005,4,30,0.5354330708661418,0.6,0.5769230769230769
26425,HyboNet,4,128,0.005,4,31,0.5354330708661418,0.6,0.5769230769230769
26426,HyboNet,4,128,0.005,4,32,0.5354330708661418,0.6,0.5769230769230769
26427,HyboNet,4,128,0.005,4,33,0.5354330708661418,0.6,0.5769230769230769
26428,HyboNet,4,128,0.005,4,34,0.5354330708661418,0.6,0.5769230769230769
26429,HyboNet,4,128,0.005,4,35,0.5354330708661418,0.6,0.5769230769230769
26430,HyboNet,4,128,0.005,4,36,0.5354330708661418,0.6,0.5769230769230769
26431,HyboNet,4,128,0.005,4,37,0.5354330708661418,0.6,0.5769230769230769
26432,HyboNet,4,128,0.005,4,38,0.5354330708661418,0.6,0.5769230769230769
26433,HyboNet,4,128,0.005,4,39,0.5354330708661418,0.6,0.5769230769230769
26434,HyboNet,4,128,0.005,4,4,0.5354330708661418,0.6,0.5769230769230769
26435,HyboNet,4,128,0.005,4,40,0.5354330708661418,0.6,0.5769230769230769
26436,HyboNet,4,128,0.005,4,41,0.5354330708661418,0.6,0.5769230769230769
26437,HyboNet,4,128,0.005,4,42,0.5354330708661418,0.6,0.5769230769230769
26438,HyboNet,4,128,0.005,4,43,0.5354330708661418,0.6,0.5769230769230769
26439,HyboNet,4,128,0.005,4,44,0.5354330708661418,0.6,0.5769230769230769
26440,HyboNet,4,128,0.005,4,45,0.5354330708661418,0.6,0.5769230769230769
26441,HyboNet,4,128,0.005,4,46,0.5354330708661418,0.6,0.5769230769230769
26442,HyboNet,4,128,0.005,4,47,0.5354330708661418,0.6,0.5769230769230769
26443,HyboNet,4,128,0.005,4,48,0.5354330708661418,0.6,0.5769230769230769
26444,HyboNet,4,128,0.005,4,49,0.5354330708661418,0.6,0.5769230769230769
26445,HyboNet,4,128,0.005,4,5,0.5354330708661418,0.6,0.5769230769230769
26446,HyboNet,4,128,0.005,4,50,0.5354330708661418,0.6,0.5769230769230769
26447,HyboNet,4,128,0.005,4,51,0.5275590551181102,0.6666666666666666,0.5769230769230769
26448,HyboNet,4,128,0.005,4,52,0.5354330708661418,0.7,0.5769230769230769
26449,HyboNet,4,128,0.005,4,53,0.5275590551181102,0.7333333333333333,0.5769230769230769
26450,HyboNet,4,128,0.005,4,54,0.5511811023622047,0.7333333333333333,0.5384615384615384
26451,HyboNet,4,128,0.005,4,55,0.5433070866141733,0.7666666666666667,0.5384615384615384
26452,HyboNet,4,128,0.005,4,56,0.5433070866141733,0.7666666666666667,0.5384615384615384
26453,HyboNet,4,128,0.005,4,57,0.5118110236220472,0.7666666666666667,0.5
26454,HyboNet,4,128,0.005,4,58,0.49606299212598426,0.8333333333333334,0.46153846153846156
26455,HyboNet,4,128,0.005,4,59,0.48031496062992124,0.8333333333333334,0.46153846153846156
26456,HyboNet,4,128,0.005,4,6,0.5354330708661418,0.6,0.5769230769230769
26457,HyboNet,4,128,0.005,4,60,0.44881889763779526,0.8666666666666667,0.5
26458,HyboNet,4,128,0.005,4,61,0.4881889763779528,0.8333333333333334,0.46153846153846156
26459,HyboNet,4,128,0.005,4,62,0.48031496062992124,0.8333333333333334,0.5
26460,HyboNet,4,128,0.005,4,63,0.3700787401574803,0.8333333333333334,0.34615384615384615
26461,HyboNet,4,128,0.005,4,64,0.48031496062992124,0.8666666666666667,0.5
26462,HyboNet,4,128,0.005,4,65,0.5275590551181102,0.8,0.5384615384615384
26463,HyboNet,4,128,0.005,4,66,0.5196850393700787,0.8,0.5384615384615384
26464,HyboNet,4,128,0.005,4,67,0.49606299212598426,0.8666666666666667,0.46153846153846156
26465,HyboNet,4,128,0.005,4,68,0.4251968503937008,0.9,0.34615384615384615
26466,HyboNet,4,128,0.005,4,69,0.44881889763779526,0.9,0.5
26467,HyboNet,4,128,0.005,4,7,0.5354330708661418,0.6,0.5769230769230769
26468,HyboNet,4,128,0.005,4,70,0.4251968503937008,0.9333333333333333,0.46153846153846156
26469,HyboNet,4,128,0.005,4,71,0.3858267716535433,0.9333333333333333,0.46153846153846156
26470,HyboNet,4,128,0.005,4,72,0.4015748031496063,0.9,0.34615384615384615
26471,HyboNet,4,128,0.005,4,73,0.4330708661417323,0.9333333333333333,0.46153846153846156
26472,HyboNet,4,128,0.005,4,74,0.47244094488188976,0.9,0.5
26473,HyboNet,4,128,0.005,4,75,0.4645669291338583,0.9,0.5
26474,HyboNet,4,128,0.005,4,76,0.4409448818897638,0.9,0.46153846153846156
26475,HyboNet,4,128,0.005,4,77,0.4094488188976378,0.9,0.46153846153846156
26476,HyboNet,4,128,0.005,4,78,0.4251968503937008,0.9,0.3076923076923077
26477,HyboNet,4,128,0.005,4,79,0.4566929133858268,0.8666666666666667,0.46153846153846156
26478,HyboNet,4,128,0.005,4,8,0.5354330708661418,0.6,0.5769230769230769
26479,HyboNet,4,128,0.005,4,80,0.49606299212598426,0.9333333333333333,0.5384615384615384
26480,HyboNet,4,128,0.005,4,81,0.5039370078740157,0.9333333333333333,0.5384615384615384
26481,HyboNet,4,128,0.005,4,82,0.49606299212598426,0.9333333333333333,0.5384615384615384
26482,HyboNet,4,128,0.005,4,83,0.4409448818897638,0.9333333333333333,0.46153846153846156
26483,HyboNet,4,128,0.005,4,84,0.4330708661417323,0.9666666666666667,0.46153846153846156
26484,HyboNet,4,128,0.005,4,85,0.4094488188976378,0.9666666666666667,0.34615384615384615
26485,HyboNet,4,128,0.005,4,86,0.4094488188976378,1.0,0.5
26486,HyboNet,4,128,0.005,4,87,0.4645669291338583,0.9333333333333333,0.5384615384615384
26487,HyboNet,4,128,0.005,4,88,0.48031496062992124,0.9333333333333333,0.5
26488,HyboNet,4,128,0.005,4,89,0.5039370078740157,0.9333333333333333,0.5
26489,HyboNet,4,128,0.005,4,9,0.5354330708661418,0.6,0.5769230769230769
26490,HyboNet,4,128,0.005,4,90,0.4645669291338583,0.9333333333333333,0.5
26491,HyboNet,4,128,0.005,4,91,0.44881889763779526,0.9333333333333333,0.46153846153846156
26492,HyboNet,4,128,0.005,4,92,0.4330708661417323,0.9666666666666667,0.46153846153846156
26493,HyboNet,4,128,0.005,4,93,0.4015748031496063,0.9666666666666667,0.4230769230769231
26494,HyboNet,4,128,0.005,4,94,0.3937007874015748,0.9666666666666667,0.34615384615384615
26495,HyboNet,4,128,0.005,4,95,0.3858267716535433,0.9666666666666667,0.38461538461538464
26496,HyboNet,4,128,0.005,4,96,0.3937007874015748,0.9333333333333333,0.34615384615384615
26497,HyboNet,4,128,0.005,4,97,0.4251968503937008,0.9333333333333333,0.46153846153846156
26498,HyboNet,4,128,0.005,4,98,0.4330708661417323,0.9666666666666667,0.46153846153846156
26499,HyboNet,4,128,0.005,4,99,0.4251968503937008,0.9666666666666667,0.46153846153846156
26500,HyboNet,4,128,0.005,5,1,0.5354330708661418,0.6,0.5769230769230769
26501,HyboNet,4,128,0.005,5,10,0.5354330708661418,0.6,0.5769230769230769
26502,HyboNet,4,128,0.005,5,100,0.4645669291338583,0.8666666666666667,0.4230769230769231
26503,HyboNet,4,128,0.005,5,11,0.5354330708661418,0.6,0.5769230769230769
26504,HyboNet,4,128,0.005,5,12,0.5354330708661418,0.6,0.5769230769230769
26505,HyboNet,4,128,0.005,5,13,0.5354330708661418,0.6,0.5769230769230769
26506,HyboNet,4,128,0.005,5,14,0.5354330708661418,0.6,0.5769230769230769
26507,HyboNet,4,128,0.005,5,15,0.5354330708661418,0.6,0.5769230769230769
26508,HyboNet,4,128,0.005,5,16,0.5354330708661418,0.6,0.5769230769230769
26509,HyboNet,4,128,0.005,5,17,0.5354330708661418,0.6,0.5769230769230769
26510,HyboNet,4,128,0.005,5,18,0.5354330708661418,0.6,0.5769230769230769
26511,HyboNet,4,128,0.005,5,19,0.5354330708661418,0.6,0.5769230769230769
26512,HyboNet,4,128,0.005,5,2,0.5354330708661418,0.6,0.5769230769230769
26513,HyboNet,4,128,0.005,5,20,0.5354330708661418,0.6,0.5769230769230769
26514,HyboNet,4,128,0.005,5,21,0.5354330708661418,0.6,0.5769230769230769
26515,HyboNet,4,128,0.005,5,22,0.5354330708661418,0.6,0.5769230769230769
26516,HyboNet,4,128,0.005,5,23,0.5354330708661418,0.6,0.5769230769230769
26517,HyboNet,4,128,0.005,5,24,0.5354330708661418,0.6,0.5769230769230769
26518,HyboNet,4,128,0.005,5,25,0.5354330708661418,0.6,0.5769230769230769
26519,HyboNet,4,128,0.005,5,26,0.5354330708661418,0.6,0.5769230769230769
26520,HyboNet,4,128,0.005,5,27,0.5354330708661418,0.6,0.5769230769230769
26521,HyboNet,4,128,0.005,5,28,0.5354330708661418,0.6,0.5769230769230769
26522,HyboNet,4,128,0.005,5,29,0.5354330708661418,0.6,0.5769230769230769
26523,HyboNet,4,128,0.005,5,3,0.5354330708661418,0.6,0.5769230769230769
26524,HyboNet,4,128,0.005,5,30,0.5354330708661418,0.6,0.5769230769230769
26525,HyboNet,4,128,0.005,5,31,0.5354330708661418,0.6,0.5769230769230769
26526,HyboNet,4,128,0.005,5,32,0.5354330708661418,0.6,0.5769230769230769
26527,HyboNet,4,128,0.005,5,33,0.5354330708661418,0.6,0.5769230769230769
26528,HyboNet,4,128,0.005,5,34,0.5354330708661418,0.6,0.5769230769230769
26529,HyboNet,4,128,0.005,5,35,0.5354330708661418,0.6,0.5769230769230769
26530,HyboNet,4,128,0.005,5,36,0.5354330708661418,0.6,0.5769230769230769
26531,HyboNet,4,128,0.005,5,37,0.5354330708661418,0.6,0.5769230769230769
26532,HyboNet,4,128,0.005,5,38,0.5354330708661418,0.6,0.5769230769230769
26533,HyboNet,4,128,0.005,5,39,0.5354330708661418,0.6,0.5769230769230769
26534,HyboNet,4,128,0.005,5,4,0.5354330708661418,0.6,0.5769230769230769
26535,HyboNet,4,128,0.005,5,40,0.5354330708661418,0.6,0.5769230769230769
26536,HyboNet,4,128,0.005,5,41,0.5354330708661418,0.6,0.5769230769230769
26537,HyboNet,4,128,0.005,5,42,0.5354330708661418,0.6333333333333333,0.5769230769230769
26538,HyboNet,4,128,0.005,5,43,0.5354330708661418,0.6666666666666666,0.5769230769230769
26539,HyboNet,4,128,0.005,5,44,0.5275590551181102,0.7,0.5769230769230769
26540,HyboNet,4,128,0.005,5,45,0.5354330708661418,0.7333333333333333,0.5769230769230769
26541,HyboNet,4,128,0.005,5,46,0.5354330708661418,0.7,0.5
26542,HyboNet,4,128,0.005,5,47,0.5196850393700787,0.7666666666666667,0.46153846153846156
26543,HyboNet,4,128,0.005,5,48,0.5196850393700787,0.7666666666666667,0.46153846153846156
26544,HyboNet,4,128,0.005,5,49,0.5196850393700787,0.8,0.46153846153846156
26545,HyboNet,4,128,0.005,5,5,0.5354330708661418,0.6,0.5769230769230769
26546,HyboNet,4,128,0.005,5,50,0.5118110236220472,0.7666666666666667,0.46153846153846156
26547,HyboNet,4,128,0.005,5,51,0.5039370078740157,0.8,0.46153846153846156
26548,HyboNet,4,128,0.005,5,52,0.5118110236220472,0.8,0.46153846153846156
26549,HyboNet,4,128,0.005,5,53,0.5039370078740157,0.8,0.46153846153846156
26550,HyboNet,4,128,0.005,5,54,0.5039370078740157,0.8333333333333334,0.5
26551,HyboNet,4,128,0.005,5,55,0.49606299212598426,0.8333333333333334,0.46153846153846156
26552,HyboNet,4,128,0.005,5,56,0.44881889763779526,0.8333333333333334,0.46153846153846156
26553,HyboNet,4,128,0.005,5,57,0.48031496062992124,0.8333333333333334,0.5
26554,HyboNet,4,128,0.005,5,58,0.48031496062992124,0.8333333333333334,0.5
26555,HyboNet,4,128,0.005,5,59,0.44881889763779526,0.8333333333333334,0.46153846153846156
26556,HyboNet,4,128,0.005,5,6,0.5354330708661418,0.6,0.5769230769230769
26557,HyboNet,4,128,0.005,5,60,0.3779527559055118,0.7666666666666667,0.2692307692307692
26558,HyboNet,4,128,0.005,5,61,0.4881889763779528,0.8333333333333334,0.5
26559,HyboNet,4,128,0.005,5,62,0.5039370078740157,0.7666666666666667,0.46153846153846156
26560,HyboNet,4,128,0.005,5,63,0.5354330708661418,0.7666666666666667,0.5
26561,HyboNet,4,128,0.005,5,64,0.5354330708661418,0.7666666666666667,0.5
26562,HyboNet,4,128,0.005,5,65,0.5354330708661418,0.7666666666666667,0.5
26563,HyboNet,4,128,0.005,5,66,0.5039370078740157,0.7666666666666667,0.46153846153846156
26564,HyboNet,4,128,0.005,5,67,0.5039370078740157,0.7666666666666667,0.5
26565,HyboNet,4,128,0.005,5,68,0.5118110236220472,0.8333333333333334,0.5
26566,HyboNet,4,128,0.005,5,69,0.48031496062992124,0.8333333333333334,0.5
26567,HyboNet,4,128,0.005,5,7,0.5354330708661418,0.6,0.5769230769230769
26568,HyboNet,4,128,0.005,5,70,0.44881889763779526,0.8333333333333334,0.46153846153846156
26569,HyboNet,4,128,0.005,5,71,0.4330708661417323,0.8333333333333334,0.46153846153846156
26570,HyboNet,4,128,0.005,5,72,0.44881889763779526,0.8333333333333334,0.46153846153846156
26571,HyboNet,4,128,0.005,5,73,0.4566929133858268,0.8333333333333334,0.46153846153846156
26572,HyboNet,4,128,0.005,5,74,0.44881889763779526,0.8333333333333334,0.5
26573,HyboNet,4,128,0.005,5,75,0.4566929133858268,0.8333333333333334,0.5
26574,HyboNet,4,128,0.005,5,76,0.4409448818897638,0.8666666666666667,0.46153846153846156
26575,HyboNet,4,128,0.005,5,77,0.44881889763779526,0.8666666666666667,0.46153846153846156
26576,HyboNet,4,128,0.005,5,78,0.4645669291338583,0.8666666666666667,0.46153846153846156
26577,HyboNet,4,128,0.005,5,79,0.48031496062992124,0.8666666666666667,0.46153846153846156
26578,HyboNet,4,128,0.005,5,8,0.5354330708661418,0.6,0.5769230769230769
26579,HyboNet,4,128,0.005,5,80,0.48031496062992124,0.8666666666666667,0.46153846153846156
26580,HyboNet,4,128,0.005,5,81,0.44881889763779526,0.8666666666666667,0.46153846153846156
26581,HyboNet,4,128,0.005,5,82,0.4409448818897638,0.8666666666666667,0.46153846153846156
26582,HyboNet,4,128,0.005,5,83,0.4566929133858268,0.8666666666666667,0.46153846153846156
26583,HyboNet,4,128,0.005,5,84,0.4645669291338583,0.8666666666666667,0.46153846153846156
26584,HyboNet,4,128,0.005,5,85,0.4645669291338583,0.8666666666666667,0.46153846153846156
26585,HyboNet,4,128,0.005,5,86,0.4409448818897638,0.8666666666666667,0.38461538461538464
26586,HyboNet,4,128,0.005,5,87,0.4409448818897638,0.8666666666666667,0.4230769230769231
26587,HyboNet,4,128,0.005,5,88,0.4409448818897638,0.8666666666666667,0.4230769230769231
26588,HyboNet,4,128,0.005,5,89,0.44881889763779526,0.8666666666666667,0.4230769230769231
26589,HyboNet,4,128,0.005,5,9,0.5354330708661418,0.6,0.5769230769230769
26590,HyboNet,4,128,0.005,5,90,0.44881889763779526,0.8666666666666667,0.4230769230769231
26591,HyboNet,4,128,0.005,5,91,0.4409448818897638,0.8666666666666667,0.4230769230769231
26592,HyboNet,4,128,0.005,5,92,0.4251968503937008,0.8666666666666667,0.38461538461538464
26593,HyboNet,4,128,0.005,5,93,0.4330708661417323,0.8666666666666667,0.38461538461538464
26594,HyboNet,4,128,0.005,5,94,0.4330708661417323,0.8666666666666667,0.38461538461538464
26595,HyboNet,4,128,0.005,5,95,0.4409448818897638,0.8666666666666667,0.38461538461538464
26596,HyboNet,4,128,0.005,5,96,0.44881889763779526,0.8666666666666667,0.38461538461538464
26597,HyboNet,4,128,0.005,5,97,0.4566929133858268,0.8666666666666667,0.4230769230769231
26598,HyboNet,4,128,0.005,5,98,0.4645669291338583,0.8666666666666667,0.38461538461538464
26599,HyboNet,4,128,0.005,5,99,0.4645669291338583,0.8666666666666667,0.38461538461538464
26600,HyboNet,4,128,0.005,6,1,0.5354330708661418,0.6,0.5769230769230769
26601,HyboNet,4,128,0.005,6,10,0.5354330708661418,0.6,0.5769230769230769
26602,HyboNet,4,128,0.005,6,100,0.47244094488188976,0.9333333333333333,0.46153846153846156
26603,HyboNet,4,128,0.005,6,11,0.5354330708661418,0.6,0.5769230769230769
26604,HyboNet,4,128,0.005,6,12,0.5354330708661418,0.6,0.5769230769230769
26605,HyboNet,4,128,0.005,6,13,0.5354330708661418,0.6,0.5769230769230769
26606,HyboNet,4,128,0.005,6,14,0.5354330708661418,0.6,0.5769230769230769
26607,HyboNet,4,128,0.005,6,15,0.5354330708661418,0.6,0.5769230769230769
26608,HyboNet,4,128,0.005,6,16,0.5354330708661418,0.6,0.5769230769230769
26609,HyboNet,4,128,0.005,6,17,0.5354330708661418,0.6,0.5769230769230769
26610,HyboNet,4,128,0.005,6,18,0.5354330708661418,0.6,0.5769230769230769
26611,HyboNet,4,128,0.005,6,19,0.5354330708661418,0.6,0.5769230769230769
26612,HyboNet,4,128,0.005,6,2,0.5354330708661418,0.6,0.5769230769230769
26613,HyboNet,4,128,0.005,6,20,0.5354330708661418,0.6,0.5769230769230769
26614,HyboNet,4,128,0.005,6,21,0.5354330708661418,0.6,0.5769230769230769
26615,HyboNet,4,128,0.005,6,22,0.5354330708661418,0.6,0.5769230769230769
26616,HyboNet,4,128,0.005,6,23,0.5354330708661418,0.6,0.5769230769230769
26617,HyboNet,4,128,0.005,6,24,0.5354330708661418,0.6,0.5769230769230769
26618,HyboNet,4,128,0.005,6,25,0.5354330708661418,0.6,0.5769230769230769
26619,HyboNet,4,128,0.005,6,26,0.5354330708661418,0.6,0.5769230769230769
26620,HyboNet,4,128,0.005,6,27,0.5354330708661418,0.6,0.5769230769230769
26621,HyboNet,4,128,0.005,6,28,0.5354330708661418,0.6,0.5769230769230769
26622,HyboNet,4,128,0.005,6,29,0.5354330708661418,0.6,0.5769230769230769
26623,HyboNet,4,128,0.005,6,3,0.5354330708661418,0.6,0.5769230769230769
26624,HyboNet,4,128,0.005,6,30,0.5354330708661418,0.6,0.5769230769230769
26625,HyboNet,4,128,0.005,6,31,0.5354330708661418,0.6,0.5769230769230769
26626,HyboNet,4,128,0.005,6,32,0.5354330708661418,0.6,0.5769230769230769
26627,HyboNet,4,128,0.005,6,33,0.5354330708661418,0.6,0.5769230769230769
26628,HyboNet,4,128,0.005,6,34,0.5354330708661418,0.6,0.5769230769230769
26629,HyboNet,4,128,0.005,6,35,0.5354330708661418,0.6,0.5769230769230769
26630,HyboNet,4,128,0.005,6,36,0.5354330708661418,0.6,0.5769230769230769
26631,HyboNet,4,128,0.005,6,37,0.5354330708661418,0.6,0.5769230769230769
26632,HyboNet,4,128,0.005,6,38,0.5354330708661418,0.6,0.5769230769230769
26633,HyboNet,4,128,0.005,6,39,0.5354330708661418,0.6,0.5769230769230769
26634,HyboNet,4,128,0.005,6,4,0.5354330708661418,0.6,0.5769230769230769
26635,HyboNet,4,128,0.005,6,40,0.5354330708661418,0.6,0.5769230769230769
26636,HyboNet,4,128,0.005,6,41,0.5354330708661418,0.6,0.5769230769230769
26637,HyboNet,4,128,0.005,6,42,0.5354330708661418,0.6,0.5769230769230769
26638,HyboNet,4,128,0.005,6,43,0.5354330708661418,0.6,0.5769230769230769
26639,HyboNet,4,128,0.005,6,44,0.5354330708661418,0.6,0.5769230769230769
26640,HyboNet,4,128,0.005,6,45,0.5354330708661418,0.6,0.5769230769230769
26641,HyboNet,4,128,0.005,6,46,0.5354330708661418,0.6,0.5769230769230769
26642,HyboNet,4,128,0.005,6,47,0.5354330708661418,0.6,0.5769230769230769
26643,HyboNet,4,128,0.005,6,48,0.5354330708661418,0.6,0.5769230769230769
26644,HyboNet,4,128,0.005,6,49,0.5354330708661418,0.6,0.5769230769230769
26645,HyboNet,4,128,0.005,6,5,0.5354330708661418,0.6,0.5769230769230769
26646,HyboNet,4,128,0.005,6,50,0.5354330708661418,0.6,0.5769230769230769
26647,HyboNet,4,128,0.005,6,51,0.5354330708661418,0.6,0.5769230769230769
26648,HyboNet,4,128,0.005,6,52,0.5354330708661418,0.6,0.5769230769230769
26649,HyboNet,4,128,0.005,6,53,0.5354330708661418,0.6,0.5769230769230769
26650,HyboNet,4,128,0.005,6,54,0.5354330708661418,0.6,0.5769230769230769
26651,HyboNet,4,128,0.005,6,55,0.5354330708661418,0.6,0.5769230769230769
26652,HyboNet,4,128,0.005,6,56,0.5354330708661418,0.6,0.5769230769230769
26653,HyboNet,4,128,0.005,6,57,0.5354330708661418,0.6,0.5769230769230769
26654,HyboNet,4,128,0.005,6,58,0.5354330708661418,0.6,0.5769230769230769
26655,HyboNet,4,128,0.005,6,59,0.5354330708661418,0.6,0.5769230769230769
26656,HyboNet,4,128,0.005,6,6,0.5354330708661418,0.6,0.5769230769230769
26657,HyboNet,4,128,0.005,6,60,0.5354330708661418,0.6,0.5769230769230769
26658,HyboNet,4,128,0.005,6,61,0.5354330708661418,0.6,0.5769230769230769
26659,HyboNet,4,128,0.005,6,62,0.5354330708661418,0.6,0.5769230769230769
26660,HyboNet,4,128,0.005,6,63,0.5354330708661418,0.6333333333333333,0.5769230769230769
26661,HyboNet,4,128,0.005,6,64,0.5354330708661418,0.6333333333333333,0.5769230769230769
26662,HyboNet,4,128,0.005,6,65,0.5275590551181102,0.7333333333333333,0.5769230769230769
26663,HyboNet,4,128,0.005,6,66,0.5196850393700787,0.7333333333333333,0.5769230769230769
26664,HyboNet,4,128,0.005,6,67,0.5275590551181102,0.7333333333333333,0.5769230769230769
26665,HyboNet,4,128,0.005,6,68,0.5354330708661418,0.7666666666666667,0.5384615384615384
26666,HyboNet,4,128,0.005,6,69,0.5354330708661418,0.7666666666666667,0.5384615384615384
26667,HyboNet,4,128,0.005,6,7,0.5354330708661418,0.6,0.5769230769230769
26668,HyboNet,4,128,0.005,6,70,0.5433070866141733,0.7666666666666667,0.5384615384615384
26669,HyboNet,4,128,0.005,6,71,0.5511811023622047,0.7666666666666667,0.5
26670,HyboNet,4,128,0.005,6,72,0.5433070866141733,0.7666666666666667,0.5
26671,HyboNet,4,128,0.005,6,73,0.5118110236220472,0.7666666666666667,0.46153846153846156
26672,HyboNet,4,128,0.005,6,74,0.5196850393700787,0.8333333333333334,0.46153846153846156
26673,HyboNet,4,128,0.005,6,75,0.5039370078740157,0.8333333333333334,0.5
26674,HyboNet,4,128,0.005,6,76,0.49606299212598426,0.7666666666666667,0.5
26675,HyboNet,4,128,0.005,6,77,0.49606299212598426,0.7666666666666667,0.5
26676,HyboNet,4,128,0.005,6,78,0.48031496062992124,0.8666666666666667,0.5769230769230769
26677,HyboNet,4,128,0.005,6,79,0.5118110236220472,0.8666666666666667,0.5384615384615384
26678,HyboNet,4,128,0.005,6,8,0.5354330708661418,0.6,0.5769230769230769
26679,HyboNet,4,128,0.005,6,80,0.5118110236220472,0.8666666666666667,0.5384615384615384
26680,HyboNet,4,128,0.005,6,81,0.49606299212598426,0.8333333333333334,0.5384615384615384
26681,HyboNet,4,128,0.005,6,82,0.5118110236220472,0.8333333333333334,0.5384615384615384
26682,HyboNet,4,128,0.005,6,83,0.49606299212598426,0.8666666666666667,0.5384615384615384
26683,HyboNet,4,128,0.005,6,84,0.4881889763779528,0.9333333333333333,0.46153846153846156
26684,HyboNet,4,128,0.005,6,85,0.48031496062992124,0.9333333333333333,0.5
26685,HyboNet,4,128,0.005,6,86,0.4566929133858268,0.9333333333333333,0.5384615384615384
26686,HyboNet,4,128,0.005,6,87,0.48031496062992124,0.9,0.5
26687,HyboNet,4,128,0.005,6,88,0.47244094488188976,0.9,0.5384615384615384
26688,HyboNet,4,128,0.005,6,89,0.48031496062992124,0.8666666666666667,0.5
26689,HyboNet,4,128,0.005,6,9,0.5354330708661418,0.6,0.5769230769230769
26690,HyboNet,4,128,0.005,6,90,0.48031496062992124,0.9333333333333333,0.5
26691,HyboNet,4,128,0.005,6,91,0.48031496062992124,0.9333333333333333,0.5384615384615384
26692,HyboNet,4,128,0.005,6,92,0.4881889763779528,0.9333333333333333,0.46153846153846156
26693,HyboNet,4,128,0.005,6,93,0.48031496062992124,0.9333333333333333,0.46153846153846156
26694,HyboNet,4,128,0.005,6,94,0.48031496062992124,0.9333333333333333,0.46153846153846156
26695,HyboNet,4,128,0.005,6,95,0.4881889763779528,0.9333333333333333,0.5
26696,HyboNet,4,128,0.005,6,96,0.49606299212598426,0.9333333333333333,0.5
26697,HyboNet,4,128,0.005,6,97,0.48031496062992124,0.9333333333333333,0.5
26698,HyboNet,4,128,0.005,6,98,0.48031496062992124,0.9333333333333333,0.5
26699,HyboNet,4,128,0.005,6,99,0.47244094488188976,0.9333333333333333,0.46153846153846156
26700,HyboNet,4,128,0.005,7,1,0.5354330708661418,0.6,0.5769230769230769
26701,HyboNet,4,128,0.005,7,10,0.5354330708661418,0.6,0.5769230769230769
26702,HyboNet,4,128,0.005,7,100,0.5118110236220472,0.9333333333333333,0.46153846153846156
26703,HyboNet,4,128,0.005,7,11,0.5354330708661418,0.6,0.5769230769230769
26704,HyboNet,4,128,0.005,7,12,0.5354330708661418,0.6,0.5769230769230769
26705,HyboNet,4,128,0.005,7,13,0.5354330708661418,0.6,0.5769230769230769
26706,HyboNet,4,128,0.005,7,14,0.5354330708661418,0.6,0.5769230769230769
26707,HyboNet,4,128,0.005,7,15,0.5354330708661418,0.6,0.5769230769230769
26708,HyboNet,4,128,0.005,7,16,0.5354330708661418,0.6,0.5769230769230769
26709,HyboNet,4,128,0.005,7,17,0.5354330708661418,0.6,0.5769230769230769
26710,HyboNet,4,128,0.005,7,18,0.5354330708661418,0.6,0.5769230769230769
26711,HyboNet,4,128,0.005,7,19,0.5354330708661418,0.6,0.5769230769230769
26712,HyboNet,4,128,0.005,7,2,0.5354330708661418,0.6,0.5769230769230769
26713,HyboNet,4,128,0.005,7,20,0.5354330708661418,0.6,0.5769230769230769
26714,HyboNet,4,128,0.005,7,21,0.5354330708661418,0.6,0.5769230769230769
26715,HyboNet,4,128,0.005,7,22,0.5354330708661418,0.6,0.5769230769230769
26716,HyboNet,4,128,0.005,7,23,0.5354330708661418,0.6,0.5769230769230769
26717,HyboNet,4,128,0.005,7,24,0.5354330708661418,0.6,0.5769230769230769
26718,HyboNet,4,128,0.005,7,25,0.5354330708661418,0.6,0.5769230769230769
26719,HyboNet,4,128,0.005,7,26,0.5354330708661418,0.6,0.5769230769230769
26720,HyboNet,4,128,0.005,7,27,0.5354330708661418,0.6,0.5769230769230769
26721,HyboNet,4,128,0.005,7,28,0.5354330708661418,0.6,0.5769230769230769
26722,HyboNet,4,128,0.005,7,29,0.5354330708661418,0.6,0.5769230769230769
26723,HyboNet,4,128,0.005,7,3,0.5354330708661418,0.6,0.5769230769230769
26724,HyboNet,4,128,0.005,7,30,0.5354330708661418,0.6,0.5769230769230769
26725,HyboNet,4,128,0.005,7,31,0.5354330708661418,0.6,0.5769230769230769
26726,HyboNet,4,128,0.005,7,32,0.5354330708661418,0.6,0.5769230769230769
26727,HyboNet,4,128,0.005,7,33,0.5354330708661418,0.6,0.5769230769230769
26728,HyboNet,4,128,0.005,7,34,0.5354330708661418,0.6,0.5769230769230769
26729,HyboNet,4,128,0.005,7,35,0.5354330708661418,0.6,0.5769230769230769
26730,HyboNet,4,128,0.005,7,36,0.5354330708661418,0.6,0.5769230769230769
26731,HyboNet,4,128,0.005,7,37,0.5354330708661418,0.6,0.5769230769230769
26732,HyboNet,4,128,0.005,7,38,0.5354330708661418,0.6,0.5769230769230769
26733,HyboNet,4,128,0.005,7,39,0.5354330708661418,0.6,0.5769230769230769
26734,HyboNet,4,128,0.005,7,4,0.5354330708661418,0.6,0.5769230769230769
26735,HyboNet,4,128,0.005,7,40,0.5354330708661418,0.6,0.5769230769230769
26736,HyboNet,4,128,0.005,7,41,0.5354330708661418,0.6,0.5769230769230769
26737,HyboNet,4,128,0.005,7,42,0.5354330708661418,0.6,0.5769230769230769
26738,HyboNet,4,128,0.005,7,43,0.5354330708661418,0.6,0.5769230769230769
26739,HyboNet,4,128,0.005,7,44,0.5354330708661418,0.6,0.5769230769230769
26740,HyboNet,4,128,0.005,7,45,0.5354330708661418,0.6,0.5769230769230769
26741,HyboNet,4,128,0.005,7,46,0.5354330708661418,0.6,0.5769230769230769
26742,HyboNet,4,128,0.005,7,47,0.5354330708661418,0.6,0.5769230769230769
26743,HyboNet,4,128,0.005,7,48,0.5354330708661418,0.6,0.5769230769230769
26744,HyboNet,4,128,0.005,7,49,0.5354330708661418,0.6,0.5769230769230769
26745,HyboNet,4,128,0.005,7,5,0.5354330708661418,0.6,0.5769230769230769
26746,HyboNet,4,128,0.005,7,50,0.5354330708661418,0.6,0.5769230769230769
26747,HyboNet,4,128,0.005,7,51,0.5354330708661418,0.6,0.5769230769230769
26748,HyboNet,4,128,0.005,7,52,0.5354330708661418,0.6,0.5769230769230769
26749,HyboNet,4,128,0.005,7,53,0.5354330708661418,0.6,0.5769230769230769
26750,HyboNet,4,128,0.005,7,54,0.5354330708661418,0.6333333333333333,0.5769230769230769
26751,HyboNet,4,128,0.005,7,55,0.5196850393700787,0.6666666666666666,0.5769230769230769
26752,HyboNet,4,128,0.005,7,56,0.5275590551181102,0.7333333333333333,0.5769230769230769
26753,HyboNet,4,128,0.005,7,57,0.5275590551181102,0.7333333333333333,0.5384615384615384
26754,HyboNet,4,128,0.005,7,58,0.5511811023622047,0.7666666666666667,0.5384615384615384
26755,HyboNet,4,128,0.005,7,59,0.5354330708661418,0.8,0.5384615384615384
26756,HyboNet,4,128,0.005,7,6,0.5354330708661418,0.6,0.5769230769230769
26757,HyboNet,4,128,0.005,7,60,0.5196850393700787,0.8,0.5384615384615384
26758,HyboNet,4,128,0.005,7,61,0.5354330708661418,0.8,0.5
26759,HyboNet,4,128,0.005,7,62,0.48031496062992124,0.8333333333333334,0.46153846153846156
26760,HyboNet,4,128,0.005,7,63,0.4645669291338583,0.8333333333333334,0.46153846153846156
26761,HyboNet,4,128,0.005,7,64,0.4645669291338583,0.8333333333333334,0.46153846153846156
26762,HyboNet,4,128,0.005,7,65,0.5118110236220472,0.8,0.46153846153846156
26763,HyboNet,4,128,0.005,7,66,0.5354330708661418,0.8,0.5384615384615384
26764,HyboNet,4,128,0.005,7,67,0.5275590551181102,0.8,0.5384615384615384
26765,HyboNet,4,128,0.005,7,68,0.4881889763779528,0.8,0.5384615384615384
26766,HyboNet,4,128,0.005,7,69,0.48031496062992124,0.8333333333333334,0.5384615384615384
26767,HyboNet,4,128,0.005,7,7,0.5354330708661418,0.6,0.5769230769230769
26768,HyboNet,4,128,0.005,7,70,0.4645669291338583,0.8666666666666667,0.46153846153846156
26769,HyboNet,4,128,0.005,7,71,0.4881889763779528,0.8666666666666667,0.5
26770,HyboNet,4,128,0.005,7,72,0.5039370078740157,0.9,0.5
26771,HyboNet,4,128,0.005,7,73,0.5275590551181102,0.8666666666666667,0.5769230769230769
26772,HyboNet,4,128,0.005,7,74,0.49606299212598426,0.9,0.5769230769230769
26773,HyboNet,4,128,0.005,7,75,0.4881889763779528,0.8333333333333334,0.5
26774,HyboNet,4,128,0.005,7,76,0.5354330708661418,0.8666666666666667,0.5769230769230769
26775,HyboNet,4,128,0.005,7,77,0.5433070866141733,0.8666666666666667,0.5769230769230769
26776,HyboNet,4,128,0.005,7,78,0.5433070866141733,0.9,0.5769230769230769
26777,HyboNet,4,128,0.005,7,79,0.5039370078740157,0.9,0.5384615384615384
26778,HyboNet,4,128,0.005,7,8,0.5354330708661418,0.6,0.5769230769230769
26779,HyboNet,4,128,0.005,7,80,0.5196850393700787,0.8666666666666667,0.5
26780,HyboNet,4,128,0.005,7,81,0.5039370078740157,0.9333333333333333,0.5384615384615384
26781,HyboNet,4,128,0.005,7,82,0.5118110236220472,0.9333333333333333,0.5
26782,HyboNet,4,128,0.005,7,83,0.49606299212598426,0.9333333333333333,0.46153846153846156
26783,HyboNet,4,128,0.005,7,84,0.49606299212598426,0.9333333333333333,0.46153846153846156
26784,HyboNet,4,128,0.005,7,85,0.5118110236220472,0.9333333333333333,0.5384615384615384
26785,HyboNet,4,128,0.005,7,86,0.5275590551181102,0.9333333333333333,0.5
26786,HyboNet,4,128,0.005,7,87,0.5354330708661418,0.9333333333333333,0.5
26787,HyboNet,4,128,0.005,7,88,0.5433070866141733,0.9333333333333333,0.5384615384615384
26788,HyboNet,4,128,0.005,7,89,0.5354330708661418,0.9333333333333333,0.5384615384615384
26789,HyboNet,4,128,0.005,7,9,0.5354330708661418,0.6,0.5769230769230769
26790,HyboNet,4,128,0.005,7,90,0.5118110236220472,0.9666666666666667,0.46153846153846156
26791,HyboNet,4,128,0.005,7,91,0.5118110236220472,0.9666666666666667,0.46153846153846156
26792,HyboNet,4,128,0.005,7,92,0.5039370078740157,0.9333333333333333,0.46153846153846156
26793,HyboNet,4,128,0.005,7,93,0.5196850393700787,0.9333333333333333,0.46153846153846156
26794,HyboNet,4,128,0.005,7,94,0.5196850393700787,0.9333333333333333,0.5
26795,HyboNet,4,128,0.005,7,95,0.5433070866141733,0.9333333333333333,0.5384615384615384
26796,HyboNet,4,128,0.005,7,96,0.5433070866141733,0.9333333333333333,0.5
26797,HyboNet,4,128,0.005,7,97,0.5275590551181102,0.9333333333333333,0.5
26798,HyboNet,4,128,0.005,7,98,0.5354330708661418,0.9333333333333333,0.5
26799,HyboNet,4,128,0.005,7,99,0.5118110236220472,0.9333333333333333,0.46153846153846156
26800,HyboNet,4,128,0.005,8,1,0.5354330708661418,0.6,0.5769230769230769
26801,HyboNet,4,128,0.005,8,10,0.5354330708661418,0.6,0.5769230769230769
26802,HyboNet,4,128,0.005,8,100,0.4881889763779528,0.9333333333333333,0.5
26803,HyboNet,4,128,0.005,8,11,0.5354330708661418,0.6,0.5769230769230769
26804,HyboNet,4,128,0.005,8,12,0.5354330708661418,0.6,0.5769230769230769
26805,HyboNet,4,128,0.005,8,13,0.5354330708661418,0.6,0.5769230769230769
26806,HyboNet,4,128,0.005,8,14,0.5354330708661418,0.6,0.5769230769230769
26807,HyboNet,4,128,0.005,8,15,0.5354330708661418,0.6,0.5769230769230769
26808,HyboNet,4,128,0.005,8,16,0.5354330708661418,0.6,0.5769230769230769
26809,HyboNet,4,128,0.005,8,17,0.5354330708661418,0.6,0.5769230769230769
26810,HyboNet,4,128,0.005,8,18,0.5354330708661418,0.6,0.5769230769230769
26811,HyboNet,4,128,0.005,8,19,0.5354330708661418,0.6,0.5769230769230769
26812,HyboNet,4,128,0.005,8,2,0.5354330708661418,0.6,0.5769230769230769
26813,HyboNet,4,128,0.005,8,20,0.5354330708661418,0.6,0.5769230769230769
26814,HyboNet,4,128,0.005,8,21,0.5354330708661418,0.6,0.5769230769230769
26815,HyboNet,4,128,0.005,8,22,0.5354330708661418,0.6,0.5769230769230769
26816,HyboNet,4,128,0.005,8,23,0.5354330708661418,0.6,0.5769230769230769
26817,HyboNet,4,128,0.005,8,24,0.5354330708661418,0.6,0.5769230769230769
26818,HyboNet,4,128,0.005,8,25,0.5354330708661418,0.6,0.5769230769230769
26819,HyboNet,4,128,0.005,8,26,0.5354330708661418,0.6,0.5769230769230769
26820,HyboNet,4,128,0.005,8,27,0.5354330708661418,0.6,0.5769230769230769
26821,HyboNet,4,128,0.005,8,28,0.5354330708661418,0.6,0.5769230769230769
26822,HyboNet,4,128,0.005,8,29,0.5354330708661418,0.6,0.5769230769230769
26823,HyboNet,4,128,0.005,8,3,0.5354330708661418,0.6,0.5769230769230769
26824,HyboNet,4,128,0.005,8,30,0.5354330708661418,0.6,0.5769230769230769
26825,HyboNet,4,128,0.005,8,31,0.5354330708661418,0.6,0.5769230769230769
26826,HyboNet,4,128,0.005,8,32,0.5354330708661418,0.6,0.5769230769230769
26827,HyboNet,4,128,0.005,8,33,0.5354330708661418,0.6,0.5769230769230769
26828,HyboNet,4,128,0.005,8,34,0.5354330708661418,0.6,0.5769230769230769
26829,HyboNet,4,128,0.005,8,35,0.5354330708661418,0.6,0.5769230769230769
26830,HyboNet,4,128,0.005,8,36,0.5354330708661418,0.6333333333333333,0.5769230769230769
26831,HyboNet,4,128,0.005,8,37,0.5354330708661418,0.6333333333333333,0.5769230769230769
26832,HyboNet,4,128,0.005,8,38,0.5275590551181102,0.6666666666666666,0.5769230769230769
26833,HyboNet,4,128,0.005,8,39,0.5354330708661418,0.6666666666666666,0.5769230769230769
26834,HyboNet,4,128,0.005,8,4,0.5354330708661418,0.6,0.5769230769230769
26835,HyboNet,4,128,0.005,8,40,0.5275590551181102,0.7333333333333333,0.5769230769230769
26836,HyboNet,4,128,0.005,8,41,0.5433070866141733,0.7333333333333333,0.5384615384615384
26837,HyboNet,4,128,0.005,8,42,0.5354330708661418,0.8,0.5384615384615384
26838,HyboNet,4,128,0.005,8,43,0.5590551181102362,0.8333333333333334,0.5384615384615384
26839,HyboNet,4,128,0.005,8,44,0.5354330708661418,0.8333333333333334,0.5384615384615384
26840,HyboNet,4,128,0.005,8,45,0.5590551181102362,0.8,0.5769230769230769
26841,HyboNet,4,128,0.005,8,46,0.5433070866141733,0.8,0.5769230769230769
26842,HyboNet,4,128,0.005,8,47,0.5433070866141733,0.8,0.5769230769230769
26843,HyboNet,4,128,0.005,8,48,0.5590551181102362,0.8,0.5769230769230769
26844,HyboNet,4,128,0.005,8,49,0.4566929133858268,0.8666666666666667,0.46153846153846156
26845,HyboNet,4,128,0.005,8,5,0.5354330708661418,0.6,0.5769230769230769
26846,HyboNet,4,128,0.005,8,50,0.4094488188976378,0.8666666666666667,0.34615384615384615
26847,HyboNet,4,128,0.005,8,51,0.5511811023622047,0.8,0.5769230769230769
26848,HyboNet,4,128,0.005,8,52,0.5433070866141733,0.8,0.5769230769230769
26849,HyboNet,4,128,0.005,8,53,0.5354330708661418,0.8,0.5769230769230769
26850,HyboNet,4,128,0.005,8,54,0.5354330708661418,0.8333333333333334,0.5769230769230769
26851,HyboNet,4,128,0.005,8,55,0.4645669291338583,0.8333333333333334,0.5384615384615384
26852,HyboNet,4,128,0.005,8,56,0.5039370078740157,0.8666666666666667,0.5384615384615384
26853,HyboNet,4,128,0.005,8,57,0.5433070866141733,0.8666666666666667,0.5769230769230769
26854,HyboNet,4,128,0.005,8,58,0.5433070866141733,0.8666666666666667,0.5769230769230769
26855,HyboNet,4,128,0.005,8,59,0.5118110236220472,0.8333333333333334,0.5
26856,HyboNet,4,128,0.005,8,6,0.5354330708661418,0.6,0.5769230769230769
26857,HyboNet,4,128,0.005,8,60,0.5433070866141733,0.8666666666666667,0.6923076923076923
26858,HyboNet,4,128,0.005,8,61,0.5433070866141733,0.9,0.6153846153846154
26859,HyboNet,4,128,0.005,8,62,0.5354330708661418,0.8666666666666667,0.5769230769230769
26860,HyboNet,4,128,0.005,8,63,0.5354330708661418,0.9,0.5769230769230769
26861,HyboNet,4,128,0.005,8,64,0.5433070866141733,0.7666666666666667,0.5769230769230769
26862,HyboNet,4,128,0.005,8,65,0.5433070866141733,0.9333333333333333,0.6153846153846154
26863,HyboNet,4,128,0.005,8,66,0.5354330708661418,0.9333333333333333,0.6153846153846154
26864,HyboNet,4,128,0.005,8,67,0.5433070866141733,0.9333333333333333,0.5769230769230769
26865,HyboNet,4,128,0.005,8,68,0.5433070866141733,0.9333333333333333,0.6153846153846154
26866,HyboNet,4,128,0.005,8,69,0.5354330708661418,0.9333333333333333,0.5769230769230769
26867,HyboNet,4,128,0.005,8,7,0.5354330708661418,0.6,0.5769230769230769
26868,HyboNet,4,128,0.005,8,70,0.5275590551181102,0.9333333333333333,0.5769230769230769
26869,HyboNet,4,128,0.005,8,71,0.5354330708661418,0.9333333333333333,0.5769230769230769
26870,HyboNet,4,128,0.005,8,72,0.5275590551181102,0.9,0.6153846153846154
26871,HyboNet,4,128,0.005,8,73,0.5118110236220472,0.8666666666666667,0.6153846153846154
26872,HyboNet,4,128,0.005,8,74,0.5354330708661418,0.9333333333333333,0.5384615384615384
26873,HyboNet,4,128,0.005,8,75,0.5196850393700787,0.9333333333333333,0.5769230769230769
26874,HyboNet,4,128,0.005,8,76,0.5118110236220472,0.9333333333333333,0.5769230769230769
26875,HyboNet,4,128,0.005,8,77,0.5433070866141733,0.9333333333333333,0.5769230769230769
26876,HyboNet,4,128,0.005,8,78,0.5275590551181102,0.9333333333333333,0.5769230769230769
26877,HyboNet,4,128,0.005,8,79,0.5354330708661418,0.9333333333333333,0.5769230769230769
26878,HyboNet,4,128,0.005,8,8,0.5354330708661418,0.6,0.5769230769230769
26879,HyboNet,4,128,0.005,8,80,0.5196850393700787,0.9333333333333333,0.6153846153846154
26880,HyboNet,4,128,0.005,8,81,0.5039370078740157,0.9,0.5384615384615384
26881,HyboNet,4,128,0.005,8,82,0.49606299212598426,0.9,0.5384615384615384
26882,HyboNet,4,128,0.005,8,83,0.5196850393700787,0.9333333333333333,0.5769230769230769
26883,HyboNet,4,128,0.005,8,84,0.5354330708661418,0.9333333333333333,0.6153846153846154
26884,HyboNet,4,128,0.005,8,85,0.5354330708661418,0.9333333333333333,0.6153846153846154
26885,HyboNet,4,128,0.005,8,86,0.5354330708661418,0.9333333333333333,0.6153846153846154
26886,HyboNet,4,128,0.005,8,87,0.5433070866141733,0.9333333333333333,0.6153846153846154
26887,HyboNet,4,128,0.005,8,88,0.5433070866141733,0.9333333333333333,0.6153846153846154
26888,HyboNet,4,128,0.005,8,89,0.5275590551181102,0.9333333333333333,0.6153846153846154
26889,HyboNet,4,128,0.005,8,9,0.5354330708661418,0.6,0.5769230769230769
26890,HyboNet,4,128,0.005,8,90,0.5196850393700787,0.9333333333333333,0.5769230769230769
26891,HyboNet,4,128,0.005,8,91,0.5196850393700787,0.9333333333333333,0.5769230769230769
26892,HyboNet,4,128,0.005,8,92,0.5039370078740157,0.9333333333333333,0.5384615384615384
26893,HyboNet,4,128,0.005,8,93,0.5118110236220472,0.9333333333333333,0.5
26894,HyboNet,4,128,0.005,8,94,0.47244094488188976,0.9333333333333333,0.46153846153846156
26895,HyboNet,4,128,0.005,8,95,0.5039370078740157,0.9333333333333333,0.5384615384615384
26896,HyboNet,4,128,0.005,8,96,0.5275590551181102,0.9333333333333333,0.6153846153846154
26897,HyboNet,4,128,0.005,8,97,0.5118110236220472,0.9333333333333333,0.6153846153846154
26898,HyboNet,4,128,0.005,8,98,0.5118110236220472,0.9333333333333333,0.5769230769230769
26899,HyboNet,4,128,0.005,8,99,0.5118110236220472,0.9333333333333333,0.5769230769230769
26900,HyboNet,4,128,0.005,9,1,0.5354330708661418,0.6,0.5769230769230769
26901,HyboNet,4,128,0.005,9,10,0.5354330708661418,0.6,0.5769230769230769
26902,HyboNet,4,128,0.005,9,100,0.4330708661417323,0.8666666666666667,0.38461538461538464
26903,HyboNet,4,128,0.005,9,11,0.5354330708661418,0.6,0.5769230769230769
26904,HyboNet,4,128,0.005,9,12,0.5354330708661418,0.6,0.5769230769230769
26905,HyboNet,4,128,0.005,9,13,0.5354330708661418,0.6,0.5769230769230769
26906,HyboNet,4,128,0.005,9,14,0.5354330708661418,0.6,0.5769230769230769
26907,HyboNet,4,128,0.005,9,15,0.5354330708661418,0.6,0.5769230769230769
26908,HyboNet,4,128,0.005,9,16,0.5354330708661418,0.6,0.5769230769230769
26909,HyboNet,4,128,0.005,9,17,0.5354330708661418,0.6,0.5769230769230769
26910,HyboNet,4,128,0.005,9,18,0.5354330708661418,0.6,0.5769230769230769
26911,HyboNet,4,128,0.005,9,19,0.5354330708661418,0.6,0.5769230769230769
26912,HyboNet,4,128,0.005,9,2,0.5354330708661418,0.6,0.5769230769230769
26913,HyboNet,4,128,0.005,9,20,0.5354330708661418,0.6,0.5769230769230769
26914,HyboNet,4,128,0.005,9,21,0.5354330708661418,0.6,0.5769230769230769
26915,HyboNet,4,128,0.005,9,22,0.5354330708661418,0.6,0.5769230769230769
26916,HyboNet,4,128,0.005,9,23,0.5354330708661418,0.6,0.5769230769230769
26917,HyboNet,4,128,0.005,9,24,0.5354330708661418,0.6,0.5769230769230769
26918,HyboNet,4,128,0.005,9,25,0.5354330708661418,0.6,0.5769230769230769
26919,HyboNet,4,128,0.005,9,26,0.5354330708661418,0.6,0.5769230769230769
26920,HyboNet,4,128,0.005,9,27,0.5354330708661418,0.6,0.5769230769230769
26921,HyboNet,4,128,0.005,9,28,0.5354330708661418,0.6,0.5769230769230769
26922,HyboNet,4,128,0.005,9,29,0.5354330708661418,0.6,0.5769230769230769
26923,HyboNet,4,128,0.005,9,3,0.5354330708661418,0.6,0.5769230769230769
26924,HyboNet,4,128,0.005,9,30,0.5354330708661418,0.6,0.5769230769230769
26925,HyboNet,4,128,0.005,9,31,0.5354330708661418,0.6,0.5769230769230769
26926,HyboNet,4,128,0.005,9,32,0.5354330708661418,0.6,0.5769230769230769
26927,HyboNet,4,128,0.005,9,33,0.5354330708661418,0.6,0.5769230769230769
26928,HyboNet,4,128,0.005,9,34,0.5354330708661418,0.6,0.5769230769230769
26929,HyboNet,4,128,0.005,9,35,0.5354330708661418,0.6,0.5769230769230769
26930,HyboNet,4,128,0.005,9,36,0.5354330708661418,0.6,0.5769230769230769
26931,HyboNet,4,128,0.005,9,37,0.5354330708661418,0.6,0.5769230769230769
26932,HyboNet,4,128,0.005,9,38,0.5354330708661418,0.6,0.5769230769230769
26933,HyboNet,4,128,0.005,9,39,0.5354330708661418,0.6,0.5769230769230769
26934,HyboNet,4,128,0.005,9,4,0.5354330708661418,0.6,0.5769230769230769
26935,HyboNet,4,128,0.005,9,40,0.5354330708661418,0.6,0.5769230769230769
26936,HyboNet,4,128,0.005,9,41,0.5354330708661418,0.6,0.5769230769230769
26937,HyboNet,4,128,0.005,9,42,0.5354330708661418,0.6,0.5769230769230769
26938,HyboNet,4,128,0.005,9,43,0.5354330708661418,0.6,0.5769230769230769
26939,HyboNet,4,128,0.005,9,44,0.5354330708661418,0.6333333333333333,0.5769230769230769
26940,HyboNet,4,128,0.005,9,45,0.5354330708661418,0.6333333333333333,0.5769230769230769
26941,HyboNet,4,128,0.005,9,46,0.5433070866141733,0.6666666666666666,0.5769230769230769
26942,HyboNet,4,128,0.005,9,47,0.5275590551181102,0.7333333333333333,0.5769230769230769
26943,HyboNet,4,128,0.005,9,48,0.5433070866141733,0.7333333333333333,0.5384615384615384
26944,HyboNet,4,128,0.005,9,49,0.5511811023622047,0.7333333333333333,0.5384615384615384
26945,HyboNet,4,128,0.005,9,5,0.5354330708661418,0.6,0.5769230769230769
26946,HyboNet,4,128,0.005,9,50,0.5354330708661418,0.8,0.5
26947,HyboNet,4,128,0.005,9,51,0.5275590551181102,0.8,0.5
26948,HyboNet,4,128,0.005,9,52,0.5433070866141733,0.8,0.5
26949,HyboNet,4,128,0.005,9,53,0.5511811023622047,0.7666666666666667,0.5384615384615384
26950,HyboNet,4,128,0.005,9,54,0.5433070866141733,0.7666666666666667,0.5769230769230769
26951,HyboNet,4,128,0.005,9,55,0.5433070866141733,0.7666666666666667,0.5769230769230769
26952,HyboNet,4,128,0.005,9,56,0.5354330708661418,0.8333333333333334,0.5
26953,HyboNet,4,128,0.005,9,57,0.4881889763779528,0.8333333333333334,0.5
26954,HyboNet,4,128,0.005,9,58,0.47244094488188976,0.8333333333333334,0.5
26955,HyboNet,4,128,0.005,9,59,0.4409448818897638,0.8666666666666667,0.46153846153846156
26956,HyboNet,4,128,0.005,9,6,0.5354330708661418,0.6,0.5769230769230769
26957,HyboNet,4,128,0.005,9,60,0.44881889763779526,0.8666666666666667,0.5
26958,HyboNet,4,128,0.005,9,61,0.4409448818897638,0.8666666666666667,0.46153846153846156
26959,HyboNet,4,128,0.005,9,62,0.3779527559055118,0.8333333333333334,0.38461538461538464
26960,HyboNet,4,128,0.005,9,63,0.3937007874015748,0.8333333333333334,0.38461538461538464
26961,HyboNet,4,128,0.005,9,64,0.4645669291338583,0.8666666666666667,0.5
26962,HyboNet,4,128,0.005,9,65,0.4645669291338583,0.8333333333333334,0.5384615384615384
26963,HyboNet,4,128,0.005,9,66,0.4645669291338583,0.8333333333333334,0.5384615384615384
26964,HyboNet,4,128,0.005,9,67,0.4645669291338583,0.8666666666666667,0.5
26965,HyboNet,4,128,0.005,9,68,0.4094488188976378,0.8666666666666667,0.38461538461538464
26966,HyboNet,4,128,0.005,9,69,0.3700787401574803,0.8333333333333334,0.3076923076923077
26967,HyboNet,4,128,0.005,9,7,0.5354330708661418,0.6,0.5769230769230769
26968,HyboNet,4,128,0.005,9,70,0.4566929133858268,0.8666666666666667,0.46153846153846156
26969,HyboNet,4,128,0.005,9,71,0.4566929133858268,0.8666666666666667,0.5
26970,HyboNet,4,128,0.005,9,72,0.5275590551181102,0.8666666666666667,0.5384615384615384
26971,HyboNet,4,128,0.005,9,73,0.5433070866141733,0.8666666666666667,0.5384615384615384
26972,HyboNet,4,128,0.005,9,74,0.5039370078740157,0.8666666666666667,0.5384615384615384
26973,HyboNet,4,128,0.005,9,75,0.47244094488188976,0.8666666666666667,0.5
26974,HyboNet,4,128,0.005,9,76,0.4645669291338583,0.8666666666666667,0.46153846153846156
26975,HyboNet,4,128,0.005,9,77,0.4409448818897638,0.8333333333333334,0.4230769230769231
26976,HyboNet,4,128,0.005,9,78,0.4645669291338583,0.8666666666666667,0.46153846153846156
26977,HyboNet,4,128,0.005,9,79,0.4566929133858268,0.8666666666666667,0.46153846153846156
26978,HyboNet,4,128,0.005,9,8,0.5354330708661418,0.6,0.5769230769230769
26979,HyboNet,4,128,0.005,9,80,0.4566929133858268,0.8666666666666667,0.5
26980,HyboNet,4,128,0.005,9,81,0.4566929133858268,0.8666666666666667,0.46153846153846156
26981,HyboNet,4,128,0.005,9,82,0.4330708661417323,0.8666666666666667,0.4230769230769231
26982,HyboNet,4,128,0.005,9,83,0.4409448818897638,0.8666666666666667,0.46153846153846156
26983,HyboNet,4,128,0.005,9,84,0.4409448818897638,0.8666666666666667,0.5
26984,HyboNet,4,128,0.005,9,85,0.4645669291338583,0.8666666666666667,0.5
26985,HyboNet,4,128,0.005,9,86,0.44881889763779526,0.8666666666666667,0.5
26986,HyboNet,4,128,0.005,9,87,0.44881889763779526,0.8666666666666667,0.46153846153846156
26987,HyboNet,4,128,0.005,9,88,0.4330708661417323,0.8666666666666667,0.38461538461538464
26988,HyboNet,4,128,0.005,9,89,0.4409448818897638,0.8666666666666667,0.38461538461538464
26989,HyboNet,4,128,0.005,9,9,0.5354330708661418,0.6,0.5769230769230769
26990,HyboNet,4,128,0.005,9,90,0.4566929133858268,0.8666666666666667,0.46153846153846156
26991,HyboNet,4,128,0.005,9,91,0.4566929133858268,0.8666666666666667,0.5
26992,HyboNet,4,128,0.005,9,92,0.4566929133858268,0.8666666666666667,0.5
26993,HyboNet,4,128,0.005,9,93,0.4566929133858268,0.8666666666666667,0.5
26994,HyboNet,4,128,0.005,9,94,0.4645669291338583,0.8666666666666667,0.46153846153846156
26995,HyboNet,4,128,0.005,9,95,0.4330708661417323,0.8666666666666667,0.4230769230769231
26996,HyboNet,4,128,0.005,9,96,0.4251968503937008,0.8666666666666667,0.34615384615384615
26997,HyboNet,4,128,0.005,9,97,0.4330708661417323,0.8666666666666667,0.4230769230769231
26998,HyboNet,4,128,0.005,9,98,0.4566929133858268,0.8666666666666667,0.46153846153846156
26999,HyboNet,4,128,0.005,9,99,0.4645669291338583,0.8666666666666667,0.46153846153846156
27000,HyboNet,4,256,0.0002,1,1,0.41732283464566927,0.43333333333333335,0.46153846153846156
27001,HyboNet,4,256,0.0002,1,10,0.5354330708661418,0.6666666666666666,0.5769230769230769
27002,HyboNet,4,256,0.0002,1,100,0.3700787401574803,1.0,0.38461538461538464
27003,HyboNet,4,256,0.0002,1,11,0.5354330708661418,0.6666666666666666,0.5769230769230769
27004,HyboNet,4,256,0.0002,1,12,0.5354330708661418,0.6666666666666666,0.5769230769230769
27005,HyboNet,4,256,0.0002,1,13,0.5354330708661418,0.6666666666666666,0.5769230769230769
27006,HyboNet,4,256,0.0002,1,14,0.5354330708661418,0.6666666666666666,0.5769230769230769
27007,HyboNet,4,256,0.0002,1,15,0.5275590551181102,0.6666666666666666,0.5769230769230769
27008,HyboNet,4,256,0.0002,1,16,0.5433070866141733,0.7,0.5769230769230769
27009,HyboNet,4,256,0.0002,1,17,0.5354330708661418,0.7333333333333333,0.5769230769230769
27010,HyboNet,4,256,0.0002,1,18,0.5275590551181102,0.7666666666666667,0.5384615384615384
27011,HyboNet,4,256,0.0002,1,19,0.5275590551181102,0.7666666666666667,0.5
27012,HyboNet,4,256,0.0002,1,2,0.5354330708661418,0.6,0.5769230769230769
27013,HyboNet,4,256,0.0002,1,20,0.5196850393700787,0.7666666666666667,0.5
27014,HyboNet,4,256,0.0002,1,21,0.5354330708661418,0.7666666666666667,0.46153846153846156
27015,HyboNet,4,256,0.0002,1,22,0.5196850393700787,0.8,0.46153846153846156
27016,HyboNet,4,256,0.0002,1,23,0.5196850393700787,0.8,0.46153846153846156
27017,HyboNet,4,256,0.0002,1,24,0.5039370078740157,0.8,0.5
27018,HyboNet,4,256,0.0002,1,25,0.5118110236220472,0.8333333333333334,0.5
27019,HyboNet,4,256,0.0002,1,26,0.49606299212598426,0.8333333333333334,0.46153846153846156
27020,HyboNet,4,256,0.0002,1,27,0.4881889763779528,0.8333333333333334,0.46153846153846156
27021,HyboNet,4,256,0.0002,1,28,0.4881889763779528,0.8333333333333334,0.46153846153846156
27022,HyboNet,4,256,0.0002,1,29,0.4881889763779528,0.8333333333333334,0.46153846153846156
27023,HyboNet,4,256,0.0002,1,3,0.5354330708661418,0.6,0.5769230769230769
27024,HyboNet,4,256,0.0002,1,30,0.48031496062992124,0.8666666666666667,0.5
27025,HyboNet,4,256,0.0002,1,31,0.47244094488188976,0.8666666666666667,0.5
27026,HyboNet,4,256,0.0002,1,32,0.4566929133858268,0.8666666666666667,0.5
27027,HyboNet,4,256,0.0002,1,33,0.4566929133858268,0.8666666666666667,0.5
27028,HyboNet,4,256,0.0002,1,34,0.44881889763779526,0.8666666666666667,0.5
27029,HyboNet,4,256,0.0002,1,35,0.4409448818897638,0.9,0.5
27030,HyboNet,4,256,0.0002,1,36,0.44881889763779526,0.9,0.5
27031,HyboNet,4,256,0.0002,1,37,0.44881889763779526,0.9333333333333333,0.5
27032,HyboNet,4,256,0.0002,1,38,0.44881889763779526,0.9333333333333333,0.5
27033,HyboNet,4,256,0.0002,1,39,0.4566929133858268,0.9333333333333333,0.46153846153846156
27034,HyboNet,4,256,0.0002,1,4,0.5354330708661418,0.6,0.5769230769230769
27035,HyboNet,4,256,0.0002,1,40,0.4645669291338583,0.9666666666666667,0.46153846153846156
27036,HyboNet,4,256,0.0002,1,41,0.4566929133858268,0.9666666666666667,0.5
27037,HyboNet,4,256,0.0002,1,42,0.44881889763779526,0.9333333333333333,0.5
27038,HyboNet,4,256,0.0002,1,43,0.44881889763779526,0.9333333333333333,0.5
27039,HyboNet,4,256,0.0002,1,44,0.44881889763779526,0.9333333333333333,0.5
27040,HyboNet,4,256,0.0002,1,45,0.44881889763779526,0.9333333333333333,0.5
27041,HyboNet,4,256,0.0002,1,46,0.4409448818897638,0.9333333333333333,0.5
27042,HyboNet,4,256,0.0002,1,47,0.4330708661417323,0.9333333333333333,0.5
27043,HyboNet,4,256,0.0002,1,48,0.44881889763779526,0.9333333333333333,0.5
27044,HyboNet,4,256,0.0002,1,49,0.44881889763779526,0.9333333333333333,0.5
27045,HyboNet,4,256,0.0002,1,5,0.5354330708661418,0.6,0.5769230769230769
27046,HyboNet,4,256,0.0002,1,50,0.4566929133858268,0.9333333333333333,0.5
27047,HyboNet,4,256,0.0002,1,51,0.4566929133858268,0.9333333333333333,0.5
27048,HyboNet,4,256,0.0002,1,52,0.4566929133858268,0.9333333333333333,0.5
27049,HyboNet,4,256,0.0002,1,53,0.4409448818897638,0.9333333333333333,0.5
27050,HyboNet,4,256,0.0002,1,54,0.4409448818897638,0.9333333333333333,0.5384615384615384
27051,HyboNet,4,256,0.0002,1,55,0.4330708661417323,0.9333333333333333,0.5384615384615384
27052,HyboNet,4,256,0.0002,1,56,0.4409448818897638,0.9333333333333333,0.5384615384615384
27053,HyboNet,4,256,0.0002,1,57,0.4409448818897638,0.9333333333333333,0.5384615384615384
27054,HyboNet,4,256,0.0002,1,58,0.4409448818897638,0.9333333333333333,0.5384615384615384
27055,HyboNet,4,256,0.0002,1,59,0.4409448818897638,0.9333333333333333,0.5384615384615384
27056,HyboNet,4,256,0.0002,1,6,0.5354330708661418,0.6,0.5769230769230769
27057,HyboNet,4,256,0.0002,1,60,0.4409448818897638,0.9333333333333333,0.5
27058,HyboNet,4,256,0.0002,1,61,0.4330708661417323,0.9333333333333333,0.5
27059,HyboNet,4,256,0.0002,1,62,0.4330708661417323,0.9333333333333333,0.5
27060,HyboNet,4,256,0.0002,1,63,0.4409448818897638,0.9333333333333333,0.5
27061,HyboNet,4,256,0.0002,1,64,0.4330708661417323,0.9333333333333333,0.46153846153846156
27062,HyboNet,4,256,0.0002,1,65,0.4094488188976378,0.9333333333333333,0.46153846153846156
27063,HyboNet,4,256,0.0002,1,66,0.4094488188976378,0.9333333333333333,0.46153846153846156
27064,HyboNet,4,256,0.0002,1,67,0.4094488188976378,0.9333333333333333,0.46153846153846156
27065,HyboNet,4,256,0.0002,1,68,0.4094488188976378,0.9333333333333333,0.46153846153846156
27066,HyboNet,4,256,0.0002,1,69,0.4094488188976378,0.9333333333333333,0.46153846153846156
27067,HyboNet,4,256,0.0002,1,7,0.5354330708661418,0.6333333333333333,0.5769230769230769
27068,HyboNet,4,256,0.0002,1,70,0.4015748031496063,0.9333333333333333,0.46153846153846156
27069,HyboNet,4,256,0.0002,1,71,0.4094488188976378,0.9333333333333333,0.46153846153846156
27070,HyboNet,4,256,0.0002,1,72,0.41732283464566927,0.9333333333333333,0.46153846153846156
27071,HyboNet,4,256,0.0002,1,73,0.4094488188976378,0.9333333333333333,0.46153846153846156
27072,HyboNet,4,256,0.0002,1,74,0.4094488188976378,0.9333333333333333,0.46153846153846156
27073,HyboNet,4,256,0.0002,1,75,0.4015748031496063,0.9666666666666667,0.46153846153846156
27074,HyboNet,4,256,0.0002,1,76,0.4094488188976378,0.9333333333333333,0.46153846153846156
27075,HyboNet,4,256,0.0002,1,77,0.4094488188976378,0.9333333333333333,0.46153846153846156
27076,HyboNet,4,256,0.0002,1,78,0.4015748031496063,0.9333333333333333,0.46153846153846156
27077,HyboNet,4,256,0.0002,1,79,0.4015748031496063,0.9333333333333333,0.46153846153846156
27078,HyboNet,4,256,0.0002,1,8,0.5354330708661418,0.6333333333333333,0.5769230769230769
27079,HyboNet,4,256,0.0002,1,80,0.4094488188976378,0.9666666666666667,0.46153846153846156
27080,HyboNet,4,256,0.0002,1,81,0.3937007874015748,1.0,0.46153846153846156
27081,HyboNet,4,256,0.0002,1,82,0.3937007874015748,1.0,0.46153846153846156
27082,HyboNet,4,256,0.0002,1,83,0.3779527559055118,1.0,0.46153846153846156
27083,HyboNet,4,256,0.0002,1,84,0.3858267716535433,1.0,0.46153846153846156
27084,HyboNet,4,256,0.0002,1,85,0.3937007874015748,1.0,0.46153846153846156
27085,HyboNet,4,256,0.0002,1,86,0.3779527559055118,1.0,0.4230769230769231
27086,HyboNet,4,256,0.0002,1,87,0.3858267716535433,1.0,0.38461538461538464
27087,HyboNet,4,256,0.0002,1,88,0.4015748031496063,1.0,0.38461538461538464
27088,HyboNet,4,256,0.0002,1,89,0.3779527559055118,1.0,0.38461538461538464
27089,HyboNet,4,256,0.0002,1,9,0.5354330708661418,0.6333333333333333,0.5769230769230769
27090,HyboNet,4,256,0.0002,1,90,0.3779527559055118,1.0,0.4230769230769231
27091,HyboNet,4,256,0.0002,1,91,0.3858267716535433,1.0,0.46153846153846156
27092,HyboNet,4,256,0.0002,1,92,0.3937007874015748,1.0,0.46153846153846156
27093,HyboNet,4,256,0.0002,1,93,0.3543307086614173,1.0,0.4230769230769231
27094,HyboNet,4,256,0.0002,1,94,0.3464566929133858,1.0,0.38461538461538464
27095,HyboNet,4,256,0.0002,1,95,0.3464566929133858,1.0,0.38461538461538464
27096,HyboNet,4,256,0.0002,1,96,0.3700787401574803,1.0,0.4230769230769231
27097,HyboNet,4,256,0.0002,1,97,0.3779527559055118,1.0,0.4230769230769231
27098,HyboNet,4,256,0.0002,1,98,0.3858267716535433,1.0,0.4230769230769231
27099,HyboNet,4,256,0.0002,1,99,0.3779527559055118,1.0,0.38461538461538464
27100,HyboNet,4,256,0.0002,10,1,0.5433070866141733,0.6,0.5769230769230769
27101,HyboNet,4,256,0.0002,10,10,0.5433070866141733,0.7333333333333333,0.5769230769230769
27102,HyboNet,4,256,0.0002,10,100,0.41732283464566927,1.0,0.46153846153846156
27103,HyboNet,4,256,0.0002,10,11,0.5433070866141733,0.7333333333333333,0.5769230769230769
27104,HyboNet,4,256,0.0002,10,12,0.5433070866141733,0.7333333333333333,0.5769230769230769
27105,HyboNet,4,256,0.0002,10,13,0.5433070866141733,0.7333333333333333,0.5769230769230769
27106,HyboNet,4,256,0.0002,10,14,0.5354330708661418,0.7333333333333333,0.5769230769230769
27107,HyboNet,4,256,0.0002,10,15,0.5433070866141733,0.7666666666666667,0.5769230769230769
27108,HyboNet,4,256,0.0002,10,16,0.5433070866141733,0.7666666666666667,0.5384615384615384
27109,HyboNet,4,256,0.0002,10,17,0.5354330708661418,0.8,0.46153846153846156
27110,HyboNet,4,256,0.0002,10,18,0.5433070866141733,0.8,0.46153846153846156
27111,HyboNet,4,256,0.0002,10,19,0.5354330708661418,0.8,0.4230769230769231
27112,HyboNet,4,256,0.0002,10,2,0.5354330708661418,0.6,0.5769230769230769
27113,HyboNet,4,256,0.0002,10,20,0.5511811023622047,0.8,0.46153846153846156
27114,HyboNet,4,256,0.0002,10,21,0.5590551181102362,0.8,0.46153846153846156
27115,HyboNet,4,256,0.0002,10,22,0.5275590551181102,0.8,0.46153846153846156
27116,HyboNet,4,256,0.0002,10,23,0.5118110236220472,0.8,0.5384615384615384
27117,HyboNet,4,256,0.0002,10,24,0.4881889763779528,0.8333333333333334,0.5
27118,HyboNet,4,256,0.0002,10,25,0.4409448818897638,0.8333333333333334,0.34615384615384615
27119,HyboNet,4,256,0.0002,10,26,0.4409448818897638,0.9,0.34615384615384615
27120,HyboNet,4,256,0.0002,10,27,0.4409448818897638,0.9,0.34615384615384615
27121,HyboNet,4,256,0.0002,10,28,0.4409448818897638,0.9,0.34615384615384615
27122,HyboNet,4,256,0.0002,10,29,0.4330708661417323,0.8666666666666667,0.34615384615384615
27123,HyboNet,4,256,0.0002,10,3,0.5354330708661418,0.6,0.5769230769230769
27124,HyboNet,4,256,0.0002,10,30,0.4409448818897638,0.8666666666666667,0.34615384615384615
27125,HyboNet,4,256,0.0002,10,31,0.4409448818897638,0.8666666666666667,0.34615384615384615
27126,HyboNet,4,256,0.0002,10,32,0.4409448818897638,0.8666666666666667,0.38461538461538464
27127,HyboNet,4,256,0.0002,10,33,0.4330708661417323,0.9,0.38461538461538464
27128,HyboNet,4,256,0.0002,10,34,0.4409448818897638,0.9,0.38461538461538464
27129,HyboNet,4,256,0.0002,10,35,0.44881889763779526,0.9,0.38461538461538464
27130,HyboNet,4,256,0.0002,10,36,0.4566929133858268,0.9,0.4230769230769231
27131,HyboNet,4,256,0.0002,10,37,0.47244094488188976,0.9,0.46153846153846156
27132,HyboNet,4,256,0.0002,10,38,0.47244094488188976,0.9,0.5
27133,HyboNet,4,256,0.0002,10,39,0.4645669291338583,0.9,0.5
27134,HyboNet,4,256,0.0002,10,4,0.5354330708661418,0.6,0.5769230769230769
27135,HyboNet,4,256,0.0002,10,40,0.4566929133858268,0.9333333333333333,0.4230769230769231
27136,HyboNet,4,256,0.0002,10,41,0.44881889763779526,0.9,0.46153846153846156
27137,HyboNet,4,256,0.0002,10,42,0.44881889763779526,0.9,0.46153846153846156
27138,HyboNet,4,256,0.0002,10,43,0.4645669291338583,0.9,0.5
27139,HyboNet,4,256,0.0002,10,44,0.47244094488188976,0.9333333333333333,0.5384615384615384
27140,HyboNet,4,256,0.0002,10,45,0.4645669291338583,0.9333333333333333,0.46153846153846156
27141,HyboNet,4,256,0.0002,10,46,0.41732283464566927,0.9,0.46153846153846156
27142,HyboNet,4,256,0.0002,10,47,0.41732283464566927,0.9,0.46153846153846156
27143,HyboNet,4,256,0.0002,10,48,0.44881889763779526,0.9333333333333333,0.46153846153846156
27144,HyboNet,4,256,0.0002,10,49,0.44881889763779526,0.9333333333333333,0.46153846153846156
27145,HyboNet,4,256,0.0002,10,5,0.5354330708661418,0.6,0.5769230769230769
27146,HyboNet,4,256,0.0002,10,50,0.4330708661417323,0.9333333333333333,0.46153846153846156
27147,HyboNet,4,256,0.0002,10,51,0.3779527559055118,0.9333333333333333,0.4230769230769231
27148,HyboNet,4,256,0.0002,10,52,0.3937007874015748,0.9,0.4230769230769231
27149,HyboNet,4,256,0.0002,10,53,0.4015748031496063,0.9333333333333333,0.4230769230769231
27150,HyboNet,4,256,0.0002,10,54,0.4094488188976378,0.9333333333333333,0.46153846153846156
27151,HyboNet,4,256,0.0002,10,55,0.4094488188976378,0.9333333333333333,0.46153846153846156
27152,HyboNet,4,256,0.0002,10,56,0.4330708661417323,0.9333333333333333,0.5
27153,HyboNet,4,256,0.0002,10,57,0.41732283464566927,0.9333333333333333,0.5
27154,HyboNet,4,256,0.0002,10,58,0.4015748031496063,0.9666666666666667,0.46153846153846156
27155,HyboNet,4,256,0.0002,10,59,0.4094488188976378,0.9666666666666667,0.38461538461538464
27156,HyboNet,4,256,0.0002,10,6,0.5354330708661418,0.6333333333333333,0.5769230769230769
27157,HyboNet,4,256,0.0002,10,60,0.4094488188976378,0.9666666666666667,0.4230769230769231
27158,HyboNet,4,256,0.0002,10,61,0.4330708661417323,0.9666666666666667,0.38461538461538464
27159,HyboNet,4,256,0.0002,10,62,0.4251968503937008,0.9666666666666667,0.38461538461538464
27160,HyboNet,4,256,0.0002,10,63,0.4094488188976378,0.9333333333333333,0.38461538461538464
27161,HyboNet,4,256,0.0002,10,64,0.4094488188976378,0.9333333333333333,0.38461538461538464
27162,HyboNet,4,256,0.0002,10,65,0.4015748031496063,0.9666666666666667,0.38461538461538464
27163,HyboNet,4,256,0.0002,10,66,0.3858267716535433,0.9666666666666667,0.34615384615384615
27164,HyboNet,4,256,0.0002,10,67,0.3858267716535433,0.9666666666666667,0.34615384615384615
27165,HyboNet,4,256,0.0002,10,68,0.4015748031496063,0.9666666666666667,0.34615384615384615
27166,HyboNet,4,256,0.0002,10,69,0.4015748031496063,0.9666666666666667,0.34615384615384615
27167,HyboNet,4,256,0.0002,10,7,0.5433070866141733,0.7,0.5769230769230769
27168,HyboNet,4,256,0.0002,10,70,0.36220472440944884,0.9666666666666667,0.34615384615384615
27169,HyboNet,4,256,0.0002,10,71,0.36220472440944884,0.9666666666666667,0.34615384615384615
27170,HyboNet,4,256,0.0002,10,72,0.36220472440944884,0.9666666666666667,0.34615384615384615
27171,HyboNet,4,256,0.0002,10,73,0.36220472440944884,1.0,0.3076923076923077
27172,HyboNet,4,256,0.0002,10,74,0.3464566929133858,1.0,0.3076923076923077
27173,HyboNet,4,256,0.0002,10,75,0.36220472440944884,1.0,0.3076923076923077
27174,HyboNet,4,256,0.0002,10,76,0.3779527559055118,1.0,0.3076923076923077
27175,HyboNet,4,256,0.0002,10,77,0.3858267716535433,1.0,0.3076923076923077
27176,HyboNet,4,256,0.0002,10,78,0.3858267716535433,1.0,0.3076923076923077
27177,HyboNet,4,256,0.0002,10,79,0.3700787401574803,1.0,0.3076923076923077
27178,HyboNet,4,256,0.0002,10,8,0.5354330708661418,0.7333333333333333,0.5769230769230769
27179,HyboNet,4,256,0.0002,10,80,0.3700787401574803,1.0,0.3076923076923077
27180,HyboNet,4,256,0.0002,10,81,0.3700787401574803,1.0,0.3076923076923077
27181,HyboNet,4,256,0.0002,10,82,0.3700787401574803,1.0,0.3076923076923077
27182,HyboNet,4,256,0.0002,10,83,0.3700787401574803,1.0,0.3076923076923077
27183,HyboNet,4,256,0.0002,10,84,0.3700787401574803,1.0,0.3076923076923077
27184,HyboNet,4,256,0.0002,10,85,0.3543307086614173,1.0,0.3076923076923077
27185,HyboNet,4,256,0.0002,10,86,0.3543307086614173,1.0,0.3076923076923077
27186,HyboNet,4,256,0.0002,10,87,0.3779527559055118,1.0,0.34615384615384615
27187,HyboNet,4,256,0.0002,10,88,0.3937007874015748,1.0,0.4230769230769231
27188,HyboNet,4,256,0.0002,10,89,0.3858267716535433,1.0,0.4230769230769231
27189,HyboNet,4,256,0.0002,10,9,0.5354330708661418,0.7333333333333333,0.5769230769230769
27190,HyboNet,4,256,0.0002,10,90,0.3779527559055118,1.0,0.4230769230769231
27191,HyboNet,4,256,0.0002,10,91,0.36220472440944884,1.0,0.4230769230769231
27192,HyboNet,4,256,0.0002,10,92,0.3700787401574803,1.0,0.4230769230769231
27193,HyboNet,4,256,0.0002,10,93,0.3858267716535433,1.0,0.4230769230769231
27194,HyboNet,4,256,0.0002,10,94,0.3543307086614173,1.0,0.4230769230769231
27195,HyboNet,4,256,0.0002,10,95,0.33070866141732286,1.0,0.38461538461538464
27196,HyboNet,4,256,0.0002,10,96,0.3228346456692913,1.0,0.34615384615384615
27197,HyboNet,4,256,0.0002,10,97,0.3543307086614173,1.0,0.4230769230769231
27198,HyboNet,4,256,0.0002,10,98,0.4094488188976378,1.0,0.46153846153846156
27199,HyboNet,4,256,0.0002,10,99,0.41732283464566927,1.0,0.46153846153846156
27200,HyboNet,4,256,0.0002,2,1,0.5354330708661418,0.6,0.5769230769230769
27201,HyboNet,4,256,0.0002,2,10,0.5433070866141733,0.7666666666666667,0.5769230769230769
27202,HyboNet,4,256,0.0002,2,100,0.49606299212598426,1.0,0.46153846153846156
27203,HyboNet,4,256,0.0002,2,11,0.5433070866141733,0.7666666666666667,0.5769230769230769
27204,HyboNet,4,256,0.0002,2,12,0.5590551181102362,0.7666666666666667,0.5769230769230769
27205,HyboNet,4,256,0.0002,2,13,0.5669291338582677,0.7333333333333333,0.5384615384615384
27206,HyboNet,4,256,0.0002,2,14,0.5433070866141733,0.7333333333333333,0.5769230769230769
27207,HyboNet,4,256,0.0002,2,15,0.5354330708661418,0.8,0.5384615384615384
27208,HyboNet,4,256,0.0002,2,16,0.5196850393700787,0.7666666666666667,0.5384615384615384
27209,HyboNet,4,256,0.0002,2,17,0.5275590551181102,0.7666666666666667,0.5384615384615384
27210,HyboNet,4,256,0.0002,2,18,0.5039370078740157,0.7666666666666667,0.5384615384615384
27211,HyboNet,4,256,0.0002,2,19,0.5196850393700787,0.8,0.5
27212,HyboNet,4,256,0.0002,2,2,0.5354330708661418,0.6,0.5769230769230769
27213,HyboNet,4,256,0.0002,2,20,0.5196850393700787,0.8333333333333334,0.5
27214,HyboNet,4,256,0.0002,2,21,0.5275590551181102,0.8333333333333334,0.5
27215,HyboNet,4,256,0.0002,2,22,0.5118110236220472,0.8333333333333334,0.5
27216,HyboNet,4,256,0.0002,2,23,0.5118110236220472,0.8333333333333334,0.5
27217,HyboNet,4,256,0.0002,2,24,0.5196850393700787,0.8333333333333334,0.5
27218,HyboNet,4,256,0.0002,2,25,0.5196850393700787,0.8333333333333334,0.5
27219,HyboNet,4,256,0.0002,2,26,0.5275590551181102,0.8333333333333334,0.5
27220,HyboNet,4,256,0.0002,2,27,0.5275590551181102,0.8333333333333334,0.5
27221,HyboNet,4,256,0.0002,2,28,0.5275590551181102,0.8333333333333334,0.5
27222,HyboNet,4,256,0.0002,2,29,0.5275590551181102,0.8666666666666667,0.5
27223,HyboNet,4,256,0.0002,2,3,0.5354330708661418,0.6,0.5769230769230769
27224,HyboNet,4,256,0.0002,2,30,0.5196850393700787,0.8666666666666667,0.5
27225,HyboNet,4,256,0.0002,2,31,0.5275590551181102,0.8666666666666667,0.5
27226,HyboNet,4,256,0.0002,2,32,0.5196850393700787,0.9,0.5
27227,HyboNet,4,256,0.0002,2,33,0.5118110236220472,0.9,0.5
27228,HyboNet,4,256,0.0002,2,34,0.5039370078740157,0.9,0.5
27229,HyboNet,4,256,0.0002,2,35,0.49606299212598426,0.9,0.5384615384615384
27230,HyboNet,4,256,0.0002,2,36,0.48031496062992124,0.9,0.5384615384615384
27231,HyboNet,4,256,0.0002,2,37,0.5039370078740157,0.9333333333333333,0.5384615384615384
27232,HyboNet,4,256,0.0002,2,38,0.49606299212598426,0.9333333333333333,0.5
27233,HyboNet,4,256,0.0002,2,39,0.4881889763779528,0.9333333333333333,0.5384615384615384
27234,HyboNet,4,256,0.0002,2,4,0.5354330708661418,0.6,0.5769230769230769
27235,HyboNet,4,256,0.0002,2,40,0.48031496062992124,0.9333333333333333,0.5384615384615384
27236,HyboNet,4,256,0.0002,2,41,0.48031496062992124,0.9,0.5384615384615384
27237,HyboNet,4,256,0.0002,2,42,0.47244094488188976,0.9,0.5
27238,HyboNet,4,256,0.0002,2,43,0.4645669291338583,0.9,0.5
27239,HyboNet,4,256,0.0002,2,44,0.4881889763779528,0.9333333333333333,0.5384615384615384
27240,HyboNet,4,256,0.0002,2,45,0.47244094488188976,0.9333333333333333,0.5384615384615384
27241,HyboNet,4,256,0.0002,2,46,0.47244094488188976,0.9333333333333333,0.5384615384615384
27242,HyboNet,4,256,0.0002,2,47,0.48031496062992124,0.9666666666666667,0.5384615384615384
27243,HyboNet,4,256,0.0002,2,48,0.47244094488188976,0.9666666666666667,0.5384615384615384
27244,HyboNet,4,256,0.0002,2,49,0.47244094488188976,0.9666666666666667,0.5384615384615384
27245,HyboNet,4,256,0.0002,2,5,0.5275590551181102,0.7333333333333333,0.5769230769230769
27246,HyboNet,4,256,0.0002,2,50,0.48031496062992124,0.9333333333333333,0.5384615384615384
27247,HyboNet,4,256,0.0002,2,51,0.48031496062992124,0.9333333333333333,0.5384615384615384
27248,HyboNet,4,256,0.0002,2,52,0.4645669291338583,0.9666666666666667,0.46153846153846156
27249,HyboNet,4,256,0.0002,2,53,0.4409448818897638,0.9666666666666667,0.38461538461538464
27250,HyboNet,4,256,0.0002,2,54,0.47244094488188976,0.9333333333333333,0.5
27251,HyboNet,4,256,0.0002,2,55,0.49606299212598426,0.9333333333333333,0.5384615384615384
27252,HyboNet,4,256,0.0002,2,56,0.49606299212598426,0.9333333333333333,0.5384615384615384
27253,HyboNet,4,256,0.0002,2,57,0.49606299212598426,0.9333333333333333,0.5
27254,HyboNet,4,256,0.0002,2,58,0.49606299212598426,0.9333333333333333,0.5
27255,HyboNet,4,256,0.0002,2,59,0.47244094488188976,0.9666666666666667,0.5
27256,HyboNet,4,256,0.0002,2,6,0.5354330708661418,0.7333333333333333,0.5769230769230769
27257,HyboNet,4,256,0.0002,2,60,0.47244094488188976,1.0,0.5
27258,HyboNet,4,256,0.0002,2,61,0.49606299212598426,1.0,0.5384615384615384
27259,HyboNet,4,256,0.0002,2,62,0.5039370078740157,1.0,0.5384615384615384
27260,HyboNet,4,256,0.0002,2,63,0.49606299212598426,0.9666666666666667,0.5384615384615384
27261,HyboNet,4,256,0.0002,2,64,0.49606299212598426,0.9666666666666667,0.5384615384615384
27262,HyboNet,4,256,0.0002,2,65,0.4645669291338583,1.0,0.46153846153846156
27263,HyboNet,4,256,0.0002,2,66,0.4566929133858268,1.0,0.38461538461538464
27264,HyboNet,4,256,0.0002,2,67,0.4645669291338583,1.0,0.46153846153846156
27265,HyboNet,4,256,0.0002,2,68,0.4881889763779528,1.0,0.5384615384615384
27266,HyboNet,4,256,0.0002,2,69,0.48031496062992124,1.0,0.5384615384615384
27267,HyboNet,4,256,0.0002,2,7,0.5433070866141733,0.7666666666666667,0.5769230769230769
27268,HyboNet,4,256,0.0002,2,70,0.4645669291338583,1.0,0.5
27269,HyboNet,4,256,0.0002,2,71,0.47244094488188976,1.0,0.4230769230769231
27270,HyboNet,4,256,0.0002,2,72,0.4409448818897638,1.0,0.38461538461538464
27271,HyboNet,4,256,0.0002,2,73,0.41732283464566927,1.0,0.34615384615384615
27272,HyboNet,4,256,0.0002,2,74,0.41732283464566927,1.0,0.38461538461538464
27273,HyboNet,4,256,0.0002,2,75,0.4094488188976378,1.0,0.38461538461538464
27274,HyboNet,4,256,0.0002,2,76,0.4094488188976378,1.0,0.38461538461538464
27275,HyboNet,4,256,0.0002,2,77,0.4094488188976378,1.0,0.34615384615384615
27276,HyboNet,4,256,0.0002,2,78,0.4094488188976378,1.0,0.34615384615384615
27277,HyboNet,4,256,0.0002,2,79,0.4094488188976378,1.0,0.3076923076923077
27278,HyboNet,4,256,0.0002,2,8,0.5433070866141733,0.7666666666666667,0.5769230769230769
27279,HyboNet,4,256,0.0002,2,80,0.4015748031496063,1.0,0.34615384615384615
27280,HyboNet,4,256,0.0002,2,81,0.4015748031496063,1.0,0.34615384615384615
27281,HyboNet,4,256,0.0002,2,82,0.41732283464566927,1.0,0.34615384615384615
27282,HyboNet,4,256,0.0002,2,83,0.41732283464566927,1.0,0.38461538461538464
27283,HyboNet,4,256,0.0002,2,84,0.4094488188976378,1.0,0.38461538461538464
27284,HyboNet,4,256,0.0002,2,85,0.4094488188976378,1.0,0.38461538461538464
27285,HyboNet,4,256,0.0002,2,86,0.3937007874015748,1.0,0.34615384615384615
27286,HyboNet,4,256,0.0002,2,87,0.4094488188976378,1.0,0.3076923076923077
27287,HyboNet,4,256,0.0002,2,88,0.3937007874015748,1.0,0.3076923076923077
27288,HyboNet,4,256,0.0002,2,89,0.4015748031496063,1.0,0.34615384615384615
27289,HyboNet,4,256,0.0002,2,9,0.5433070866141733,0.7666666666666667,0.5769230769230769
27290,HyboNet,4,256,0.0002,2,90,0.4015748031496063,1.0,0.38461538461538464
27291,HyboNet,4,256,0.0002,2,91,0.44881889763779526,1.0,0.4230769230769231
27292,HyboNet,4,256,0.0002,2,92,0.4645669291338583,1.0,0.4230769230769231
27293,HyboNet,4,256,0.0002,2,93,0.4645669291338583,1.0,0.4230769230769231
27294,HyboNet,4,256,0.0002,2,94,0.4251968503937008,1.0,0.38461538461538464
27295,HyboNet,4,256,0.0002,2,95,0.4015748031496063,1.0,0.34615384615384615
27296,HyboNet,4,256,0.0002,2,96,0.4015748031496063,1.0,0.2692307692307692
27297,HyboNet,4,256,0.0002,2,97,0.4409448818897638,1.0,0.38461538461538464
27298,HyboNet,4,256,0.0002,2,98,0.48031496062992124,1.0,0.4230769230769231
27299,HyboNet,4,256,0.0002,2,99,0.4881889763779528,1.0,0.46153846153846156
27300,HyboNet,4,256,0.0002,3,1,0.44881889763779526,0.5666666666666667,0.5384615384615384
27301,HyboNet,4,256,0.0002,3,10,0.5433070866141733,0.7,0.5769230769230769
27302,HyboNet,4,256,0.0002,3,100,0.36220472440944884,1.0,0.2692307692307692
27303,HyboNet,4,256,0.0002,3,11,0.5433070866141733,0.7,0.5769230769230769
27304,HyboNet,4,256,0.0002,3,12,0.5433070866141733,0.7,0.5769230769230769
27305,HyboNet,4,256,0.0002,3,13,0.5433070866141733,0.7,0.5769230769230769
27306,HyboNet,4,256,0.0002,3,14,0.5511811023622047,0.7,0.5769230769230769
27307,HyboNet,4,256,0.0002,3,15,0.5748031496062992,0.7666666666666667,0.5769230769230769
27308,HyboNet,4,256,0.0002,3,16,0.5748031496062992,0.7666666666666667,0.6153846153846154
27309,HyboNet,4,256,0.0002,3,17,0.5511811023622047,0.7666666666666667,0.6153846153846154
27310,HyboNet,4,256,0.0002,3,18,0.5511811023622047,0.8,0.5769230769230769
27311,HyboNet,4,256,0.0002,3,19,0.5511811023622047,0.8,0.5769230769230769
27312,HyboNet,4,256,0.0002,3,2,0.5275590551181102,0.6,0.5769230769230769
27313,HyboNet,4,256,0.0002,3,20,0.5511811023622047,0.8,0.5769230769230769
27314,HyboNet,4,256,0.0002,3,21,0.5511811023622047,0.8333333333333334,0.5769230769230769
27315,HyboNet,4,256,0.0002,3,22,0.5354330708661418,0.8333333333333334,0.5384615384615384
27316,HyboNet,4,256,0.0002,3,23,0.5118110236220472,0.8666666666666667,0.46153846153846156
27317,HyboNet,4,256,0.0002,3,24,0.5118110236220472,0.8666666666666667,0.46153846153846156
27318,HyboNet,4,256,0.0002,3,25,0.49606299212598426,0.9,0.4230769230769231
27319,HyboNet,4,256,0.0002,3,26,0.5039370078740157,0.9,0.4230769230769231
27320,HyboNet,4,256,0.0002,3,27,0.49606299212598426,0.9,0.4230769230769231
27321,HyboNet,4,256,0.0002,3,28,0.49606299212598426,0.9,0.46153846153846156
27322,HyboNet,4,256,0.0002,3,29,0.5039370078740157,0.9,0.46153846153846156
27323,HyboNet,4,256,0.0002,3,3,0.5354330708661418,0.6,0.5769230769230769
27324,HyboNet,4,256,0.0002,3,30,0.49606299212598426,0.9,0.46153846153846156
27325,HyboNet,4,256,0.0002,3,31,0.5039370078740157,0.8666666666666667,0.46153846153846156
27326,HyboNet,4,256,0.0002,3,32,0.49606299212598426,0.9,0.46153846153846156
27327,HyboNet,4,256,0.0002,3,33,0.4881889763779528,0.9333333333333333,0.46153846153846156
27328,HyboNet,4,256,0.0002,3,34,0.49606299212598426,0.9333333333333333,0.46153846153846156
27329,HyboNet,4,256,0.0002,3,35,0.4881889763779528,0.9333333333333333,0.4230769230769231
27330,HyboNet,4,256,0.0002,3,36,0.48031496062992124,0.9333333333333333,0.4230769230769231
27331,HyboNet,4,256,0.0002,3,37,0.48031496062992124,0.9333333333333333,0.46153846153846156
27332,HyboNet,4,256,0.0002,3,38,0.47244094488188976,0.9333333333333333,0.46153846153846156
27333,HyboNet,4,256,0.0002,3,39,0.47244094488188976,0.9333333333333333,0.46153846153846156
27334,HyboNet,4,256,0.0002,3,4,0.5354330708661418,0.6,0.5769230769230769
27335,HyboNet,4,256,0.0002,3,40,0.47244094488188976,0.9333333333333333,0.46153846153846156
27336,HyboNet,4,256,0.0002,3,41,0.47244094488188976,0.9333333333333333,0.46153846153846156
27337,HyboNet,4,256,0.0002,3,42,0.44881889763779526,0.9333333333333333,0.46153846153846156
27338,HyboNet,4,256,0.0002,3,43,0.44881889763779526,0.9333333333333333,0.46153846153846156
27339,HyboNet,4,256,0.0002,3,44,0.44881889763779526,0.9333333333333333,0.46153846153846156
27340,HyboNet,4,256,0.0002,3,45,0.44881889763779526,0.9333333333333333,0.46153846153846156
27341,HyboNet,4,256,0.0002,3,46,0.44881889763779526,0.9333333333333333,0.46153846153846156
27342,HyboNet,4,256,0.0002,3,47,0.4645669291338583,0.9333333333333333,0.46153846153846156
27343,HyboNet,4,256,0.0002,3,48,0.44881889763779526,0.9333333333333333,0.46153846153846156
27344,HyboNet,4,256,0.0002,3,49,0.44881889763779526,0.9333333333333333,0.46153846153846156
27345,HyboNet,4,256,0.0002,3,5,0.5354330708661418,0.6,0.5769230769230769
27346,HyboNet,4,256,0.0002,3,50,0.44881889763779526,0.9333333333333333,0.4230769230769231
27347,HyboNet,4,256,0.0002,3,51,0.4409448818897638,0.9333333333333333,0.34615384615384615
27348,HyboNet,4,256,0.0002,3,52,0.44881889763779526,0.9333333333333333,0.34615384615384615
27349,HyboNet,4,256,0.0002,3,53,0.4409448818897638,0.9333333333333333,0.4230769230769231
27350,HyboNet,4,256,0.0002,3,54,0.4409448818897638,0.9333333333333333,0.46153846153846156
27351,HyboNet,4,256,0.0002,3,55,0.4330708661417323,0.9333333333333333,0.4230769230769231
27352,HyboNet,4,256,0.0002,3,56,0.4251968503937008,1.0,0.34615384615384615
27353,HyboNet,4,256,0.0002,3,57,0.41732283464566927,1.0,0.34615384615384615
27354,HyboNet,4,256,0.0002,3,58,0.41732283464566927,1.0,0.34615384615384615
27355,HyboNet,4,256,0.0002,3,59,0.4094488188976378,1.0,0.34615384615384615
27356,HyboNet,4,256,0.0002,3,6,0.5354330708661418,0.6333333333333333,0.5769230769230769
27357,HyboNet,4,256,0.0002,3,60,0.4015748031496063,1.0,0.34615384615384615
27358,HyboNet,4,256,0.0002,3,61,0.4094488188976378,0.9666666666666667,0.34615384615384615
27359,HyboNet,4,256,0.0002,3,62,0.41732283464566927,0.9666666666666667,0.34615384615384615
27360,HyboNet,4,256,0.0002,3,63,0.41732283464566927,0.9666666666666667,0.34615384615384615
27361,HyboNet,4,256,0.0002,3,64,0.3937007874015748,1.0,0.3076923076923077
27362,HyboNet,4,256,0.0002,3,65,0.3779527559055118,1.0,0.3076923076923077
27363,HyboNet,4,256,0.0002,3,66,0.3779527559055118,1.0,0.3076923076923077
27364,HyboNet,4,256,0.0002,3,67,0.4015748031496063,1.0,0.3076923076923077
27365,HyboNet,4,256,0.0002,3,68,0.3858267716535433,1.0,0.34615384615384615
27366,HyboNet,4,256,0.0002,3,69,0.4015748031496063,1.0,0.34615384615384615
27367,HyboNet,4,256,0.0002,3,7,0.5354330708661418,0.6333333333333333,0.5769230769230769
27368,HyboNet,4,256,0.0002,3,70,0.3937007874015748,1.0,0.3076923076923077
27369,HyboNet,4,256,0.0002,3,71,0.3700787401574803,1.0,0.3076923076923077
27370,HyboNet,4,256,0.0002,3,72,0.3858267716535433,1.0,0.3076923076923077
27371,HyboNet,4,256,0.0002,3,73,0.3779527559055118,1.0,0.3076923076923077
27372,HyboNet,4,256,0.0002,3,74,0.3700787401574803,1.0,0.3076923076923077
27373,HyboNet,4,256,0.0002,3,75,0.3700787401574803,1.0,0.3076923076923077
27374,HyboNet,4,256,0.0002,3,76,0.3779527559055118,1.0,0.3076923076923077
27375,HyboNet,4,256,0.0002,3,77,0.3543307086614173,1.0,0.3076923076923077
27376,HyboNet,4,256,0.0002,3,78,0.3543307086614173,1.0,0.2692307692307692
27377,HyboNet,4,256,0.0002,3,79,0.3700787401574803,1.0,0.34615384615384615
27378,HyboNet,4,256,0.0002,3,8,0.5354330708661418,0.6333333333333333,0.5769230769230769
27379,HyboNet,4,256,0.0002,3,80,0.3779527559055118,1.0,0.34615384615384615
27380,HyboNet,4,256,0.0002,3,81,0.3937007874015748,1.0,0.34615384615384615
27381,HyboNet,4,256,0.0002,3,82,0.3858267716535433,1.0,0.34615384615384615
27382,HyboNet,4,256,0.0002,3,83,0.3700787401574803,1.0,0.3076923076923077
27383,HyboNet,4,256,0.0002,3,84,0.36220472440944884,1.0,0.2692307692307692
27384,HyboNet,4,256,0.0002,3,85,0.3700787401574803,1.0,0.3076923076923077
27385,HyboNet,4,256,0.0002,3,86,0.36220472440944884,1.0,0.34615384615384615
27386,HyboNet,4,256,0.0002,3,87,0.3700787401574803,1.0,0.34615384615384615
27387,HyboNet,4,256,0.0002,3,88,0.3543307086614173,1.0,0.34615384615384615
27388,HyboNet,4,256,0.0002,3,89,0.3464566929133858,1.0,0.34615384615384615
27389,HyboNet,4,256,0.0002,3,9,0.5433070866141733,0.6666666666666666,0.5769230769230769
27390,HyboNet,4,256,0.0002,3,90,0.33858267716535434,1.0,0.34615384615384615
27391,HyboNet,4,256,0.0002,3,91,0.3543307086614173,1.0,0.34615384615384615
27392,HyboNet,4,256,0.0002,3,92,0.36220472440944884,1.0,0.34615384615384615
27393,HyboNet,4,256,0.0002,3,93,0.3543307086614173,1.0,0.34615384615384615
27394,HyboNet,4,256,0.0002,3,94,0.3543307086614173,1.0,0.34615384615384615
27395,HyboNet,4,256,0.0002,3,95,0.3543307086614173,1.0,0.34615384615384615
27396,HyboNet,4,256,0.0002,3,96,0.36220472440944884,1.0,0.23076923076923078
27397,HyboNet,4,256,0.0002,3,97,0.3464566929133858,1.0,0.23076923076923078
27398,HyboNet,4,256,0.0002,3,98,0.31496062992125984,1.0,0.23076923076923078
27399,HyboNet,4,256,0.0002,3,99,0.31496062992125984,1.0,0.23076923076923078
27400,HyboNet,4,256,0.0002,4,1,0.5118110236220472,0.6,0.5384615384615384
27401,HyboNet,4,256,0.0002,4,10,0.5433070866141733,0.7,0.5769230769230769
27402,HyboNet,4,256,0.0002,4,100,0.3700787401574803,1.0,0.2692307692307692
27403,HyboNet,4,256,0.0002,4,11,0.5433070866141733,0.7333333333333333,0.5769230769230769
27404,HyboNet,4,256,0.0002,4,12,0.5433070866141733,0.7333333333333333,0.5769230769230769
27405,HyboNet,4,256,0.0002,4,13,0.5433070866141733,0.7333333333333333,0.5769230769230769
27406,HyboNet,4,256,0.0002,4,14,0.5354330708661418,0.7333333333333333,0.5769230769230769
27407,HyboNet,4,256,0.0002,4,15,0.5433070866141733,0.7666666666666667,0.5384615384615384
27408,HyboNet,4,256,0.0002,4,16,0.5511811023622047,0.7666666666666667,0.5769230769230769
27409,HyboNet,4,256,0.0002,4,17,0.5590551181102362,0.7666666666666667,0.5769230769230769
27410,HyboNet,4,256,0.0002,4,18,0.5669291338582677,0.7666666666666667,0.6153846153846154
27411,HyboNet,4,256,0.0002,4,19,0.5433070866141733,0.8,0.5769230769230769
27412,HyboNet,4,256,0.0002,4,2,0.5354330708661418,0.6,0.5769230769230769
27413,HyboNet,4,256,0.0002,4,20,0.5354330708661418,0.8,0.5769230769230769
27414,HyboNet,4,256,0.0002,4,21,0.5354330708661418,0.8,0.5769230769230769
27415,HyboNet,4,256,0.0002,4,22,0.5118110236220472,0.8,0.5769230769230769
27416,HyboNet,4,256,0.0002,4,23,0.49606299212598426,0.8,0.5
27417,HyboNet,4,256,0.0002,4,24,0.48031496062992124,0.8333333333333334,0.5
27418,HyboNet,4,256,0.0002,4,25,0.4566929133858268,0.8333333333333334,0.5384615384615384
27419,HyboNet,4,256,0.0002,4,26,0.4566929133858268,0.8333333333333334,0.5384615384615384
27420,HyboNet,4,256,0.0002,4,27,0.4566929133858268,0.8333333333333334,0.5384615384615384
27421,HyboNet,4,256,0.0002,4,28,0.4566929133858268,0.8333333333333334,0.5384615384615384
27422,HyboNet,4,256,0.0002,4,29,0.4566929133858268,0.8333333333333334,0.5384615384615384
27423,HyboNet,4,256,0.0002,4,3,0.5354330708661418,0.6,0.5769230769230769
27424,HyboNet,4,256,0.0002,4,30,0.4409448818897638,0.8666666666666667,0.5384615384615384
27425,HyboNet,4,256,0.0002,4,31,0.4409448818897638,0.8666666666666667,0.5384615384615384
27426,HyboNet,4,256,0.0002,4,32,0.4330708661417323,0.9,0.5384615384615384
27427,HyboNet,4,256,0.0002,4,33,0.4330708661417323,0.9,0.5
27428,HyboNet,4,256,0.0002,4,34,0.4330708661417323,0.9,0.46153846153846156
27429,HyboNet,4,256,0.0002,4,35,0.44881889763779526,0.9,0.5384615384615384
27430,HyboNet,4,256,0.0002,4,36,0.4881889763779528,0.9333333333333333,0.5769230769230769
27431,HyboNet,4,256,0.0002,4,37,0.4881889763779528,0.9333333333333333,0.5769230769230769
27432,HyboNet,4,256,0.0002,4,38,0.4881889763779528,0.9333333333333333,0.5769230769230769
27433,HyboNet,4,256,0.0002,4,39,0.48031496062992124,0.9333333333333333,0.5769230769230769
27434,HyboNet,4,256,0.0002,4,4,0.5354330708661418,0.6,0.5769230769230769
27435,HyboNet,4,256,0.0002,4,40,0.44881889763779526,0.9333333333333333,0.5384615384615384
27436,HyboNet,4,256,0.0002,4,41,0.4330708661417323,0.9333333333333333,0.5
27437,HyboNet,4,256,0.0002,4,42,0.4409448818897638,0.9333333333333333,0.5384615384615384
27438,HyboNet,4,256,0.0002,4,43,0.4409448818897638,0.9333333333333333,0.5384615384615384
27439,HyboNet,4,256,0.0002,4,44,0.4409448818897638,0.9333333333333333,0.5384615384615384
27440,HyboNet,4,256,0.0002,4,45,0.44881889763779526,0.9333333333333333,0.5384615384615384
27441,HyboNet,4,256,0.0002,4,46,0.4330708661417323,0.9333333333333333,0.5
27442,HyboNet,4,256,0.0002,4,47,0.4094488188976378,0.9333333333333333,0.5384615384615384
27443,HyboNet,4,256,0.0002,4,48,0.44881889763779526,0.9333333333333333,0.5384615384615384
27444,HyboNet,4,256,0.0002,4,49,0.4409448818897638,0.9333333333333333,0.5384615384615384
27445,HyboNet,4,256,0.0002,4,5,0.5354330708661418,0.6,0.5769230769230769
27446,HyboNet,4,256,0.0002,4,50,0.41732283464566927,0.9333333333333333,0.5384615384615384
27447,HyboNet,4,256,0.0002,4,51,0.4094488188976378,0.9333333333333333,0.5
27448,HyboNet,4,256,0.0002,4,52,0.4094488188976378,0.9333333333333333,0.46153846153846156
27449,HyboNet,4,256,0.0002,4,53,0.4015748031496063,0.9333333333333333,0.34615384615384615
27450,HyboNet,4,256,0.0002,4,54,0.41732283464566927,0.9333333333333333,0.34615384615384615
27451,HyboNet,4,256,0.0002,4,55,0.4094488188976378,0.9333333333333333,0.3076923076923077
27452,HyboNet,4,256,0.0002,4,56,0.4094488188976378,0.9333333333333333,0.34615384615384615
27453,HyboNet,4,256,0.0002,4,57,0.3779527559055118,0.9333333333333333,0.34615384615384615
27454,HyboNet,4,256,0.0002,4,58,0.3858267716535433,0.9333333333333333,0.38461538461538464
27455,HyboNet,4,256,0.0002,4,59,0.3779527559055118,0.9333333333333333,0.38461538461538464
27456,HyboNet,4,256,0.0002,4,6,0.5354330708661418,0.6,0.5769230769230769
27457,HyboNet,4,256,0.0002,4,60,0.3779527559055118,0.9333333333333333,0.38461538461538464
27458,HyboNet,4,256,0.0002,4,61,0.3779527559055118,0.9333333333333333,0.34615384615384615
27459,HyboNet,4,256,0.0002,4,62,0.3858267716535433,0.9666666666666667,0.34615384615384615
27460,HyboNet,4,256,0.0002,4,63,0.3858267716535433,0.9333333333333333,0.34615384615384615
27461,HyboNet,4,256,0.0002,4,64,0.3858267716535433,0.9666666666666667,0.3076923076923077
27462,HyboNet,4,256,0.0002,4,65,0.4015748031496063,1.0,0.3076923076923077
27463,HyboNet,4,256,0.0002,4,66,0.3858267716535433,1.0,0.34615384615384615
27464,HyboNet,4,256,0.0002,4,67,0.3937007874015748,1.0,0.38461538461538464
27465,HyboNet,4,256,0.0002,4,68,0.4015748031496063,1.0,0.38461538461538464
27466,HyboNet,4,256,0.0002,4,69,0.4015748031496063,1.0,0.34615384615384615
27467,HyboNet,4,256,0.0002,4,7,0.5354330708661418,0.6666666666666666,0.5769230769230769
27468,HyboNet,4,256,0.0002,4,70,0.4094488188976378,1.0,0.34615384615384615
27469,HyboNet,4,256,0.0002,4,71,0.4094488188976378,1.0,0.2692307692307692
27470,HyboNet,4,256,0.0002,4,72,0.3937007874015748,1.0,0.3076923076923077
27471,HyboNet,4,256,0.0002,4,73,0.4015748031496063,1.0,0.3076923076923077
27472,HyboNet,4,256,0.0002,4,74,0.4015748031496063,1.0,0.3076923076923077
27473,HyboNet,4,256,0.0002,4,75,0.4015748031496063,1.0,0.3076923076923077
27474,HyboNet,4,256,0.0002,4,76,0.3937007874015748,1.0,0.3076923076923077
27475,HyboNet,4,256,0.0002,4,77,0.3858267716535433,1.0,0.3076923076923077
27476,HyboNet,4,256,0.0002,4,78,0.3858267716535433,1.0,0.34615384615384615
27477,HyboNet,4,256,0.0002,4,79,0.3858267716535433,1.0,0.34615384615384615
27478,HyboNet,4,256,0.0002,4,8,0.5433070866141733,0.7,0.5769230769230769
27479,HyboNet,4,256,0.0002,4,80,0.3779527559055118,1.0,0.3076923076923077
27480,HyboNet,4,256,0.0002,4,81,0.3779527559055118,1.0,0.3076923076923077
27481,HyboNet,4,256,0.0002,4,82,0.3858267716535433,1.0,0.34615384615384615
27482,HyboNet,4,256,0.0002,4,83,0.3858267716535433,1.0,0.34615384615384615
27483,HyboNet,4,256,0.0002,4,84,0.3700787401574803,1.0,0.38461538461538464
27484,HyboNet,4,256,0.0002,4,85,0.3700787401574803,1.0,0.38461538461538464
27485,HyboNet,4,256,0.0002,4,86,0.3937007874015748,1.0,0.34615384615384615
27486,HyboNet,4,256,0.0002,4,87,0.3779527559055118,1.0,0.34615384615384615
27487,HyboNet,4,256,0.0002,4,88,0.3700787401574803,1.0,0.34615384615384615
27488,HyboNet,4,256,0.0002,4,89,0.36220472440944884,1.0,0.2692307692307692
27489,HyboNet,4,256,0.0002,4,9,0.5433070866141733,0.7,0.5769230769230769
27490,HyboNet,4,256,0.0002,4,90,0.36220472440944884,1.0,0.3076923076923077
27491,HyboNet,4,256,0.0002,4,91,0.3700787401574803,1.0,0.3076923076923077
27492,HyboNet,4,256,0.0002,4,92,0.3700787401574803,1.0,0.2692307692307692
27493,HyboNet,4,256,0.0002,4,93,0.3700787401574803,1.0,0.2692307692307692
27494,HyboNet,4,256,0.0002,4,94,0.3700787401574803,1.0,0.2692307692307692
27495,HyboNet,4,256,0.0002,4,95,0.3700787401574803,1.0,0.34615384615384615
27496,HyboNet,4,256,0.0002,4,96,0.3779527559055118,1.0,0.34615384615384615
27497,HyboNet,4,256,0.0002,4,97,0.3779527559055118,1.0,0.34615384615384615
27498,HyboNet,4,256,0.0002,4,98,0.3700787401574803,1.0,0.3076923076923077
27499,HyboNet,4,256,0.0002,4,99,0.3700787401574803,1.0,0.2692307692307692
27500,HyboNet,4,256,0.0002,5,1,0.5354330708661418,0.6,0.5769230769230769
27501,HyboNet,4,256,0.0002,5,10,0.5590551181102362,0.7333333333333333,0.5769230769230769
27502,HyboNet,4,256,0.0002,5,100,0.36220472440944884,1.0,0.3076923076923077
27503,HyboNet,4,256,0.0002,5,11,0.5590551181102362,0.7333333333333333,0.5769230769230769
27504,HyboNet,4,256,0.0002,5,12,0.5669291338582677,0.7666666666666667,0.5769230769230769
27505,HyboNet,4,256,0.0002,5,13,0.5669291338582677,0.7666666666666667,0.6153846153846154
27506,HyboNet,4,256,0.0002,5,14,0.5433070866141733,0.8,0.6538461538461539
27507,HyboNet,4,256,0.0002,5,15,0.5275590551181102,0.8,0.5384615384615384
27508,HyboNet,4,256,0.0002,5,16,0.49606299212598426,0.7666666666666667,0.5384615384615384
27509,HyboNet,4,256,0.0002,5,17,0.49606299212598426,0.7666666666666667,0.5384615384615384
27510,HyboNet,4,256,0.0002,5,18,0.49606299212598426,0.8,0.5384615384615384
27511,HyboNet,4,256,0.0002,5,19,0.47244094488188976,0.8333333333333334,0.5384615384615384
27512,HyboNet,4,256,0.0002,5,2,0.5354330708661418,0.6,0.5769230769230769
27513,HyboNet,4,256,0.0002,5,20,0.4566929133858268,0.8333333333333334,0.5384615384615384
27514,HyboNet,4,256,0.0002,5,21,0.4566929133858268,0.8666666666666667,0.5384615384615384
27515,HyboNet,4,256,0.0002,5,22,0.4409448818897638,0.8666666666666667,0.5384615384615384
27516,HyboNet,4,256,0.0002,5,23,0.4409448818897638,0.8666666666666667,0.5384615384615384
27517,HyboNet,4,256,0.0002,5,24,0.4645669291338583,0.8666666666666667,0.5384615384615384
27518,HyboNet,4,256,0.0002,5,25,0.47244094488188976,0.8666666666666667,0.5384615384615384
27519,HyboNet,4,256,0.0002,5,26,0.4645669291338583,0.8666666666666667,0.5384615384615384
27520,HyboNet,4,256,0.0002,5,27,0.4566929133858268,0.9,0.5384615384615384
27521,HyboNet,4,256,0.0002,5,28,0.4566929133858268,0.9333333333333333,0.5384615384615384
27522,HyboNet,4,256,0.0002,5,29,0.44881889763779526,0.9333333333333333,0.5384615384615384
27523,HyboNet,4,256,0.0002,5,3,0.5354330708661418,0.6,0.5769230769230769
27524,HyboNet,4,256,0.0002,5,30,0.44881889763779526,0.9333333333333333,0.5384615384615384
27525,HyboNet,4,256,0.0002,5,31,0.44881889763779526,0.9333333333333333,0.5384615384615384
27526,HyboNet,4,256,0.0002,5,32,0.4409448818897638,0.9333333333333333,0.5384615384615384
27527,HyboNet,4,256,0.0002,5,33,0.44881889763779526,0.9333333333333333,0.5384615384615384
27528,HyboNet,4,256,0.0002,5,34,0.44881889763779526,0.9333333333333333,0.5384615384615384
27529,HyboNet,4,256,0.0002,5,35,0.44881889763779526,0.9333333333333333,0.5384615384615384
27530,HyboNet,4,256,0.0002,5,36,0.4409448818897638,0.9333333333333333,0.5384615384615384
27531,HyboNet,4,256,0.0002,5,37,0.41732283464566927,0.9333333333333333,0.5384615384615384
27532,HyboNet,4,256,0.0002,5,38,0.41732283464566927,0.9333333333333333,0.5384615384615384
27533,HyboNet,4,256,0.0002,5,39,0.4251968503937008,0.9333333333333333,0.5384615384615384
27534,HyboNet,4,256,0.0002,5,4,0.5433070866141733,0.7,0.5769230769230769
27535,HyboNet,4,256,0.0002,5,40,0.4251968503937008,0.9333333333333333,0.5384615384615384
27536,HyboNet,4,256,0.0002,5,41,0.4094488188976378,0.9333333333333333,0.5384615384615384
27537,HyboNet,4,256,0.0002,5,42,0.41732283464566927,0.9333333333333333,0.5
27538,HyboNet,4,256,0.0002,5,43,0.41732283464566927,0.9333333333333333,0.46153846153846156
27539,HyboNet,4,256,0.0002,5,44,0.4094488188976378,0.9333333333333333,0.4230769230769231
27540,HyboNet,4,256,0.0002,5,45,0.41732283464566927,0.9333333333333333,0.46153846153846156
27541,HyboNet,4,256,0.0002,5,46,0.41732283464566927,0.9333333333333333,0.4230769230769231
27542,HyboNet,4,256,0.0002,5,47,0.3858267716535433,0.9333333333333333,0.38461538461538464
27543,HyboNet,4,256,0.0002,5,48,0.3858267716535433,0.9333333333333333,0.38461538461538464
27544,HyboNet,4,256,0.0002,5,49,0.3937007874015748,0.9333333333333333,0.4230769230769231
27545,HyboNet,4,256,0.0002,5,5,0.5511811023622047,0.8,0.6153846153846154
27546,HyboNet,4,256,0.0002,5,50,0.3937007874015748,0.9333333333333333,0.4230769230769231
27547,HyboNet,4,256,0.0002,5,51,0.3937007874015748,0.9333333333333333,0.38461538461538464
27548,HyboNet,4,256,0.0002,5,52,0.3937007874015748,0.9333333333333333,0.38461538461538464
27549,HyboNet,4,256,0.0002,5,53,0.3937007874015748,0.9666666666666667,0.38461538461538464
27550,HyboNet,4,256,0.0002,5,54,0.3858267716535433,0.9666666666666667,0.38461538461538464
27551,HyboNet,4,256,0.0002,5,55,0.3937007874015748,0.9666666666666667,0.38461538461538464
27552,HyboNet,4,256,0.0002,5,56,0.4094488188976378,1.0,0.38461538461538464
27553,HyboNet,4,256,0.0002,5,57,0.3937007874015748,1.0,0.38461538461538464
27554,HyboNet,4,256,0.0002,5,58,0.3937007874015748,1.0,0.38461538461538464
27555,HyboNet,4,256,0.0002,5,59,0.3937007874015748,1.0,0.38461538461538464
27556,HyboNet,4,256,0.0002,5,6,0.5433070866141733,0.8,0.6538461538461539
27557,HyboNet,4,256,0.0002,5,60,0.4015748031496063,0.9666666666666667,0.38461538461538464
27558,HyboNet,4,256,0.0002,5,61,0.4015748031496063,1.0,0.4230769230769231
27559,HyboNet,4,256,0.0002,5,62,0.3779527559055118,1.0,0.38461538461538464
27560,HyboNet,4,256,0.0002,5,63,0.3700787401574803,1.0,0.34615384615384615
27561,HyboNet,4,256,0.0002,5,64,0.3700787401574803,1.0,0.38461538461538464
27562,HyboNet,4,256,0.0002,5,65,0.3858267716535433,1.0,0.38461538461538464
27563,HyboNet,4,256,0.0002,5,66,0.3858267716535433,1.0,0.34615384615384615
27564,HyboNet,4,256,0.0002,5,67,0.3543307086614173,1.0,0.34615384615384615
27565,HyboNet,4,256,0.0002,5,68,0.3779527559055118,1.0,0.34615384615384615
27566,HyboNet,4,256,0.0002,5,69,0.3779527559055118,1.0,0.34615384615384615
27567,HyboNet,4,256,0.0002,5,7,0.5354330708661418,0.8,0.6538461538461539
27568,HyboNet,4,256,0.0002,5,70,0.36220472440944884,1.0,0.3076923076923077
27569,HyboNet,4,256,0.0002,5,71,0.3700787401574803,1.0,0.3076923076923077
27570,HyboNet,4,256,0.0002,5,72,0.36220472440944884,1.0,0.34615384615384615
27571,HyboNet,4,256,0.0002,5,73,0.36220472440944884,1.0,0.38461538461538464
27572,HyboNet,4,256,0.0002,5,74,0.36220472440944884,1.0,0.38461538461538464
27573,HyboNet,4,256,0.0002,5,75,0.3700787401574803,1.0,0.38461538461538464
27574,HyboNet,4,256,0.0002,5,76,0.3700787401574803,1.0,0.3076923076923077
27575,HyboNet,4,256,0.0002,5,77,0.36220472440944884,1.0,0.3076923076923077
27576,HyboNet,4,256,0.0002,5,78,0.36220472440944884,1.0,0.3076923076923077
27577,HyboNet,4,256,0.0002,5,79,0.36220472440944884,1.0,0.3076923076923077
27578,HyboNet,4,256,0.0002,5,8,0.5511811023622047,0.7666666666666667,0.6153846153846154
27579,HyboNet,4,256,0.0002,5,80,0.36220472440944884,1.0,0.34615384615384615
27580,HyboNet,4,256,0.0002,5,81,0.3543307086614173,1.0,0.4230769230769231
27581,HyboNet,4,256,0.0002,5,82,0.3543307086614173,1.0,0.4230769230769231
27582,HyboNet,4,256,0.0002,5,83,0.36220472440944884,1.0,0.4230769230769231
27583,HyboNet,4,256,0.0002,5,84,0.3700787401574803,1.0,0.4230769230769231
27584,HyboNet,4,256,0.0002,5,85,0.36220472440944884,1.0,0.4230769230769231
27585,HyboNet,4,256,0.0002,5,86,0.36220472440944884,1.0,0.4230769230769231
27586,HyboNet,4,256,0.0002,5,87,0.3543307086614173,1.0,0.3076923076923077
27587,HyboNet,4,256,0.0002,5,88,0.3543307086614173,1.0,0.2692307692307692
27588,HyboNet,4,256,0.0002,5,89,0.36220472440944884,1.0,0.4230769230769231
27589,HyboNet,4,256,0.0002,5,9,0.5669291338582677,0.7333333333333333,0.6153846153846154
27590,HyboNet,4,256,0.0002,5,90,0.36220472440944884,1.0,0.4230769230769231
27591,HyboNet,4,256,0.0002,5,91,0.36220472440944884,1.0,0.4230769230769231
27592,HyboNet,4,256,0.0002,5,92,0.3700787401574803,1.0,0.38461538461538464
27593,HyboNet,4,256,0.0002,5,93,0.3700787401574803,1.0,0.3076923076923077
27594,HyboNet,4,256,0.0002,5,94,0.3700787401574803,1.0,0.3076923076923077
27595,HyboNet,4,256,0.0002,5,95,0.3700787401574803,1.0,0.4230769230769231
27596,HyboNet,4,256,0.0002,5,96,0.36220472440944884,1.0,0.4230769230769231
27597,HyboNet,4,256,0.0002,5,97,0.3700787401574803,1.0,0.4230769230769231
27598,HyboNet,4,256,0.0002,5,98,0.3700787401574803,1.0,0.3076923076923077
27599,HyboNet,4,256,0.0002,5,99,0.3464566929133858,1.0,0.2692307692307692
27600,HyboNet,4,256,0.0002,6,1,0.3779527559055118,0.6333333333333333,0.4230769230769231
27601,HyboNet,4,256,0.0002,6,10,0.5354330708661418,0.7,0.5769230769230769
27602,HyboNet,4,256,0.0002,6,100,0.3543307086614173,1.0,0.34615384615384615
27603,HyboNet,4,256,0.0002,6,11,0.5354330708661418,0.7666666666666667,0.5769230769230769
27604,HyboNet,4,256,0.0002,6,12,0.5354330708661418,0.7666666666666667,0.5769230769230769
27605,HyboNet,4,256,0.0002,6,13,0.5354330708661418,0.7666666666666667,0.5769230769230769
27606,HyboNet,4,256,0.0002,6,14,0.5354330708661418,0.7666666666666667,0.5769230769230769
27607,HyboNet,4,256,0.0002,6,15,0.5433070866141733,0.7666666666666667,0.5769230769230769
27608,HyboNet,4,256,0.0002,6,16,0.5354330708661418,0.7333333333333333,0.5769230769230769
27609,HyboNet,4,256,0.0002,6,17,0.5275590551181102,0.7666666666666667,0.5769230769230769
27610,HyboNet,4,256,0.0002,6,18,0.5511811023622047,0.7666666666666667,0.5769230769230769
27611,HyboNet,4,256,0.0002,6,19,0.5433070866141733,0.7666666666666667,0.5769230769230769
27612,HyboNet,4,256,0.0002,6,2,0.5354330708661418,0.6,0.5769230769230769
27613,HyboNet,4,256,0.0002,6,20,0.5433070866141733,0.8,0.5384615384615384
27614,HyboNet,4,256,0.0002,6,21,0.5354330708661418,0.8,0.5
27615,HyboNet,4,256,0.0002,6,22,0.5275590551181102,0.8,0.5
27616,HyboNet,4,256,0.0002,6,23,0.5275590551181102,0.8,0.5
27617,HyboNet,4,256,0.0002,6,24,0.5275590551181102,0.8,0.5
27618,HyboNet,4,256,0.0002,6,25,0.5275590551181102,0.8,0.5384615384615384
27619,HyboNet,4,256,0.0002,6,26,0.5196850393700787,0.8,0.5
27620,HyboNet,4,256,0.0002,6,27,0.5118110236220472,0.8333333333333334,0.5
27621,HyboNet,4,256,0.0002,6,28,0.5039370078740157,0.8333333333333334,0.4230769230769231
27622,HyboNet,4,256,0.0002,6,29,0.5039370078740157,0.8333333333333334,0.4230769230769231
27623,HyboNet,4,256,0.0002,6,3,0.5354330708661418,0.6,0.5769230769230769
27624,HyboNet,4,256,0.0002,6,30,0.5039370078740157,0.8666666666666667,0.4230769230769231
27625,HyboNet,4,256,0.0002,6,31,0.5039370078740157,0.8666666666666667,0.46153846153846156
27626,HyboNet,4,256,0.0002,6,32,0.5039370078740157,0.9,0.5
27627,HyboNet,4,256,0.0002,6,33,0.5039370078740157,0.9,0.5
27628,HyboNet,4,256,0.0002,6,34,0.49606299212598426,0.9666666666666667,0.5
27629,HyboNet,4,256,0.0002,6,35,0.49606299212598426,0.9333333333333333,0.5
27630,HyboNet,4,256,0.0002,6,36,0.4881889763779528,0.9333333333333333,0.5
27631,HyboNet,4,256,0.0002,6,37,0.4881889763779528,0.9666666666666667,0.5
27632,HyboNet,4,256,0.0002,6,38,0.4881889763779528,0.9666666666666667,0.5
27633,HyboNet,4,256,0.0002,6,39,0.4881889763779528,0.9333333333333333,0.5
27634,HyboNet,4,256,0.0002,6,4,0.5354330708661418,0.6,0.5769230769230769
27635,HyboNet,4,256,0.0002,6,40,0.4881889763779528,0.9333333333333333,0.5
27636,HyboNet,4,256,0.0002,6,41,0.4881889763779528,0.9333333333333333,0.5
27637,HyboNet,4,256,0.0002,6,42,0.4881889763779528,0.9333333333333333,0.5384615384615384
27638,HyboNet,4,256,0.0002,6,43,0.4881889763779528,0.9333333333333333,0.5384615384615384
27639,HyboNet,4,256,0.0002,6,44,0.4881889763779528,0.9333333333333333,0.5384615384615384
27640,HyboNet,4,256,0.0002,6,45,0.4881889763779528,0.9333333333333333,0.5384615384615384
27641,HyboNet,4,256,0.0002,6,46,0.4881889763779528,0.9333333333333333,0.5384615384615384
27642,HyboNet,4,256,0.0002,6,47,0.4881889763779528,0.9333333333333333,0.5384615384615384
27643,HyboNet,4,256,0.0002,6,48,0.49606299212598426,0.9333333333333333,0.5384615384615384
27644,HyboNet,4,256,0.0002,6,49,0.4881889763779528,0.9333333333333333,0.5384615384615384
27645,HyboNet,4,256,0.0002,6,5,0.5354330708661418,0.6,0.5769230769230769
27646,HyboNet,4,256,0.0002,6,50,0.4881889763779528,0.9333333333333333,0.5
27647,HyboNet,4,256,0.0002,6,51,0.4881889763779528,0.9333333333333333,0.5
27648,HyboNet,4,256,0.0002,6,52,0.4881889763779528,0.9333333333333333,0.5
27649,HyboNet,4,256,0.0002,6,53,0.4881889763779528,0.9333333333333333,0.5384615384615384
27650,HyboNet,4,256,0.0002,6,54,0.49606299212598426,0.9333333333333333,0.5384615384615384
27651,HyboNet,4,256,0.0002,6,55,0.48031496062992124,0.9333333333333333,0.5384615384615384
27652,HyboNet,4,256,0.0002,6,56,0.48031496062992124,0.9333333333333333,0.5384615384615384
27653,HyboNet,4,256,0.0002,6,57,0.4566929133858268,0.9333333333333333,0.5
27654,HyboNet,4,256,0.0002,6,58,0.44881889763779526,0.9333333333333333,0.46153846153846156
27655,HyboNet,4,256,0.0002,6,59,0.44881889763779526,0.9333333333333333,0.4230769230769231
27656,HyboNet,4,256,0.0002,6,6,0.5354330708661418,0.6,0.5769230769230769
27657,HyboNet,4,256,0.0002,6,60,0.4409448818897638,0.9666666666666667,0.4230769230769231
27658,HyboNet,4,256,0.0002,6,61,0.4645669291338583,0.9666666666666667,0.46153846153846156
27659,HyboNet,4,256,0.0002,6,62,0.4645669291338583,0.9666666666666667,0.5
27660,HyboNet,4,256,0.0002,6,63,0.4645669291338583,0.9666666666666667,0.5
27661,HyboNet,4,256,0.0002,6,64,0.4645669291338583,0.9333333333333333,0.46153846153846156
27662,HyboNet,4,256,0.0002,6,65,0.4645669291338583,0.9333333333333333,0.4230769230769231
27663,HyboNet,4,256,0.0002,6,66,0.4645669291338583,0.9666666666666667,0.38461538461538464
27664,HyboNet,4,256,0.0002,6,67,0.4409448818897638,0.9666666666666667,0.4230769230769231
27665,HyboNet,4,256,0.0002,6,68,0.41732283464566927,0.9666666666666667,0.4230769230769231
27666,HyboNet,4,256,0.0002,6,69,0.41732283464566927,0.9666666666666667,0.38461538461538464
27667,HyboNet,4,256,0.0002,6,7,0.5354330708661418,0.6,0.5769230769230769
27668,HyboNet,4,256,0.0002,6,70,0.4251968503937008,0.9666666666666667,0.38461538461538464
27669,HyboNet,4,256,0.0002,6,71,0.3937007874015748,0.9666666666666667,0.34615384615384615
27670,HyboNet,4,256,0.0002,6,72,0.41732283464566927,0.9666666666666667,0.34615384615384615
27671,HyboNet,4,256,0.0002,6,73,0.41732283464566927,0.9666666666666667,0.38461538461538464
27672,HyboNet,4,256,0.0002,6,74,0.41732283464566927,1.0,0.34615384615384615
27673,HyboNet,4,256,0.0002,6,75,0.4015748031496063,0.9666666666666667,0.34615384615384615
27674,HyboNet,4,256,0.0002,6,76,0.3858267716535433,1.0,0.34615384615384615
27675,HyboNet,4,256,0.0002,6,77,0.3937007874015748,1.0,0.34615384615384615
27676,HyboNet,4,256,0.0002,6,78,0.3543307086614173,1.0,0.34615384615384615
27677,HyboNet,4,256,0.0002,6,79,0.3543307086614173,1.0,0.34615384615384615
27678,HyboNet,4,256,0.0002,6,8,0.5354330708661418,0.6,0.5769230769230769
27679,HyboNet,4,256,0.0002,6,80,0.33858267716535434,1.0,0.3076923076923077
27680,HyboNet,4,256,0.0002,6,81,0.33070866141732286,1.0,0.3076923076923077
27681,HyboNet,4,256,0.0002,6,82,0.3543307086614173,1.0,0.34615384615384615
27682,HyboNet,4,256,0.0002,6,83,0.33070866141732286,1.0,0.3076923076923077
27683,HyboNet,4,256,0.0002,6,84,0.33070866141732286,1.0,0.3076923076923077
27684,HyboNet,4,256,0.0002,6,85,0.3464566929133858,1.0,0.34615384615384615
27685,HyboNet,4,256,0.0002,6,86,0.3543307086614173,1.0,0.34615384615384615
27686,HyboNet,4,256,0.0002,6,87,0.33858267716535434,1.0,0.3076923076923077
27687,HyboNet,4,256,0.0002,6,88,0.33858267716535434,1.0,0.3076923076923077
27688,HyboNet,4,256,0.0002,6,89,0.33858267716535434,1.0,0.3076923076923077
27689,HyboNet,4,256,0.0002,6,9,0.5433070866141733,0.6333333333333333,0.5769230769230769
27690,HyboNet,4,256,0.0002,6,90,0.3228346456692913,1.0,0.3076923076923077
27691,HyboNet,4,256,0.0002,6,91,0.33070866141732286,1.0,0.2692307692307692
27692,HyboNet,4,256,0.0002,6,92,0.33858267716535434,1.0,0.3076923076923077
27693,HyboNet,4,256,0.0002,6,93,0.33858267716535434,1.0,0.3076923076923077
27694,HyboNet,4,256,0.0002,6,94,0.33858267716535434,1.0,0.3076923076923077
27695,HyboNet,4,256,0.0002,6,95,0.36220472440944884,1.0,0.34615384615384615
27696,HyboNet,4,256,0.0002,6,96,0.3937007874015748,1.0,0.34615384615384615
27697,HyboNet,4,256,0.0002,6,97,0.3937007874015748,1.0,0.38461538461538464
27698,HyboNet,4,256,0.0002,6,98,0.3700787401574803,1.0,0.34615384615384615
27699,HyboNet,4,256,0.0002,6,99,0.36220472440944884,1.0,0.34615384615384615
27700,HyboNet,4,256,0.0002,7,1,0.47244094488188976,0.4666666666666667,0.46153846153846156
27701,HyboNet,4,256,0.0002,7,10,0.5433070866141733,0.7666666666666667,0.5769230769230769
27702,HyboNet,4,256,0.0002,7,100,0.3937007874015748,1.0,0.38461538461538464
27703,HyboNet,4,256,0.0002,7,11,0.5354330708661418,0.7666666666666667,0.5769230769230769
27704,HyboNet,4,256,0.0002,7,12,0.5433070866141733,0.7666666666666667,0.5769230769230769
27705,HyboNet,4,256,0.0002,7,13,0.5433070866141733,0.7666666666666667,0.5769230769230769
27706,HyboNet,4,256,0.0002,7,14,0.5354330708661418,0.7666666666666667,0.5769230769230769
27707,HyboNet,4,256,0.0002,7,15,0.5354330708661418,0.7666666666666667,0.5769230769230769
27708,HyboNet,4,256,0.0002,7,16,0.5433070866141733,0.7666666666666667,0.5769230769230769
27709,HyboNet,4,256,0.0002,7,17,0.5590551181102362,0.7666666666666667,0.5384615384615384
27710,HyboNet,4,256,0.0002,7,18,0.5826771653543307,0.7666666666666667,0.5384615384615384
27711,HyboNet,4,256,0.0002,7,19,0.5826771653543307,0.8,0.5769230769230769
27712,HyboNet,4,256,0.0002,7,2,0.5354330708661418,0.6,0.5769230769230769
27713,HyboNet,4,256,0.0002,7,20,0.5748031496062992,0.8,0.5769230769230769
27714,HyboNet,4,256,0.0002,7,21,0.5748031496062992,0.8,0.5769230769230769
27715,HyboNet,4,256,0.0002,7,22,0.5748031496062992,0.8,0.5769230769230769
27716,HyboNet,4,256,0.0002,7,23,0.5669291338582677,0.8,0.5769230769230769
27717,HyboNet,4,256,0.0002,7,24,0.5590551181102362,0.8,0.5769230769230769
27718,HyboNet,4,256,0.0002,7,25,0.5590551181102362,0.7666666666666667,0.6153846153846154
27719,HyboNet,4,256,0.0002,7,26,0.5590551181102362,0.8,0.6153846153846154
27720,HyboNet,4,256,0.0002,7,27,0.5590551181102362,0.8,0.6153846153846154
27721,HyboNet,4,256,0.0002,7,28,0.5511811023622047,0.8,0.6153846153846154
27722,HyboNet,4,256,0.0002,7,29,0.5433070866141733,0.8,0.5769230769230769
27723,HyboNet,4,256,0.0002,7,3,0.5354330708661418,0.6,0.5769230769230769
27724,HyboNet,4,256,0.0002,7,30,0.5511811023622047,0.8,0.5769230769230769
27725,HyboNet,4,256,0.0002,7,31,0.5433070866141733,0.8333333333333334,0.5769230769230769
27726,HyboNet,4,256,0.0002,7,32,0.5354330708661418,0.8333333333333334,0.5769230769230769
27727,HyboNet,4,256,0.0002,7,33,0.5354330708661418,0.8333333333333334,0.5769230769230769
27728,HyboNet,4,256,0.0002,7,34,0.5433070866141733,0.8333333333333334,0.5769230769230769
27729,HyboNet,4,256,0.0002,7,35,0.5354330708661418,0.8333333333333334,0.5769230769230769
27730,HyboNet,4,256,0.0002,7,36,0.5354330708661418,0.8666666666666667,0.5769230769230769
27731,HyboNet,4,256,0.0002,7,37,0.5354330708661418,0.8666666666666667,0.5769230769230769
27732,HyboNet,4,256,0.0002,7,38,0.5275590551181102,0.9333333333333333,0.5769230769230769
27733,HyboNet,4,256,0.0002,7,39,0.5196850393700787,0.9333333333333333,0.5769230769230769
27734,HyboNet,4,256,0.0002,7,4,0.5354330708661418,0.6,0.5769230769230769
27735,HyboNet,4,256,0.0002,7,40,0.5118110236220472,0.9333333333333333,0.5769230769230769
27736,HyboNet,4,256,0.0002,7,41,0.5118110236220472,0.9333333333333333,0.5769230769230769
27737,HyboNet,4,256,0.0002,7,42,0.5118110236220472,0.9333333333333333,0.5769230769230769
27738,HyboNet,4,256,0.0002,7,43,0.5118110236220472,0.9333333333333333,0.5769230769230769
27739,HyboNet,4,256,0.0002,7,44,0.5118110236220472,0.9333333333333333,0.5769230769230769
27740,HyboNet,4,256,0.0002,7,45,0.5039370078740157,0.9333333333333333,0.5769230769230769
27741,HyboNet,4,256,0.0002,7,46,0.49606299212598426,0.9333333333333333,0.6153846153846154
27742,HyboNet,4,256,0.0002,7,47,0.48031496062992124,0.9333333333333333,0.6153846153846154
27743,HyboNet,4,256,0.0002,7,48,0.4881889763779528,0.9333333333333333,0.5769230769230769
27744,HyboNet,4,256,0.0002,7,49,0.4881889763779528,0.9333333333333333,0.5769230769230769
27745,HyboNet,4,256,0.0002,7,5,0.5354330708661418,0.6,0.5769230769230769
27746,HyboNet,4,256,0.0002,7,50,0.4881889763779528,0.9333333333333333,0.5769230769230769
27747,HyboNet,4,256,0.0002,7,51,0.4881889763779528,0.9333333333333333,0.5769230769230769
27748,HyboNet,4,256,0.0002,7,52,0.5039370078740157,0.9333333333333333,0.5
27749,HyboNet,4,256,0.0002,7,53,0.4881889763779528,0.9333333333333333,0.5
27750,HyboNet,4,256,0.0002,7,54,0.47244094488188976,0.9333333333333333,0.5384615384615384
27751,HyboNet,4,256,0.0002,7,55,0.49606299212598426,0.9333333333333333,0.5769230769230769
27752,HyboNet,4,256,0.0002,7,56,0.49606299212598426,0.9333333333333333,0.5769230769230769
27753,HyboNet,4,256,0.0002,7,57,0.49606299212598426,0.9333333333333333,0.5769230769230769
27754,HyboNet,4,256,0.0002,7,58,0.4881889763779528,0.9333333333333333,0.5769230769230769
27755,HyboNet,4,256,0.0002,7,59,0.48031496062992124,0.9333333333333333,0.5769230769230769
27756,HyboNet,4,256,0.0002,7,6,0.5275590551181102,0.6333333333333333,0.5769230769230769
27757,HyboNet,4,256,0.0002,7,60,0.48031496062992124,0.9333333333333333,0.5769230769230769
27758,HyboNet,4,256,0.0002,7,61,0.48031496062992124,0.9333333333333333,0.5769230769230769
27759,HyboNet,4,256,0.0002,7,62,0.4566929133858268,0.9333333333333333,0.5384615384615384
27760,HyboNet,4,256,0.0002,7,63,0.4409448818897638,0.9333333333333333,0.5384615384615384
27761,HyboNet,4,256,0.0002,7,64,0.4409448818897638,0.9333333333333333,0.5
27762,HyboNet,4,256,0.0002,7,65,0.4330708661417323,0.9333333333333333,0.5
27763,HyboNet,4,256,0.0002,7,66,0.4330708661417323,0.9333333333333333,0.5
27764,HyboNet,4,256,0.0002,7,67,0.4409448818897638,0.9333333333333333,0.5
27765,HyboNet,4,256,0.0002,7,68,0.4330708661417323,1.0,0.5
27766,HyboNet,4,256,0.0002,7,69,0.4251968503937008,0.9666666666666667,0.46153846153846156
27767,HyboNet,4,256,0.0002,7,7,0.5354330708661418,0.7333333333333333,0.5769230769230769
27768,HyboNet,4,256,0.0002,7,70,0.41732283464566927,0.9666666666666667,0.46153846153846156
27769,HyboNet,4,256,0.0002,7,71,0.4094488188976378,1.0,0.46153846153846156
27770,HyboNet,4,256,0.0002,7,72,0.4251968503937008,1.0,0.5
27771,HyboNet,4,256,0.0002,7,73,0.4330708661417323,0.9666666666666667,0.5
27772,HyboNet,4,256,0.0002,7,74,0.4251968503937008,0.9666666666666667,0.46153846153846156
27773,HyboNet,4,256,0.0002,7,75,0.4094488188976378,0.9666666666666667,0.46153846153846156
27774,HyboNet,4,256,0.0002,7,76,0.4094488188976378,0.9666666666666667,0.46153846153846156
27775,HyboNet,4,256,0.0002,7,77,0.3858267716535433,0.9666666666666667,0.4230769230769231
27776,HyboNet,4,256,0.0002,7,78,0.3779527559055118,1.0,0.38461538461538464
27777,HyboNet,4,256,0.0002,7,79,0.3858267716535433,1.0,0.38461538461538464
27778,HyboNet,4,256,0.0002,7,8,0.5354330708661418,0.7333333333333333,0.5769230769230769
27779,HyboNet,4,256,0.0002,7,80,0.3700787401574803,1.0,0.38461538461538464
27780,HyboNet,4,256,0.0002,7,81,0.4094488188976378,1.0,0.46153846153846156
27781,HyboNet,4,256,0.0002,7,82,0.4015748031496063,1.0,0.46153846153846156
27782,HyboNet,4,256,0.0002,7,83,0.3858267716535433,1.0,0.46153846153846156
27783,HyboNet,4,256,0.0002,7,84,0.3858267716535433,1.0,0.46153846153846156
27784,HyboNet,4,256,0.0002,7,85,0.3700787401574803,1.0,0.4230769230769231
27785,HyboNet,4,256,0.0002,7,86,0.3779527559055118,1.0,0.4230769230769231
27786,HyboNet,4,256,0.0002,7,87,0.3858267716535433,1.0,0.4230769230769231
27787,HyboNet,4,256,0.0002,7,88,0.3700787401574803,1.0,0.4230769230769231
27788,HyboNet,4,256,0.0002,7,89,0.3700787401574803,1.0,0.4230769230769231
27789,HyboNet,4,256,0.0002,7,9,0.5511811023622047,0.7666666666666667,0.5769230769230769
27790,HyboNet,4,256,0.0002,7,90,0.3937007874015748,1.0,0.4230769230769231
27791,HyboNet,4,256,0.0002,7,91,0.3858267716535433,1.0,0.4230769230769231
27792,HyboNet,4,256,0.0002,7,92,0.3779527559055118,1.0,0.4230769230769231
27793,HyboNet,4,256,0.0002,7,93,0.3700787401574803,1.0,0.4230769230769231
27794,HyboNet,4,256,0.0002,7,94,0.3779527559055118,1.0,0.4230769230769231
27795,HyboNet,4,256,0.0002,7,95,0.3543307086614173,1.0,0.38461538461538464
27796,HyboNet,4,256,0.0002,7,96,0.3779527559055118,1.0,0.34615384615384615
27797,HyboNet,4,256,0.0002,7,97,0.3779527559055118,1.0,0.34615384615384615
27798,HyboNet,4,256,0.0002,7,98,0.3779527559055118,1.0,0.38461538461538464
27799,HyboNet,4,256,0.0002,7,99,0.3937007874015748,1.0,0.38461538461538464
27800,HyboNet,4,256,0.0002,8,1,0.44881889763779526,0.5666666666666667,0.4230769230769231
27801,HyboNet,4,256,0.0002,8,10,0.5433070866141733,0.7,0.5769230769230769
27802,HyboNet,4,256,0.0002,8,100,0.3700787401574803,1.0,0.3076923076923077
27803,HyboNet,4,256,0.0002,8,11,0.5433070866141733,0.7,0.5769230769230769
27804,HyboNet,4,256,0.0002,8,12,0.5433070866141733,0.7,0.5769230769230769
27805,HyboNet,4,256,0.0002,8,13,0.5433070866141733,0.7,0.5769230769230769
27806,HyboNet,4,256,0.0002,8,14,0.5433070866141733,0.7,0.5769230769230769
27807,HyboNet,4,256,0.0002,8,15,0.5433070866141733,0.7,0.5769230769230769
27808,HyboNet,4,256,0.0002,8,16,0.5433070866141733,0.7,0.5769230769230769
27809,HyboNet,4,256,0.0002,8,17,0.5433070866141733,0.7,0.5769230769230769
27810,HyboNet,4,256,0.0002,8,18,0.5511811023622047,0.7666666666666667,0.5769230769230769
27811,HyboNet,4,256,0.0002,8,19,0.5669291338582677,0.7666666666666667,0.5769230769230769
27812,HyboNet,4,256,0.0002,8,2,0.5275590551181102,0.6,0.5769230769230769
27813,HyboNet,4,256,0.0002,8,20,0.5511811023622047,0.7666666666666667,0.5769230769230769
27814,HyboNet,4,256,0.0002,8,21,0.5590551181102362,0.8,0.5769230769230769
27815,HyboNet,4,256,0.0002,8,22,0.5590551181102362,0.8,0.5769230769230769
27816,HyboNet,4,256,0.0002,8,23,0.5511811023622047,0.8,0.5769230769230769
27817,HyboNet,4,256,0.0002,8,24,0.5433070866141733,0.8,0.6153846153846154
27818,HyboNet,4,256,0.0002,8,25,0.5511811023622047,0.7666666666666667,0.5769230769230769
27819,HyboNet,4,256,0.0002,8,26,0.5511811023622047,0.7666666666666667,0.5384615384615384
27820,HyboNet,4,256,0.0002,8,27,0.5354330708661418,0.8,0.4230769230769231
27821,HyboNet,4,256,0.0002,8,28,0.5039370078740157,0.8,0.34615384615384615
27822,HyboNet,4,256,0.0002,8,29,0.4881889763779528,0.8,0.3076923076923077
27823,HyboNet,4,256,0.0002,8,3,0.5354330708661418,0.6,0.5769230769230769
27824,HyboNet,4,256,0.0002,8,30,0.49606299212598426,0.8,0.34615384615384615
27825,HyboNet,4,256,0.0002,8,31,0.49606299212598426,0.8333333333333334,0.38461538461538464
27826,HyboNet,4,256,0.0002,8,32,0.49606299212598426,0.8333333333333334,0.38461538461538464
27827,HyboNet,4,256,0.0002,8,33,0.49606299212598426,0.8333333333333334,0.38461538461538464
27828,HyboNet,4,256,0.0002,8,34,0.49606299212598426,0.8333333333333334,0.38461538461538464
27829,HyboNet,4,256,0.0002,8,35,0.4645669291338583,0.8666666666666667,0.34615384615384615
27830,HyboNet,4,256,0.0002,8,36,0.4566929133858268,0.8666666666666667,0.34615384615384615
27831,HyboNet,4,256,0.0002,8,37,0.48031496062992124,0.8666666666666667,0.34615384615384615
27832,HyboNet,4,256,0.0002,8,38,0.4881889763779528,0.8666666666666667,0.38461538461538464
27833,HyboNet,4,256,0.0002,8,39,0.5039370078740157,0.8666666666666667,0.38461538461538464
27834,HyboNet,4,256,0.0002,8,4,0.5354330708661418,0.6,0.5769230769230769
27835,HyboNet,4,256,0.0002,8,40,0.49606299212598426,0.8666666666666667,0.38461538461538464
27836,HyboNet,4,256,0.0002,8,41,0.4881889763779528,0.8666666666666667,0.38461538461538464
27837,HyboNet,4,256,0.0002,8,42,0.4881889763779528,0.8666666666666667,0.38461538461538464
27838,HyboNet,4,256,0.0002,8,43,0.4881889763779528,0.9,0.38461538461538464
27839,HyboNet,4,256,0.0002,8,44,0.5118110236220472,0.8666666666666667,0.46153846153846156
27840,HyboNet,4,256,0.0002,8,45,0.5196850393700787,0.9,0.5384615384615384
27841,HyboNet,4,256,0.0002,8,46,0.5196850393700787,0.9,0.5384615384615384
27842,HyboNet,4,256,0.0002,8,47,0.5196850393700787,0.9333333333333333,0.5
27843,HyboNet,4,256,0.0002,8,48,0.4881889763779528,0.9333333333333333,0.46153846153846156
27844,HyboNet,4,256,0.0002,8,49,0.48031496062992124,0.9333333333333333,0.38461538461538464
27845,HyboNet,4,256,0.0002,8,5,0.5354330708661418,0.6,0.5769230769230769
27846,HyboNet,4,256,0.0002,8,50,0.48031496062992124,0.9333333333333333,0.4230769230769231
27847,HyboNet,4,256,0.0002,8,51,0.49606299212598426,0.9333333333333333,0.46153846153846156
27848,HyboNet,4,256,0.0002,8,52,0.49606299212598426,0.9333333333333333,0.5
27849,HyboNet,4,256,0.0002,8,53,0.4881889763779528,0.9333333333333333,0.46153846153846156
27850,HyboNet,4,256,0.0002,8,54,0.47244094488188976,0.9333333333333333,0.46153846153846156
27851,HyboNet,4,256,0.0002,8,55,0.47244094488188976,0.9333333333333333,0.34615384615384615
27852,HyboNet,4,256,0.0002,8,56,0.4251968503937008,0.9333333333333333,0.3076923076923077
27853,HyboNet,4,256,0.0002,8,57,0.4251968503937008,0.9333333333333333,0.3076923076923077
27854,HyboNet,4,256,0.0002,8,58,0.44881889763779526,0.9333333333333333,0.34615384615384615
27855,HyboNet,4,256,0.0002,8,59,0.47244094488188976,0.9333333333333333,0.34615384615384615
27856,HyboNet,4,256,0.0002,8,6,0.5354330708661418,0.6,0.5769230769230769
27857,HyboNet,4,256,0.0002,8,60,0.48031496062992124,0.9333333333333333,0.4230769230769231
27858,HyboNet,4,256,0.0002,8,61,0.4409448818897638,0.9333333333333333,0.34615384615384615
27859,HyboNet,4,256,0.0002,8,62,0.4330708661417323,0.9333333333333333,0.34615384615384615
27860,HyboNet,4,256,0.0002,8,63,0.41732283464566927,0.9333333333333333,0.3076923076923077
27861,HyboNet,4,256,0.0002,8,64,0.4094488188976378,0.9333333333333333,0.3076923076923077
27862,HyboNet,4,256,0.0002,8,65,0.41732283464566927,0.9333333333333333,0.3076923076923077
27863,HyboNet,4,256,0.0002,8,66,0.4015748031496063,0.9333333333333333,0.3076923076923077
27864,HyboNet,4,256,0.0002,8,67,0.3937007874015748,0.9333333333333333,0.3076923076923077
27865,HyboNet,4,256,0.0002,8,68,0.3858267716535433,0.9666666666666667,0.3076923076923077
27866,HyboNet,4,256,0.0002,8,69,0.3779527559055118,0.9666666666666667,0.3076923076923077
27867,HyboNet,4,256,0.0002,8,7,0.5354330708661418,0.6333333333333333,0.5769230769230769
27868,HyboNet,4,256,0.0002,8,70,0.3779527559055118,0.9666666666666667,0.3076923076923077
27869,HyboNet,4,256,0.0002,8,71,0.3700787401574803,0.9333333333333333,0.3076923076923077
27870,HyboNet,4,256,0.0002,8,72,0.3779527559055118,0.9333333333333333,0.3076923076923077
27871,HyboNet,4,256,0.0002,8,73,0.3779527559055118,0.9666666666666667,0.3076923076923077
27872,HyboNet,4,256,0.0002,8,74,0.3779527559055118,1.0,0.3076923076923077
27873,HyboNet,4,256,0.0002,8,75,0.3779527559055118,1.0,0.3076923076923077
27874,HyboNet,4,256,0.0002,8,76,0.3858267716535433,1.0,0.3076923076923077
27875,HyboNet,4,256,0.0002,8,77,0.3858267716535433,1.0,0.3076923076923077
27876,HyboNet,4,256,0.0002,8,78,0.3858267716535433,1.0,0.3076923076923077
27877,HyboNet,4,256,0.0002,8,79,0.3858267716535433,1.0,0.2692307692307692
27878,HyboNet,4,256,0.0002,8,8,0.5433070866141733,0.6333333333333333,0.5769230769230769
27879,HyboNet,4,256,0.0002,8,80,0.3858267716535433,1.0,0.2692307692307692
27880,HyboNet,4,256,0.0002,8,81,0.3858267716535433,1.0,0.3076923076923077
27881,HyboNet,4,256,0.0002,8,82,0.3858267716535433,1.0,0.3076923076923077
27882,HyboNet,4,256,0.0002,8,83,0.3937007874015748,1.0,0.3076923076923077
27883,HyboNet,4,256,0.0002,8,84,0.3937007874015748,1.0,0.3076923076923077
27884,HyboNet,4,256,0.0002,8,85,0.3779527559055118,1.0,0.2692307692307692
27885,HyboNet,4,256,0.0002,8,86,0.3858267716535433,1.0,0.3076923076923077
27886,HyboNet,4,256,0.0002,8,87,0.4015748031496063,1.0,0.38461538461538464
27887,HyboNet,4,256,0.0002,8,88,0.3937007874015748,1.0,0.38461538461538464
27888,HyboNet,4,256,0.0002,8,89,0.3858267716535433,1.0,0.38461538461538464
27889,HyboNet,4,256,0.0002,8,9,0.5511811023622047,0.7,0.5769230769230769
27890,HyboNet,4,256,0.0002,8,90,0.3858267716535433,1.0,0.3076923076923077
27891,HyboNet,4,256,0.0002,8,91,0.3937007874015748,1.0,0.3076923076923077
27892,HyboNet,4,256,0.0002,8,92,0.3543307086614173,1.0,0.3076923076923077
27893,HyboNet,4,256,0.0002,8,93,0.3700787401574803,1.0,0.3076923076923077
27894,HyboNet,4,256,0.0002,8,94,0.3779527559055118,1.0,0.3076923076923077
27895,HyboNet,4,256,0.0002,8,95,0.3700787401574803,1.0,0.3076923076923077
27896,HyboNet,4,256,0.0002,8,96,0.3937007874015748,1.0,0.38461538461538464
27897,HyboNet,4,256,0.0002,8,97,0.41732283464566927,1.0,0.38461538461538464
27898,HyboNet,4,256,0.0002,8,98,0.4015748031496063,1.0,0.38461538461538464
27899,HyboNet,4,256,0.0002,8,99,0.3858267716535433,1.0,0.38461538461538464
27900,HyboNet,4,256,0.0002,9,1,0.5118110236220472,0.6,0.5769230769230769
27901,HyboNet,4,256,0.0002,9,10,0.5433070866141733,0.7666666666666667,0.5384615384615384
27902,HyboNet,4,256,0.0002,9,100,0.33070866141732286,1.0,0.3076923076923077
27903,HyboNet,4,256,0.0002,9,11,0.5275590551181102,0.7666666666666667,0.5384615384615384
27904,HyboNet,4,256,0.0002,9,12,0.5354330708661418,0.7666666666666667,0.5384615384615384
27905,HyboNet,4,256,0.0002,9,13,0.5354330708661418,0.7333333333333333,0.5384615384615384
27906,HyboNet,4,256,0.0002,9,14,0.5354330708661418,0.7333333333333333,0.5384615384615384
27907,HyboNet,4,256,0.0002,9,15,0.5275590551181102,0.7333333333333333,0.5384615384615384
27908,HyboNet,4,256,0.0002,9,16,0.5669291338582677,0.7666666666666667,0.5384615384615384
27909,HyboNet,4,256,0.0002,9,17,0.5669291338582677,0.7666666666666667,0.5
27910,HyboNet,4,256,0.0002,9,18,0.48031496062992124,0.8,0.5
27911,HyboNet,4,256,0.0002,9,19,0.4881889763779528,0.8,0.46153846153846156
27912,HyboNet,4,256,0.0002,9,2,0.5354330708661418,0.6,0.5769230769230769
27913,HyboNet,4,256,0.0002,9,20,0.48031496062992124,0.8,0.5
27914,HyboNet,4,256,0.0002,9,21,0.5039370078740157,0.7666666666666667,0.5
27915,HyboNet,4,256,0.0002,9,22,0.5118110236220472,0.7666666666666667,0.46153846153846156
27916,HyboNet,4,256,0.0002,9,23,0.5118110236220472,0.8333333333333334,0.46153846153846156
27917,HyboNet,4,256,0.0002,9,24,0.4881889763779528,0.8333333333333334,0.5
27918,HyboNet,4,256,0.0002,9,25,0.48031496062992124,0.8333333333333334,0.5
27919,HyboNet,4,256,0.0002,9,26,0.44881889763779526,0.8666666666666667,0.46153846153846156
27920,HyboNet,4,256,0.0002,9,27,0.47244094488188976,0.8666666666666667,0.46153846153846156
27921,HyboNet,4,256,0.0002,9,28,0.47244094488188976,0.8666666666666667,0.46153846153846156
27922,HyboNet,4,256,0.0002,9,29,0.4645669291338583,0.8666666666666667,0.46153846153846156
27923,HyboNet,4,256,0.0002,9,3,0.5354330708661418,0.6,0.5769230769230769
27924,HyboNet,4,256,0.0002,9,30,0.4645669291338583,0.8666666666666667,0.5
27925,HyboNet,4,256,0.0002,9,31,0.4645669291338583,0.8666666666666667,0.5
27926,HyboNet,4,256,0.0002,9,32,0.4409448818897638,0.9,0.5
27927,HyboNet,4,256,0.0002,9,33,0.4566929133858268,0.9,0.5
27928,HyboNet,4,256,0.0002,9,34,0.4566929133858268,0.9333333333333333,0.5
27929,HyboNet,4,256,0.0002,9,35,0.4566929133858268,0.9333333333333333,0.5
27930,HyboNet,4,256,0.0002,9,36,0.4566929133858268,0.9333333333333333,0.5
27931,HyboNet,4,256,0.0002,9,37,0.48031496062992124,0.9333333333333333,0.5
27932,HyboNet,4,256,0.0002,9,38,0.4881889763779528,0.9333333333333333,0.5384615384615384
27933,HyboNet,4,256,0.0002,9,39,0.48031496062992124,0.9333333333333333,0.5
27934,HyboNet,4,256,0.0002,9,4,0.5354330708661418,0.6,0.5769230769230769
27935,HyboNet,4,256,0.0002,9,40,0.44881889763779526,0.9333333333333333,0.5
27936,HyboNet,4,256,0.0002,9,41,0.4251968503937008,0.9333333333333333,0.5384615384615384
27937,HyboNet,4,256,0.0002,9,42,0.4330708661417323,0.9333333333333333,0.5384615384615384
27938,HyboNet,4,256,0.0002,9,43,0.4330708661417323,0.9333333333333333,0.5384615384615384
27939,HyboNet,4,256,0.0002,9,44,0.4251968503937008,0.9333333333333333,0.5384615384615384
27940,HyboNet,4,256,0.0002,9,45,0.4330708661417323,0.9333333333333333,0.5
27941,HyboNet,4,256,0.0002,9,46,0.4251968503937008,0.9333333333333333,0.5384615384615384
27942,HyboNet,4,256,0.0002,9,47,0.4330708661417323,0.9333333333333333,0.46153846153846156
27943,HyboNet,4,256,0.0002,9,48,0.4251968503937008,0.9333333333333333,0.46153846153846156
27944,HyboNet,4,256,0.0002,9,49,0.4094488188976378,0.9333333333333333,0.46153846153846156
27945,HyboNet,4,256,0.0002,9,5,0.5354330708661418,0.6,0.5769230769230769
27946,HyboNet,4,256,0.0002,9,50,0.4330708661417323,0.9333333333333333,0.46153846153846156
27947,HyboNet,4,256,0.0002,9,51,0.4330708661417323,0.9333333333333333,0.46153846153846156
27948,HyboNet,4,256,0.0002,9,52,0.4409448818897638,0.9333333333333333,0.5
27949,HyboNet,4,256,0.0002,9,53,0.4409448818897638,0.9333333333333333,0.46153846153846156
27950,HyboNet,4,256,0.0002,9,54,0.4094488188976378,0.9666666666666667,0.46153846153846156
27951,HyboNet,4,256,0.0002,9,55,0.3937007874015748,0.9666666666666667,0.46153846153846156
27952,HyboNet,4,256,0.0002,9,56,0.4330708661417323,0.9333333333333333,0.46153846153846156
27953,HyboNet,4,256,0.0002,9,57,0.4409448818897638,0.9333333333333333,0.46153846153846156
27954,HyboNet,4,256,0.0002,9,58,0.4409448818897638,0.9333333333333333,0.5
27955,HyboNet,4,256,0.0002,9,59,0.41732283464566927,0.9333333333333333,0.46153846153846156
27956,HyboNet,4,256,0.0002,9,6,0.5354330708661418,0.6333333333333333,0.5769230769230769
27957,HyboNet,4,256,0.0002,9,60,0.4094488188976378,0.9666666666666667,0.46153846153846156
27958,HyboNet,4,256,0.0002,9,61,0.3858267716535433,1.0,0.46153846153846156
27959,HyboNet,4,256,0.0002,9,62,0.3779527559055118,1.0,0.46153846153846156
27960,HyboNet,4,256,0.0002,9,63,0.36220472440944884,1.0,0.46153846153846156
27961,HyboNet,4,256,0.0002,9,64,0.3543307086614173,1.0,0.46153846153846156
27962,HyboNet,4,256,0.0002,9,65,0.3464566929133858,1.0,0.4230769230769231
27963,HyboNet,4,256,0.0002,9,66,0.33858267716535434,1.0,0.4230769230769231
27964,HyboNet,4,256,0.0002,9,67,0.33070866141732286,1.0,0.4230769230769231
27965,HyboNet,4,256,0.0002,9,68,0.33070866141732286,1.0,0.4230769230769231
27966,HyboNet,4,256,0.0002,9,69,0.33070866141732286,1.0,0.4230769230769231
27967,HyboNet,4,256,0.0002,9,7,0.5354330708661418,0.6666666666666666,0.5769230769230769
27968,HyboNet,4,256,0.0002,9,70,0.3464566929133858,1.0,0.46153846153846156
27969,HyboNet,4,256,0.0002,9,71,0.3543307086614173,1.0,0.46153846153846156
27970,HyboNet,4,256,0.0002,9,72,0.3779527559055118,1.0,0.46153846153846156
27971,HyboNet,4,256,0.0002,9,73,0.3700787401574803,1.0,0.5
27972,HyboNet,4,256,0.0002,9,74,0.3700787401574803,1.0,0.46153846153846156
27973,HyboNet,4,256,0.0002,9,75,0.36220472440944884,1.0,0.4230769230769231
27974,HyboNet,4,256,0.0002,9,76,0.36220472440944884,1.0,0.4230769230769231
27975,HyboNet,4,256,0.0002,9,77,0.36220472440944884,1.0,0.4230769230769231
27976,HyboNet,4,256,0.0002,9,78,0.3464566929133858,1.0,0.4230769230769231
27977,HyboNet,4,256,0.0002,9,79,0.3700787401574803,1.0,0.4230769230769231
27978,HyboNet,4,256,0.0002,9,8,0.5354330708661418,0.7666666666666667,0.5384615384615384
27979,HyboNet,4,256,0.0002,9,80,0.36220472440944884,1.0,0.46153846153846156
27980,HyboNet,4,256,0.0002,9,81,0.33858267716535434,1.0,0.46153846153846156
27981,HyboNet,4,256,0.0002,9,82,0.33858267716535434,1.0,0.34615384615384615
27982,HyboNet,4,256,0.0002,9,83,0.33858267716535434,1.0,0.3076923076923077
27983,HyboNet,4,256,0.0002,9,84,0.33858267716535434,1.0,0.4230769230769231
27984,HyboNet,4,256,0.0002,9,85,0.3700787401574803,1.0,0.4230769230769231
27985,HyboNet,4,256,0.0002,9,86,0.4094488188976378,1.0,0.5
27986,HyboNet,4,256,0.0002,9,87,0.4094488188976378,1.0,0.5
27987,HyboNet,4,256,0.0002,9,88,0.3858267716535433,1.0,0.4230769230769231
27988,HyboNet,4,256,0.0002,9,89,0.3700787401574803,1.0,0.4230769230769231
27989,HyboNet,4,256,0.0002,9,9,0.5275590551181102,0.7666666666666667,0.5384615384615384
27990,HyboNet,4,256,0.0002,9,90,0.3464566929133858,1.0,0.34615384615384615
27991,HyboNet,4,256,0.0002,9,91,0.33070866141732286,1.0,0.3076923076923077
27992,HyboNet,4,256,0.0002,9,92,0.33858267716535434,1.0,0.3076923076923077
27993,HyboNet,4,256,0.0002,9,93,0.3543307086614173,1.0,0.3076923076923077
27994,HyboNet,4,256,0.0002,9,94,0.3464566929133858,1.0,0.3076923076923077
27995,HyboNet,4,256,0.0002,9,95,0.36220472440944884,1.0,0.34615384615384615
27996,HyboNet,4,256,0.0002,9,96,0.36220472440944884,1.0,0.38461538461538464
27997,HyboNet,4,256,0.0002,9,97,0.3543307086614173,1.0,0.3076923076923077
27998,HyboNet,4,256,0.0002,9,98,0.3464566929133858,1.0,0.3076923076923077
27999,HyboNet,4,256,0.0002,9,99,0.33070866141732286,1.0,0.3076923076923077
28000,HyboNet,4,256,0.001,1,1,0.5354330708661418,0.6,0.5769230769230769
28001,HyboNet,4,256,0.001,1,10,0.5354330708661418,0.7666666666666667,0.5384615384615384
28002,HyboNet,4,256,0.001,1,100,0.5196850393700787,0.9666666666666667,0.5769230769230769
28003,HyboNet,4,256,0.001,1,11,0.5118110236220472,0.7666666666666667,0.5384615384615384
28004,HyboNet,4,256,0.001,1,12,0.5196850393700787,0.7666666666666667,0.5
28005,HyboNet,4,256,0.001,1,13,0.5354330708661418,0.7666666666666667,0.5384615384615384
28006,HyboNet,4,256,0.001,1,14,0.5196850393700787,0.7666666666666667,0.5384615384615384
28007,HyboNet,4,256,0.001,1,15,0.5039370078740157,0.7666666666666667,0.5769230769230769
28008,HyboNet,4,256,0.001,1,16,0.49606299212598426,0.8,0.5
28009,HyboNet,4,256,0.001,1,17,0.49606299212598426,0.8333333333333334,0.5384615384615384
28010,HyboNet,4,256,0.001,1,18,0.5118110236220472,0.8666666666666667,0.5384615384615384
28011,HyboNet,4,256,0.001,1,19,0.5039370078740157,0.8333333333333334,0.5384615384615384
28012,HyboNet,4,256,0.001,1,2,0.5354330708661418,0.6,0.5769230769230769
28013,HyboNet,4,256,0.001,1,20,0.4881889763779528,0.8333333333333334,0.5
28014,HyboNet,4,256,0.001,1,21,0.47244094488188976,0.8333333333333334,0.5384615384615384
28015,HyboNet,4,256,0.001,1,22,0.4409448818897638,0.9,0.5
28016,HyboNet,4,256,0.001,1,23,0.4330708661417323,0.9,0.5
28017,HyboNet,4,256,0.001,1,24,0.4566929133858268,0.9333333333333333,0.5
28018,HyboNet,4,256,0.001,1,25,0.4645669291338583,0.9333333333333333,0.5384615384615384
28019,HyboNet,4,256,0.001,1,26,0.4645669291338583,0.9333333333333333,0.5384615384615384
28020,HyboNet,4,256,0.001,1,27,0.44881889763779526,0.9333333333333333,0.5
28021,HyboNet,4,256,0.001,1,28,0.4409448818897638,0.9333333333333333,0.5
28022,HyboNet,4,256,0.001,1,29,0.41732283464566927,0.9333333333333333,0.5
28023,HyboNet,4,256,0.001,1,3,0.5354330708661418,0.6,0.5769230769230769
28024,HyboNet,4,256,0.001,1,30,0.4330708661417323,0.9333333333333333,0.5
28025,HyboNet,4,256,0.001,1,31,0.44881889763779526,0.9666666666666667,0.5
28026,HyboNet,4,256,0.001,1,32,0.4566929133858268,1.0,0.5
28027,HyboNet,4,256,0.001,1,33,0.4645669291338583,0.9666666666666667,0.5
28028,HyboNet,4,256,0.001,1,34,0.4566929133858268,1.0,0.5
28029,HyboNet,4,256,0.001,1,35,0.4409448818897638,1.0,0.5
28030,HyboNet,4,256,0.001,1,36,0.47244094488188976,0.9666666666666667,0.5384615384615384
28031,HyboNet,4,256,0.001,1,37,0.48031496062992124,0.9333333333333333,0.5384615384615384
28032,HyboNet,4,256,0.001,1,38,0.48031496062992124,0.9333333333333333,0.5384615384615384
28033,HyboNet,4,256,0.001,1,39,0.4566929133858268,0.9333333333333333,0.5
28034,HyboNet,4,256,0.001,1,4,0.5354330708661418,0.6333333333333333,0.5769230769230769
28035,HyboNet,4,256,0.001,1,40,0.4566929133858268,0.9666666666666667,0.5
28036,HyboNet,4,256,0.001,1,41,0.4409448818897638,0.9666666666666667,0.5
28037,HyboNet,4,256,0.001,1,42,0.4409448818897638,0.9333333333333333,0.5
28038,HyboNet,4,256,0.001,1,43,0.44881889763779526,0.9666666666666667,0.5
28039,HyboNet,4,256,0.001,1,44,0.4566929133858268,0.9666666666666667,0.5
28040,HyboNet,4,256,0.001,1,45,0.41732283464566927,1.0,0.46153846153846156
28041,HyboNet,4,256,0.001,1,46,0.3937007874015748,1.0,0.46153846153846156
28042,HyboNet,4,256,0.001,1,47,0.3464566929133858,0.9666666666666667,0.3076923076923077
28043,HyboNet,4,256,0.001,1,48,0.3937007874015748,0.9666666666666667,0.4230769230769231
28044,HyboNet,4,256,0.001,1,49,0.4251968503937008,1.0,0.46153846153846156
28045,HyboNet,4,256,0.001,1,5,0.5354330708661418,0.7666666666666667,0.5769230769230769
28046,HyboNet,4,256,0.001,1,50,0.4251968503937008,1.0,0.46153846153846156
28047,HyboNet,4,256,0.001,1,51,0.4330708661417323,0.9666666666666667,0.46153846153846156
28048,HyboNet,4,256,0.001,1,52,0.4330708661417323,0.9666666666666667,0.46153846153846156
28049,HyboNet,4,256,0.001,1,53,0.4015748031496063,1.0,0.4230769230769231
28050,HyboNet,4,256,0.001,1,54,0.3464566929133858,1.0,0.3076923076923077
28051,HyboNet,4,256,0.001,1,55,0.3858267716535433,1.0,0.38461538461538464
28052,HyboNet,4,256,0.001,1,56,0.4094488188976378,1.0,0.46153846153846156
28053,HyboNet,4,256,0.001,1,57,0.4094488188976378,1.0,0.46153846153846156
28054,HyboNet,4,256,0.001,1,58,0.41732283464566927,1.0,0.4230769230769231
28055,HyboNet,4,256,0.001,1,59,0.3700787401574803,1.0,0.34615384615384615
28056,HyboNet,4,256,0.001,1,6,0.5354330708661418,0.6333333333333333,0.5769230769230769
28057,HyboNet,4,256,0.001,1,60,0.33858267716535434,1.0,0.34615384615384615
28058,HyboNet,4,256,0.001,1,61,0.3779527559055118,1.0,0.34615384615384615
28059,HyboNet,4,256,0.001,1,62,0.4015748031496063,1.0,0.38461538461538464
28060,HyboNet,4,256,0.001,1,63,0.4015748031496063,1.0,0.38461538461538464
28061,HyboNet,4,256,0.001,1,64,0.3937007874015748,1.0,0.34615384615384615
28062,HyboNet,4,256,0.001,1,65,0.3937007874015748,1.0,0.38461538461538464
28063,HyboNet,4,256,0.001,1,66,0.4094488188976378,1.0,0.46153846153846156
28064,HyboNet,4,256,0.001,1,67,0.4094488188976378,1.0,0.46153846153846156
28065,HyboNet,4,256,0.001,1,68,0.3937007874015748,1.0,0.4230769230769231
28066,HyboNet,4,256,0.001,1,69,0.36220472440944884,1.0,0.34615384615384615
28067,HyboNet,4,256,0.001,1,7,0.5354330708661418,0.6333333333333333,0.5769230769230769
28068,HyboNet,4,256,0.001,1,70,0.3858267716535433,1.0,0.38461538461538464
28069,HyboNet,4,256,0.001,1,71,0.4015748031496063,1.0,0.46153846153846156
28070,HyboNet,4,256,0.001,1,72,0.4094488188976378,1.0,0.46153846153846156
28071,HyboNet,4,256,0.001,1,73,0.3858267716535433,1.0,0.4230769230769231
28072,HyboNet,4,256,0.001,1,74,0.33858267716535434,1.0,0.38461538461538464
28073,HyboNet,4,256,0.001,1,75,0.3700787401574803,1.0,0.4230769230769231
28074,HyboNet,4,256,0.001,1,76,0.3858267716535433,1.0,0.38461538461538464
28075,HyboNet,4,256,0.001,1,77,0.36220472440944884,1.0,0.34615384615384615
28076,HyboNet,4,256,0.001,1,78,0.3543307086614173,1.0,0.3076923076923077
28077,HyboNet,4,256,0.001,1,79,0.33858267716535434,1.0,0.2692307692307692
28078,HyboNet,4,256,0.001,1,8,0.5354330708661418,0.6333333333333333,0.5769230769230769
28079,HyboNet,4,256,0.001,1,80,0.3858267716535433,1.0,0.38461538461538464
28080,HyboNet,4,256,0.001,1,81,0.4015748031496063,1.0,0.46153846153846156
28081,HyboNet,4,256,0.001,1,82,0.4409448818897638,1.0,0.46153846153846156
28082,HyboNet,4,256,0.001,1,83,0.4330708661417323,1.0,0.46153846153846156
28083,HyboNet,4,256,0.001,1,84,0.3858267716535433,1.0,0.4230769230769231
28084,HyboNet,4,256,0.001,1,85,0.36220472440944884,1.0,0.38461538461538464
28085,HyboNet,4,256,0.001,1,86,0.33070866141732286,1.0,0.3076923076923077
28086,HyboNet,4,256,0.001,1,87,0.3779527559055118,1.0,0.38461538461538464
28087,HyboNet,4,256,0.001,1,88,0.41732283464566927,1.0,0.46153846153846156
28088,HyboNet,4,256,0.001,1,89,0.4409448818897638,1.0,0.46153846153846156
28089,HyboNet,4,256,0.001,1,9,0.5354330708661418,0.6666666666666666,0.5769230769230769
28090,HyboNet,4,256,0.001,1,90,0.4251968503937008,1.0,0.5
28091,HyboNet,4,256,0.001,1,91,0.4251968503937008,1.0,0.46153846153846156
28092,HyboNet,4,256,0.001,1,92,0.4015748031496063,1.0,0.46153846153846156
28093,HyboNet,4,256,0.001,1,93,0.3779527559055118,1.0,0.34615384615384615
28094,HyboNet,4,256,0.001,1,94,0.3464566929133858,1.0,0.2692307692307692
28095,HyboNet,4,256,0.001,1,95,0.29133858267716534,1.0,0.19230769230769232
28096,HyboNet,4,256,0.001,1,96,0.4330708661417323,1.0,0.46153846153846156
28097,HyboNet,4,256,0.001,1,97,0.4881889763779528,1.0,0.5384615384615384
28098,HyboNet,4,256,0.001,1,98,0.5275590551181102,0.9666666666666667,0.5769230769230769
28099,HyboNet,4,256,0.001,1,99,0.5196850393700787,0.9666666666666667,0.5769230769230769
28100,HyboNet,4,256,0.001,10,1,0.5354330708661418,0.6,0.5769230769230769
28101,HyboNet,4,256,0.001,10,10,0.5511811023622047,0.7666666666666667,0.5769230769230769
28102,HyboNet,4,256,0.001,10,100,0.4094488188976378,1.0,0.4230769230769231
28103,HyboNet,4,256,0.001,10,11,0.5826771653543307,0.7666666666666667,0.5769230769230769
28104,HyboNet,4,256,0.001,10,12,0.5590551181102362,0.8,0.5769230769230769
28105,HyboNet,4,256,0.001,10,13,0.5748031496062992,0.8,0.5769230769230769
28106,HyboNet,4,256,0.001,10,14,0.5275590551181102,0.8,0.5
28107,HyboNet,4,256,0.001,10,15,0.4881889763779528,0.8666666666666667,0.5384615384615384
28108,HyboNet,4,256,0.001,10,16,0.48031496062992124,0.8666666666666667,0.5384615384615384
28109,HyboNet,4,256,0.001,10,17,0.4645669291338583,0.9333333333333333,0.5384615384615384
28110,HyboNet,4,256,0.001,10,18,0.5039370078740157,0.8333333333333334,0.5
28111,HyboNet,4,256,0.001,10,19,0.5039370078740157,0.8,0.5
28112,HyboNet,4,256,0.001,10,2,0.5354330708661418,0.6,0.5769230769230769
28113,HyboNet,4,256,0.001,10,20,0.5039370078740157,0.8,0.5
28114,HyboNet,4,256,0.001,10,21,0.48031496062992124,0.9333333333333333,0.5384615384615384
28115,HyboNet,4,256,0.001,10,22,0.4409448818897638,0.9333333333333333,0.5
28116,HyboNet,4,256,0.001,10,23,0.4881889763779528,0.9333333333333333,0.5384615384615384
28117,HyboNet,4,256,0.001,10,24,0.4881889763779528,0.9333333333333333,0.5384615384615384
28118,HyboNet,4,256,0.001,10,25,0.4251968503937008,0.9333333333333333,0.5384615384615384
28119,HyboNet,4,256,0.001,10,26,0.3937007874015748,0.9333333333333333,0.5
28120,HyboNet,4,256,0.001,10,27,0.49606299212598426,0.9333333333333333,0.5769230769230769
28121,HyboNet,4,256,0.001,10,28,0.5196850393700787,0.9,0.5384615384615384
28122,HyboNet,4,256,0.001,10,29,0.5118110236220472,0.9,0.5384615384615384
28123,HyboNet,4,256,0.001,10,3,0.5354330708661418,0.6,0.5769230769230769
28124,HyboNet,4,256,0.001,10,30,0.49606299212598426,0.9333333333333333,0.5384615384615384
28125,HyboNet,4,256,0.001,10,31,0.4409448818897638,1.0,0.5
28126,HyboNet,4,256,0.001,10,32,0.3937007874015748,0.9,0.46153846153846156
28127,HyboNet,4,256,0.001,10,33,0.3543307086614173,0.9,0.4230769230769231
28128,HyboNet,4,256,0.001,10,34,0.41732283464566927,1.0,0.5
28129,HyboNet,4,256,0.001,10,35,0.4645669291338583,0.9333333333333333,0.5769230769230769
28130,HyboNet,4,256,0.001,10,36,0.49606299212598426,0.9333333333333333,0.5769230769230769
28131,HyboNet,4,256,0.001,10,37,0.4881889763779528,0.9333333333333333,0.5769230769230769
28132,HyboNet,4,256,0.001,10,38,0.4645669291338583,0.9333333333333333,0.5384615384615384
28133,HyboNet,4,256,0.001,10,39,0.4251968503937008,0.9333333333333333,0.46153846153846156
28134,HyboNet,4,256,0.001,10,4,0.5354330708661418,0.6333333333333333,0.5769230769230769
28135,HyboNet,4,256,0.001,10,40,0.3700787401574803,1.0,0.4230769230769231
28136,HyboNet,4,256,0.001,10,41,0.3700787401574803,1.0,0.4230769230769231
28137,HyboNet,4,256,0.001,10,42,0.4015748031496063,0.9333333333333333,0.46153846153846156
28138,HyboNet,4,256,0.001,10,43,0.41732283464566927,0.9333333333333333,0.46153846153846156
28139,HyboNet,4,256,0.001,10,44,0.4094488188976378,0.9333333333333333,0.46153846153846156
28140,HyboNet,4,256,0.001,10,45,0.3937007874015748,0.9333333333333333,0.4230769230769231
28141,HyboNet,4,256,0.001,10,46,0.3937007874015748,1.0,0.4230769230769231
28142,HyboNet,4,256,0.001,10,47,0.4015748031496063,1.0,0.46153846153846156
28143,HyboNet,4,256,0.001,10,48,0.3858267716535433,1.0,0.46153846153846156
28144,HyboNet,4,256,0.001,10,49,0.3858267716535433,0.9666666666666667,0.46153846153846156
28145,HyboNet,4,256,0.001,10,5,0.5354330708661418,0.6333333333333333,0.5769230769230769
28146,HyboNet,4,256,0.001,10,50,0.3937007874015748,1.0,0.4230769230769231
28147,HyboNet,4,256,0.001,10,51,0.3779527559055118,1.0,0.4230769230769231
28148,HyboNet,4,256,0.001,10,52,0.41732283464566927,1.0,0.4230769230769231
28149,HyboNet,4,256,0.001,10,53,0.4015748031496063,1.0,0.4230769230769231
28150,HyboNet,4,256,0.001,10,54,0.3937007874015748,1.0,0.4230769230769231
28151,HyboNet,4,256,0.001,10,55,0.3700787401574803,0.9666666666666667,0.4230769230769231
28152,HyboNet,4,256,0.001,10,56,0.3937007874015748,1.0,0.4230769230769231
28153,HyboNet,4,256,0.001,10,57,0.3937007874015748,1.0,0.46153846153846156
28154,HyboNet,4,256,0.001,10,58,0.3858267716535433,1.0,0.4230769230769231
28155,HyboNet,4,256,0.001,10,59,0.3543307086614173,1.0,0.34615384615384615
28156,HyboNet,4,256,0.001,10,6,0.5354330708661418,0.6,0.5769230769230769
28157,HyboNet,4,256,0.001,10,60,0.2992125984251969,0.9666666666666667,0.2692307692307692
28158,HyboNet,4,256,0.001,10,61,0.3543307086614173,1.0,0.3076923076923077
28159,HyboNet,4,256,0.001,10,62,0.3858267716535433,1.0,0.38461538461538464
28160,HyboNet,4,256,0.001,10,63,0.4015748031496063,1.0,0.4230769230769231
28161,HyboNet,4,256,0.001,10,64,0.4094488188976378,1.0,0.46153846153846156
28162,HyboNet,4,256,0.001,10,65,0.41732283464566927,1.0,0.38461538461538464
28163,HyboNet,4,256,0.001,10,66,0.41732283464566927,1.0,0.4230769230769231
28164,HyboNet,4,256,0.001,10,67,0.4330708661417323,1.0,0.46153846153846156
28165,HyboNet,4,256,0.001,10,68,0.4330708661417323,1.0,0.46153846153846156
28166,HyboNet,4,256,0.001,10,69,0.4409448818897638,1.0,0.46153846153846156
28167,HyboNet,4,256,0.001,10,7,0.5354330708661418,0.6,0.5769230769230769
28168,HyboNet,4,256,0.001,10,70,0.4330708661417323,1.0,0.46153846153846156
28169,HyboNet,4,256,0.001,10,71,0.4251968503937008,1.0,0.38461538461538464
28170,HyboNet,4,256,0.001,10,72,0.41732283464566927,1.0,0.34615384615384615
28171,HyboNet,4,256,0.001,10,73,0.4015748031496063,1.0,0.3076923076923077
28172,HyboNet,4,256,0.001,10,74,0.4251968503937008,1.0,0.4230769230769231
28173,HyboNet,4,256,0.001,10,75,0.4409448818897638,1.0,0.46153846153846156
28174,HyboNet,4,256,0.001,10,76,0.4409448818897638,1.0,0.46153846153846156
28175,HyboNet,4,256,0.001,10,77,0.4330708661417323,1.0,0.46153846153846156
28176,HyboNet,4,256,0.001,10,78,0.4251968503937008,1.0,0.4230769230769231
28177,HyboNet,4,256,0.001,10,79,0.4015748031496063,1.0,0.38461538461538464
28178,HyboNet,4,256,0.001,10,8,0.5354330708661418,0.6333333333333333,0.5769230769230769
28179,HyboNet,4,256,0.001,10,80,0.4094488188976378,1.0,0.38461538461538464
28180,HyboNet,4,256,0.001,10,81,0.41732283464566927,1.0,0.38461538461538464
28181,HyboNet,4,256,0.001,10,82,0.4015748031496063,1.0,0.38461538461538464
28182,HyboNet,4,256,0.001,10,83,0.3700787401574803,1.0,0.3076923076923077
28183,HyboNet,4,256,0.001,10,84,0.36220472440944884,1.0,0.3076923076923077
28184,HyboNet,4,256,0.001,10,85,0.4015748031496063,1.0,0.3076923076923077
28185,HyboNet,4,256,0.001,10,86,0.41732283464566927,1.0,0.4230769230769231
28186,HyboNet,4,256,0.001,10,87,0.4330708661417323,1.0,0.46153846153846156
28187,HyboNet,4,256,0.001,10,88,0.4330708661417323,1.0,0.46153846153846156
28188,HyboNet,4,256,0.001,10,89,0.41732283464566927,1.0,0.4230769230769231
28189,HyboNet,4,256,0.001,10,9,0.5354330708661418,0.7,0.5769230769230769
28190,HyboNet,4,256,0.001,10,90,0.41732283464566927,1.0,0.38461538461538464
28191,HyboNet,4,256,0.001,10,91,0.3937007874015748,1.0,0.3076923076923077
28192,HyboNet,4,256,0.001,10,92,0.4094488188976378,1.0,0.3076923076923077
28193,HyboNet,4,256,0.001,10,93,0.3858267716535433,1.0,0.3076923076923077
28194,HyboNet,4,256,0.001,10,94,0.4094488188976378,1.0,0.34615384615384615
28195,HyboNet,4,256,0.001,10,95,0.4094488188976378,1.0,0.34615384615384615
28196,HyboNet,4,256,0.001,10,96,0.41732283464566927,1.0,0.34615384615384615
28197,HyboNet,4,256,0.001,10,97,0.41732283464566927,1.0,0.34615384615384615
28198,HyboNet,4,256,0.001,10,98,0.4251968503937008,1.0,0.34615384615384615
28199,HyboNet,4,256,0.001,10,99,0.4094488188976378,1.0,0.4230769230769231
28200,HyboNet,4,256,0.001,2,1,0.5354330708661418,0.6,0.5769230769230769
28201,HyboNet,4,256,0.001,2,10,0.5354330708661418,0.6666666666666666,0.5769230769230769
28202,HyboNet,4,256,0.001,2,100,0.3937007874015748,1.0,0.34615384615384615
28203,HyboNet,4,256,0.001,2,11,0.5275590551181102,0.7,0.5384615384615384
28204,HyboNet,4,256,0.001,2,12,0.5511811023622047,0.7666666666666667,0.5769230769230769
28205,HyboNet,4,256,0.001,2,13,0.5433070866141733,0.7333333333333333,0.5384615384615384
28206,HyboNet,4,256,0.001,2,14,0.5433070866141733,0.7666666666666667,0.5769230769230769
28207,HyboNet,4,256,0.001,2,15,0.4409448818897638,0.8333333333333334,0.38461538461538464
28208,HyboNet,4,256,0.001,2,16,0.49606299212598426,0.8,0.5
28209,HyboNet,4,256,0.001,2,17,0.5196850393700787,0.8,0.5384615384615384
28210,HyboNet,4,256,0.001,2,18,0.5039370078740157,0.8,0.5
28211,HyboNet,4,256,0.001,2,19,0.44881889763779526,0.8666666666666667,0.5
28212,HyboNet,4,256,0.001,2,2,0.5354330708661418,0.6,0.5769230769230769
28213,HyboNet,4,256,0.001,2,20,0.4330708661417323,0.8666666666666667,0.46153846153846156
28214,HyboNet,4,256,0.001,2,21,0.47244094488188976,0.8333333333333334,0.5
28215,HyboNet,4,256,0.001,2,22,0.4881889763779528,0.8,0.5384615384615384
28216,HyboNet,4,256,0.001,2,23,0.5039370078740157,0.8,0.5384615384615384
28217,HyboNet,4,256,0.001,2,24,0.4645669291338583,0.8666666666666667,0.5
28218,HyboNet,4,256,0.001,2,25,0.4409448818897638,0.9,0.46153846153846156
28219,HyboNet,4,256,0.001,2,26,0.4409448818897638,0.9333333333333333,0.5
28220,HyboNet,4,256,0.001,2,27,0.44881889763779526,0.9333333333333333,0.5
28221,HyboNet,4,256,0.001,2,28,0.44881889763779526,0.9,0.5
28222,HyboNet,4,256,0.001,2,29,0.41732283464566927,0.9,0.5384615384615384
28223,HyboNet,4,256,0.001,2,3,0.5354330708661418,0.6,0.5769230769230769
28224,HyboNet,4,256,0.001,2,30,0.3937007874015748,0.9666666666666667,0.5
28225,HyboNet,4,256,0.001,2,31,0.4015748031496063,0.9666666666666667,0.38461538461538464
28226,HyboNet,4,256,0.001,2,32,0.4251968503937008,0.9666666666666667,0.46153846153846156
28227,HyboNet,4,256,0.001,2,33,0.4409448818897638,0.9333333333333333,0.5
28228,HyboNet,4,256,0.001,2,34,0.4409448818897638,0.9333333333333333,0.5
28229,HyboNet,4,256,0.001,2,35,0.4251968503937008,0.9333333333333333,0.5
28230,HyboNet,4,256,0.001,2,36,0.3700787401574803,0.9333333333333333,0.38461538461538464
28231,HyboNet,4,256,0.001,2,37,0.4015748031496063,0.9333333333333333,0.46153846153846156
28232,HyboNet,4,256,0.001,2,38,0.41732283464566927,0.9666666666666667,0.4230769230769231
28233,HyboNet,4,256,0.001,2,39,0.41732283464566927,0.9666666666666667,0.4230769230769231
28234,HyboNet,4,256,0.001,2,4,0.5354330708661418,0.6,0.5769230769230769
28235,HyboNet,4,256,0.001,2,40,0.4330708661417323,0.9666666666666667,0.4230769230769231
28236,HyboNet,4,256,0.001,2,41,0.4330708661417323,0.9666666666666667,0.4230769230769231
28237,HyboNet,4,256,0.001,2,42,0.3858267716535433,0.9666666666666667,0.34615384615384615
28238,HyboNet,4,256,0.001,2,43,0.4094488188976378,0.9333333333333333,0.4230769230769231
28239,HyboNet,4,256,0.001,2,44,0.4094488188976378,0.9333333333333333,0.46153846153846156
28240,HyboNet,4,256,0.001,2,45,0.41732283464566927,0.9333333333333333,0.38461538461538464
28241,HyboNet,4,256,0.001,2,46,0.41732283464566927,1.0,0.3076923076923077
28242,HyboNet,4,256,0.001,2,47,0.3858267716535433,1.0,0.3076923076923077
28243,HyboNet,4,256,0.001,2,48,0.3464566929133858,1.0,0.2692307692307692
28244,HyboNet,4,256,0.001,2,49,0.4251968503937008,1.0,0.38461538461538464
28245,HyboNet,4,256,0.001,2,5,0.5354330708661418,0.6,0.5769230769230769
28246,HyboNet,4,256,0.001,2,50,0.4645669291338583,0.9333333333333333,0.5769230769230769
28247,HyboNet,4,256,0.001,2,51,0.4645669291338583,0.9333333333333333,0.6153846153846154
28248,HyboNet,4,256,0.001,2,52,0.47244094488188976,1.0,0.5384615384615384
28249,HyboNet,4,256,0.001,2,53,0.41732283464566927,1.0,0.46153846153846156
28250,HyboNet,4,256,0.001,2,54,0.4330708661417323,0.9666666666666667,0.4230769230769231
28251,HyboNet,4,256,0.001,2,55,0.4015748031496063,1.0,0.34615384615384615
28252,HyboNet,4,256,0.001,2,56,0.3543307086614173,1.0,0.3076923076923077
28253,HyboNet,4,256,0.001,2,57,0.4251968503937008,1.0,0.34615384615384615
28254,HyboNet,4,256,0.001,2,58,0.4094488188976378,1.0,0.34615384615384615
28255,HyboNet,4,256,0.001,2,59,0.4094488188976378,1.0,0.34615384615384615
28256,HyboNet,4,256,0.001,2,6,0.5354330708661418,0.6,0.5769230769230769
28257,HyboNet,4,256,0.001,2,60,0.3937007874015748,1.0,0.34615384615384615
28258,HyboNet,4,256,0.001,2,61,0.3700787401574803,0.9666666666666667,0.34615384615384615
28259,HyboNet,4,256,0.001,2,62,0.3700787401574803,1.0,0.34615384615384615
28260,HyboNet,4,256,0.001,2,63,0.41732283464566927,1.0,0.34615384615384615
28261,HyboNet,4,256,0.001,2,64,0.41732283464566927,1.0,0.34615384615384615
28262,HyboNet,4,256,0.001,2,65,0.4094488188976378,1.0,0.34615384615384615
28263,HyboNet,4,256,0.001,2,66,0.4094488188976378,1.0,0.34615384615384615
28264,HyboNet,4,256,0.001,2,67,0.3937007874015748,1.0,0.34615384615384615
28265,HyboNet,4,256,0.001,2,68,0.3858267716535433,1.0,0.34615384615384615
28266,HyboNet,4,256,0.001,2,69,0.3700787401574803,1.0,0.34615384615384615
28267,HyboNet,4,256,0.001,2,7,0.5354330708661418,0.6333333333333333,0.5769230769230769
28268,HyboNet,4,256,0.001,2,70,0.3858267716535433,1.0,0.34615384615384615
28269,HyboNet,4,256,0.001,2,71,0.3937007874015748,1.0,0.34615384615384615
28270,HyboNet,4,256,0.001,2,72,0.3700787401574803,1.0,0.34615384615384615
28271,HyboNet,4,256,0.001,2,73,0.3700787401574803,1.0,0.34615384615384615
28272,HyboNet,4,256,0.001,2,74,0.3779527559055118,1.0,0.38461538461538464
28273,HyboNet,4,256,0.001,2,75,0.3700787401574803,1.0,0.34615384615384615
28274,HyboNet,4,256,0.001,2,76,0.3779527559055118,1.0,0.34615384615384615
28275,HyboNet,4,256,0.001,2,77,0.3700787401574803,1.0,0.38461538461538464
28276,HyboNet,4,256,0.001,2,78,0.3779527559055118,1.0,0.4230769230769231
28277,HyboNet,4,256,0.001,2,79,0.3779527559055118,1.0,0.4230769230769231
28278,HyboNet,4,256,0.001,2,8,0.5354330708661418,0.6333333333333333,0.5769230769230769
28279,HyboNet,4,256,0.001,2,80,0.3858267716535433,1.0,0.34615384615384615
28280,HyboNet,4,256,0.001,2,81,0.3779527559055118,1.0,0.34615384615384615
28281,HyboNet,4,256,0.001,2,82,0.3858267716535433,1.0,0.4230769230769231
28282,HyboNet,4,256,0.001,2,83,0.3937007874015748,1.0,0.4230769230769231
28283,HyboNet,4,256,0.001,2,84,0.4015748031496063,1.0,0.38461538461538464
28284,HyboNet,4,256,0.001,2,85,0.3858267716535433,1.0,0.34615384615384615
28285,HyboNet,4,256,0.001,2,86,0.3779527559055118,1.0,0.34615384615384615
28286,HyboNet,4,256,0.001,2,87,0.4015748031496063,1.0,0.34615384615384615
28287,HyboNet,4,256,0.001,2,88,0.3779527559055118,1.0,0.34615384615384615
28288,HyboNet,4,256,0.001,2,89,0.3779527559055118,1.0,0.34615384615384615
28289,HyboNet,4,256,0.001,2,9,0.5354330708661418,0.6333333333333333,0.5769230769230769
28290,HyboNet,4,256,0.001,2,90,0.3700787401574803,1.0,0.34615384615384615
28291,HyboNet,4,256,0.001,2,91,0.3858267716535433,1.0,0.34615384615384615
28292,HyboNet,4,256,0.001,2,92,0.4015748031496063,1.0,0.38461538461538464
28293,HyboNet,4,256,0.001,2,93,0.41732283464566927,1.0,0.4230769230769231
28294,HyboNet,4,256,0.001,2,94,0.41732283464566927,1.0,0.4230769230769231
28295,HyboNet,4,256,0.001,2,95,0.4094488188976378,1.0,0.38461538461538464
28296,HyboNet,4,256,0.001,2,96,0.4015748031496063,1.0,0.34615384615384615
28297,HyboNet,4,256,0.001,2,97,0.3779527559055118,1.0,0.34615384615384615
28298,HyboNet,4,256,0.001,2,98,0.3779527559055118,1.0,0.34615384615384615
28299,HyboNet,4,256,0.001,2,99,0.3937007874015748,1.0,0.34615384615384615
28300,HyboNet,4,256,0.001,3,1,0.5354330708661418,0.6,0.5769230769230769
28301,HyboNet,4,256,0.001,3,10,0.5354330708661418,0.8,0.5
28302,HyboNet,4,256,0.001,3,100,0.3543307086614173,1.0,0.34615384615384615
28303,HyboNet,4,256,0.001,3,11,0.5039370078740157,0.8333333333333334,0.46153846153846156
28304,HyboNet,4,256,0.001,3,12,0.4881889763779528,0.7666666666666667,0.5
28305,HyboNet,4,256,0.001,3,13,0.47244094488188976,0.8,0.46153846153846156
28306,HyboNet,4,256,0.001,3,14,0.49606299212598426,0.8,0.5
28307,HyboNet,4,256,0.001,3,15,0.47244094488188976,0.8666666666666667,0.5
28308,HyboNet,4,256,0.001,3,16,0.4645669291338583,0.8333333333333334,0.5
28309,HyboNet,4,256,0.001,3,17,0.48031496062992124,0.8333333333333334,0.46153846153846156
28310,HyboNet,4,256,0.001,3,18,0.4881889763779528,0.8,0.5
28311,HyboNet,4,256,0.001,3,19,0.4645669291338583,0.8333333333333334,0.5
28312,HyboNet,4,256,0.001,3,2,0.5354330708661418,0.6,0.5769230769230769
28313,HyboNet,4,256,0.001,3,20,0.44881889763779526,0.8666666666666667,0.5
28314,HyboNet,4,256,0.001,3,21,0.4409448818897638,0.9333333333333333,0.46153846153846156
28315,HyboNet,4,256,0.001,3,22,0.4409448818897638,0.9333333333333333,0.46153846153846156
28316,HyboNet,4,256,0.001,3,23,0.4566929133858268,0.9666666666666667,0.46153846153846156
28317,HyboNet,4,256,0.001,3,24,0.4330708661417323,0.9333333333333333,0.46153846153846156
28318,HyboNet,4,256,0.001,3,25,0.41732283464566927,0.9333333333333333,0.46153846153846156
28319,HyboNet,4,256,0.001,3,26,0.4409448818897638,0.9333333333333333,0.5
28320,HyboNet,4,256,0.001,3,27,0.48031496062992124,0.9333333333333333,0.5
28321,HyboNet,4,256,0.001,3,28,0.48031496062992124,0.9333333333333333,0.5
28322,HyboNet,4,256,0.001,3,29,0.44881889763779526,0.9333333333333333,0.5
28323,HyboNet,4,256,0.001,3,3,0.5354330708661418,0.6,0.5769230769230769
28324,HyboNet,4,256,0.001,3,30,0.44881889763779526,0.9333333333333333,0.5
28325,HyboNet,4,256,0.001,3,31,0.44881889763779526,1.0,0.46153846153846156
28326,HyboNet,4,256,0.001,3,32,0.44881889763779526,0.9666666666666667,0.46153846153846156
28327,HyboNet,4,256,0.001,3,33,0.4566929133858268,0.9333333333333333,0.5
28328,HyboNet,4,256,0.001,3,34,0.4566929133858268,0.9333333333333333,0.5
28329,HyboNet,4,256,0.001,3,35,0.44881889763779526,0.9333333333333333,0.46153846153846156
28330,HyboNet,4,256,0.001,3,36,0.4566929133858268,0.9333333333333333,0.46153846153846156
28331,HyboNet,4,256,0.001,3,37,0.4251968503937008,0.9333333333333333,0.38461538461538464
28332,HyboNet,4,256,0.001,3,38,0.4251968503937008,0.9333333333333333,0.38461538461538464
28333,HyboNet,4,256,0.001,3,39,0.4094488188976378,0.9333333333333333,0.38461538461538464
28334,HyboNet,4,256,0.001,3,4,0.5354330708661418,0.6666666666666666,0.5769230769230769
28335,HyboNet,4,256,0.001,3,40,0.4251968503937008,1.0,0.34615384615384615
28336,HyboNet,4,256,0.001,3,41,0.44881889763779526,0.9333333333333333,0.46153846153846156
28337,HyboNet,4,256,0.001,3,42,0.4566929133858268,0.9333333333333333,0.46153846153846156
28338,HyboNet,4,256,0.001,3,43,0.4566929133858268,0.9333333333333333,0.46153846153846156
28339,HyboNet,4,256,0.001,3,44,0.44881889763779526,0.9666666666666667,0.38461538461538464
28340,HyboNet,4,256,0.001,3,45,0.44881889763779526,0.9666666666666667,0.34615384615384615
28341,HyboNet,4,256,0.001,3,46,0.4645669291338583,0.9666666666666667,0.46153846153846156
28342,HyboNet,4,256,0.001,3,47,0.4645669291338583,0.9666666666666667,0.46153846153846156
28343,HyboNet,4,256,0.001,3,48,0.4330708661417323,0.9666666666666667,0.4230769230769231
28344,HyboNet,4,256,0.001,3,49,0.3700787401574803,1.0,0.34615384615384615
28345,HyboNet,4,256,0.001,3,5,0.5354330708661418,0.6333333333333333,0.5769230769230769
28346,HyboNet,4,256,0.001,3,50,0.4015748031496063,1.0,0.4230769230769231
28347,HyboNet,4,256,0.001,3,51,0.4094488188976378,1.0,0.4230769230769231
28348,HyboNet,4,256,0.001,3,52,0.4094488188976378,1.0,0.4230769230769231
28349,HyboNet,4,256,0.001,3,53,0.4015748031496063,1.0,0.34615384615384615
28350,HyboNet,4,256,0.001,3,54,0.3464566929133858,1.0,0.3076923076923077
28351,HyboNet,4,256,0.001,3,55,0.36220472440944884,1.0,0.34615384615384615
28352,HyboNet,4,256,0.001,3,56,0.3700787401574803,1.0,0.34615384615384615
28353,HyboNet,4,256,0.001,3,57,0.3937007874015748,1.0,0.38461538461538464
28354,HyboNet,4,256,0.001,3,58,0.41732283464566927,1.0,0.34615384615384615
28355,HyboNet,4,256,0.001,3,59,0.3858267716535433,1.0,0.34615384615384615
28356,HyboNet,4,256,0.001,3,6,0.5354330708661418,0.6,0.5769230769230769
28357,HyboNet,4,256,0.001,3,60,0.3858267716535433,1.0,0.34615384615384615
28358,HyboNet,4,256,0.001,3,61,0.4330708661417323,1.0,0.46153846153846156
28359,HyboNet,4,256,0.001,3,62,0.44881889763779526,1.0,0.5
28360,HyboNet,4,256,0.001,3,63,0.4566929133858268,1.0,0.5
28361,HyboNet,4,256,0.001,3,64,0.4409448818897638,1.0,0.5
28362,HyboNet,4,256,0.001,3,65,0.41732283464566927,1.0,0.4230769230769231
28363,HyboNet,4,256,0.001,3,66,0.41732283464566927,1.0,0.38461538461538464
28364,HyboNet,4,256,0.001,3,67,0.4330708661417323,1.0,0.4230769230769231
28365,HyboNet,4,256,0.001,3,68,0.4094488188976378,1.0,0.38461538461538464
28366,HyboNet,4,256,0.001,3,69,0.4330708661417323,1.0,0.46153846153846156
28367,HyboNet,4,256,0.001,3,7,0.5354330708661418,0.6333333333333333,0.5769230769230769
28368,HyboNet,4,256,0.001,3,70,0.4330708661417323,1.0,0.4230769230769231
28369,HyboNet,4,256,0.001,3,71,0.4409448818897638,1.0,0.46153846153846156
28370,HyboNet,4,256,0.001,3,72,0.4409448818897638,1.0,0.46153846153846156
28371,HyboNet,4,256,0.001,3,73,0.4330708661417323,1.0,0.46153846153846156
28372,HyboNet,4,256,0.001,3,74,0.4330708661417323,1.0,0.46153846153846156
28373,HyboNet,4,256,0.001,3,75,0.4330708661417323,1.0,0.46153846153846156
28374,HyboNet,4,256,0.001,3,76,0.4015748031496063,1.0,0.34615384615384615
28375,HyboNet,4,256,0.001,3,77,0.3543307086614173,0.9666666666666667,0.3076923076923077
28376,HyboNet,4,256,0.001,3,78,0.3779527559055118,1.0,0.34615384615384615
28377,HyboNet,4,256,0.001,3,79,0.3937007874015748,1.0,0.38461538461538464
28378,HyboNet,4,256,0.001,3,8,0.5354330708661418,0.6333333333333333,0.5769230769230769
28379,HyboNet,4,256,0.001,3,80,0.3779527559055118,1.0,0.38461538461538464
28380,HyboNet,4,256,0.001,3,81,0.33858267716535434,1.0,0.34615384615384615
28381,HyboNet,4,256,0.001,3,82,0.3464566929133858,1.0,0.34615384615384615
28382,HyboNet,4,256,0.001,3,83,0.36220472440944884,1.0,0.34615384615384615
28383,HyboNet,4,256,0.001,3,84,0.33858267716535434,1.0,0.3076923076923077
28384,HyboNet,4,256,0.001,3,85,0.33858267716535434,1.0,0.34615384615384615
28385,HyboNet,4,256,0.001,3,86,0.4015748031496063,1.0,0.38461538461538464
28386,HyboNet,4,256,0.001,3,87,0.4251968503937008,1.0,0.4230769230769231
28387,HyboNet,4,256,0.001,3,88,0.4330708661417323,1.0,0.46153846153846156
28388,HyboNet,4,256,0.001,3,89,0.4251968503937008,1.0,0.46153846153846156
28389,HyboNet,4,256,0.001,3,9,0.5118110236220472,0.7666666666666667,0.5
28390,HyboNet,4,256,0.001,3,90,0.4015748031496063,1.0,0.38461538461538464
28391,HyboNet,4,256,0.001,3,91,0.4015748031496063,1.0,0.34615384615384615
28392,HyboNet,4,256,0.001,3,92,0.3700787401574803,1.0,0.34615384615384615
28393,HyboNet,4,256,0.001,3,93,0.36220472440944884,1.0,0.34615384615384615
28394,HyboNet,4,256,0.001,3,94,0.4015748031496063,1.0,0.34615384615384615
28395,HyboNet,4,256,0.001,3,95,0.3937007874015748,1.0,0.34615384615384615
28396,HyboNet,4,256,0.001,3,96,0.3858267716535433,1.0,0.34615384615384615
28397,HyboNet,4,256,0.001,3,97,0.3937007874015748,1.0,0.34615384615384615
28398,HyboNet,4,256,0.001,3,98,0.3858267716535433,1.0,0.34615384615384615
28399,HyboNet,4,256,0.001,3,99,0.3700787401574803,1.0,0.34615384615384615
28400,HyboNet,4,256,0.001,4,1,0.5354330708661418,0.6,0.5769230769230769
28401,HyboNet,4,256,0.001,4,10,0.5196850393700787,0.8,0.46153846153846156
28402,HyboNet,4,256,0.001,4,100,0.2992125984251969,1.0,0.3076923076923077
28403,HyboNet,4,256,0.001,4,11,0.5196850393700787,0.8333333333333334,0.46153846153846156
28404,HyboNet,4,256,0.001,4,12,0.5354330708661418,0.7666666666666667,0.5
28405,HyboNet,4,256,0.001,4,13,0.5118110236220472,0.8333333333333334,0.46153846153846156
28406,HyboNet,4,256,0.001,4,14,0.49606299212598426,0.8666666666666667,0.46153846153846156
28407,HyboNet,4,256,0.001,4,15,0.47244094488188976,0.8333333333333334,0.4230769230769231
28408,HyboNet,4,256,0.001,4,16,0.49606299212598426,0.8,0.5384615384615384
28409,HyboNet,4,256,0.001,4,17,0.5354330708661418,0.7666666666666667,0.46153846153846156
28410,HyboNet,4,256,0.001,4,18,0.5433070866141733,0.8,0.46153846153846156
28411,HyboNet,4,256,0.001,4,19,0.5118110236220472,0.8,0.5
28412,HyboNet,4,256,0.001,4,2,0.5354330708661418,0.6,0.5769230769230769
28413,HyboNet,4,256,0.001,4,20,0.47244094488188976,0.8333333333333334,0.5
28414,HyboNet,4,256,0.001,4,21,0.4566929133858268,0.8666666666666667,0.46153846153846156
28415,HyboNet,4,256,0.001,4,22,0.4566929133858268,0.9333333333333333,0.4230769230769231
28416,HyboNet,4,256,0.001,4,23,0.44881889763779526,0.9333333333333333,0.5
28417,HyboNet,4,256,0.001,4,24,0.47244094488188976,0.9333333333333333,0.5
28418,HyboNet,4,256,0.001,4,25,0.48031496062992124,0.9,0.5
28419,HyboNet,4,256,0.001,4,26,0.47244094488188976,0.9,0.5
28420,HyboNet,4,256,0.001,4,27,0.4566929133858268,0.9,0.46153846153846156
28421,HyboNet,4,256,0.001,4,28,0.47244094488188976,0.9333333333333333,0.5
28422,HyboNet,4,256,0.001,4,29,0.4645669291338583,0.9333333333333333,0.5
28423,HyboNet,4,256,0.001,4,3,0.5354330708661418,0.6333333333333333,0.5769230769230769
28424,HyboNet,4,256,0.001,4,30,0.4409448818897638,0.9333333333333333,0.5
28425,HyboNet,4,256,0.001,4,31,0.4409448818897638,0.9333333333333333,0.5
28426,HyboNet,4,256,0.001,4,32,0.41732283464566927,0.9333333333333333,0.5
28427,HyboNet,4,256,0.001,4,33,0.4251968503937008,0.9666666666666667,0.38461538461538464
28428,HyboNet,4,256,0.001,4,34,0.3937007874015748,0.9666666666666667,0.2692307692307692
28429,HyboNet,4,256,0.001,4,35,0.4409448818897638,0.9333333333333333,0.5
28430,HyboNet,4,256,0.001,4,36,0.4566929133858268,0.9333333333333333,0.5384615384615384
28431,HyboNet,4,256,0.001,4,37,0.4645669291338583,0.9333333333333333,0.5
28432,HyboNet,4,256,0.001,4,38,0.44881889763779526,0.9666666666666667,0.4230769230769231
28433,HyboNet,4,256,0.001,4,39,0.4094488188976378,0.9666666666666667,0.38461538461538464
28434,HyboNet,4,256,0.001,4,4,0.5511811023622047,0.7333333333333333,0.5769230769230769
28435,HyboNet,4,256,0.001,4,40,0.4094488188976378,0.9666666666666667,0.34615384615384615
28436,HyboNet,4,256,0.001,4,41,0.4251968503937008,0.9666666666666667,0.38461538461538464
28437,HyboNet,4,256,0.001,4,42,0.4330708661417323,0.9666666666666667,0.38461538461538464
28438,HyboNet,4,256,0.001,4,43,0.4330708661417323,0.9666666666666667,0.38461538461538464
28439,HyboNet,4,256,0.001,4,44,0.4094488188976378,0.9666666666666667,0.38461538461538464
28440,HyboNet,4,256,0.001,4,45,0.4094488188976378,1.0,0.3076923076923077
28441,HyboNet,4,256,0.001,4,46,0.3937007874015748,1.0,0.2692307692307692
28442,HyboNet,4,256,0.001,4,47,0.3858267716535433,1.0,0.3076923076923077
28443,HyboNet,4,256,0.001,4,48,0.3858267716535433,1.0,0.3076923076923077
28444,HyboNet,4,256,0.001,4,49,0.3858267716535433,1.0,0.3076923076923077
28445,HyboNet,4,256,0.001,4,5,0.5511811023622047,0.7333333333333333,0.5769230769230769
28446,HyboNet,4,256,0.001,4,50,0.3779527559055118,1.0,0.3076923076923077
28447,HyboNet,4,256,0.001,4,51,0.3464566929133858,1.0,0.3076923076923077
28448,HyboNet,4,256,0.001,4,52,0.3464566929133858,1.0,0.2692307692307692
28449,HyboNet,4,256,0.001,4,53,0.3464566929133858,1.0,0.2692307692307692
28450,HyboNet,4,256,0.001,4,54,0.3543307086614173,1.0,0.2692307692307692
28451,HyboNet,4,256,0.001,4,55,0.3543307086614173,1.0,0.2692307692307692
28452,HyboNet,4,256,0.001,4,56,0.36220472440944884,1.0,0.2692307692307692
28453,HyboNet,4,256,0.001,4,57,0.36220472440944884,1.0,0.3076923076923077
28454,HyboNet,4,256,0.001,4,58,0.3464566929133858,1.0,0.2692307692307692
28455,HyboNet,4,256,0.001,4,59,0.36220472440944884,1.0,0.3076923076923077
28456,HyboNet,4,256,0.001,4,6,0.5354330708661418,0.6333333333333333,0.5769230769230769
28457,HyboNet,4,256,0.001,4,60,0.36220472440944884,1.0,0.3076923076923077
28458,HyboNet,4,256,0.001,4,61,0.3700787401574803,1.0,0.3076923076923077
28459,HyboNet,4,256,0.001,4,62,0.3700787401574803,1.0,0.3076923076923077
28460,HyboNet,4,256,0.001,4,63,0.3543307086614173,1.0,0.2692307692307692
28461,HyboNet,4,256,0.001,4,64,0.33858267716535434,1.0,0.2692307692307692
28462,HyboNet,4,256,0.001,4,65,0.36220472440944884,1.0,0.3076923076923077
28463,HyboNet,4,256,0.001,4,66,0.3464566929133858,1.0,0.3076923076923077
28464,HyboNet,4,256,0.001,4,67,0.36220472440944884,1.0,0.3076923076923077
28465,HyboNet,4,256,0.001,4,68,0.36220472440944884,1.0,0.3076923076923077
28466,HyboNet,4,256,0.001,4,69,0.3464566929133858,1.0,0.3076923076923077
28467,HyboNet,4,256,0.001,4,7,0.5354330708661418,0.6333333333333333,0.5769230769230769
28468,HyboNet,4,256,0.001,4,70,0.3543307086614173,1.0,0.3076923076923077
28469,HyboNet,4,256,0.001,4,71,0.3700787401574803,1.0,0.3076923076923077
28470,HyboNet,4,256,0.001,4,72,0.36220472440944884,1.0,0.3076923076923077
28471,HyboNet,4,256,0.001,4,73,0.3937007874015748,1.0,0.3076923076923077
28472,HyboNet,4,256,0.001,4,74,0.3779527559055118,1.0,0.3076923076923077
28473,HyboNet,4,256,0.001,4,75,0.33858267716535434,1.0,0.3076923076923077
28474,HyboNet,4,256,0.001,4,76,0.33858267716535434,1.0,0.3076923076923077
28475,HyboNet,4,256,0.001,4,77,0.3779527559055118,1.0,0.3076923076923077
28476,HyboNet,4,256,0.001,4,78,0.3700787401574803,1.0,0.3076923076923077
28477,HyboNet,4,256,0.001,4,79,0.33858267716535434,1.0,0.3076923076923077
28478,HyboNet,4,256,0.001,4,8,0.5433070866141733,0.7333333333333333,0.5769230769230769
28479,HyboNet,4,256,0.001,4,80,0.31496062992125984,1.0,0.3076923076923077
28480,HyboNet,4,256,0.001,4,81,0.3779527559055118,1.0,0.3076923076923077
28481,HyboNet,4,256,0.001,4,82,0.4251968503937008,1.0,0.34615384615384615
28482,HyboNet,4,256,0.001,4,83,0.4251968503937008,1.0,0.34615384615384615
28483,HyboNet,4,256,0.001,4,84,0.4330708661417323,1.0,0.38461538461538464
28484,HyboNet,4,256,0.001,4,85,0.4251968503937008,1.0,0.38461538461538464
28485,HyboNet,4,256,0.001,4,86,0.4330708661417323,1.0,0.38461538461538464
28486,HyboNet,4,256,0.001,4,87,0.4409448818897638,1.0,0.38461538461538464
28487,HyboNet,4,256,0.001,4,88,0.4330708661417323,1.0,0.38461538461538464
28488,HyboNet,4,256,0.001,4,89,0.4094488188976378,1.0,0.3076923076923077
28489,HyboNet,4,256,0.001,4,9,0.5354330708661418,0.8,0.5
28490,HyboNet,4,256,0.001,4,90,0.3700787401574803,1.0,0.3076923076923077
28491,HyboNet,4,256,0.001,4,91,0.3858267716535433,1.0,0.3076923076923077
28492,HyboNet,4,256,0.001,4,92,0.4015748031496063,1.0,0.3076923076923077
28493,HyboNet,4,256,0.001,4,93,0.4015748031496063,1.0,0.3076923076923077
28494,HyboNet,4,256,0.001,4,94,0.3858267716535433,1.0,0.3076923076923077
28495,HyboNet,4,256,0.001,4,95,0.36220472440944884,1.0,0.3076923076923077
28496,HyboNet,4,256,0.001,4,96,0.33070866141732286,1.0,0.3076923076923077
28497,HyboNet,4,256,0.001,4,97,0.33858267716535434,1.0,0.3076923076923077
28498,HyboNet,4,256,0.001,4,98,0.33858267716535434,1.0,0.3076923076923077
28499,HyboNet,4,256,0.001,4,99,0.33070866141732286,1.0,0.3076923076923077
28500,HyboNet,4,256,0.001,5,1,0.5354330708661418,0.6,0.5769230769230769
28501,HyboNet,4,256,0.001,5,10,0.5433070866141733,0.7333333333333333,0.5769230769230769
28502,HyboNet,4,256,0.001,5,100,0.3937007874015748,1.0,0.34615384615384615
28503,HyboNet,4,256,0.001,5,11,0.5433070866141733,0.7666666666666667,0.5769230769230769
28504,HyboNet,4,256,0.001,5,12,0.5433070866141733,0.8,0.5384615384615384
28505,HyboNet,4,256,0.001,5,13,0.5433070866141733,0.7666666666666667,0.5384615384615384
28506,HyboNet,4,256,0.001,5,14,0.5511811023622047,0.7666666666666667,0.5384615384615384
28507,HyboNet,4,256,0.001,5,15,0.5433070866141733,0.8333333333333334,0.5
28508,HyboNet,4,256,0.001,5,16,0.49606299212598426,0.8666666666666667,0.46153846153846156
28509,HyboNet,4,256,0.001,5,17,0.5118110236220472,0.8666666666666667,0.5
28510,HyboNet,4,256,0.001,5,18,0.5275590551181102,0.8,0.5769230769230769
28511,HyboNet,4,256,0.001,5,19,0.5196850393700787,0.8333333333333334,0.5769230769230769
28512,HyboNet,4,256,0.001,5,2,0.5354330708661418,0.6,0.5769230769230769
28513,HyboNet,4,256,0.001,5,20,0.5118110236220472,0.8333333333333334,0.5769230769230769
28514,HyboNet,4,256,0.001,5,21,0.5039370078740157,0.8666666666666667,0.5
28515,HyboNet,4,256,0.001,5,22,0.47244094488188976,0.9333333333333333,0.46153846153846156
28516,HyboNet,4,256,0.001,5,23,0.4645669291338583,0.9,0.46153846153846156
28517,HyboNet,4,256,0.001,5,24,0.48031496062992124,0.9333333333333333,0.46153846153846156
28518,HyboNet,4,256,0.001,5,25,0.48031496062992124,0.9333333333333333,0.46153846153846156
28519,HyboNet,4,256,0.001,5,26,0.4645669291338583,0.9333333333333333,0.4230769230769231
28520,HyboNet,4,256,0.001,5,27,0.4645669291338583,0.9333333333333333,0.46153846153846156
28521,HyboNet,4,256,0.001,5,28,0.48031496062992124,0.9333333333333333,0.46153846153846156
28522,HyboNet,4,256,0.001,5,29,0.47244094488188976,0.9333333333333333,0.46153846153846156
28523,HyboNet,4,256,0.001,5,3,0.5354330708661418,0.6,0.5769230769230769
28524,HyboNet,4,256,0.001,5,30,0.47244094488188976,0.9333333333333333,0.46153846153846156
28525,HyboNet,4,256,0.001,5,31,0.48031496062992124,0.9333333333333333,0.46153846153846156
28526,HyboNet,4,256,0.001,5,32,0.48031496062992124,0.9333333333333333,0.46153846153846156
28527,HyboNet,4,256,0.001,5,33,0.4645669291338583,0.9333333333333333,0.46153846153846156
28528,HyboNet,4,256,0.001,5,34,0.48031496062992124,0.9333333333333333,0.46153846153846156
28529,HyboNet,4,256,0.001,5,35,0.44881889763779526,0.9333333333333333,0.4230769230769231
28530,HyboNet,4,256,0.001,5,36,0.44881889763779526,0.9333333333333333,0.46153846153846156
28531,HyboNet,4,256,0.001,5,37,0.4566929133858268,0.9333333333333333,0.46153846153846156
28532,HyboNet,4,256,0.001,5,38,0.4566929133858268,0.9333333333333333,0.4230769230769231
28533,HyboNet,4,256,0.001,5,39,0.4409448818897638,0.9666666666666667,0.46153846153846156
28534,HyboNet,4,256,0.001,5,4,0.5354330708661418,0.6,0.5769230769230769
28535,HyboNet,4,256,0.001,5,40,0.41732283464566927,1.0,0.34615384615384615
28536,HyboNet,4,256,0.001,5,41,0.4251968503937008,1.0,0.34615384615384615
28537,HyboNet,4,256,0.001,5,42,0.4409448818897638,0.9333333333333333,0.46153846153846156
28538,HyboNet,4,256,0.001,5,43,0.4566929133858268,0.9333333333333333,0.46153846153846156
28539,HyboNet,4,256,0.001,5,44,0.4094488188976378,0.9333333333333333,0.46153846153846156
28540,HyboNet,4,256,0.001,5,45,0.4251968503937008,1.0,0.34615384615384615
28541,HyboNet,4,256,0.001,5,46,0.4015748031496063,1.0,0.34615384615384615
28542,HyboNet,4,256,0.001,5,47,0.4015748031496063,1.0,0.34615384615384615
28543,HyboNet,4,256,0.001,5,48,0.4330708661417323,0.9666666666666667,0.46153846153846156
28544,HyboNet,4,256,0.001,5,49,0.41732283464566927,0.9666666666666667,0.46153846153846156
28545,HyboNet,4,256,0.001,5,5,0.5354330708661418,0.6666666666666666,0.5769230769230769
28546,HyboNet,4,256,0.001,5,50,0.4015748031496063,1.0,0.4230769230769231
28547,HyboNet,4,256,0.001,5,51,0.33070866141732286,0.9666666666666667,0.3076923076923077
28548,HyboNet,4,256,0.001,5,52,0.29133858267716534,0.9333333333333333,0.2692307692307692
28549,HyboNet,4,256,0.001,5,53,0.3543307086614173,1.0,0.3076923076923077
28550,HyboNet,4,256,0.001,5,54,0.41732283464566927,0.9666666666666667,0.4230769230769231
28551,HyboNet,4,256,0.001,5,55,0.44881889763779526,0.9666666666666667,0.38461538461538464
28552,HyboNet,4,256,0.001,5,56,0.3937007874015748,0.9666666666666667,0.34615384615384615
28553,HyboNet,4,256,0.001,5,57,0.3779527559055118,1.0,0.3076923076923077
28554,HyboNet,4,256,0.001,5,58,0.31496062992125984,1.0,0.23076923076923078
28555,HyboNet,4,256,0.001,5,59,0.3464566929133858,1.0,0.3076923076923077
28556,HyboNet,4,256,0.001,5,6,0.5354330708661418,0.6333333333333333,0.5769230769230769
28557,HyboNet,4,256,0.001,5,60,0.41732283464566927,1.0,0.38461538461538464
28558,HyboNet,4,256,0.001,5,61,0.4330708661417323,1.0,0.46153846153846156
28559,HyboNet,4,256,0.001,5,62,0.4566929133858268,1.0,0.4230769230769231
28560,HyboNet,4,256,0.001,5,63,0.4330708661417323,1.0,0.46153846153846156
28561,HyboNet,4,256,0.001,5,64,0.4330708661417323,1.0,0.46153846153846156
28562,HyboNet,4,256,0.001,5,65,0.41732283464566927,1.0,0.46153846153846156
28563,HyboNet,4,256,0.001,5,66,0.41732283464566927,1.0,0.4230769230769231
28564,HyboNet,4,256,0.001,5,67,0.3700787401574803,1.0,0.38461538461538464
28565,HyboNet,4,256,0.001,5,68,0.33858267716535434,1.0,0.3076923076923077
28566,HyboNet,4,256,0.001,5,69,0.30708661417322836,1.0,0.2692307692307692
28567,HyboNet,4,256,0.001,5,7,0.5354330708661418,0.6,0.5769230769230769
28568,HyboNet,4,256,0.001,5,70,0.3779527559055118,1.0,0.34615384615384615
28569,HyboNet,4,256,0.001,5,71,0.4094488188976378,1.0,0.46153846153846156
28570,HyboNet,4,256,0.001,5,72,0.4251968503937008,1.0,0.46153846153846156
28571,HyboNet,4,256,0.001,5,73,0.44881889763779526,1.0,0.46153846153846156
28572,HyboNet,4,256,0.001,5,74,0.4409448818897638,1.0,0.5
28573,HyboNet,4,256,0.001,5,75,0.4251968503937008,1.0,0.5
28574,HyboNet,4,256,0.001,5,76,0.4251968503937008,1.0,0.5
28575,HyboNet,4,256,0.001,5,77,0.3937007874015748,1.0,0.4230769230769231
28576,HyboNet,4,256,0.001,5,78,0.3779527559055118,1.0,0.38461538461538464
28577,HyboNet,4,256,0.001,5,79,0.3779527559055118,1.0,0.38461538461538464
28578,HyboNet,4,256,0.001,5,8,0.5354330708661418,0.6,0.5769230769230769
28579,HyboNet,4,256,0.001,5,80,0.4015748031496063,1.0,0.34615384615384615
28580,HyboNet,4,256,0.001,5,81,0.3779527559055118,1.0,0.3076923076923077
28581,HyboNet,4,256,0.001,5,82,0.36220472440944884,1.0,0.34615384615384615
28582,HyboNet,4,256,0.001,5,83,0.3779527559055118,1.0,0.34615384615384615
28583,HyboNet,4,256,0.001,5,84,0.3779527559055118,1.0,0.3076923076923077
28584,HyboNet,4,256,0.001,5,85,0.4094488188976378,1.0,0.4230769230769231
28585,HyboNet,4,256,0.001,5,86,0.4015748031496063,1.0,0.4230769230769231
28586,HyboNet,4,256,0.001,5,87,0.4015748031496063,1.0,0.4230769230769231
28587,HyboNet,4,256,0.001,5,88,0.4094488188976378,1.0,0.34615384615384615
28588,HyboNet,4,256,0.001,5,89,0.3937007874015748,1.0,0.34615384615384615
28589,HyboNet,4,256,0.001,5,9,0.5433070866141733,0.6666666666666666,0.5769230769230769
28590,HyboNet,4,256,0.001,5,90,0.3700787401574803,1.0,0.3076923076923077
28591,HyboNet,4,256,0.001,5,91,0.3779527559055118,1.0,0.3076923076923077
28592,HyboNet,4,256,0.001,5,92,0.3937007874015748,1.0,0.34615384615384615
28593,HyboNet,4,256,0.001,5,93,0.4015748031496063,1.0,0.46153846153846156
28594,HyboNet,4,256,0.001,5,94,0.4094488188976378,1.0,0.46153846153846156
28595,HyboNet,4,256,0.001,5,95,0.3937007874015748,1.0,0.46153846153846156
28596,HyboNet,4,256,0.001,5,96,0.4094488188976378,1.0,0.5
28597,HyboNet,4,256,0.001,5,97,0.41732283464566927,1.0,0.5
28598,HyboNet,4,256,0.001,5,98,0.41732283464566927,1.0,0.5
28599,HyboNet,4,256,0.001,5,99,0.4015748031496063,1.0,0.46153846153846156
28600,HyboNet,4,256,0.001,6,1,0.5354330708661418,0.6,0.5769230769230769
28601,HyboNet,4,256,0.001,6,10,0.5354330708661418,0.6,0.5769230769230769
28602,HyboNet,4,256,0.001,6,100,0.3543307086614173,1.0,0.34615384615384615
28603,HyboNet,4,256,0.001,6,11,0.5354330708661418,0.6,0.5769230769230769
28604,HyboNet,4,256,0.001,6,12,0.5354330708661418,0.6,0.5769230769230769
28605,HyboNet,4,256,0.001,6,13,0.5354330708661418,0.7,0.5769230769230769
28606,HyboNet,4,256,0.001,6,14,0.5669291338582677,0.7333333333333333,0.5769230769230769
28607,HyboNet,4,256,0.001,6,15,0.5354330708661418,0.7333333333333333,0.5384615384615384
28608,HyboNet,4,256,0.001,6,16,0.5275590551181102,0.7,0.5769230769230769
28609,HyboNet,4,256,0.001,6,17,0.5275590551181102,0.7,0.5769230769230769
28610,HyboNet,4,256,0.001,6,18,0.5275590551181102,0.8,0.5384615384615384
28611,HyboNet,4,256,0.001,6,19,0.5118110236220472,0.8333333333333334,0.46153846153846156
28612,HyboNet,4,256,0.001,6,2,0.5354330708661418,0.6,0.5769230769230769
28613,HyboNet,4,256,0.001,6,20,0.4566929133858268,0.8666666666666667,0.46153846153846156
28614,HyboNet,4,256,0.001,6,21,0.47244094488188976,0.8666666666666667,0.5
28615,HyboNet,4,256,0.001,6,22,0.49606299212598426,0.8333333333333334,0.5
28616,HyboNet,4,256,0.001,6,23,0.5039370078740157,0.8333333333333334,0.5
28617,HyboNet,4,256,0.001,6,24,0.4881889763779528,0.9,0.5
28618,HyboNet,4,256,0.001,6,25,0.4566929133858268,0.9,0.46153846153846156
28619,HyboNet,4,256,0.001,6,26,0.4251968503937008,0.9333333333333333,0.5
28620,HyboNet,4,256,0.001,6,27,0.44881889763779526,0.9666666666666667,0.5
28621,HyboNet,4,256,0.001,6,28,0.47244094488188976,0.9333333333333333,0.46153846153846156
28622,HyboNet,4,256,0.001,6,29,0.47244094488188976,0.9333333333333333,0.5
28623,HyboNet,4,256,0.001,6,3,0.5354330708661418,0.6,0.5769230769230769
28624,HyboNet,4,256,0.001,6,30,0.44881889763779526,0.9333333333333333,0.5
28625,HyboNet,4,256,0.001,6,31,0.4330708661417323,0.9333333333333333,0.5384615384615384
28626,HyboNet,4,256,0.001,6,32,0.44881889763779526,0.9333333333333333,0.5
28627,HyboNet,4,256,0.001,6,33,0.4566929133858268,0.9333333333333333,0.5384615384615384
28628,HyboNet,4,256,0.001,6,34,0.4330708661417323,0.9333333333333333,0.5
28629,HyboNet,4,256,0.001,6,35,0.3937007874015748,0.9666666666666667,0.4230769230769231
28630,HyboNet,4,256,0.001,6,36,0.4094488188976378,0.9666666666666667,0.46153846153846156
28631,HyboNet,4,256,0.001,6,37,0.4409448818897638,0.9333333333333333,0.5384615384615384
28632,HyboNet,4,256,0.001,6,38,0.44881889763779526,0.9333333333333333,0.5384615384615384
28633,HyboNet,4,256,0.001,6,39,0.4330708661417323,0.9666666666666667,0.5
28634,HyboNet,4,256,0.001,6,4,0.5354330708661418,0.6,0.5769230769230769
28635,HyboNet,4,256,0.001,6,40,0.4094488188976378,1.0,0.38461538461538464
28636,HyboNet,4,256,0.001,6,41,0.41732283464566927,1.0,0.38461538461538464
28637,HyboNet,4,256,0.001,6,42,0.4409448818897638,1.0,0.46153846153846156
28638,HyboNet,4,256,0.001,6,43,0.44881889763779526,0.9333333333333333,0.5
28639,HyboNet,4,256,0.001,6,44,0.44881889763779526,0.9333333333333333,0.5384615384615384
28640,HyboNet,4,256,0.001,6,45,0.4409448818897638,0.9333333333333333,0.5384615384615384
28641,HyboNet,4,256,0.001,6,46,0.4094488188976378,1.0,0.46153846153846156
28642,HyboNet,4,256,0.001,6,47,0.3464566929133858,1.0,0.38461538461538464
28643,HyboNet,4,256,0.001,6,48,0.31496062992125984,1.0,0.3076923076923077
28644,HyboNet,4,256,0.001,6,49,0.33070866141732286,1.0,0.3076923076923077
28645,HyboNet,4,256,0.001,6,5,0.5354330708661418,0.6,0.5769230769230769
28646,HyboNet,4,256,0.001,6,50,0.4015748031496063,0.9666666666666667,0.38461538461538464
28647,HyboNet,4,256,0.001,6,51,0.4409448818897638,0.9333333333333333,0.46153846153846156
28648,HyboNet,4,256,0.001,6,52,0.44881889763779526,0.9333333333333333,0.46153846153846156
28649,HyboNet,4,256,0.001,6,53,0.4251968503937008,1.0,0.4230769230769231
28650,HyboNet,4,256,0.001,6,54,0.36220472440944884,0.9666666666666667,0.38461538461538464
28651,HyboNet,4,256,0.001,6,55,0.3779527559055118,0.9666666666666667,0.38461538461538464
28652,HyboNet,4,256,0.001,6,56,0.3858267716535433,0.9666666666666667,0.38461538461538464
28653,HyboNet,4,256,0.001,6,57,0.4330708661417323,1.0,0.4230769230769231
28654,HyboNet,4,256,0.001,6,58,0.4645669291338583,1.0,0.46153846153846156
28655,HyboNet,4,256,0.001,6,59,0.4566929133858268,1.0,0.46153846153846156
28656,HyboNet,4,256,0.001,6,6,0.5354330708661418,0.6,0.5769230769230769
28657,HyboNet,4,256,0.001,6,60,0.4015748031496063,1.0,0.46153846153846156
28658,HyboNet,4,256,0.001,6,61,0.3543307086614173,1.0,0.38461538461538464
28659,HyboNet,4,256,0.001,6,62,0.2755905511811024,1.0,0.3076923076923077
28660,HyboNet,4,256,0.001,6,63,0.2992125984251969,1.0,0.3076923076923077
28661,HyboNet,4,256,0.001,6,64,0.33070866141732286,1.0,0.34615384615384615
28662,HyboNet,4,256,0.001,6,65,0.3700787401574803,1.0,0.4230769230769231
28663,HyboNet,4,256,0.001,6,66,0.41732283464566927,1.0,0.38461538461538464
28664,HyboNet,4,256,0.001,6,67,0.3858267716535433,1.0,0.34615384615384615
28665,HyboNet,4,256,0.001,6,68,0.36220472440944884,1.0,0.3076923076923077
28666,HyboNet,4,256,0.001,6,69,0.33070866141732286,1.0,0.3076923076923077
28667,HyboNet,4,256,0.001,6,7,0.5354330708661418,0.6,0.5769230769230769
28668,HyboNet,4,256,0.001,6,70,0.33070866141732286,1.0,0.34615384615384615
28669,HyboNet,4,256,0.001,6,71,0.41732283464566927,1.0,0.4230769230769231
28670,HyboNet,4,256,0.001,6,72,0.4330708661417323,1.0,0.46153846153846156
28671,HyboNet,4,256,0.001,6,73,0.4409448818897638,1.0,0.46153846153846156
28672,HyboNet,4,256,0.001,6,74,0.41732283464566927,1.0,0.46153846153846156
28673,HyboNet,4,256,0.001,6,75,0.3464566929133858,1.0,0.38461538461538464
28674,HyboNet,4,256,0.001,6,76,0.31496062992125984,1.0,0.34615384615384615
28675,HyboNet,4,256,0.001,6,77,0.3700787401574803,1.0,0.38461538461538464
28676,HyboNet,4,256,0.001,6,78,0.3858267716535433,1.0,0.38461538461538464
28677,HyboNet,4,256,0.001,6,79,0.3937007874015748,1.0,0.38461538461538464
28678,HyboNet,4,256,0.001,6,8,0.5354330708661418,0.6,0.5769230769230769
28679,HyboNet,4,256,0.001,6,80,0.3779527559055118,1.0,0.34615384615384615
28680,HyboNet,4,256,0.001,6,81,0.33070866141732286,1.0,0.34615384615384615
28681,HyboNet,4,256,0.001,6,82,0.31496062992125984,1.0,0.34615384615384615
28682,HyboNet,4,256,0.001,6,83,0.3700787401574803,1.0,0.34615384615384615
28683,HyboNet,4,256,0.001,6,84,0.4015748031496063,1.0,0.38461538461538464
28684,HyboNet,4,256,0.001,6,85,0.4015748031496063,1.0,0.4230769230769231
28685,HyboNet,4,256,0.001,6,86,0.44881889763779526,1.0,0.46153846153846156
28686,HyboNet,4,256,0.001,6,87,0.44881889763779526,1.0,0.46153846153846156
28687,HyboNet,4,256,0.001,6,88,0.4015748031496063,1.0,0.4230769230769231
28688,HyboNet,4,256,0.001,6,89,0.4015748031496063,1.0,0.4230769230769231
28689,HyboNet,4,256,0.001,6,9,0.5354330708661418,0.6,0.5769230769230769
28690,HyboNet,4,256,0.001,6,90,0.4251968503937008,1.0,0.4230769230769231
28691,HyboNet,4,256,0.001,6,91,0.44881889763779526,1.0,0.46153846153846156
28692,HyboNet,4,256,0.001,6,92,0.44881889763779526,1.0,0.46153846153846156
28693,HyboNet,4,256,0.001,6,93,0.4409448818897638,1.0,0.46153846153846156
28694,HyboNet,4,256,0.001,6,94,0.41732283464566927,1.0,0.38461538461538464
28695,HyboNet,4,256,0.001,6,95,0.36220472440944884,1.0,0.38461538461538464
28696,HyboNet,4,256,0.001,6,96,0.3464566929133858,1.0,0.34615384615384615
28697,HyboNet,4,256,0.001,6,97,0.3464566929133858,1.0,0.38461538461538464
28698,HyboNet,4,256,0.001,6,98,0.33858267716535434,1.0,0.34615384615384615
28699,HyboNet,4,256,0.001,6,99,0.3464566929133858,1.0,0.34615384615384615
28700,HyboNet,4,256,0.001,7,1,0.5354330708661418,0.6,0.5769230769230769
28701,HyboNet,4,256,0.001,7,10,0.5511811023622047,0.7666666666666667,0.5769230769230769
28702,HyboNet,4,256,0.001,7,100,0.4015748031496063,1.0,0.3076923076923077
28703,HyboNet,4,256,0.001,7,11,0.5118110236220472,0.7666666666666667,0.5
28704,HyboNet,4,256,0.001,7,12,0.5196850393700787,0.7666666666666667,0.46153846153846156
28705,HyboNet,4,256,0.001,7,13,0.5118110236220472,0.7666666666666667,0.46153846153846156
28706,HyboNet,4,256,0.001,7,14,0.49606299212598426,0.7666666666666667,0.4230769230769231
28707,HyboNet,4,256,0.001,7,15,0.49606299212598426,0.8333333333333334,0.46153846153846156
28708,HyboNet,4,256,0.001,7,16,0.49606299212598426,0.8333333333333334,0.46153846153846156
28709,HyboNet,4,256,0.001,7,17,0.4330708661417323,0.9,0.34615384615384615
28710,HyboNet,4,256,0.001,7,18,0.4645669291338583,0.8333333333333334,0.4230769230769231
28711,HyboNet,4,256,0.001,7,19,0.44881889763779526,0.9,0.46153846153846156
28712,HyboNet,4,256,0.001,7,2,0.5354330708661418,0.6,0.5769230769230769
28713,HyboNet,4,256,0.001,7,20,0.4094488188976378,0.9,0.34615384615384615
28714,HyboNet,4,256,0.001,7,21,0.41732283464566927,0.9,0.38461538461538464
28715,HyboNet,4,256,0.001,7,22,0.4881889763779528,0.8333333333333334,0.46153846153846156
28716,HyboNet,4,256,0.001,7,23,0.47244094488188976,0.8333333333333334,0.5
28717,HyboNet,4,256,0.001,7,24,0.48031496062992124,0.9,0.4230769230769231
28718,HyboNet,4,256,0.001,7,25,0.4094488188976378,0.8666666666666667,0.34615384615384615
28719,HyboNet,4,256,0.001,7,26,0.4015748031496063,0.8666666666666667,0.3076923076923077
28720,HyboNet,4,256,0.001,7,27,0.44881889763779526,0.9,0.46153846153846156
28721,HyboNet,4,256,0.001,7,28,0.47244094488188976,0.9,0.46153846153846156
28722,HyboNet,4,256,0.001,7,29,0.4645669291338583,0.9333333333333333,0.5
28723,HyboNet,4,256,0.001,7,3,0.5354330708661418,0.6,0.5769230769230769
28724,HyboNet,4,256,0.001,7,30,0.4566929133858268,0.9333333333333333,0.5
28725,HyboNet,4,256,0.001,7,31,0.41732283464566927,0.9333333333333333,0.3076923076923077
28726,HyboNet,4,256,0.001,7,32,0.3937007874015748,0.9333333333333333,0.3076923076923077
28727,HyboNet,4,256,0.001,7,33,0.4645669291338583,0.9333333333333333,0.5
28728,HyboNet,4,256,0.001,7,34,0.47244094488188976,0.9333333333333333,0.5
28729,HyboNet,4,256,0.001,7,35,0.4645669291338583,0.9333333333333333,0.5
28730,HyboNet,4,256,0.001,7,36,0.4409448818897638,0.9333333333333333,0.46153846153846156
28731,HyboNet,4,256,0.001,7,37,0.4094488188976378,0.9333333333333333,0.38461538461538464
28732,HyboNet,4,256,0.001,7,38,0.3779527559055118,1.0,0.2692307692307692
28733,HyboNet,4,256,0.001,7,39,0.3700787401574803,0.9333333333333333,0.34615384615384615
28734,HyboNet,4,256,0.001,7,4,0.5354330708661418,0.6,0.5769230769230769
28735,HyboNet,4,256,0.001,7,40,0.3937007874015748,0.9333333333333333,0.4230769230769231
28736,HyboNet,4,256,0.001,7,41,0.4015748031496063,0.9333333333333333,0.4230769230769231
28737,HyboNet,4,256,0.001,7,42,0.4094488188976378,1.0,0.38461538461538464
28738,HyboNet,4,256,0.001,7,43,0.3937007874015748,1.0,0.34615384615384615
28739,HyboNet,4,256,0.001,7,44,0.4015748031496063,1.0,0.34615384615384615
28740,HyboNet,4,256,0.001,7,45,0.4015748031496063,1.0,0.38461538461538464
28741,HyboNet,4,256,0.001,7,46,0.41732283464566927,0.9666666666666667,0.34615384615384615
28742,HyboNet,4,256,0.001,7,47,0.4330708661417323,0.9666666666666667,0.38461538461538464
28743,HyboNet,4,256,0.001,7,48,0.4330708661417323,1.0,0.3076923076923077
28744,HyboNet,4,256,0.001,7,49,0.4094488188976378,1.0,0.3076923076923077
28745,HyboNet,4,256,0.001,7,5,0.5354330708661418,0.6,0.5769230769230769
28746,HyboNet,4,256,0.001,7,50,0.4094488188976378,1.0,0.34615384615384615
28747,HyboNet,4,256,0.001,7,51,0.4251968503937008,1.0,0.38461538461538464
28748,HyboNet,4,256,0.001,7,52,0.4251968503937008,1.0,0.38461538461538464
28749,HyboNet,4,256,0.001,7,53,0.4094488188976378,1.0,0.3076923076923077
28750,HyboNet,4,256,0.001,7,54,0.4330708661417323,1.0,0.34615384615384615
28751,HyboNet,4,256,0.001,7,55,0.4094488188976378,1.0,0.34615384615384615
28752,HyboNet,4,256,0.001,7,56,0.3779527559055118,1.0,0.34615384615384615
28753,HyboNet,4,256,0.001,7,57,0.3464566929133858,1.0,0.3076923076923077
28754,HyboNet,4,256,0.001,7,58,0.36220472440944884,1.0,0.3076923076923077
28755,HyboNet,4,256,0.001,7,59,0.3700787401574803,1.0,0.3076923076923077
28756,HyboNet,4,256,0.001,7,6,0.5354330708661418,0.6,0.5769230769230769
28757,HyboNet,4,256,0.001,7,60,0.3858267716535433,1.0,0.3076923076923077
28758,HyboNet,4,256,0.001,7,61,0.3779527559055118,1.0,0.3076923076923077
28759,HyboNet,4,256,0.001,7,62,0.3464566929133858,1.0,0.3076923076923077
28760,HyboNet,4,256,0.001,7,63,0.3858267716535433,1.0,0.3076923076923077
28761,HyboNet,4,256,0.001,7,64,0.3700787401574803,1.0,0.3076923076923077
28762,HyboNet,4,256,0.001,7,65,0.3464566929133858,1.0,0.2692307692307692
28763,HyboNet,4,256,0.001,7,66,0.2677165354330709,1.0,0.23076923076923078
28764,HyboNet,4,256,0.001,7,67,0.3937007874015748,1.0,0.38461538461538464
28765,HyboNet,4,256,0.001,7,68,0.4566929133858268,0.9666666666666667,0.46153846153846156
28766,HyboNet,4,256,0.001,7,69,0.4566929133858268,0.9333333333333333,0.5
28767,HyboNet,4,256,0.001,7,7,0.5354330708661418,0.6333333333333333,0.5769230769230769
28768,HyboNet,4,256,0.001,7,70,0.47244094488188976,0.9333333333333333,0.46153846153846156
28769,HyboNet,4,256,0.001,7,71,0.4409448818897638,0.9666666666666667,0.46153846153846156
28770,HyboNet,4,256,0.001,7,72,0.4251968503937008,1.0,0.34615384615384615
28771,HyboNet,4,256,0.001,7,73,0.3464566929133858,1.0,0.3076923076923077
28772,HyboNet,4,256,0.001,7,74,0.3228346456692913,0.9666666666666667,0.2692307692307692
28773,HyboNet,4,256,0.001,7,75,0.3464566929133858,1.0,0.3076923076923077
28774,HyboNet,4,256,0.001,7,76,0.4094488188976378,1.0,0.4230769230769231
28775,HyboNet,4,256,0.001,7,77,0.44881889763779526,1.0,0.46153846153846156
28776,HyboNet,4,256,0.001,7,78,0.44881889763779526,1.0,0.46153846153846156
28777,HyboNet,4,256,0.001,7,79,0.4566929133858268,1.0,0.46153846153846156
28778,HyboNet,4,256,0.001,7,8,0.5354330708661418,0.7333333333333333,0.5769230769230769
28779,HyboNet,4,256,0.001,7,80,0.4645669291338583,1.0,0.46153846153846156
28780,HyboNet,4,256,0.001,7,81,0.44881889763779526,1.0,0.46153846153846156
28781,HyboNet,4,256,0.001,7,82,0.41732283464566927,1.0,0.3076923076923077
28782,HyboNet,4,256,0.001,7,83,0.4015748031496063,1.0,0.3076923076923077
28783,HyboNet,4,256,0.001,7,84,0.3937007874015748,1.0,0.3076923076923077
28784,HyboNet,4,256,0.001,7,85,0.3937007874015748,1.0,0.3076923076923077
28785,HyboNet,4,256,0.001,7,86,0.4015748031496063,1.0,0.3076923076923077
28786,HyboNet,4,256,0.001,7,87,0.4094488188976378,1.0,0.3076923076923077
28787,HyboNet,4,256,0.001,7,88,0.4251968503937008,1.0,0.38461538461538464
28788,HyboNet,4,256,0.001,7,89,0.4251968503937008,1.0,0.38461538461538464
28789,HyboNet,4,256,0.001,7,9,0.5354330708661418,0.7333333333333333,0.5769230769230769
28790,HyboNet,4,256,0.001,7,90,0.4251968503937008,1.0,0.38461538461538464
28791,HyboNet,4,256,0.001,7,91,0.4251968503937008,1.0,0.38461538461538464
28792,HyboNet,4,256,0.001,7,92,0.4094488188976378,1.0,0.38461538461538464
28793,HyboNet,4,256,0.001,7,93,0.4015748031496063,1.0,0.38461538461538464
28794,HyboNet,4,256,0.001,7,94,0.4094488188976378,1.0,0.38461538461538464
28795,HyboNet,4,256,0.001,7,95,0.41732283464566927,1.0,0.38461538461538464
28796,HyboNet,4,256,0.001,7,96,0.41732283464566927,1.0,0.38461538461538464
28797,HyboNet,4,256,0.001,7,97,0.4094488188976378,1.0,0.34615384615384615
28798,HyboNet,4,256,0.001,7,98,0.3937007874015748,1.0,0.3076923076923077
28799,HyboNet,4,256,0.001,7,99,0.3858267716535433,1.0,0.3076923076923077
28800,HyboNet,4,256,0.001,8,1,0.5354330708661418,0.6,0.5769230769230769
28801,HyboNet,4,256,0.001,8,10,0.5511811023622047,0.6666666666666666,0.5384615384615384
28802,HyboNet,4,256,0.001,8,100,0.3937007874015748,1.0,0.34615384615384615
28803,HyboNet,4,256,0.001,8,11,0.5275590551181102,0.7333333333333333,0.5384615384615384
28804,HyboNet,4,256,0.001,8,12,0.5354330708661418,0.7333333333333333,0.5384615384615384
28805,HyboNet,4,256,0.001,8,13,0.5433070866141733,0.7666666666666667,0.5384615384615384
28806,HyboNet,4,256,0.001,8,14,0.5354330708661418,0.7666666666666667,0.5384615384615384
28807,HyboNet,4,256,0.001,8,15,0.5118110236220472,0.7666666666666667,0.4230769230769231
28808,HyboNet,4,256,0.001,8,16,0.4645669291338583,0.8,0.34615384615384615
28809,HyboNet,4,256,0.001,8,17,0.48031496062992124,0.8333333333333334,0.46153846153846156
28810,HyboNet,4,256,0.001,8,18,0.5039370078740157,0.8,0.4230769230769231
28811,HyboNet,4,256,0.001,8,19,0.5039370078740157,0.8,0.4230769230769231
28812,HyboNet,4,256,0.001,8,2,0.5354330708661418,0.6,0.5769230769230769
28813,HyboNet,4,256,0.001,8,20,0.47244094488188976,0.8666666666666667,0.5
28814,HyboNet,4,256,0.001,8,21,0.41732283464566927,0.8666666666666667,0.38461538461538464
28815,HyboNet,4,256,0.001,8,22,0.4330708661417323,0.8666666666666667,0.4230769230769231
28816,HyboNet,4,256,0.001,8,23,0.44881889763779526,0.8666666666666667,0.5
28817,HyboNet,4,256,0.001,8,24,0.4566929133858268,0.8666666666666667,0.5
28818,HyboNet,4,256,0.001,8,25,0.44881889763779526,0.8666666666666667,0.5
28819,HyboNet,4,256,0.001,8,26,0.44881889763779526,0.9333333333333333,0.46153846153846156
28820,HyboNet,4,256,0.001,8,27,0.44881889763779526,0.9666666666666667,0.4230769230769231
28821,HyboNet,4,256,0.001,8,28,0.4566929133858268,0.9333333333333333,0.46153846153846156
28822,HyboNet,4,256,0.001,8,29,0.4645669291338583,0.9,0.46153846153846156
28823,HyboNet,4,256,0.001,8,3,0.5354330708661418,0.6,0.5769230769230769
28824,HyboNet,4,256,0.001,8,30,0.4409448818897638,0.9,0.46153846153846156
28825,HyboNet,4,256,0.001,8,31,0.4409448818897638,0.9,0.38461538461538464
28826,HyboNet,4,256,0.001,8,32,0.4409448818897638,0.9,0.46153846153846156
28827,HyboNet,4,256,0.001,8,33,0.4330708661417323,0.9,0.46153846153846156
28828,HyboNet,4,256,0.001,8,34,0.4330708661417323,0.9333333333333333,0.46153846153846156
28829,HyboNet,4,256,0.001,8,35,0.4409448818897638,0.9666666666666667,0.46153846153846156
28830,HyboNet,4,256,0.001,8,36,0.4330708661417323,0.9666666666666667,0.46153846153846156
28831,HyboNet,4,256,0.001,8,37,0.4330708661417323,0.9333333333333333,0.46153846153846156
28832,HyboNet,4,256,0.001,8,38,0.4409448818897638,0.9333333333333333,0.46153846153846156
28833,HyboNet,4,256,0.001,8,39,0.4330708661417323,0.9333333333333333,0.46153846153846156
28834,HyboNet,4,256,0.001,8,4,0.5354330708661418,0.6,0.5769230769230769
28835,HyboNet,4,256,0.001,8,40,0.4330708661417323,0.9666666666666667,0.46153846153846156
28836,HyboNet,4,256,0.001,8,41,0.41732283464566927,0.9666666666666667,0.4230769230769231
28837,HyboNet,4,256,0.001,8,42,0.4094488188976378,1.0,0.46153846153846156
28838,HyboNet,4,256,0.001,8,43,0.4251968503937008,1.0,0.46153846153846156
28839,HyboNet,4,256,0.001,8,44,0.4409448818897638,0.9666666666666667,0.46153846153846156
28840,HyboNet,4,256,0.001,8,45,0.41732283464566927,0.9666666666666667,0.46153846153846156
28841,HyboNet,4,256,0.001,8,46,0.41732283464566927,1.0,0.4230769230769231
28842,HyboNet,4,256,0.001,8,47,0.4094488188976378,1.0,0.4230769230769231
28843,HyboNet,4,256,0.001,8,48,0.4094488188976378,1.0,0.4230769230769231
28844,HyboNet,4,256,0.001,8,49,0.4251968503937008,0.9666666666666667,0.46153846153846156
28845,HyboNet,4,256,0.001,8,5,0.5354330708661418,0.6333333333333333,0.5769230769230769
28846,HyboNet,4,256,0.001,8,50,0.4094488188976378,1.0,0.4230769230769231
28847,HyboNet,4,256,0.001,8,51,0.3700787401574803,1.0,0.3076923076923077
28848,HyboNet,4,256,0.001,8,52,0.3937007874015748,1.0,0.46153846153846156
28849,HyboNet,4,256,0.001,8,53,0.3858267716535433,1.0,0.46153846153846156
28850,HyboNet,4,256,0.001,8,54,0.3464566929133858,1.0,0.34615384615384615
28851,HyboNet,4,256,0.001,8,55,0.33070866141732286,1.0,0.3076923076923077
28852,HyboNet,4,256,0.001,8,56,0.3543307086614173,1.0,0.3076923076923077
28853,HyboNet,4,256,0.001,8,57,0.3937007874015748,1.0,0.34615384615384615
28854,HyboNet,4,256,0.001,8,58,0.3779527559055118,1.0,0.34615384615384615
28855,HyboNet,4,256,0.001,8,59,0.3779527559055118,1.0,0.3076923076923077
28856,HyboNet,4,256,0.001,8,6,0.5354330708661418,0.6,0.5769230769230769
28857,HyboNet,4,256,0.001,8,60,0.33858267716535434,1.0,0.2692307692307692
28858,HyboNet,4,256,0.001,8,61,0.3543307086614173,1.0,0.2692307692307692
28859,HyboNet,4,256,0.001,8,62,0.3464566929133858,1.0,0.2692307692307692
28860,HyboNet,4,256,0.001,8,63,0.36220472440944884,1.0,0.34615384615384615
28861,HyboNet,4,256,0.001,8,64,0.36220472440944884,1.0,0.3076923076923077
28862,HyboNet,4,256,0.001,8,65,0.36220472440944884,1.0,0.3076923076923077
28863,HyboNet,4,256,0.001,8,66,0.33858267716535434,1.0,0.2692307692307692
28864,HyboNet,4,256,0.001,8,67,0.3779527559055118,1.0,0.3076923076923077
28865,HyboNet,4,256,0.001,8,68,0.3858267716535433,1.0,0.34615384615384615
28866,HyboNet,4,256,0.001,8,69,0.3779527559055118,1.0,0.34615384615384615
28867,HyboNet,4,256,0.001,8,7,0.5354330708661418,0.6,0.5769230769230769
28868,HyboNet,4,256,0.001,8,70,0.3700787401574803,1.0,0.3076923076923077
28869,HyboNet,4,256,0.001,8,71,0.41732283464566927,1.0,0.34615384615384615
28870,HyboNet,4,256,0.001,8,72,0.41732283464566927,1.0,0.34615384615384615
28871,HyboNet,4,256,0.001,8,73,0.3858267716535433,1.0,0.3076923076923077
28872,HyboNet,4,256,0.001,8,74,0.3228346456692913,1.0,0.23076923076923078
28873,HyboNet,4,256,0.001,8,75,0.2755905511811024,1.0,0.23076923076923078
28874,HyboNet,4,256,0.001,8,76,0.36220472440944884,1.0,0.2692307692307692
28875,HyboNet,4,256,0.001,8,77,0.3700787401574803,1.0,0.34615384615384615
28876,HyboNet,4,256,0.001,8,78,0.3700787401574803,1.0,0.34615384615384615
28877,HyboNet,4,256,0.001,8,79,0.3779527559055118,1.0,0.2692307692307692
28878,HyboNet,4,256,0.001,8,8,0.5354330708661418,0.6,0.5769230769230769
28879,HyboNet,4,256,0.001,8,80,0.3858267716535433,1.0,0.2692307692307692
28880,HyboNet,4,256,0.001,8,81,0.3858267716535433,1.0,0.3076923076923077
28881,HyboNet,4,256,0.001,8,82,0.3464566929133858,1.0,0.3076923076923077
28882,HyboNet,4,256,0.001,8,83,0.3543307086614173,1.0,0.3076923076923077
28883,HyboNet,4,256,0.001,8,84,0.3937007874015748,1.0,0.3076923076923077
28884,HyboNet,4,256,0.001,8,85,0.4409448818897638,1.0,0.4230769230769231
28885,HyboNet,4,256,0.001,8,86,0.4409448818897638,1.0,0.4230769230769231
28886,HyboNet,4,256,0.001,8,87,0.4251968503937008,1.0,0.34615384615384615
28887,HyboNet,4,256,0.001,8,88,0.3700787401574803,1.0,0.34615384615384615
28888,HyboNet,4,256,0.001,8,89,0.3700787401574803,1.0,0.3076923076923077
28889,HyboNet,4,256,0.001,8,9,0.5354330708661418,0.6333333333333333,0.5769230769230769
28890,HyboNet,4,256,0.001,8,90,0.30708661417322836,1.0,0.3076923076923077
28891,HyboNet,4,256,0.001,8,91,0.30708661417322836,1.0,0.2692307692307692
28892,HyboNet,4,256,0.001,8,92,0.3858267716535433,1.0,0.3076923076923077
28893,HyboNet,4,256,0.001,8,93,0.41732283464566927,1.0,0.4230769230769231
28894,HyboNet,4,256,0.001,8,94,0.41732283464566927,1.0,0.4230769230769231
28895,HyboNet,4,256,0.001,8,95,0.4094488188976378,1.0,0.4230769230769231
28896,HyboNet,4,256,0.001,8,96,0.4015748031496063,1.0,0.3076923076923077
28897,HyboNet,4,256,0.001,8,97,0.3779527559055118,1.0,0.2692307692307692
28898,HyboNet,4,256,0.001,8,98,0.3543307086614173,1.0,0.2692307692307692
28899,HyboNet,4,256,0.001,8,99,0.4015748031496063,1.0,0.3076923076923077
28900,HyboNet,4,256,0.001,9,1,0.5354330708661418,0.6,0.5769230769230769
28901,HyboNet,4,256,0.001,9,10,0.5354330708661418,0.6,0.5769230769230769
28902,HyboNet,4,256,0.001,9,100,0.4015748031496063,1.0,0.38461538461538464
28903,HyboNet,4,256,0.001,9,11,0.5354330708661418,0.6333333333333333,0.5769230769230769
28904,HyboNet,4,256,0.001,9,12,0.5354330708661418,0.6333333333333333,0.5769230769230769
28905,HyboNet,4,256,0.001,9,13,0.5354330708661418,0.6333333333333333,0.5769230769230769
28906,HyboNet,4,256,0.001,9,14,0.5354330708661418,0.6666666666666666,0.5769230769230769
28907,HyboNet,4,256,0.001,9,15,0.5275590551181102,0.7,0.5769230769230769
28908,HyboNet,4,256,0.001,9,16,0.5354330708661418,0.7333333333333333,0.5769230769230769
28909,HyboNet,4,256,0.001,9,17,0.5511811023622047,0.8,0.5
28910,HyboNet,4,256,0.001,9,18,0.5039370078740157,0.8333333333333334,0.5
28911,HyboNet,4,256,0.001,9,19,0.5039370078740157,0.8333333333333334,0.46153846153846156
28912,HyboNet,4,256,0.001,9,2,0.5354330708661418,0.6,0.5769230769230769
28913,HyboNet,4,256,0.001,9,20,0.5118110236220472,0.8333333333333334,0.5
28914,HyboNet,4,256,0.001,9,21,0.48031496062992124,0.8666666666666667,0.5
28915,HyboNet,4,256,0.001,9,22,0.4251968503937008,0.9,0.5
28916,HyboNet,4,256,0.001,9,23,0.4645669291338583,0.8666666666666667,0.5
28917,HyboNet,4,256,0.001,9,24,0.4881889763779528,0.8333333333333334,0.5
28918,HyboNet,4,256,0.001,9,25,0.4881889763779528,0.8333333333333334,0.5
28919,HyboNet,4,256,0.001,9,26,0.4881889763779528,0.8666666666666667,0.5
28920,HyboNet,4,256,0.001,9,27,0.4645669291338583,0.8666666666666667,0.46153846153846156
28921,HyboNet,4,256,0.001,9,28,0.4566929133858268,0.8666666666666667,0.46153846153846156
28922,HyboNet,4,256,0.001,9,29,0.4566929133858268,0.9,0.46153846153846156
28923,HyboNet,4,256,0.001,9,3,0.5354330708661418,0.6,0.5769230769230769
28924,HyboNet,4,256,0.001,9,30,0.47244094488188976,0.9,0.5
28925,HyboNet,4,256,0.001,9,31,0.4409448818897638,0.9333333333333333,0.5
28926,HyboNet,4,256,0.001,9,32,0.3937007874015748,0.9333333333333333,0.38461538461538464
28927,HyboNet,4,256,0.001,9,33,0.4094488188976378,0.9333333333333333,0.4230769230769231
28928,HyboNet,4,256,0.001,9,34,0.4645669291338583,0.9333333333333333,0.5
28929,HyboNet,4,256,0.001,9,35,0.47244094488188976,0.9333333333333333,0.5
28930,HyboNet,4,256,0.001,9,36,0.48031496062992124,0.9333333333333333,0.46153846153846156
28931,HyboNet,4,256,0.001,9,37,0.4409448818897638,0.9666666666666667,0.46153846153846156
28932,HyboNet,4,256,0.001,9,38,0.4409448818897638,0.9666666666666667,0.4230769230769231
28933,HyboNet,4,256,0.001,9,39,0.4645669291338583,0.9666666666666667,0.46153846153846156
28934,HyboNet,4,256,0.001,9,4,0.5354330708661418,0.6,0.5769230769230769
28935,HyboNet,4,256,0.001,9,40,0.4566929133858268,0.9333333333333333,0.5
28936,HyboNet,4,256,0.001,9,41,0.44881889763779526,0.9333333333333333,0.5
28937,HyboNet,4,256,0.001,9,42,0.4094488188976378,0.9666666666666667,0.46153846153846156
28938,HyboNet,4,256,0.001,9,43,0.3858267716535433,0.9666666666666667,0.34615384615384615
28939,HyboNet,4,256,0.001,9,44,0.33070866141732286,1.0,0.2692307692307692
28940,HyboNet,4,256,0.001,9,45,0.41732283464566927,0.9333333333333333,0.46153846153846156
28941,HyboNet,4,256,0.001,9,46,0.47244094488188976,0.9333333333333333,0.5
28942,HyboNet,4,256,0.001,9,47,0.48031496062992124,0.9333333333333333,0.5
28943,HyboNet,4,256,0.001,9,48,0.48031496062992124,0.9333333333333333,0.5
28944,HyboNet,4,256,0.001,9,49,0.44881889763779526,1.0,0.46153846153846156
28945,HyboNet,4,256,0.001,9,5,0.5354330708661418,0.6,0.5769230769230769
28946,HyboNet,4,256,0.001,9,50,0.4251968503937008,0.9666666666666667,0.38461538461538464
28947,HyboNet,4,256,0.001,9,51,0.4015748031496063,0.9666666666666667,0.38461538461538464
28948,HyboNet,4,256,0.001,9,52,0.41732283464566927,0.9666666666666667,0.38461538461538464
28949,HyboNet,4,256,0.001,9,53,0.4094488188976378,0.9666666666666667,0.38461538461538464
28950,HyboNet,4,256,0.001,9,54,0.3858267716535433,1.0,0.38461538461538464
28951,HyboNet,4,256,0.001,9,55,0.3543307086614173,1.0,0.34615384615384615
28952,HyboNet,4,256,0.001,9,56,0.33858267716535434,1.0,0.2692307692307692
28953,HyboNet,4,256,0.001,9,57,0.3543307086614173,1.0,0.2692307692307692
28954,HyboNet,4,256,0.001,9,58,0.3543307086614173,1.0,0.3076923076923077
28955,HyboNet,4,256,0.001,9,59,0.33858267716535434,1.0,0.2692307692307692
28956,HyboNet,4,256,0.001,9,6,0.5354330708661418,0.6,0.5769230769230769
28957,HyboNet,4,256,0.001,9,60,0.31496062992125984,1.0,0.2692307692307692
28958,HyboNet,4,256,0.001,9,61,0.31496062992125984,1.0,0.2692307692307692
28959,HyboNet,4,256,0.001,9,62,0.28346456692913385,1.0,0.23076923076923078
28960,HyboNet,4,256,0.001,9,63,0.3543307086614173,1.0,0.34615384615384615
28961,HyboNet,4,256,0.001,9,64,0.4015748031496063,1.0,0.38461538461538464
28962,HyboNet,4,256,0.001,9,65,0.3937007874015748,1.0,0.38461538461538464
28963,HyboNet,4,256,0.001,9,66,0.3464566929133858,1.0,0.34615384615384615
28964,HyboNet,4,256,0.001,9,67,0.3543307086614173,1.0,0.38461538461538464
28965,HyboNet,4,256,0.001,9,68,0.4094488188976378,1.0,0.38461538461538464
28966,HyboNet,4,256,0.001,9,69,0.4015748031496063,1.0,0.38461538461538464
28967,HyboNet,4,256,0.001,9,7,0.5354330708661418,0.6,0.5769230769230769
28968,HyboNet,4,256,0.001,9,70,0.36220472440944884,1.0,0.38461538461538464
28969,HyboNet,4,256,0.001,9,71,0.2992125984251969,1.0,0.2692307692307692
28970,HyboNet,4,256,0.001,9,72,0.28346456692913385,1.0,0.23076923076923078
28971,HyboNet,4,256,0.001,9,73,0.3700787401574803,1.0,0.38461538461538464
28972,HyboNet,4,256,0.001,9,74,0.4015748031496063,1.0,0.38461538461538464
28973,HyboNet,4,256,0.001,9,75,0.4330708661417323,1.0,0.4230769230769231
28974,HyboNet,4,256,0.001,9,76,0.4330708661417323,1.0,0.4230769230769231
28975,HyboNet,4,256,0.001,9,77,0.41732283464566927,1.0,0.4230769230769231
28976,HyboNet,4,256,0.001,9,78,0.3858267716535433,1.0,0.34615384615384615
28977,HyboNet,4,256,0.001,9,79,0.3937007874015748,1.0,0.34615384615384615
28978,HyboNet,4,256,0.001,9,8,0.5354330708661418,0.6,0.5769230769230769
28979,HyboNet,4,256,0.001,9,80,0.3858267716535433,1.0,0.38461538461538464
28980,HyboNet,4,256,0.001,9,81,0.3937007874015748,1.0,0.38461538461538464
28981,HyboNet,4,256,0.001,9,82,0.3700787401574803,1.0,0.34615384615384615
28982,HyboNet,4,256,0.001,9,83,0.36220472440944884,1.0,0.34615384615384615
28983,HyboNet,4,256,0.001,9,84,0.4015748031496063,1.0,0.38461538461538464
28984,HyboNet,4,256,0.001,9,85,0.4015748031496063,1.0,0.38461538461538464
28985,HyboNet,4,256,0.001,9,86,0.4094488188976378,1.0,0.38461538461538464
28986,HyboNet,4,256,0.001,9,87,0.4094488188976378,1.0,0.38461538461538464
28987,HyboNet,4,256,0.001,9,88,0.4094488188976378,1.0,0.38461538461538464
28988,HyboNet,4,256,0.001,9,89,0.3700787401574803,1.0,0.34615384615384615
28989,HyboNet,4,256,0.001,9,9,0.5354330708661418,0.6,0.5769230769230769
28990,HyboNet,4,256,0.001,9,90,0.4015748031496063,1.0,0.34615384615384615
28991,HyboNet,4,256,0.001,9,91,0.4094488188976378,1.0,0.38461538461538464
28992,HyboNet,4,256,0.001,9,92,0.4094488188976378,1.0,0.4230769230769231
28993,HyboNet,4,256,0.001,9,93,0.41732283464566927,1.0,0.4230769230769231
28994,HyboNet,4,256,0.001,9,94,0.41732283464566927,1.0,0.4230769230769231
28995,HyboNet,4,256,0.001,9,95,0.4094488188976378,1.0,0.38461538461538464
28996,HyboNet,4,256,0.001,9,96,0.4094488188976378,1.0,0.38461538461538464
28997,HyboNet,4,256,0.001,9,97,0.3779527559055118,1.0,0.34615384615384615
28998,HyboNet,4,256,0.001,9,98,0.4015748031496063,1.0,0.34615384615384615
28999,HyboNet,4,256,0.001,9,99,0.4015748031496063,1.0,0.38461538461538464
29000,HyboNet,4,256,0.005,1,1,0.5354330708661418,0.6,0.5769230769230769
29001,HyboNet,4,256,0.005,1,10,0.5354330708661418,0.6,0.5769230769230769
29002,HyboNet,4,256,0.005,1,100,0.4645669291338583,0.8666666666666667,0.5384615384615384
29003,HyboNet,4,256,0.005,1,11,0.5354330708661418,0.6,0.5769230769230769
29004,HyboNet,4,256,0.005,1,12,0.5354330708661418,0.6,0.5769230769230769
29005,HyboNet,4,256,0.005,1,13,0.5354330708661418,0.6,0.5769230769230769
29006,HyboNet,4,256,0.005,1,14,0.5354330708661418,0.6,0.5769230769230769
29007,HyboNet,4,256,0.005,1,15,0.5354330708661418,0.6,0.5769230769230769
29008,HyboNet,4,256,0.005,1,16,0.5354330708661418,0.6,0.5769230769230769
29009,HyboNet,4,256,0.005,1,17,0.5354330708661418,0.6,0.5769230769230769
29010,HyboNet,4,256,0.005,1,18,0.5354330708661418,0.6,0.5769230769230769
29011,HyboNet,4,256,0.005,1,19,0.5354330708661418,0.6,0.5769230769230769
29012,HyboNet,4,256,0.005,1,2,0.5354330708661418,0.6,0.5769230769230769
29013,HyboNet,4,256,0.005,1,20,0.5354330708661418,0.6,0.5769230769230769
29014,HyboNet,4,256,0.005,1,21,0.5354330708661418,0.6,0.5769230769230769
29015,HyboNet,4,256,0.005,1,22,0.5354330708661418,0.6,0.5769230769230769
29016,HyboNet,4,256,0.005,1,23,0.5354330708661418,0.6,0.5769230769230769
29017,HyboNet,4,256,0.005,1,24,0.5354330708661418,0.6,0.5769230769230769
29018,HyboNet,4,256,0.005,1,25,0.5354330708661418,0.6,0.5769230769230769
29019,HyboNet,4,256,0.005,1,26,0.5354330708661418,0.6,0.5769230769230769
29020,HyboNet,4,256,0.005,1,27,0.5354330708661418,0.6,0.5769230769230769
29021,HyboNet,4,256,0.005,1,28,0.5354330708661418,0.6,0.5769230769230769
29022,HyboNet,4,256,0.005,1,29,0.5354330708661418,0.6,0.5769230769230769
29023,HyboNet,4,256,0.005,1,3,0.5354330708661418,0.6,0.5769230769230769
29024,HyboNet,4,256,0.005,1,30,0.5354330708661418,0.6,0.5769230769230769
29025,HyboNet,4,256,0.005,1,31,0.5354330708661418,0.6,0.5769230769230769
29026,HyboNet,4,256,0.005,1,32,0.5354330708661418,0.6,0.5769230769230769
29027,HyboNet,4,256,0.005,1,33,0.5354330708661418,0.6,0.5769230769230769
29028,HyboNet,4,256,0.005,1,34,0.5354330708661418,0.6,0.5769230769230769
29029,HyboNet,4,256,0.005,1,35,0.5354330708661418,0.6,0.5769230769230769
29030,HyboNet,4,256,0.005,1,36,0.5354330708661418,0.6,0.5769230769230769
29031,HyboNet,4,256,0.005,1,37,0.5354330708661418,0.6,0.5769230769230769
29032,HyboNet,4,256,0.005,1,38,0.5354330708661418,0.6,0.5769230769230769
29033,HyboNet,4,256,0.005,1,39,0.5354330708661418,0.6,0.5769230769230769
29034,HyboNet,4,256,0.005,1,4,0.5354330708661418,0.6,0.5769230769230769
29035,HyboNet,4,256,0.005,1,40,0.5354330708661418,0.6,0.5769230769230769
29036,HyboNet,4,256,0.005,1,41,0.5354330708661418,0.6,0.5769230769230769
29037,HyboNet,4,256,0.005,1,42,0.5354330708661418,0.6,0.5769230769230769
29038,HyboNet,4,256,0.005,1,43,0.5354330708661418,0.6,0.5769230769230769
29039,HyboNet,4,256,0.005,1,44,0.5354330708661418,0.6,0.5769230769230769
29040,HyboNet,4,256,0.005,1,45,0.5354330708661418,0.6,0.5769230769230769
29041,HyboNet,4,256,0.005,1,46,0.5354330708661418,0.6,0.5769230769230769
29042,HyboNet,4,256,0.005,1,47,0.5354330708661418,0.6,0.5769230769230769
29043,HyboNet,4,256,0.005,1,48,0.5354330708661418,0.6,0.5769230769230769
29044,HyboNet,4,256,0.005,1,49,0.5354330708661418,0.6,0.5769230769230769
29045,HyboNet,4,256,0.005,1,5,0.5354330708661418,0.6,0.5769230769230769
29046,HyboNet,4,256,0.005,1,50,0.5354330708661418,0.6,0.5769230769230769
29047,HyboNet,4,256,0.005,1,51,0.5354330708661418,0.6,0.5769230769230769
29048,HyboNet,4,256,0.005,1,52,0.5354330708661418,0.6,0.5769230769230769
29049,HyboNet,4,256,0.005,1,53,0.5354330708661418,0.6,0.5769230769230769
29050,HyboNet,4,256,0.005,1,54,0.5354330708661418,0.6,0.5769230769230769
29051,HyboNet,4,256,0.005,1,55,0.5354330708661418,0.6,0.5769230769230769
29052,HyboNet,4,256,0.005,1,56,0.5354330708661418,0.6,0.5769230769230769
29053,HyboNet,4,256,0.005,1,57,0.5354330708661418,0.6,0.5769230769230769
29054,HyboNet,4,256,0.005,1,58,0.5354330708661418,0.6,0.5769230769230769
29055,HyboNet,4,256,0.005,1,59,0.5354330708661418,0.6,0.5769230769230769
29056,HyboNet,4,256,0.005,1,6,0.5354330708661418,0.6,0.5769230769230769
29057,HyboNet,4,256,0.005,1,60,0.5354330708661418,0.6,0.5769230769230769
29058,HyboNet,4,256,0.005,1,61,0.5354330708661418,0.6,0.5769230769230769
29059,HyboNet,4,256,0.005,1,62,0.5354330708661418,0.6,0.5769230769230769
29060,HyboNet,4,256,0.005,1,63,0.5354330708661418,0.6,0.5769230769230769
29061,HyboNet,4,256,0.005,1,64,0.5354330708661418,0.6333333333333333,0.5769230769230769
29062,HyboNet,4,256,0.005,1,65,0.5354330708661418,0.6666666666666666,0.5769230769230769
29063,HyboNet,4,256,0.005,1,66,0.5433070866141733,0.6666666666666666,0.5769230769230769
29064,HyboNet,4,256,0.005,1,67,0.5196850393700787,0.7333333333333333,0.5769230769230769
29065,HyboNet,4,256,0.005,1,68,0.5354330708661418,0.7333333333333333,0.5769230769230769
29066,HyboNet,4,256,0.005,1,69,0.5433070866141733,0.7666666666666667,0.5384615384615384
29067,HyboNet,4,256,0.005,1,7,0.5354330708661418,0.6,0.5769230769230769
29068,HyboNet,4,256,0.005,1,70,0.5511811023622047,0.7666666666666667,0.5384615384615384
29069,HyboNet,4,256,0.005,1,71,0.5118110236220472,0.7666666666666667,0.5
29070,HyboNet,4,256,0.005,1,72,0.5196850393700787,0.8333333333333334,0.46153846153846156
29071,HyboNet,4,256,0.005,1,73,0.5039370078740157,0.8333333333333334,0.46153846153846156
29072,HyboNet,4,256,0.005,1,74,0.5196850393700787,0.8333333333333334,0.46153846153846156
29073,HyboNet,4,256,0.005,1,75,0.5039370078740157,0.8333333333333334,0.46153846153846156
29074,HyboNet,4,256,0.005,1,76,0.4566929133858268,0.8333333333333334,0.46153846153846156
29075,HyboNet,4,256,0.005,1,77,0.4645669291338583,0.8333333333333334,0.5
29076,HyboNet,4,256,0.005,1,78,0.4566929133858268,0.8333333333333334,0.5
29077,HyboNet,4,256,0.005,1,79,0.4251968503937008,0.8333333333333334,0.38461538461538464
29078,HyboNet,4,256,0.005,1,8,0.5354330708661418,0.6,0.5769230769230769
29079,HyboNet,4,256,0.005,1,80,0.47244094488188976,0.8333333333333334,0.5
29080,HyboNet,4,256,0.005,1,81,0.4881889763779528,0.8333333333333334,0.5
29081,HyboNet,4,256,0.005,1,82,0.48031496062992124,0.8333333333333334,0.5
29082,HyboNet,4,256,0.005,1,83,0.4645669291338583,0.8333333333333334,0.46153846153846156
29083,HyboNet,4,256,0.005,1,84,0.4330708661417323,0.8333333333333334,0.34615384615384615
29084,HyboNet,4,256,0.005,1,85,0.5118110236220472,0.8333333333333334,0.5
29085,HyboNet,4,256,0.005,1,86,0.5354330708661418,0.7666666666666667,0.5
29086,HyboNet,4,256,0.005,1,87,0.5433070866141733,0.7666666666666667,0.46153846153846156
29087,HyboNet,4,256,0.005,1,88,0.5039370078740157,0.8333333333333334,0.5
29088,HyboNet,4,256,0.005,1,89,0.5039370078740157,0.8333333333333334,0.46153846153846156
29089,HyboNet,4,256,0.005,1,9,0.5354330708661418,0.6,0.5769230769230769
29090,HyboNet,4,256,0.005,1,90,0.48031496062992124,0.8333333333333334,0.5
29091,HyboNet,4,256,0.005,1,91,0.41732283464566927,0.8333333333333334,0.34615384615384615
29092,HyboNet,4,256,0.005,1,92,0.36220472440944884,0.8333333333333334,0.34615384615384615
29093,HyboNet,4,256,0.005,1,93,0.41732283464566927,0.8333333333333334,0.34615384615384615
29094,HyboNet,4,256,0.005,1,94,0.4881889763779528,0.8333333333333334,0.46153846153846156
29095,HyboNet,4,256,0.005,1,95,0.48031496062992124,0.8666666666666667,0.5
29096,HyboNet,4,256,0.005,1,96,0.4645669291338583,0.8333333333333334,0.5
29097,HyboNet,4,256,0.005,1,97,0.47244094488188976,0.9,0.5384615384615384
29098,HyboNet,4,256,0.005,1,98,0.48031496062992124,0.9,0.5384615384615384
29099,HyboNet,4,256,0.005,1,99,0.44881889763779526,0.9,0.5384615384615384
29100,HyboNet,4,256,0.005,10,1,0.5354330708661418,0.6,0.5769230769230769
29101,HyboNet,4,256,0.005,10,10,0.5354330708661418,0.6,0.5769230769230769
29102,HyboNet,4,256,0.005,10,100,0.4881889763779528,0.8333333333333334,0.5
29103,HyboNet,4,256,0.005,10,11,0.5354330708661418,0.6,0.5769230769230769
29104,HyboNet,4,256,0.005,10,12,0.5354330708661418,0.6,0.5769230769230769
29105,HyboNet,4,256,0.005,10,13,0.5354330708661418,0.6,0.5769230769230769
29106,HyboNet,4,256,0.005,10,14,0.5354330708661418,0.6,0.5769230769230769
29107,HyboNet,4,256,0.005,10,15,0.5354330708661418,0.6,0.5769230769230769
29108,HyboNet,4,256,0.005,10,16,0.5354330708661418,0.6,0.5769230769230769
29109,HyboNet,4,256,0.005,10,17,0.5354330708661418,0.6,0.5769230769230769
29110,HyboNet,4,256,0.005,10,18,0.5354330708661418,0.6,0.5769230769230769
29111,HyboNet,4,256,0.005,10,19,0.5354330708661418,0.6,0.5769230769230769
29112,HyboNet,4,256,0.005,10,2,0.5354330708661418,0.6,0.5769230769230769
29113,HyboNet,4,256,0.005,10,20,0.5354330708661418,0.6,0.5769230769230769
29114,HyboNet,4,256,0.005,10,21,0.5354330708661418,0.6,0.5769230769230769
29115,HyboNet,4,256,0.005,10,22,0.5354330708661418,0.6,0.5769230769230769
29116,HyboNet,4,256,0.005,10,23,0.5354330708661418,0.6,0.5769230769230769
29117,HyboNet,4,256,0.005,10,24,0.5354330708661418,0.6,0.5769230769230769
29118,HyboNet,4,256,0.005,10,25,0.5354330708661418,0.6,0.5769230769230769
29119,HyboNet,4,256,0.005,10,26,0.5354330708661418,0.6,0.5769230769230769
29120,HyboNet,4,256,0.005,10,27,0.5354330708661418,0.6,0.5769230769230769
29121,HyboNet,4,256,0.005,10,28,0.5354330708661418,0.6,0.5769230769230769
29122,HyboNet,4,256,0.005,10,29,0.5354330708661418,0.6,0.5769230769230769
29123,HyboNet,4,256,0.005,10,3,0.5354330708661418,0.6,0.5769230769230769
29124,HyboNet,4,256,0.005,10,30,0.5354330708661418,0.6,0.5769230769230769
29125,HyboNet,4,256,0.005,10,31,0.5354330708661418,0.6,0.5769230769230769
29126,HyboNet,4,256,0.005,10,32,0.5354330708661418,0.6,0.5769230769230769
29127,HyboNet,4,256,0.005,10,33,0.5354330708661418,0.6,0.5769230769230769
29128,HyboNet,4,256,0.005,10,34,0.5354330708661418,0.6,0.5769230769230769
29129,HyboNet,4,256,0.005,10,35,0.5354330708661418,0.6,0.5769230769230769
29130,HyboNet,4,256,0.005,10,36,0.5354330708661418,0.6,0.5769230769230769
29131,HyboNet,4,256,0.005,10,37,0.5354330708661418,0.6,0.5769230769230769
29132,HyboNet,4,256,0.005,10,38,0.5354330708661418,0.6,0.5769230769230769
29133,HyboNet,4,256,0.005,10,39,0.5354330708661418,0.6,0.5769230769230769
29134,HyboNet,4,256,0.005,10,4,0.5354330708661418,0.6,0.5769230769230769
29135,HyboNet,4,256,0.005,10,40,0.5354330708661418,0.6,0.5769230769230769
29136,HyboNet,4,256,0.005,10,41,0.5354330708661418,0.6,0.5769230769230769
29137,HyboNet,4,256,0.005,10,42,0.5354330708661418,0.6,0.5769230769230769
29138,HyboNet,4,256,0.005,10,43,0.5354330708661418,0.6,0.5769230769230769
29139,HyboNet,4,256,0.005,10,44,0.5354330708661418,0.6,0.5769230769230769
29140,HyboNet,4,256,0.005,10,45,0.5354330708661418,0.6,0.5769230769230769
29141,HyboNet,4,256,0.005,10,46,0.5354330708661418,0.6,0.5769230769230769
29142,HyboNet,4,256,0.005,10,47,0.5354330708661418,0.6,0.5769230769230769
29143,HyboNet,4,256,0.005,10,48,0.5354330708661418,0.6,0.5769230769230769
29144,HyboNet,4,256,0.005,10,49,0.5354330708661418,0.6,0.5769230769230769
29145,HyboNet,4,256,0.005,10,5,0.5354330708661418,0.6,0.5769230769230769
29146,HyboNet,4,256,0.005,10,50,0.5354330708661418,0.6,0.5769230769230769
29147,HyboNet,4,256,0.005,10,51,0.5354330708661418,0.6,0.5769230769230769
29148,HyboNet,4,256,0.005,10,52,0.5354330708661418,0.6,0.5769230769230769
29149,HyboNet,4,256,0.005,10,53,0.5354330708661418,0.6,0.5769230769230769
29150,HyboNet,4,256,0.005,10,54,0.5354330708661418,0.6,0.5769230769230769
29151,HyboNet,4,256,0.005,10,55,0.5354330708661418,0.6,0.5769230769230769
29152,HyboNet,4,256,0.005,10,56,0.5354330708661418,0.6,0.5769230769230769
29153,HyboNet,4,256,0.005,10,57,0.5354330708661418,0.6,0.5769230769230769
29154,HyboNet,4,256,0.005,10,58,0.5354330708661418,0.6,0.5769230769230769
29155,HyboNet,4,256,0.005,10,59,0.5354330708661418,0.6,0.5769230769230769
29156,HyboNet,4,256,0.005,10,6,0.5354330708661418,0.6,0.5769230769230769
29157,HyboNet,4,256,0.005,10,60,0.5354330708661418,0.6,0.5769230769230769
29158,HyboNet,4,256,0.005,10,61,0.5354330708661418,0.6,0.5769230769230769
29159,HyboNet,4,256,0.005,10,62,0.5354330708661418,0.6,0.5769230769230769
29160,HyboNet,4,256,0.005,10,63,0.5354330708661418,0.6,0.5769230769230769
29161,HyboNet,4,256,0.005,10,64,0.5354330708661418,0.6,0.5769230769230769
29162,HyboNet,4,256,0.005,10,65,0.5354330708661418,0.6,0.5769230769230769
29163,HyboNet,4,256,0.005,10,66,0.5354330708661418,0.6,0.5769230769230769
29164,HyboNet,4,256,0.005,10,67,0.5354330708661418,0.6,0.5769230769230769
29165,HyboNet,4,256,0.005,10,68,0.5354330708661418,0.6,0.5769230769230769
29166,HyboNet,4,256,0.005,10,69,0.5354330708661418,0.6,0.5769230769230769
29167,HyboNet,4,256,0.005,10,7,0.5354330708661418,0.6,0.5769230769230769
29168,HyboNet,4,256,0.005,10,70,0.5354330708661418,0.6,0.5769230769230769
29169,HyboNet,4,256,0.005,10,71,0.5354330708661418,0.6,0.5769230769230769
29170,HyboNet,4,256,0.005,10,72,0.5354330708661418,0.6,0.5769230769230769
29171,HyboNet,4,256,0.005,10,73,0.5354330708661418,0.6,0.5769230769230769
29172,HyboNet,4,256,0.005,10,74,0.5354330708661418,0.6,0.5769230769230769
29173,HyboNet,4,256,0.005,10,75,0.5354330708661418,0.6,0.5769230769230769
29174,HyboNet,4,256,0.005,10,76,0.5354330708661418,0.6,0.5769230769230769
29175,HyboNet,4,256,0.005,10,77,0.5354330708661418,0.6,0.5769230769230769
29176,HyboNet,4,256,0.005,10,78,0.5354330708661418,0.6,0.5769230769230769
29177,HyboNet,4,256,0.005,10,79,0.5354330708661418,0.6,0.5769230769230769
29178,HyboNet,4,256,0.005,10,8,0.5354330708661418,0.6,0.5769230769230769
29179,HyboNet,4,256,0.005,10,80,0.5354330708661418,0.6,0.5769230769230769
29180,HyboNet,4,256,0.005,10,81,0.5354330708661418,0.6,0.5769230769230769
29181,HyboNet,4,256,0.005,10,82,0.5354330708661418,0.6,0.5769230769230769
29182,HyboNet,4,256,0.005,10,83,0.5354330708661418,0.6,0.5769230769230769
29183,HyboNet,4,256,0.005,10,84,0.5354330708661418,0.6333333333333333,0.5769230769230769
29184,HyboNet,4,256,0.005,10,85,0.5433070866141733,0.7,0.5769230769230769
29185,HyboNet,4,256,0.005,10,86,0.5275590551181102,0.7333333333333333,0.5769230769230769
29186,HyboNet,4,256,0.005,10,87,0.5354330708661418,0.7333333333333333,0.5769230769230769
29187,HyboNet,4,256,0.005,10,88,0.5354330708661418,0.7333333333333333,0.5384615384615384
29188,HyboNet,4,256,0.005,10,89,0.5354330708661418,0.7666666666666667,0.5384615384615384
29189,HyboNet,4,256,0.005,10,9,0.5354330708661418,0.6,0.5769230769230769
29190,HyboNet,4,256,0.005,10,90,0.5669291338582677,0.7666666666666667,0.5384615384615384
29191,HyboNet,4,256,0.005,10,91,0.5590551181102362,0.7666666666666667,0.5769230769230769
29192,HyboNet,4,256,0.005,10,92,0.5511811023622047,0.7666666666666667,0.5384615384615384
29193,HyboNet,4,256,0.005,10,93,0.49606299212598426,0.8,0.46153846153846156
29194,HyboNet,4,256,0.005,10,94,0.5354330708661418,0.7666666666666667,0.5
29195,HyboNet,4,256,0.005,10,95,0.5118110236220472,0.8,0.46153846153846156
29196,HyboNet,4,256,0.005,10,96,0.48031496062992124,0.8333333333333334,0.5
29197,HyboNet,4,256,0.005,10,97,0.47244094488188976,0.8333333333333334,0.4230769230769231
29198,HyboNet,4,256,0.005,10,98,0.4881889763779528,0.8333333333333334,0.46153846153846156
29199,HyboNet,4,256,0.005,10,99,0.5039370078740157,0.8333333333333334,0.46153846153846156
29200,HyboNet,4,256,0.005,2,1,0.5354330708661418,0.6,0.5769230769230769
29201,HyboNet,4,256,0.005,2,10,0.5354330708661418,0.6,0.5769230769230769
29202,HyboNet,4,256,0.005,2,100,0.4645669291338583,0.8333333333333334,0.4230769230769231
29203,HyboNet,4,256,0.005,2,11,0.5354330708661418,0.6,0.5769230769230769
29204,HyboNet,4,256,0.005,2,12,0.5354330708661418,0.6,0.5769230769230769
29205,HyboNet,4,256,0.005,2,13,0.5354330708661418,0.6,0.5769230769230769
29206,HyboNet,4,256,0.005,2,14,0.5354330708661418,0.6,0.5769230769230769
29207,HyboNet,4,256,0.005,2,15,0.5354330708661418,0.6,0.5769230769230769
29208,HyboNet,4,256,0.005,2,16,0.5354330708661418,0.6,0.5769230769230769
29209,HyboNet,4,256,0.005,2,17,0.5354330708661418,0.6,0.5769230769230769
29210,HyboNet,4,256,0.005,2,18,0.5354330708661418,0.6,0.5769230769230769
29211,HyboNet,4,256,0.005,2,19,0.5354330708661418,0.6,0.5769230769230769
29212,HyboNet,4,256,0.005,2,2,0.5354330708661418,0.6,0.5769230769230769
29213,HyboNet,4,256,0.005,2,20,0.5354330708661418,0.6,0.5769230769230769
29214,HyboNet,4,256,0.005,2,21,0.5354330708661418,0.6,0.5769230769230769
29215,HyboNet,4,256,0.005,2,22,0.5354330708661418,0.6,0.5769230769230769
29216,HyboNet,4,256,0.005,2,23,0.5354330708661418,0.6,0.5769230769230769
29217,HyboNet,4,256,0.005,2,24,0.5354330708661418,0.6,0.5769230769230769
29218,HyboNet,4,256,0.005,2,25,0.5354330708661418,0.6,0.5769230769230769
29219,HyboNet,4,256,0.005,2,26,0.5354330708661418,0.6,0.5769230769230769
29220,HyboNet,4,256,0.005,2,27,0.5354330708661418,0.6,0.5769230769230769
29221,HyboNet,4,256,0.005,2,28,0.5354330708661418,0.6,0.5769230769230769
29222,HyboNet,4,256,0.005,2,29,0.5354330708661418,0.6,0.5769230769230769
29223,HyboNet,4,256,0.005,2,3,0.5354330708661418,0.6,0.5769230769230769
29224,HyboNet,4,256,0.005,2,30,0.5354330708661418,0.6,0.5769230769230769
29225,HyboNet,4,256,0.005,2,31,0.5354330708661418,0.6,0.5769230769230769
29226,HyboNet,4,256,0.005,2,32,0.5354330708661418,0.6,0.5769230769230769
29227,HyboNet,4,256,0.005,2,33,0.5354330708661418,0.6,0.5769230769230769
29228,HyboNet,4,256,0.005,2,34,0.5354330708661418,0.6,0.5769230769230769
29229,HyboNet,4,256,0.005,2,35,0.5354330708661418,0.6,0.5769230769230769
29230,HyboNet,4,256,0.005,2,36,0.5354330708661418,0.6,0.5769230769230769
29231,HyboNet,4,256,0.005,2,37,0.5354330708661418,0.6,0.5769230769230769
29232,HyboNet,4,256,0.005,2,38,0.5354330708661418,0.6,0.5769230769230769
29233,HyboNet,4,256,0.005,2,39,0.5354330708661418,0.6,0.5769230769230769
29234,HyboNet,4,256,0.005,2,4,0.5354330708661418,0.6,0.5769230769230769
29235,HyboNet,4,256,0.005,2,40,0.5354330708661418,0.6,0.5769230769230769
29236,HyboNet,4,256,0.005,2,41,0.5354330708661418,0.6,0.5769230769230769
29237,HyboNet,4,256,0.005,2,42,0.5354330708661418,0.6,0.5769230769230769
29238,HyboNet,4,256,0.005,2,43,0.5354330708661418,0.6,0.5769230769230769
29239,HyboNet,4,256,0.005,2,44,0.5354330708661418,0.6,0.5769230769230769
29240,HyboNet,4,256,0.005,2,45,0.5354330708661418,0.6,0.5769230769230769
29241,HyboNet,4,256,0.005,2,46,0.5354330708661418,0.6,0.5769230769230769
29242,HyboNet,4,256,0.005,2,47,0.5354330708661418,0.6,0.5769230769230769
29243,HyboNet,4,256,0.005,2,48,0.5354330708661418,0.6,0.5769230769230769
29244,HyboNet,4,256,0.005,2,49,0.5354330708661418,0.6,0.5769230769230769
29245,HyboNet,4,256,0.005,2,5,0.5354330708661418,0.6,0.5769230769230769
29246,HyboNet,4,256,0.005,2,50,0.5354330708661418,0.6,0.5769230769230769
29247,HyboNet,4,256,0.005,2,51,0.5354330708661418,0.6,0.5769230769230769
29248,HyboNet,4,256,0.005,2,52,0.5354330708661418,0.6,0.5769230769230769
29249,HyboNet,4,256,0.005,2,53,0.5354330708661418,0.6,0.5769230769230769
29250,HyboNet,4,256,0.005,2,54,0.5354330708661418,0.6,0.5769230769230769
29251,HyboNet,4,256,0.005,2,55,0.5354330708661418,0.6,0.5769230769230769
29252,HyboNet,4,256,0.005,2,56,0.5354330708661418,0.6,0.5769230769230769
29253,HyboNet,4,256,0.005,2,57,0.5354330708661418,0.6,0.5769230769230769
29254,HyboNet,4,256,0.005,2,58,0.5354330708661418,0.6,0.5769230769230769
29255,HyboNet,4,256,0.005,2,59,0.5354330708661418,0.6,0.5769230769230769
29256,HyboNet,4,256,0.005,2,6,0.5354330708661418,0.6,0.5769230769230769
29257,HyboNet,4,256,0.005,2,60,0.5354330708661418,0.6,0.5769230769230769
29258,HyboNet,4,256,0.005,2,61,0.5354330708661418,0.6,0.5769230769230769
29259,HyboNet,4,256,0.005,2,62,0.5354330708661418,0.6,0.5769230769230769
29260,HyboNet,4,256,0.005,2,63,0.5354330708661418,0.6,0.5769230769230769
29261,HyboNet,4,256,0.005,2,64,0.5354330708661418,0.6,0.5769230769230769
29262,HyboNet,4,256,0.005,2,65,0.5354330708661418,0.6,0.5769230769230769
29263,HyboNet,4,256,0.005,2,66,0.5354330708661418,0.6,0.5769230769230769
29264,HyboNet,4,256,0.005,2,67,0.5354330708661418,0.6,0.5769230769230769
29265,HyboNet,4,256,0.005,2,68,0.5354330708661418,0.6,0.5769230769230769
29266,HyboNet,4,256,0.005,2,69,0.5354330708661418,0.6,0.5769230769230769
29267,HyboNet,4,256,0.005,2,7,0.5354330708661418,0.6,0.5769230769230769
29268,HyboNet,4,256,0.005,2,70,0.5354330708661418,0.6,0.5769230769230769
29269,HyboNet,4,256,0.005,2,71,0.5354330708661418,0.6,0.5769230769230769
29270,HyboNet,4,256,0.005,2,72,0.5354330708661418,0.6,0.5769230769230769
29271,HyboNet,4,256,0.005,2,73,0.5354330708661418,0.6333333333333333,0.5769230769230769
29272,HyboNet,4,256,0.005,2,74,0.5354330708661418,0.6333333333333333,0.5769230769230769
29273,HyboNet,4,256,0.005,2,75,0.5354330708661418,0.7333333333333333,0.5769230769230769
29274,HyboNet,4,256,0.005,2,76,0.5433070866141733,0.7333333333333333,0.5769230769230769
29275,HyboNet,4,256,0.005,2,77,0.5354330708661418,0.7333333333333333,0.5384615384615384
29276,HyboNet,4,256,0.005,2,78,0.5511811023622047,0.7666666666666667,0.5384615384615384
29277,HyboNet,4,256,0.005,2,79,0.5275590551181102,0.7666666666666667,0.5384615384615384
29278,HyboNet,4,256,0.005,2,8,0.5354330708661418,0.6,0.5769230769230769
29279,HyboNet,4,256,0.005,2,80,0.5511811023622047,0.8,0.5
29280,HyboNet,4,256,0.005,2,81,0.5196850393700787,0.8333333333333334,0.46153846153846156
29281,HyboNet,4,256,0.005,2,82,0.5196850393700787,0.8333333333333334,0.46153846153846156
29282,HyboNet,4,256,0.005,2,83,0.5196850393700787,0.8333333333333334,0.46153846153846156
29283,HyboNet,4,256,0.005,2,84,0.5196850393700787,0.8333333333333334,0.46153846153846156
29284,HyboNet,4,256,0.005,2,85,0.48031496062992124,0.8333333333333334,0.5
29285,HyboNet,4,256,0.005,2,86,0.4409448818897638,0.8333333333333334,0.34615384615384615
29286,HyboNet,4,256,0.005,2,87,0.4409448818897638,0.8333333333333334,0.4230769230769231
29287,HyboNet,4,256,0.005,2,88,0.4094488188976378,0.8333333333333334,0.34615384615384615
29288,HyboNet,4,256,0.005,2,89,0.41732283464566927,0.8333333333333334,0.34615384615384615
29289,HyboNet,4,256,0.005,2,9,0.5354330708661418,0.6,0.5769230769230769
29290,HyboNet,4,256,0.005,2,90,0.41732283464566927,0.8333333333333334,0.34615384615384615
29291,HyboNet,4,256,0.005,2,91,0.3858267716535433,0.8333333333333334,0.3076923076923077
29292,HyboNet,4,256,0.005,2,92,0.41732283464566927,0.8333333333333334,0.34615384615384615
29293,HyboNet,4,256,0.005,2,93,0.41732283464566927,0.8333333333333334,0.34615384615384615
29294,HyboNet,4,256,0.005,2,94,0.4094488188976378,0.8333333333333334,0.34615384615384615
29295,HyboNet,4,256,0.005,2,95,0.4251968503937008,0.8333333333333334,0.34615384615384615
29296,HyboNet,4,256,0.005,2,96,0.4330708661417323,0.8333333333333334,0.34615384615384615
29297,HyboNet,4,256,0.005,2,97,0.4330708661417323,0.8333333333333334,0.34615384615384615
29298,HyboNet,4,256,0.005,2,98,0.4645669291338583,0.8333333333333334,0.46153846153846156
29299,HyboNet,4,256,0.005,2,99,0.4566929133858268,0.8333333333333334,0.5384615384615384
29300,HyboNet,4,256,0.005,3,1,0.5354330708661418,0.6,0.5769230769230769
29301,HyboNet,4,256,0.005,3,10,0.5354330708661418,0.6,0.5769230769230769
29302,HyboNet,4,256,0.005,3,100,0.4330708661417323,0.8333333333333334,0.34615384615384615
29303,HyboNet,4,256,0.005,3,11,0.5354330708661418,0.6,0.5769230769230769
29304,HyboNet,4,256,0.005,3,12,0.5354330708661418,0.6,0.5769230769230769
29305,HyboNet,4,256,0.005,3,13,0.5354330708661418,0.6,0.5769230769230769
29306,HyboNet,4,256,0.005,3,14,0.5354330708661418,0.6,0.5769230769230769
29307,HyboNet,4,256,0.005,3,15,0.5354330708661418,0.6,0.5769230769230769
29308,HyboNet,4,256,0.005,3,16,0.5354330708661418,0.6,0.5769230769230769
29309,HyboNet,4,256,0.005,3,17,0.5354330708661418,0.6,0.5769230769230769
29310,HyboNet,4,256,0.005,3,18,0.5354330708661418,0.6,0.5769230769230769
29311,HyboNet,4,256,0.005,3,19,0.5354330708661418,0.6,0.5769230769230769
29312,HyboNet,4,256,0.005,3,2,0.5354330708661418,0.6,0.5769230769230769
29313,HyboNet,4,256,0.005,3,20,0.5354330708661418,0.6,0.5769230769230769
29314,HyboNet,4,256,0.005,3,21,0.5354330708661418,0.6,0.5769230769230769
29315,HyboNet,4,256,0.005,3,22,0.5354330708661418,0.6,0.5769230769230769
29316,HyboNet,4,256,0.005,3,23,0.5354330708661418,0.6,0.5769230769230769
29317,HyboNet,4,256,0.005,3,24,0.5354330708661418,0.6,0.5769230769230769
29318,HyboNet,4,256,0.005,3,25,0.5354330708661418,0.6,0.5769230769230769
29319,HyboNet,4,256,0.005,3,26,0.5354330708661418,0.6,0.5769230769230769
29320,HyboNet,4,256,0.005,3,27,0.5354330708661418,0.6,0.5769230769230769
29321,HyboNet,4,256,0.005,3,28,0.5354330708661418,0.6,0.5769230769230769
29322,HyboNet,4,256,0.005,3,29,0.5354330708661418,0.6,0.5769230769230769
29323,HyboNet,4,256,0.005,3,3,0.5354330708661418,0.6,0.5769230769230769
29324,HyboNet,4,256,0.005,3,30,0.5354330708661418,0.6,0.5769230769230769
29325,HyboNet,4,256,0.005,3,31,0.5354330708661418,0.6,0.5769230769230769
29326,HyboNet,4,256,0.005,3,32,0.5354330708661418,0.6,0.5769230769230769
29327,HyboNet,4,256,0.005,3,33,0.5354330708661418,0.6,0.5769230769230769
29328,HyboNet,4,256,0.005,3,34,0.5354330708661418,0.6,0.5769230769230769
29329,HyboNet,4,256,0.005,3,35,0.5354330708661418,0.6,0.5769230769230769
29330,HyboNet,4,256,0.005,3,36,0.5354330708661418,0.6,0.5769230769230769
29331,HyboNet,4,256,0.005,3,37,0.5354330708661418,0.6,0.5769230769230769
29332,HyboNet,4,256,0.005,3,38,0.5354330708661418,0.6,0.5769230769230769
29333,HyboNet,4,256,0.005,3,39,0.5354330708661418,0.6,0.5769230769230769
29334,HyboNet,4,256,0.005,3,4,0.5354330708661418,0.6,0.5769230769230769
29335,HyboNet,4,256,0.005,3,40,0.5354330708661418,0.6,0.5769230769230769
29336,HyboNet,4,256,0.005,3,41,0.5354330708661418,0.6,0.5769230769230769
29337,HyboNet,4,256,0.005,3,42,0.5354330708661418,0.6,0.5769230769230769
29338,HyboNet,4,256,0.005,3,43,0.5354330708661418,0.6,0.5769230769230769
29339,HyboNet,4,256,0.005,3,44,0.5354330708661418,0.6,0.5769230769230769
29340,HyboNet,4,256,0.005,3,45,0.5354330708661418,0.6,0.5769230769230769
29341,HyboNet,4,256,0.005,3,46,0.5354330708661418,0.6,0.5769230769230769
29342,HyboNet,4,256,0.005,3,47,0.5354330708661418,0.6,0.5769230769230769
29343,HyboNet,4,256,0.005,3,48,0.5354330708661418,0.6,0.5769230769230769
29344,HyboNet,4,256,0.005,3,49,0.5354330708661418,0.6,0.5769230769230769
29345,HyboNet,4,256,0.005,3,5,0.5354330708661418,0.6,0.5769230769230769
29346,HyboNet,4,256,0.005,3,50,0.5354330708661418,0.6,0.5769230769230769
29347,HyboNet,4,256,0.005,3,51,0.5354330708661418,0.6,0.5769230769230769
29348,HyboNet,4,256,0.005,3,52,0.5354330708661418,0.6,0.5769230769230769
29349,HyboNet,4,256,0.005,3,53,0.5354330708661418,0.6,0.5769230769230769
29350,HyboNet,4,256,0.005,3,54,0.5354330708661418,0.6,0.5769230769230769
29351,HyboNet,4,256,0.005,3,55,0.5354330708661418,0.6,0.5769230769230769
29352,HyboNet,4,256,0.005,3,56,0.5354330708661418,0.6,0.5769230769230769
29353,HyboNet,4,256,0.005,3,57,0.5354330708661418,0.6,0.5769230769230769
29354,HyboNet,4,256,0.005,3,58,0.5354330708661418,0.6,0.5769230769230769
29355,HyboNet,4,256,0.005,3,59,0.5354330708661418,0.6,0.5769230769230769
29356,HyboNet,4,256,0.005,3,6,0.5354330708661418,0.6,0.5769230769230769
29357,HyboNet,4,256,0.005,3,60,0.5354330708661418,0.6,0.5769230769230769
29358,HyboNet,4,256,0.005,3,61,0.5354330708661418,0.6,0.5769230769230769
29359,HyboNet,4,256,0.005,3,62,0.5354330708661418,0.6,0.5769230769230769
29360,HyboNet,4,256,0.005,3,63,0.5354330708661418,0.6,0.5769230769230769
29361,HyboNet,4,256,0.005,3,64,0.5354330708661418,0.6,0.5769230769230769
29362,HyboNet,4,256,0.005,3,65,0.5354330708661418,0.6,0.5769230769230769
29363,HyboNet,4,256,0.005,3,66,0.5354330708661418,0.6,0.5769230769230769
29364,HyboNet,4,256,0.005,3,67,0.5354330708661418,0.6,0.5769230769230769
29365,HyboNet,4,256,0.005,3,68,0.5354330708661418,0.6,0.5769230769230769
29366,HyboNet,4,256,0.005,3,69,0.5354330708661418,0.6,0.5769230769230769
29367,HyboNet,4,256,0.005,3,7,0.5354330708661418,0.6,0.5769230769230769
29368,HyboNet,4,256,0.005,3,70,0.5354330708661418,0.6,0.5769230769230769
29369,HyboNet,4,256,0.005,3,71,0.5354330708661418,0.6,0.5769230769230769
29370,HyboNet,4,256,0.005,3,72,0.5354330708661418,0.6,0.5769230769230769
29371,HyboNet,4,256,0.005,3,73,0.5354330708661418,0.6,0.5769230769230769
29372,HyboNet,4,256,0.005,3,74,0.5354330708661418,0.6,0.5769230769230769
29373,HyboNet,4,256,0.005,3,75,0.5354330708661418,0.6,0.5769230769230769
29374,HyboNet,4,256,0.005,3,76,0.5354330708661418,0.6,0.5769230769230769
29375,HyboNet,4,256,0.005,3,77,0.5354330708661418,0.6,0.5769230769230769
29376,HyboNet,4,256,0.005,3,78,0.5354330708661418,0.6,0.5769230769230769
29377,HyboNet,4,256,0.005,3,79,0.5354330708661418,0.6,0.5769230769230769
29378,HyboNet,4,256,0.005,3,8,0.5354330708661418,0.6,0.5769230769230769
29379,HyboNet,4,256,0.005,3,80,0.5354330708661418,0.6,0.5769230769230769
29380,HyboNet,4,256,0.005,3,81,0.5354330708661418,0.6,0.5769230769230769
29381,HyboNet,4,256,0.005,3,82,0.5354330708661418,0.6,0.5769230769230769
29382,HyboNet,4,256,0.005,3,83,0.5354330708661418,0.6,0.5769230769230769
29383,HyboNet,4,256,0.005,3,84,0.5354330708661418,0.6,0.5769230769230769
29384,HyboNet,4,256,0.005,3,85,0.5354330708661418,0.6,0.5769230769230769
29385,HyboNet,4,256,0.005,3,86,0.5354330708661418,0.6333333333333333,0.5769230769230769
29386,HyboNet,4,256,0.005,3,87,0.5354330708661418,0.6666666666666666,0.5769230769230769
29387,HyboNet,4,256,0.005,3,88,0.5275590551181102,0.7333333333333333,0.5769230769230769
29388,HyboNet,4,256,0.005,3,89,0.5433070866141733,0.7333333333333333,0.5769230769230769
29389,HyboNet,4,256,0.005,3,9,0.5354330708661418,0.6,0.5769230769230769
29390,HyboNet,4,256,0.005,3,90,0.5354330708661418,0.7333333333333333,0.5384615384615384
29391,HyboNet,4,256,0.005,3,91,0.5590551181102362,0.7666666666666667,0.5384615384615384
29392,HyboNet,4,256,0.005,3,92,0.5511811023622047,0.7666666666666667,0.5
29393,HyboNet,4,256,0.005,3,93,0.5511811023622047,0.7666666666666667,0.5
29394,HyboNet,4,256,0.005,3,94,0.5511811023622047,0.7666666666666667,0.5384615384615384
29395,HyboNet,4,256,0.005,3,95,0.49606299212598426,0.8,0.5
29396,HyboNet,4,256,0.005,3,96,0.4881889763779528,0.8333333333333334,0.5
29397,HyboNet,4,256,0.005,3,97,0.44881889763779526,0.8333333333333334,0.4230769230769231
29398,HyboNet,4,256,0.005,3,98,0.44881889763779526,0.8333333333333334,0.5
29399,HyboNet,4,256,0.005,3,99,0.4566929133858268,0.8333333333333334,0.46153846153846156
29400,HyboNet,4,256,0.005,4,1,0.5354330708661418,0.6,0.5769230769230769
29401,HyboNet,4,256,0.005,4,10,0.5354330708661418,0.6,0.5769230769230769
29402,HyboNet,4,256,0.005,4,100,0.4645669291338583,0.8666666666666667,0.5
29403,HyboNet,4,256,0.005,4,11,0.5354330708661418,0.6,0.5769230769230769
29404,HyboNet,4,256,0.005,4,12,0.5354330708661418,0.6,0.5769230769230769
29405,HyboNet,4,256,0.005,4,13,0.5354330708661418,0.6,0.5769230769230769
29406,HyboNet,4,256,0.005,4,14,0.5354330708661418,0.6,0.5769230769230769
29407,HyboNet,4,256,0.005,4,15,0.5354330708661418,0.6,0.5769230769230769
29408,HyboNet,4,256,0.005,4,16,0.5354330708661418,0.6,0.5769230769230769
29409,HyboNet,4,256,0.005,4,17,0.5354330708661418,0.6,0.5769230769230769
29410,HyboNet,4,256,0.005,4,18,0.5354330708661418,0.6,0.5769230769230769
29411,HyboNet,4,256,0.005,4,19,0.5354330708661418,0.6,0.5769230769230769
29412,HyboNet,4,256,0.005,4,2,0.5354330708661418,0.6,0.5769230769230769
29413,HyboNet,4,256,0.005,4,20,0.5354330708661418,0.6,0.5769230769230769
29414,HyboNet,4,256,0.005,4,21,0.5354330708661418,0.6,0.5769230769230769
29415,HyboNet,4,256,0.005,4,22,0.5354330708661418,0.6,0.5769230769230769
29416,HyboNet,4,256,0.005,4,23,0.5354330708661418,0.6,0.5769230769230769
29417,HyboNet,4,256,0.005,4,24,0.5354330708661418,0.6,0.5769230769230769
29418,HyboNet,4,256,0.005,4,25,0.5354330708661418,0.6,0.5769230769230769
29419,HyboNet,4,256,0.005,4,26,0.5354330708661418,0.6,0.5769230769230769
29420,HyboNet,4,256,0.005,4,27,0.5354330708661418,0.6,0.5769230769230769
29421,HyboNet,4,256,0.005,4,28,0.5354330708661418,0.6,0.5769230769230769
29422,HyboNet,4,256,0.005,4,29,0.5354330708661418,0.6,0.5769230769230769
29423,HyboNet,4,256,0.005,4,3,0.5354330708661418,0.6,0.5769230769230769
29424,HyboNet,4,256,0.005,4,30,0.5354330708661418,0.6,0.5769230769230769
29425,HyboNet,4,256,0.005,4,31,0.5354330708661418,0.6,0.5769230769230769
29426,HyboNet,4,256,0.005,4,32,0.5354330708661418,0.6,0.5769230769230769
29427,HyboNet,4,256,0.005,4,33,0.5354330708661418,0.6,0.5769230769230769
29428,HyboNet,4,256,0.005,4,34,0.5354330708661418,0.6,0.5769230769230769
29429,HyboNet,4,256,0.005,4,35,0.5354330708661418,0.6,0.5769230769230769
29430,HyboNet,4,256,0.005,4,36,0.5354330708661418,0.6,0.5769230769230769
29431,HyboNet,4,256,0.005,4,37,0.5354330708661418,0.6,0.5769230769230769
29432,HyboNet,4,256,0.005,4,38,0.5354330708661418,0.6,0.5769230769230769
29433,HyboNet,4,256,0.005,4,39,0.5354330708661418,0.6,0.5769230769230769
29434,HyboNet,4,256,0.005,4,4,0.5354330708661418,0.6,0.5769230769230769
29435,HyboNet,4,256,0.005,4,40,0.5354330708661418,0.6,0.5769230769230769
29436,HyboNet,4,256,0.005,4,41,0.5354330708661418,0.6,0.5769230769230769
29437,HyboNet,4,256,0.005,4,42,0.5354330708661418,0.6,0.5769230769230769
29438,HyboNet,4,256,0.005,4,43,0.5354330708661418,0.6,0.5769230769230769
29439,HyboNet,4,256,0.005,4,44,0.5354330708661418,0.6,0.5769230769230769
29440,HyboNet,4,256,0.005,4,45,0.5354330708661418,0.6,0.5769230769230769
29441,HyboNet,4,256,0.005,4,46,0.5354330708661418,0.6,0.5769230769230769
29442,HyboNet,4,256,0.005,4,47,0.5354330708661418,0.6,0.5769230769230769
29443,HyboNet,4,256,0.005,4,48,0.5354330708661418,0.6,0.5769230769230769
29444,HyboNet,4,256,0.005,4,49,0.5354330708661418,0.6,0.5769230769230769
29445,HyboNet,4,256,0.005,4,5,0.5354330708661418,0.6,0.5769230769230769
29446,HyboNet,4,256,0.005,4,50,0.5354330708661418,0.6,0.5769230769230769
29447,HyboNet,4,256,0.005,4,51,0.5354330708661418,0.6,0.5769230769230769
29448,HyboNet,4,256,0.005,4,52,0.5354330708661418,0.6,0.5769230769230769
29449,HyboNet,4,256,0.005,4,53,0.5354330708661418,0.6,0.5769230769230769
29450,HyboNet,4,256,0.005,4,54,0.5354330708661418,0.6,0.5769230769230769
29451,HyboNet,4,256,0.005,4,55,0.5354330708661418,0.6,0.5769230769230769
29452,HyboNet,4,256,0.005,4,56,0.5354330708661418,0.6,0.5769230769230769
29453,HyboNet,4,256,0.005,4,57,0.5354330708661418,0.6,0.5769230769230769
29454,HyboNet,4,256,0.005,4,58,0.5354330708661418,0.6,0.5769230769230769
29455,HyboNet,4,256,0.005,4,59,0.5354330708661418,0.6,0.5769230769230769
29456,HyboNet,4,256,0.005,4,6,0.5354330708661418,0.6,0.5769230769230769
29457,HyboNet,4,256,0.005,4,60,0.5354330708661418,0.6,0.5769230769230769
29458,HyboNet,4,256,0.005,4,61,0.5354330708661418,0.6,0.5769230769230769
29459,HyboNet,4,256,0.005,4,62,0.5354330708661418,0.6,0.5769230769230769
29460,HyboNet,4,256,0.005,4,63,0.5354330708661418,0.6,0.5769230769230769
29461,HyboNet,4,256,0.005,4,64,0.5354330708661418,0.6,0.5769230769230769
29462,HyboNet,4,256,0.005,4,65,0.5354330708661418,0.6,0.5769230769230769
29463,HyboNet,4,256,0.005,4,66,0.5354330708661418,0.6333333333333333,0.5769230769230769
29464,HyboNet,4,256,0.005,4,67,0.5354330708661418,0.6333333333333333,0.5769230769230769
29465,HyboNet,4,256,0.005,4,68,0.5433070866141733,0.7,0.5769230769230769
29466,HyboNet,4,256,0.005,4,69,0.5433070866141733,0.7333333333333333,0.5769230769230769
29467,HyboNet,4,256,0.005,4,7,0.5354330708661418,0.6,0.5769230769230769
29468,HyboNet,4,256,0.005,4,70,0.5354330708661418,0.7333333333333333,0.5384615384615384
29469,HyboNet,4,256,0.005,4,71,0.5433070866141733,0.7333333333333333,0.5384615384615384
29470,HyboNet,4,256,0.005,4,72,0.5354330708661418,0.7666666666666667,0.5
29471,HyboNet,4,256,0.005,4,73,0.5354330708661418,0.7666666666666667,0.46153846153846156
29472,HyboNet,4,256,0.005,4,74,0.5118110236220472,0.7666666666666667,0.5
29473,HyboNet,4,256,0.005,4,75,0.5196850393700787,0.7666666666666667,0.46153846153846156
29474,HyboNet,4,256,0.005,4,76,0.5196850393700787,0.8333333333333334,0.46153846153846156
29475,HyboNet,4,256,0.005,4,77,0.4881889763779528,0.8333333333333334,0.5
29476,HyboNet,4,256,0.005,4,78,0.48031496062992124,0.8333333333333334,0.5
29477,HyboNet,4,256,0.005,4,79,0.4645669291338583,0.8333333333333334,0.5
29478,HyboNet,4,256,0.005,4,8,0.5354330708661418,0.6,0.5769230769230769
29479,HyboNet,4,256,0.005,4,80,0.4645669291338583,0.8333333333333334,0.5
29480,HyboNet,4,256,0.005,4,81,0.4566929133858268,0.8333333333333334,0.38461538461538464
29481,HyboNet,4,256,0.005,4,82,0.47244094488188976,0.8333333333333334,0.5
29482,HyboNet,4,256,0.005,4,83,0.4645669291338583,0.8333333333333334,0.5384615384615384
29483,HyboNet,4,256,0.005,4,84,0.4566929133858268,0.8333333333333334,0.38461538461538464
29484,HyboNet,4,256,0.005,4,85,0.3937007874015748,0.8,0.2692307692307692
29485,HyboNet,4,256,0.005,4,86,0.5039370078740157,0.8333333333333334,0.46153846153846156
29486,HyboNet,4,256,0.005,4,87,0.5433070866141733,0.7666666666666667,0.5
29487,HyboNet,4,256,0.005,4,88,0.5433070866141733,0.7666666666666667,0.5
29488,HyboNet,4,256,0.005,4,89,0.5433070866141733,0.7666666666666667,0.5
29489,HyboNet,4,256,0.005,4,9,0.5354330708661418,0.6,0.5769230769230769
29490,HyboNet,4,256,0.005,4,90,0.5433070866141733,0.7666666666666667,0.5
29491,HyboNet,4,256,0.005,4,91,0.5433070866141733,0.8333333333333334,0.5384615384615384
29492,HyboNet,4,256,0.005,4,92,0.5118110236220472,0.8333333333333334,0.5
29493,HyboNet,4,256,0.005,4,93,0.48031496062992124,0.8333333333333334,0.5
29494,HyboNet,4,256,0.005,4,94,0.47244094488188976,0.8333333333333334,0.34615384615384615
29495,HyboNet,4,256,0.005,4,95,0.4409448818897638,0.8333333333333334,0.34615384615384615
29496,HyboNet,4,256,0.005,4,96,0.44881889763779526,0.8333333333333334,0.34615384615384615
29497,HyboNet,4,256,0.005,4,97,0.49606299212598426,0.8333333333333334,0.46153846153846156
29498,HyboNet,4,256,0.005,4,98,0.47244094488188976,0.8666666666666667,0.5
29499,HyboNet,4,256,0.005,4,99,0.4566929133858268,0.8666666666666667,0.5
29500,HyboNet,4,256,0.005,5,1,0.5354330708661418,0.6,0.5769230769230769
29501,HyboNet,4,256,0.005,5,10,0.5354330708661418,0.6,0.5769230769230769
29502,HyboNet,4,256,0.005,5,100,0.4409448818897638,0.8666666666666667,0.46153846153846156
29503,HyboNet,4,256,0.005,5,11,0.5354330708661418,0.6,0.5769230769230769
29504,HyboNet,4,256,0.005,5,12,0.5354330708661418,0.6,0.5769230769230769
29505,HyboNet,4,256,0.005,5,13,0.5354330708661418,0.6,0.5769230769230769
29506,HyboNet,4,256,0.005,5,14,0.5354330708661418,0.6,0.5769230769230769
29507,HyboNet,4,256,0.005,5,15,0.5354330708661418,0.6,0.5769230769230769
29508,HyboNet,4,256,0.005,5,16,0.5354330708661418,0.6,0.5769230769230769
29509,HyboNet,4,256,0.005,5,17,0.5354330708661418,0.6,0.5769230769230769
29510,HyboNet,4,256,0.005,5,18,0.5354330708661418,0.6,0.5769230769230769
29511,HyboNet,4,256,0.005,5,19,0.5354330708661418,0.6,0.5769230769230769
29512,HyboNet,4,256,0.005,5,2,0.5354330708661418,0.6,0.5769230769230769
29513,HyboNet,4,256,0.005,5,20,0.5354330708661418,0.6,0.5769230769230769
29514,HyboNet,4,256,0.005,5,21,0.5354330708661418,0.6,0.5769230769230769
29515,HyboNet,4,256,0.005,5,22,0.5354330708661418,0.6,0.5769230769230769
29516,HyboNet,4,256,0.005,5,23,0.5354330708661418,0.6,0.5769230769230769
29517,HyboNet,4,256,0.005,5,24,0.5354330708661418,0.6,0.5769230769230769
29518,HyboNet,4,256,0.005,5,25,0.5354330708661418,0.6,0.5769230769230769
29519,HyboNet,4,256,0.005,5,26,0.5354330708661418,0.6,0.5769230769230769
29520,HyboNet,4,256,0.005,5,27,0.5354330708661418,0.6,0.5769230769230769
29521,HyboNet,4,256,0.005,5,28,0.5354330708661418,0.6,0.5769230769230769
29522,HyboNet,4,256,0.005,5,29,0.5354330708661418,0.6,0.5769230769230769
29523,HyboNet,4,256,0.005,5,3,0.5354330708661418,0.6,0.5769230769230769
29524,HyboNet,4,256,0.005,5,30,0.5354330708661418,0.6,0.5769230769230769
29525,HyboNet,4,256,0.005,5,31,0.5354330708661418,0.6,0.5769230769230769
29526,HyboNet,4,256,0.005,5,32,0.5354330708661418,0.6,0.5769230769230769
29527,HyboNet,4,256,0.005,5,33,0.5354330708661418,0.6,0.5769230769230769
29528,HyboNet,4,256,0.005,5,34,0.5354330708661418,0.6,0.5769230769230769
29529,HyboNet,4,256,0.005,5,35,0.5354330708661418,0.6,0.5769230769230769
29530,HyboNet,4,256,0.005,5,36,0.5354330708661418,0.6,0.5769230769230769
29531,HyboNet,4,256,0.005,5,37,0.5354330708661418,0.6,0.5769230769230769
29532,HyboNet,4,256,0.005,5,38,0.5354330708661418,0.6,0.5769230769230769
29533,HyboNet,4,256,0.005,5,39,0.5354330708661418,0.6,0.5769230769230769
29534,HyboNet,4,256,0.005,5,4,0.5354330708661418,0.6,0.5769230769230769
29535,HyboNet,4,256,0.005,5,40,0.5354330708661418,0.6,0.5769230769230769
29536,HyboNet,4,256,0.005,5,41,0.5354330708661418,0.6,0.5769230769230769
29537,HyboNet,4,256,0.005,5,42,0.5354330708661418,0.6,0.5769230769230769
29538,HyboNet,4,256,0.005,5,43,0.5354330708661418,0.6,0.5769230769230769
29539,HyboNet,4,256,0.005,5,44,0.5354330708661418,0.6,0.5769230769230769
29540,HyboNet,4,256,0.005,5,45,0.5354330708661418,0.6,0.5769230769230769
29541,HyboNet,4,256,0.005,5,46,0.5354330708661418,0.6,0.5769230769230769
29542,HyboNet,4,256,0.005,5,47,0.5354330708661418,0.6,0.5769230769230769
29543,HyboNet,4,256,0.005,5,48,0.5354330708661418,0.6,0.5769230769230769
29544,HyboNet,4,256,0.005,5,49,0.5354330708661418,0.6,0.5769230769230769
29545,HyboNet,4,256,0.005,5,5,0.5354330708661418,0.6,0.5769230769230769
29546,HyboNet,4,256,0.005,5,50,0.5354330708661418,0.6,0.5769230769230769
29547,HyboNet,4,256,0.005,5,51,0.5354330708661418,0.6,0.5769230769230769
29548,HyboNet,4,256,0.005,5,52,0.5354330708661418,0.6,0.5769230769230769
29549,HyboNet,4,256,0.005,5,53,0.5354330708661418,0.6,0.5769230769230769
29550,HyboNet,4,256,0.005,5,54,0.5354330708661418,0.6,0.5769230769230769
29551,HyboNet,4,256,0.005,5,55,0.5354330708661418,0.6,0.5769230769230769
29552,HyboNet,4,256,0.005,5,56,0.5354330708661418,0.6,0.5769230769230769
29553,HyboNet,4,256,0.005,5,57,0.5354330708661418,0.6,0.5769230769230769
29554,HyboNet,4,256,0.005,5,58,0.5354330708661418,0.6,0.5769230769230769
29555,HyboNet,4,256,0.005,5,59,0.5354330708661418,0.6,0.5769230769230769
29556,HyboNet,4,256,0.005,5,6,0.5354330708661418,0.6,0.5769230769230769
29557,HyboNet,4,256,0.005,5,60,0.5354330708661418,0.6,0.5769230769230769
29558,HyboNet,4,256,0.005,5,61,0.5354330708661418,0.6,0.5769230769230769
29559,HyboNet,4,256,0.005,5,62,0.5354330708661418,0.6333333333333333,0.5769230769230769
29560,HyboNet,4,256,0.005,5,63,0.5354330708661418,0.6333333333333333,0.5769230769230769
29561,HyboNet,4,256,0.005,5,64,0.5275590551181102,0.6666666666666666,0.5769230769230769
29562,HyboNet,4,256,0.005,5,65,0.5196850393700787,0.7333333333333333,0.5769230769230769
29563,HyboNet,4,256,0.005,5,66,0.5433070866141733,0.7333333333333333,0.5384615384615384
29564,HyboNet,4,256,0.005,5,67,0.5354330708661418,0.7666666666666667,0.5384615384615384
29565,HyboNet,4,256,0.005,5,68,0.5354330708661418,0.7666666666666667,0.5
29566,HyboNet,4,256,0.005,5,69,0.5590551181102362,0.7666666666666667,0.5384615384615384
29567,HyboNet,4,256,0.005,5,7,0.5354330708661418,0.6,0.5769230769230769
29568,HyboNet,4,256,0.005,5,70,0.5275590551181102,0.8333333333333334,0.46153846153846156
29569,HyboNet,4,256,0.005,5,71,0.5039370078740157,0.8333333333333334,0.46153846153846156
29570,HyboNet,4,256,0.005,5,72,0.48031496062992124,0.8333333333333334,0.5
29571,HyboNet,4,256,0.005,5,73,0.4645669291338583,0.8333333333333334,0.5
29572,HyboNet,4,256,0.005,5,74,0.4566929133858268,0.8333333333333334,0.4230769230769231
29573,HyboNet,4,256,0.005,5,75,0.47244094488188976,0.8333333333333334,0.5
29574,HyboNet,4,256,0.005,5,76,0.4015748031496063,0.8666666666666667,0.38461538461538464
29575,HyboNet,4,256,0.005,5,77,0.4251968503937008,0.8666666666666667,0.38461538461538464
29576,HyboNet,4,256,0.005,5,78,0.4330708661417323,0.8333333333333334,0.38461538461538464
29577,HyboNet,4,256,0.005,5,79,0.36220472440944884,0.7666666666666667,0.2692307692307692
29578,HyboNet,4,256,0.005,5,8,0.5354330708661418,0.6,0.5769230769230769
29579,HyboNet,4,256,0.005,5,80,0.48031496062992124,0.8333333333333334,0.5
29580,HyboNet,4,256,0.005,5,81,0.5039370078740157,0.8333333333333334,0.5
29581,HyboNet,4,256,0.005,5,82,0.5275590551181102,0.8,0.5384615384615384
29582,HyboNet,4,256,0.005,5,83,0.5275590551181102,0.8333333333333334,0.5384615384615384
29583,HyboNet,4,256,0.005,5,84,0.5118110236220472,0.8333333333333334,0.46153846153846156
29584,HyboNet,4,256,0.005,5,85,0.47244094488188976,0.8333333333333334,0.5
29585,HyboNet,4,256,0.005,5,86,0.4094488188976378,0.8333333333333334,0.34615384615384615
29586,HyboNet,4,256,0.005,5,87,0.3464566929133858,0.8333333333333334,0.2692307692307692
29587,HyboNet,4,256,0.005,5,88,0.33070866141732286,0.8333333333333334,0.2692307692307692
29588,HyboNet,4,256,0.005,5,89,0.4094488188976378,0.8666666666666667,0.34615384615384615
29589,HyboNet,4,256,0.005,5,9,0.5354330708661418,0.6,0.5769230769230769
29590,HyboNet,4,256,0.005,5,90,0.44881889763779526,0.8666666666666667,0.46153846153846156
29591,HyboNet,4,256,0.005,5,91,0.44881889763779526,0.8666666666666667,0.46153846153846156
29592,HyboNet,4,256,0.005,5,92,0.4566929133858268,0.8666666666666667,0.46153846153846156
29593,HyboNet,4,256,0.005,5,93,0.4330708661417323,0.8666666666666667,0.34615384615384615
29594,HyboNet,4,256,0.005,5,94,0.41732283464566927,0.8666666666666667,0.3076923076923077
29595,HyboNet,4,256,0.005,5,95,0.41732283464566927,0.8666666666666667,0.3076923076923077
29596,HyboNet,4,256,0.005,5,96,0.4409448818897638,0.8666666666666667,0.38461538461538464
29597,HyboNet,4,256,0.005,5,97,0.44881889763779526,0.8666666666666667,0.4230769230769231
29598,HyboNet,4,256,0.005,5,98,0.4409448818897638,0.8666666666666667,0.46153846153846156
29599,HyboNet,4,256,0.005,5,99,0.4409448818897638,0.8666666666666667,0.46153846153846156
29600,HyboNet,4,256,0.005,6,1,0.5354330708661418,0.6,0.5769230769230769
29601,HyboNet,4,256,0.005,6,10,0.5354330708661418,0.6,0.5769230769230769
29602,HyboNet,4,256,0.005,6,100,0.41732283464566927,0.8333333333333334,0.38461538461538464
29603,HyboNet,4,256,0.005,6,11,0.5354330708661418,0.6,0.5769230769230769
29604,HyboNet,4,256,0.005,6,12,0.5354330708661418,0.6,0.5769230769230769
29605,HyboNet,4,256,0.005,6,13,0.5354330708661418,0.6,0.5769230769230769
29606,HyboNet,4,256,0.005,6,14,0.5354330708661418,0.6,0.5769230769230769
29607,HyboNet,4,256,0.005,6,15,0.5354330708661418,0.6,0.5769230769230769
29608,HyboNet,4,256,0.005,6,16,0.5354330708661418,0.6,0.5769230769230769
29609,HyboNet,4,256,0.005,6,17,0.5354330708661418,0.6,0.5769230769230769
29610,HyboNet,4,256,0.005,6,18,0.5354330708661418,0.6,0.5769230769230769
29611,HyboNet,4,256,0.005,6,19,0.5354330708661418,0.6,0.5769230769230769
29612,HyboNet,4,256,0.005,6,2,0.5354330708661418,0.6,0.5769230769230769
29613,HyboNet,4,256,0.005,6,20,0.5354330708661418,0.6,0.5769230769230769
29614,HyboNet,4,256,0.005,6,21,0.5354330708661418,0.6,0.5769230769230769
29615,HyboNet,4,256,0.005,6,22,0.5354330708661418,0.6,0.5769230769230769
29616,HyboNet,4,256,0.005,6,23,0.5354330708661418,0.6,0.5769230769230769
29617,HyboNet,4,256,0.005,6,24,0.5354330708661418,0.6,0.5769230769230769
29618,HyboNet,4,256,0.005,6,25,0.5354330708661418,0.6,0.5769230769230769
29619,HyboNet,4,256,0.005,6,26,0.5354330708661418,0.6,0.5769230769230769
29620,HyboNet,4,256,0.005,6,27,0.5354330708661418,0.6,0.5769230769230769
29621,HyboNet,4,256,0.005,6,28,0.5354330708661418,0.6,0.5769230769230769
29622,HyboNet,4,256,0.005,6,29,0.5354330708661418,0.6,0.5769230769230769
29623,HyboNet,4,256,0.005,6,3,0.5354330708661418,0.6,0.5769230769230769
29624,HyboNet,4,256,0.005,6,30,0.5354330708661418,0.6,0.5769230769230769
29625,HyboNet,4,256,0.005,6,31,0.5354330708661418,0.6,0.5769230769230769
29626,HyboNet,4,256,0.005,6,32,0.5354330708661418,0.6,0.5769230769230769
29627,HyboNet,4,256,0.005,6,33,0.5354330708661418,0.6,0.5769230769230769
29628,HyboNet,4,256,0.005,6,34,0.5354330708661418,0.6,0.5769230769230769
29629,HyboNet,4,256,0.005,6,35,0.5354330708661418,0.6,0.5769230769230769
29630,HyboNet,4,256,0.005,6,36,0.5354330708661418,0.6,0.5769230769230769
29631,HyboNet,4,256,0.005,6,37,0.5354330708661418,0.6,0.5769230769230769
29632,HyboNet,4,256,0.005,6,38,0.5354330708661418,0.6,0.5769230769230769
29633,HyboNet,4,256,0.005,6,39,0.5354330708661418,0.6,0.5769230769230769
29634,HyboNet,4,256,0.005,6,4,0.5354330708661418,0.6,0.5769230769230769
29635,HyboNet,4,256,0.005,6,40,0.5354330708661418,0.6,0.5769230769230769
29636,HyboNet,4,256,0.005,6,41,0.5354330708661418,0.6,0.5769230769230769
29637,HyboNet,4,256,0.005,6,42,0.5354330708661418,0.6,0.5769230769230769
29638,HyboNet,4,256,0.005,6,43,0.5354330708661418,0.6,0.5769230769230769
29639,HyboNet,4,256,0.005,6,44,0.5354330708661418,0.6,0.5769230769230769
29640,HyboNet,4,256,0.005,6,45,0.5354330708661418,0.6,0.5769230769230769
29641,HyboNet,4,256,0.005,6,46,0.5354330708661418,0.6,0.5769230769230769
29642,HyboNet,4,256,0.005,6,47,0.5354330708661418,0.6,0.5769230769230769
29643,HyboNet,4,256,0.005,6,48,0.5354330708661418,0.6,0.5769230769230769
29644,HyboNet,4,256,0.005,6,49,0.5354330708661418,0.6,0.5769230769230769
29645,HyboNet,4,256,0.005,6,5,0.5354330708661418,0.6,0.5769230769230769
29646,HyboNet,4,256,0.005,6,50,0.5354330708661418,0.6,0.5769230769230769
29647,HyboNet,4,256,0.005,6,51,0.5354330708661418,0.6,0.5769230769230769
29648,HyboNet,4,256,0.005,6,52,0.5354330708661418,0.6,0.5769230769230769
29649,HyboNet,4,256,0.005,6,53,0.5354330708661418,0.6,0.5769230769230769
29650,HyboNet,4,256,0.005,6,54,0.5354330708661418,0.6,0.5769230769230769
29651,HyboNet,4,256,0.005,6,55,0.5354330708661418,0.6,0.5769230769230769
29652,HyboNet,4,256,0.005,6,56,0.5354330708661418,0.6,0.5769230769230769
29653,HyboNet,4,256,0.005,6,57,0.5354330708661418,0.6,0.5769230769230769
29654,HyboNet,4,256,0.005,6,58,0.5354330708661418,0.6,0.5769230769230769
29655,HyboNet,4,256,0.005,6,59,0.5354330708661418,0.6,0.5769230769230769
29656,HyboNet,4,256,0.005,6,6,0.5354330708661418,0.6,0.5769230769230769
29657,HyboNet,4,256,0.005,6,60,0.5354330708661418,0.6,0.5769230769230769
29658,HyboNet,4,256,0.005,6,61,0.5354330708661418,0.6,0.5769230769230769
29659,HyboNet,4,256,0.005,6,62,0.5354330708661418,0.6,0.5769230769230769
29660,HyboNet,4,256,0.005,6,63,0.5354330708661418,0.6,0.5769230769230769
29661,HyboNet,4,256,0.005,6,64,0.5354330708661418,0.6,0.5769230769230769
29662,HyboNet,4,256,0.005,6,65,0.5354330708661418,0.6,0.5769230769230769
29663,HyboNet,4,256,0.005,6,66,0.5354330708661418,0.6,0.5769230769230769
29664,HyboNet,4,256,0.005,6,67,0.5354330708661418,0.6,0.5769230769230769
29665,HyboNet,4,256,0.005,6,68,0.5354330708661418,0.6,0.5769230769230769
29666,HyboNet,4,256,0.005,6,69,0.5354330708661418,0.6,0.5769230769230769
29667,HyboNet,4,256,0.005,6,7,0.5354330708661418,0.6,0.5769230769230769
29668,HyboNet,4,256,0.005,6,70,0.5354330708661418,0.6,0.5769230769230769
29669,HyboNet,4,256,0.005,6,71,0.5354330708661418,0.6,0.5769230769230769
29670,HyboNet,4,256,0.005,6,72,0.5354330708661418,0.6,0.5769230769230769
29671,HyboNet,4,256,0.005,6,73,0.5354330708661418,0.6,0.5769230769230769
29672,HyboNet,4,256,0.005,6,74,0.5354330708661418,0.6,0.5769230769230769
29673,HyboNet,4,256,0.005,6,75,0.5354330708661418,0.6,0.5769230769230769
29674,HyboNet,4,256,0.005,6,76,0.5354330708661418,0.6,0.5769230769230769
29675,HyboNet,4,256,0.005,6,77,0.5354330708661418,0.6,0.5769230769230769
29676,HyboNet,4,256,0.005,6,78,0.5354330708661418,0.6,0.5769230769230769
29677,HyboNet,4,256,0.005,6,79,0.5354330708661418,0.6,0.5769230769230769
29678,HyboNet,4,256,0.005,6,8,0.5354330708661418,0.6,0.5769230769230769
29679,HyboNet,4,256,0.005,6,80,0.5354330708661418,0.6,0.5769230769230769
29680,HyboNet,4,256,0.005,6,81,0.5354330708661418,0.6,0.5769230769230769
29681,HyboNet,4,256,0.005,6,82,0.5354330708661418,0.6333333333333333,0.5769230769230769
29682,HyboNet,4,256,0.005,6,83,0.5354330708661418,0.6666666666666666,0.5769230769230769
29683,HyboNet,4,256,0.005,6,84,0.5433070866141733,0.6666666666666666,0.5769230769230769
29684,HyboNet,4,256,0.005,6,85,0.5433070866141733,0.7333333333333333,0.5769230769230769
29685,HyboNet,4,256,0.005,6,86,0.5354330708661418,0.7333333333333333,0.5769230769230769
29686,HyboNet,4,256,0.005,6,87,0.5354330708661418,0.7333333333333333,0.5384615384615384
29687,HyboNet,4,256,0.005,6,88,0.5433070866141733,0.7666666666666667,0.5384615384615384
29688,HyboNet,4,256,0.005,6,89,0.5590551181102362,0.7666666666666667,0.5384615384615384
29689,HyboNet,4,256,0.005,6,9,0.5354330708661418,0.6,0.5769230769230769
29690,HyboNet,4,256,0.005,6,90,0.5590551181102362,0.7666666666666667,0.5384615384615384
29691,HyboNet,4,256,0.005,6,91,0.5275590551181102,0.7666666666666667,0.5384615384615384
29692,HyboNet,4,256,0.005,6,92,0.4881889763779528,0.7666666666666667,0.46153846153846156
29693,HyboNet,4,256,0.005,6,93,0.5039370078740157,0.7666666666666667,0.46153846153846156
29694,HyboNet,4,256,0.005,6,94,0.4881889763779528,0.8,0.46153846153846156
29695,HyboNet,4,256,0.005,6,95,0.4409448818897638,0.8333333333333334,0.38461538461538464
29696,HyboNet,4,256,0.005,6,96,0.4409448818897638,0.8333333333333334,0.38461538461538464
29697,HyboNet,4,256,0.005,6,97,0.4330708661417323,0.8333333333333334,0.38461538461538464
29698,HyboNet,4,256,0.005,6,98,0.3464566929133858,0.8333333333333334,0.2692307692307692
29699,HyboNet,4,256,0.005,6,99,0.36220472440944884,0.8333333333333334,0.2692307692307692
29700,HyboNet,4,256,0.005,7,1,0.5354330708661418,0.6,0.5769230769230769
29701,HyboNet,4,256,0.005,7,10,0.5354330708661418,0.6,0.5769230769230769
29702,HyboNet,4,256,0.005,7,100,0.44881889763779526,0.8333333333333334,0.4230769230769231
29703,HyboNet,4,256,0.005,7,11,0.5354330708661418,0.6,0.5769230769230769
29704,HyboNet,4,256,0.005,7,12,0.5354330708661418,0.6,0.5769230769230769
29705,HyboNet,4,256,0.005,7,13,0.5354330708661418,0.6,0.5769230769230769
29706,HyboNet,4,256,0.005,7,14,0.5354330708661418,0.6,0.5769230769230769
29707,HyboNet,4,256,0.005,7,15,0.5354330708661418,0.6,0.5769230769230769
29708,HyboNet,4,256,0.005,7,16,0.5354330708661418,0.6,0.5769230769230769
29709,HyboNet,4,256,0.005,7,17,0.5354330708661418,0.6,0.5769230769230769
29710,HyboNet,4,256,0.005,7,18,0.5354330708661418,0.6,0.5769230769230769
29711,HyboNet,4,256,0.005,7,19,0.5354330708661418,0.6,0.5769230769230769
29712,HyboNet,4,256,0.005,7,2,0.5354330708661418,0.6,0.5769230769230769
29713,HyboNet,4,256,0.005,7,20,0.5354330708661418,0.6,0.5769230769230769
29714,HyboNet,4,256,0.005,7,21,0.5354330708661418,0.6,0.5769230769230769
29715,HyboNet,4,256,0.005,7,22,0.5354330708661418,0.6,0.5769230769230769
29716,HyboNet,4,256,0.005,7,23,0.5354330708661418,0.6,0.5769230769230769
29717,HyboNet,4,256,0.005,7,24,0.5354330708661418,0.6,0.5769230769230769
29718,HyboNet,4,256,0.005,7,25,0.5354330708661418,0.6,0.5769230769230769
29719,HyboNet,4,256,0.005,7,26,0.5354330708661418,0.6,0.5769230769230769
29720,HyboNet,4,256,0.005,7,27,0.5354330708661418,0.6,0.5769230769230769
29721,HyboNet,4,256,0.005,7,28,0.5354330708661418,0.6,0.5769230769230769
29722,HyboNet,4,256,0.005,7,29,0.5354330708661418,0.6,0.5769230769230769
29723,HyboNet,4,256,0.005,7,3,0.5354330708661418,0.6,0.5769230769230769
29724,HyboNet,4,256,0.005,7,30,0.5354330708661418,0.6,0.5769230769230769
29725,HyboNet,4,256,0.005,7,31,0.5354330708661418,0.6,0.5769230769230769
29726,HyboNet,4,256,0.005,7,32,0.5354330708661418,0.6,0.5769230769230769
29727,HyboNet,4,256,0.005,7,33,0.5354330708661418,0.6,0.5769230769230769
29728,HyboNet,4,256,0.005,7,34,0.5354330708661418,0.6,0.5769230769230769
29729,HyboNet,4,256,0.005,7,35,0.5354330708661418,0.6,0.5769230769230769
29730,HyboNet,4,256,0.005,7,36,0.5354330708661418,0.6,0.5769230769230769
29731,HyboNet,4,256,0.005,7,37,0.5354330708661418,0.6,0.5769230769230769
29732,HyboNet,4,256,0.005,7,38,0.5354330708661418,0.6,0.5769230769230769
29733,HyboNet,4,256,0.005,7,39,0.5354330708661418,0.6,0.5769230769230769
29734,HyboNet,4,256,0.005,7,4,0.5354330708661418,0.6,0.5769230769230769
29735,HyboNet,4,256,0.005,7,40,0.5354330708661418,0.6,0.5769230769230769
29736,HyboNet,4,256,0.005,7,41,0.5354330708661418,0.6,0.5769230769230769
29737,HyboNet,4,256,0.005,7,42,0.5354330708661418,0.6,0.5769230769230769
29738,HyboNet,4,256,0.005,7,43,0.5354330708661418,0.6,0.5769230769230769
29739,HyboNet,4,256,0.005,7,44,0.5354330708661418,0.6,0.5769230769230769
29740,HyboNet,4,256,0.005,7,45,0.5354330708661418,0.6,0.5769230769230769
29741,HyboNet,4,256,0.005,7,46,0.5354330708661418,0.6,0.5769230769230769
29742,HyboNet,4,256,0.005,7,47,0.5354330708661418,0.6,0.5769230769230769
29743,HyboNet,4,256,0.005,7,48,0.5354330708661418,0.6,0.5769230769230769
29744,HyboNet,4,256,0.005,7,49,0.5354330708661418,0.6,0.5769230769230769
29745,HyboNet,4,256,0.005,7,5,0.5354330708661418,0.6,0.5769230769230769
29746,HyboNet,4,256,0.005,7,50,0.5354330708661418,0.6,0.5769230769230769
29747,HyboNet,4,256,0.005,7,51,0.5354330708661418,0.6,0.5769230769230769
29748,HyboNet,4,256,0.005,7,52,0.5354330708661418,0.6,0.5769230769230769
29749,HyboNet,4,256,0.005,7,53,0.5354330708661418,0.6,0.5769230769230769
29750,HyboNet,4,256,0.005,7,54,0.5354330708661418,0.6,0.5769230769230769
29751,HyboNet,4,256,0.005,7,55,0.5354330708661418,0.6,0.5769230769230769
29752,HyboNet,4,256,0.005,7,56,0.5354330708661418,0.6,0.5769230769230769
29753,HyboNet,4,256,0.005,7,57,0.5354330708661418,0.6,0.5769230769230769
29754,HyboNet,4,256,0.005,7,58,0.5354330708661418,0.6,0.5769230769230769
29755,HyboNet,4,256,0.005,7,59,0.5354330708661418,0.6,0.5769230769230769
29756,HyboNet,4,256,0.005,7,6,0.5354330708661418,0.6,0.5769230769230769
29757,HyboNet,4,256,0.005,7,60,0.5354330708661418,0.6,0.5769230769230769
29758,HyboNet,4,256,0.005,7,61,0.5354330708661418,0.6,0.5769230769230769
29759,HyboNet,4,256,0.005,7,62,0.5354330708661418,0.6,0.5769230769230769
29760,HyboNet,4,256,0.005,7,63,0.5354330708661418,0.6,0.5769230769230769
29761,HyboNet,4,256,0.005,7,64,0.5354330708661418,0.6,0.5769230769230769
29762,HyboNet,4,256,0.005,7,65,0.5354330708661418,0.6,0.5769230769230769
29763,HyboNet,4,256,0.005,7,66,0.5354330708661418,0.6,0.5769230769230769
29764,HyboNet,4,256,0.005,7,67,0.5354330708661418,0.6,0.5769230769230769
29765,HyboNet,4,256,0.005,7,68,0.5354330708661418,0.6,0.5769230769230769
29766,HyboNet,4,256,0.005,7,69,0.5354330708661418,0.6,0.5769230769230769
29767,HyboNet,4,256,0.005,7,7,0.5354330708661418,0.6,0.5769230769230769
29768,HyboNet,4,256,0.005,7,70,0.5354330708661418,0.6,0.5769230769230769
29769,HyboNet,4,256,0.005,7,71,0.5354330708661418,0.6,0.5769230769230769
29770,HyboNet,4,256,0.005,7,72,0.5354330708661418,0.6,0.5769230769230769
29771,HyboNet,4,256,0.005,7,73,0.5354330708661418,0.6,0.5769230769230769
29772,HyboNet,4,256,0.005,7,74,0.5354330708661418,0.6,0.5769230769230769
29773,HyboNet,4,256,0.005,7,75,0.5354330708661418,0.6,0.5769230769230769
29774,HyboNet,4,256,0.005,7,76,0.5354330708661418,0.6,0.5769230769230769
29775,HyboNet,4,256,0.005,7,77,0.5354330708661418,0.6,0.5769230769230769
29776,HyboNet,4,256,0.005,7,78,0.5354330708661418,0.6,0.5769230769230769
29777,HyboNet,4,256,0.005,7,79,0.5354330708661418,0.6333333333333333,0.5769230769230769
29778,HyboNet,4,256,0.005,7,8,0.5354330708661418,0.6,0.5769230769230769
29779,HyboNet,4,256,0.005,7,80,0.5354330708661418,0.6333333333333333,0.5769230769230769
29780,HyboNet,4,256,0.005,7,81,0.5354330708661418,0.7,0.5769230769230769
29781,HyboNet,4,256,0.005,7,82,0.5275590551181102,0.7333333333333333,0.5769230769230769
29782,HyboNet,4,256,0.005,7,83,0.5354330708661418,0.7333333333333333,0.5769230769230769
29783,HyboNet,4,256,0.005,7,84,0.5354330708661418,0.7333333333333333,0.5384615384615384
29784,HyboNet,4,256,0.005,7,85,0.5354330708661418,0.7666666666666667,0.5384615384615384
29785,HyboNet,4,256,0.005,7,86,0.5590551181102362,0.7666666666666667,0.5384615384615384
29786,HyboNet,4,256,0.005,7,87,0.5511811023622047,0.7666666666666667,0.5384615384615384
29787,HyboNet,4,256,0.005,7,88,0.5511811023622047,0.7666666666666667,0.5
29788,HyboNet,4,256,0.005,7,89,0.49606299212598426,0.7666666666666667,0.46153846153846156
29789,HyboNet,4,256,0.005,7,9,0.5354330708661418,0.6,0.5769230769230769
29790,HyboNet,4,256,0.005,7,90,0.5039370078740157,0.7666666666666667,0.46153846153846156
29791,HyboNet,4,256,0.005,7,91,0.48031496062992124,0.7666666666666667,0.46153846153846156
29792,HyboNet,4,256,0.005,7,92,0.4409448818897638,0.8,0.46153846153846156
29793,HyboNet,4,256,0.005,7,93,0.41732283464566927,0.8333333333333334,0.38461538461538464
29794,HyboNet,4,256,0.005,7,94,0.44881889763779526,0.8333333333333334,0.5
29795,HyboNet,4,256,0.005,7,95,0.4409448818897638,0.8333333333333334,0.5
29796,HyboNet,4,256,0.005,7,96,0.3700787401574803,0.8333333333333334,0.3076923076923077
29797,HyboNet,4,256,0.005,7,97,0.3937007874015748,0.8333333333333334,0.38461538461538464
29798,HyboNet,4,256,0.005,7,98,0.4566929133858268,0.8333333333333334,0.5
29799,HyboNet,4,256,0.005,7,99,0.4566929133858268,0.8333333333333334,0.5
29800,HyboNet,4,256,0.005,8,1,0.5354330708661418,0.6,0.5769230769230769
29801,HyboNet,4,256,0.005,8,10,0.5354330708661418,0.6,0.5769230769230769
29802,HyboNet,4,256,0.005,8,100,0.4330708661417323,0.8666666666666667,0.38461538461538464
29803,HyboNet,4,256,0.005,8,11,0.5354330708661418,0.6,0.5769230769230769
29804,HyboNet,4,256,0.005,8,12,0.5354330708661418,0.6,0.5769230769230769
29805,HyboNet,4,256,0.005,8,13,0.5354330708661418,0.6,0.5769230769230769
29806,HyboNet,4,256,0.005,8,14,0.5354330708661418,0.6,0.5769230769230769
29807,HyboNet,4,256,0.005,8,15,0.5354330708661418,0.6,0.5769230769230769
29808,HyboNet,4,256,0.005,8,16,0.5354330708661418,0.6,0.5769230769230769
29809,HyboNet,4,256,0.005,8,17,0.5354330708661418,0.6,0.5769230769230769
29810,HyboNet,4,256,0.005,8,18,0.5354330708661418,0.6,0.5769230769230769
29811,HyboNet,4,256,0.005,8,19,0.5354330708661418,0.6,0.5769230769230769
29812,HyboNet,4,256,0.005,8,2,0.5354330708661418,0.6,0.5769230769230769
29813,HyboNet,4,256,0.005,8,20,0.5354330708661418,0.6,0.5769230769230769
29814,HyboNet,4,256,0.005,8,21,0.5354330708661418,0.6,0.5769230769230769
29815,HyboNet,4,256,0.005,8,22,0.5354330708661418,0.6,0.5769230769230769
29816,HyboNet,4,256,0.005,8,23,0.5354330708661418,0.6,0.5769230769230769
29817,HyboNet,4,256,0.005,8,24,0.5354330708661418,0.6,0.5769230769230769
29818,HyboNet,4,256,0.005,8,25,0.5354330708661418,0.6,0.5769230769230769
29819,HyboNet,4,256,0.005,8,26,0.5354330708661418,0.6,0.5769230769230769
29820,HyboNet,4,256,0.005,8,27,0.5354330708661418,0.6,0.5769230769230769
29821,HyboNet,4,256,0.005,8,28,0.5354330708661418,0.6,0.5769230769230769
29822,HyboNet,4,256,0.005,8,29,0.5354330708661418,0.6,0.5769230769230769
29823,HyboNet,4,256,0.005,8,3,0.5354330708661418,0.6,0.5769230769230769
29824,HyboNet,4,256,0.005,8,30,0.5354330708661418,0.6,0.5769230769230769
29825,HyboNet,4,256,0.005,8,31,0.5354330708661418,0.6,0.5769230769230769
29826,HyboNet,4,256,0.005,8,32,0.5354330708661418,0.6,0.5769230769230769
29827,HyboNet,4,256,0.005,8,33,0.5354330708661418,0.6,0.5769230769230769
29828,HyboNet,4,256,0.005,8,34,0.5354330708661418,0.6,0.5769230769230769
29829,HyboNet,4,256,0.005,8,35,0.5354330708661418,0.6,0.5769230769230769
29830,HyboNet,4,256,0.005,8,36,0.5354330708661418,0.6,0.5769230769230769
29831,HyboNet,4,256,0.005,8,37,0.5354330708661418,0.6,0.5769230769230769
29832,HyboNet,4,256,0.005,8,38,0.5354330708661418,0.6,0.5769230769230769
29833,HyboNet,4,256,0.005,8,39,0.5354330708661418,0.6,0.5769230769230769
29834,HyboNet,4,256,0.005,8,4,0.5354330708661418,0.6,0.5769230769230769
29835,HyboNet,4,256,0.005,8,40,0.5354330708661418,0.6,0.5769230769230769
29836,HyboNet,4,256,0.005,8,41,0.5354330708661418,0.6,0.5769230769230769
29837,HyboNet,4,256,0.005,8,42,0.5354330708661418,0.6,0.5769230769230769
29838,HyboNet,4,256,0.005,8,43,0.5354330708661418,0.6,0.5769230769230769
29839,HyboNet,4,256,0.005,8,44,0.5354330708661418,0.6,0.5769230769230769
29840,HyboNet,4,256,0.005,8,45,0.5354330708661418,0.6,0.5769230769230769
29841,HyboNet,4,256,0.005,8,46,0.5354330708661418,0.6,0.5769230769230769
29842,HyboNet,4,256,0.005,8,47,0.5354330708661418,0.6,0.5769230769230769
29843,HyboNet,4,256,0.005,8,48,0.5354330708661418,0.6,0.5769230769230769
29844,HyboNet,4,256,0.005,8,49,0.5354330708661418,0.6,0.5769230769230769
29845,HyboNet,4,256,0.005,8,5,0.5354330708661418,0.6,0.5769230769230769
29846,HyboNet,4,256,0.005,8,50,0.5354330708661418,0.6,0.5769230769230769
29847,HyboNet,4,256,0.005,8,51,0.5354330708661418,0.6,0.5769230769230769
29848,HyboNet,4,256,0.005,8,52,0.5354330708661418,0.6,0.5769230769230769
29849,HyboNet,4,256,0.005,8,53,0.5354330708661418,0.6,0.5769230769230769
29850,HyboNet,4,256,0.005,8,54,0.5354330708661418,0.6,0.5769230769230769
29851,HyboNet,4,256,0.005,8,55,0.5354330708661418,0.6,0.5769230769230769
29852,HyboNet,4,256,0.005,8,56,0.5354330708661418,0.6,0.5769230769230769
29853,HyboNet,4,256,0.005,8,57,0.5354330708661418,0.6,0.5769230769230769
29854,HyboNet,4,256,0.005,8,58,0.5354330708661418,0.6,0.5769230769230769
29855,HyboNet,4,256,0.005,8,59,0.5354330708661418,0.6,0.5769230769230769
29856,HyboNet,4,256,0.005,8,6,0.5354330708661418,0.6,0.5769230769230769
29857,HyboNet,4,256,0.005,8,60,0.5354330708661418,0.6,0.5769230769230769
29858,HyboNet,4,256,0.005,8,61,0.5354330708661418,0.6,0.5769230769230769
29859,HyboNet,4,256,0.005,8,62,0.5354330708661418,0.6333333333333333,0.5769230769230769
29860,HyboNet,4,256,0.005,8,63,0.5354330708661418,0.6333333333333333,0.5769230769230769
29861,HyboNet,4,256,0.005,8,64,0.5275590551181102,0.6333333333333333,0.5769230769230769
29862,HyboNet,4,256,0.005,8,65,0.5354330708661418,0.6333333333333333,0.5769230769230769
29863,HyboNet,4,256,0.005,8,66,0.5354330708661418,0.7333333333333333,0.5769230769230769
29864,HyboNet,4,256,0.005,8,67,0.5433070866141733,0.7333333333333333,0.5769230769230769
29865,HyboNet,4,256,0.005,8,68,0.5354330708661418,0.7333333333333333,0.5769230769230769
29866,HyboNet,4,256,0.005,8,69,0.5433070866141733,0.7666666666666667,0.5
29867,HyboNet,4,256,0.005,8,7,0.5354330708661418,0.6,0.5769230769230769
29868,HyboNet,4,256,0.005,8,70,0.5433070866141733,0.7666666666666667,0.5
29869,HyboNet,4,256,0.005,8,71,0.5511811023622047,0.7666666666666667,0.5
29870,HyboNet,4,256,0.005,8,72,0.5196850393700787,0.8,0.5
29871,HyboNet,4,256,0.005,8,73,0.5118110236220472,0.8333333333333334,0.46153846153846156
29872,HyboNet,4,256,0.005,8,74,0.5039370078740157,0.8333333333333334,0.5
29873,HyboNet,4,256,0.005,8,75,0.4645669291338583,0.8333333333333334,0.5
29874,HyboNet,4,256,0.005,8,76,0.4566929133858268,0.8333333333333334,0.46153846153846156
29875,HyboNet,4,256,0.005,8,77,0.44881889763779526,0.8333333333333334,0.4230769230769231
29876,HyboNet,4,256,0.005,8,78,0.44881889763779526,0.8333333333333334,0.4230769230769231
29877,HyboNet,4,256,0.005,8,79,0.44881889763779526,0.8333333333333334,0.4230769230769231
29878,HyboNet,4,256,0.005,8,8,0.5354330708661418,0.6,0.5769230769230769
29879,HyboNet,4,256,0.005,8,80,0.4330708661417323,0.8333333333333334,0.4230769230769231
29880,HyboNet,4,256,0.005,8,81,0.4094488188976378,0.8333333333333334,0.38461538461538464
29881,HyboNet,4,256,0.005,8,82,0.41732283464566927,0.8333333333333334,0.38461538461538464
29882,HyboNet,4,256,0.005,8,83,0.41732283464566927,0.8333333333333334,0.38461538461538464
29883,HyboNet,4,256,0.005,8,84,0.3937007874015748,0.8333333333333334,0.34615384615384615
29884,HyboNet,4,256,0.005,8,85,0.4094488188976378,0.8333333333333334,0.34615384615384615
29885,HyboNet,4,256,0.005,8,86,0.4015748031496063,0.8333333333333334,0.34615384615384615
29886,HyboNet,4,256,0.005,8,87,0.3700787401574803,0.8333333333333334,0.2692307692307692
29887,HyboNet,4,256,0.005,8,88,0.4645669291338583,0.8333333333333334,0.4230769230769231
29888,HyboNet,4,256,0.005,8,89,0.48031496062992124,0.8333333333333334,0.5
29889,HyboNet,4,256,0.005,8,9,0.5354330708661418,0.6,0.5769230769230769
29890,HyboNet,4,256,0.005,8,90,0.48031496062992124,0.8333333333333334,0.5
29891,HyboNet,4,256,0.005,8,91,0.4645669291338583,0.8666666666666667,0.4230769230769231
29892,HyboNet,4,256,0.005,8,92,0.4251968503937008,0.8333333333333334,0.38461538461538464
29893,HyboNet,4,256,0.005,8,93,0.3937007874015748,0.8333333333333334,0.3076923076923077
29894,HyboNet,4,256,0.005,8,94,0.3937007874015748,0.8333333333333334,0.3076923076923077
29895,HyboNet,4,256,0.005,8,95,0.4409448818897638,0.8666666666666667,0.38461538461538464
29896,HyboNet,4,256,0.005,8,96,0.44881889763779526,0.8666666666666667,0.38461538461538464
29897,HyboNet,4,256,0.005,8,97,0.44881889763779526,0.8666666666666667,0.38461538461538464
29898,HyboNet,4,256,0.005,8,98,0.4409448818897638,0.8666666666666667,0.38461538461538464
29899,HyboNet,4,256,0.005,8,99,0.41732283464566927,0.8666666666666667,0.3076923076923077
29900,HyboNet,4,256,0.005,9,1,0.5354330708661418,0.6,0.5769230769230769
29901,HyboNet,4,256,0.005,9,10,0.5354330708661418,0.6,0.5769230769230769
29902,HyboNet,4,256,0.005,9,100,0.4566929133858268,0.9,0.5384615384615384
29903,HyboNet,4,256,0.005,9,11,0.5354330708661418,0.6,0.5769230769230769
29904,HyboNet,4,256,0.005,9,12,0.5354330708661418,0.6,0.5769230769230769
29905,HyboNet,4,256,0.005,9,13,0.5354330708661418,0.6,0.5769230769230769
29906,HyboNet,4,256,0.005,9,14,0.5354330708661418,0.6,0.5769230769230769
29907,HyboNet,4,256,0.005,9,15,0.5354330708661418,0.6,0.5769230769230769
29908,HyboNet,4,256,0.005,9,16,0.5354330708661418,0.6,0.5769230769230769
29909,HyboNet,4,256,0.005,9,17,0.5354330708661418,0.6,0.5769230769230769
29910,HyboNet,4,256,0.005,9,18,0.5354330708661418,0.6,0.5769230769230769
29911,HyboNet,4,256,0.005,9,19,0.5354330708661418,0.6,0.5769230769230769
29912,HyboNet,4,256,0.005,9,2,0.5354330708661418,0.6,0.5769230769230769
29913,HyboNet,4,256,0.005,9,20,0.5354330708661418,0.6,0.5769230769230769
29914,HyboNet,4,256,0.005,9,21,0.5354330708661418,0.6,0.5769230769230769
29915,HyboNet,4,256,0.005,9,22,0.5354330708661418,0.6,0.5769230769230769
29916,HyboNet,4,256,0.005,9,23,0.5354330708661418,0.6,0.5769230769230769
29917,HyboNet,4,256,0.005,9,24,0.5354330708661418,0.6,0.5769230769230769
29918,HyboNet,4,256,0.005,9,25,0.5354330708661418,0.6,0.5769230769230769
29919,HyboNet,4,256,0.005,9,26,0.5354330708661418,0.6,0.5769230769230769
29920,HyboNet,4,256,0.005,9,27,0.5354330708661418,0.6,0.5769230769230769
29921,HyboNet,4,256,0.005,9,28,0.5354330708661418,0.6,0.5769230769230769
29922,HyboNet,4,256,0.005,9,29,0.5354330708661418,0.6,0.5769230769230769
29923,HyboNet,4,256,0.005,9,3,0.5354330708661418,0.6,0.5769230769230769
29924,HyboNet,4,256,0.005,9,30,0.5354330708661418,0.6,0.5769230769230769
29925,HyboNet,4,256,0.005,9,31,0.5354330708661418,0.6,0.5769230769230769
29926,HyboNet,4,256,0.005,9,32,0.5354330708661418,0.6,0.5769230769230769
29927,HyboNet,4,256,0.005,9,33,0.5354330708661418,0.6,0.5769230769230769
29928,HyboNet,4,256,0.005,9,34,0.5354330708661418,0.6,0.5769230769230769
29929,HyboNet,4,256,0.005,9,35,0.5354330708661418,0.6,0.5769230769230769
29930,HyboNet,4,256,0.005,9,36,0.5354330708661418,0.6,0.5769230769230769
29931,HyboNet,4,256,0.005,9,37,0.5354330708661418,0.6,0.5769230769230769
29932,HyboNet,4,256,0.005,9,38,0.5354330708661418,0.6,0.5769230769230769
29933,HyboNet,4,256,0.005,9,39,0.5354330708661418,0.6,0.5769230769230769
29934,HyboNet,4,256,0.005,9,4,0.5354330708661418,0.6,0.5769230769230769
29935,HyboNet,4,256,0.005,9,40,0.5354330708661418,0.6,0.5769230769230769
29936,HyboNet,4,256,0.005,9,41,0.5354330708661418,0.6,0.5769230769230769
29937,HyboNet,4,256,0.005,9,42,0.5354330708661418,0.6,0.5769230769230769
29938,HyboNet,4,256,0.005,9,43,0.5354330708661418,0.6,0.5769230769230769
29939,HyboNet,4,256,0.005,9,44,0.5354330708661418,0.6,0.5769230769230769
29940,HyboNet,4,256,0.005,9,45,0.5354330708661418,0.6,0.5769230769230769
29941,HyboNet,4,256,0.005,9,46,0.5354330708661418,0.6,0.5769230769230769
29942,HyboNet,4,256,0.005,9,47,0.5354330708661418,0.6,0.5769230769230769
29943,HyboNet,4,256,0.005,9,48,0.5354330708661418,0.6,0.5769230769230769
29944,HyboNet,4,256,0.005,9,49,0.5354330708661418,0.6,0.5769230769230769
29945,HyboNet,4,256,0.005,9,5,0.5354330708661418,0.6,0.5769230769230769
29946,HyboNet,4,256,0.005,9,50,0.5354330708661418,0.6,0.5769230769230769
29947,HyboNet,4,256,0.005,9,51,0.5354330708661418,0.6,0.5769230769230769
29948,HyboNet,4,256,0.005,9,52,0.5354330708661418,0.6,0.5769230769230769
29949,HyboNet,4,256,0.005,9,53,0.5354330708661418,0.6,0.5769230769230769
29950,HyboNet,4,256,0.005,9,54,0.5354330708661418,0.6,0.5769230769230769
29951,HyboNet,4,256,0.005,9,55,0.5354330708661418,0.6,0.5769230769230769
29952,HyboNet,4,256,0.005,9,56,0.5354330708661418,0.6,0.5769230769230769
29953,HyboNet,4,256,0.005,9,57,0.5354330708661418,0.6,0.5769230769230769
29954,HyboNet,4,256,0.005,9,58,0.5354330708661418,0.6,0.5769230769230769
29955,HyboNet,4,256,0.005,9,59,0.5354330708661418,0.6,0.5769230769230769
29956,HyboNet,4,256,0.005,9,6,0.5354330708661418,0.6,0.5769230769230769
29957,HyboNet,4,256,0.005,9,60,0.5354330708661418,0.6,0.5769230769230769
29958,HyboNet,4,256,0.005,9,61,0.5354330708661418,0.6,0.5769230769230769
29959,HyboNet,4,256,0.005,9,62,0.5354330708661418,0.6,0.5769230769230769
29960,HyboNet,4,256,0.005,9,63,0.5354330708661418,0.6,0.5769230769230769
29961,HyboNet,4,256,0.005,9,64,0.5354330708661418,0.6,0.5769230769230769
29962,HyboNet,4,256,0.005,9,65,0.5354330708661418,0.6,0.5769230769230769
29963,HyboNet,4,256,0.005,9,66,0.5354330708661418,0.6,0.5769230769230769
29964,HyboNet,4,256,0.005,9,67,0.5354330708661418,0.6,0.5769230769230769
29965,HyboNet,4,256,0.005,9,68,0.5354330708661418,0.6,0.5769230769230769
29966,HyboNet,4,256,0.005,9,69,0.5354330708661418,0.6,0.5769230769230769
29967,HyboNet,4,256,0.005,9,7,0.5354330708661418,0.6,0.5769230769230769
29968,HyboNet,4,256,0.005,9,70,0.5354330708661418,0.6,0.5769230769230769
29969,HyboNet,4,256,0.005,9,71,0.5354330708661418,0.6,0.5769230769230769
29970,HyboNet,4,256,0.005,9,72,0.5354330708661418,0.6,0.5769230769230769
29971,HyboNet,4,256,0.005,9,73,0.5354330708661418,0.6,0.5769230769230769
29972,HyboNet,4,256,0.005,9,74,0.5354330708661418,0.6333333333333333,0.5769230769230769
29973,HyboNet,4,256,0.005,9,75,0.5354330708661418,0.6333333333333333,0.5769230769230769
29974,HyboNet,4,256,0.005,9,76,0.5196850393700787,0.7,0.5769230769230769
29975,HyboNet,4,256,0.005,9,77,0.5354330708661418,0.7333333333333333,0.5769230769230769
29976,HyboNet,4,256,0.005,9,78,0.5275590551181102,0.7333333333333333,0.5384615384615384
29977,HyboNet,4,256,0.005,9,79,0.5354330708661418,0.7666666666666667,0.5384615384615384
29978,HyboNet,4,256,0.005,9,8,0.5354330708661418,0.6,0.5769230769230769
29979,HyboNet,4,256,0.005,9,80,0.5433070866141733,0.7666666666666667,0.5384615384615384
29980,HyboNet,4,256,0.005,9,81,0.5118110236220472,0.7666666666666667,0.4230769230769231
29981,HyboNet,4,256,0.005,9,82,0.5196850393700787,0.7666666666666667,0.4230769230769231
29982,HyboNet,4,256,0.005,9,83,0.5118110236220472,0.7666666666666667,0.4230769230769231
29983,HyboNet,4,256,0.005,9,84,0.5039370078740157,0.7666666666666667,0.46153846153846156
29984,HyboNet,4,256,0.005,9,85,0.4251968503937008,0.8333333333333334,0.4230769230769231
29985,HyboNet,4,256,0.005,9,86,0.4881889763779528,0.8333333333333334,0.5
29986,HyboNet,4,256,0.005,9,87,0.5039370078740157,0.8333333333333334,0.5
29987,HyboNet,4,256,0.005,9,88,0.47244094488188976,0.8333333333333334,0.5
29988,HyboNet,4,256,0.005,9,89,0.4251968503937008,0.8666666666666667,0.4230769230769231
29989,HyboNet,4,256,0.005,9,9,0.5354330708661418,0.6,0.5769230769230769
29990,HyboNet,4,256,0.005,9,90,0.4251968503937008,0.8666666666666667,0.34615384615384615
29991,HyboNet,4,256,0.005,9,91,0.4645669291338583,0.8666666666666667,0.46153846153846156
29992,HyboNet,4,256,0.005,9,92,0.48031496062992124,0.8666666666666667,0.46153846153846156
29993,HyboNet,4,256,0.005,9,93,0.4251968503937008,0.8666666666666667,0.5
29994,HyboNet,4,256,0.005,9,94,0.48031496062992124,0.8666666666666667,0.5
29995,HyboNet,4,256,0.005,9,95,0.4409448818897638,0.8666666666666667,0.46153846153846156
29996,HyboNet,4,256,0.005,9,96,0.4645669291338583,0.8333333333333334,0.46153846153846156
29997,HyboNet,4,256,0.005,9,97,0.47244094488188976,0.8333333333333334,0.46153846153846156
29998,HyboNet,4,256,0.005,9,98,0.48031496062992124,0.9,0.5
29999,HyboNet,4,256,0.005,9,99,0.4645669291338583,0.9,0.5769230769230769
30000,HyboNet,4,32,0.0002,1,1,0.1968503937007874,0.1,0.19230769230769232
30001,HyboNet,4,32,0.0002,1,10,0.48031496062992124,0.6333333333333333,0.46153846153846156
30002,HyboNet,4,32,0.0002,1,100,0.3779527559055118,0.9,0.46153846153846156
30003,HyboNet,4,32,0.0002,1,11,0.4881889763779528,0.6333333333333333,0.5
30004,HyboNet,4,32,0.0002,1,12,0.5118110236220472,0.6333333333333333,0.5
30005,HyboNet,4,32,0.0002,1,13,0.5118110236220472,0.6333333333333333,0.5
30006,HyboNet,4,32,0.0002,1,14,0.5118110236220472,0.6333333333333333,0.5
30007,HyboNet,4,32,0.0002,1,15,0.5196850393700787,0.6333333333333333,0.5
30008,HyboNet,4,32,0.0002,1,16,0.5354330708661418,0.6333333333333333,0.5
30009,HyboNet,4,32,0.0002,1,17,0.5354330708661418,0.6333333333333333,0.5384615384615384
30010,HyboNet,4,32,0.0002,1,18,0.5354330708661418,0.6333333333333333,0.5384615384615384
30011,HyboNet,4,32,0.0002,1,19,0.5354330708661418,0.6333333333333333,0.5384615384615384
30012,HyboNet,4,32,0.0002,1,2,0.2125984251968504,0.1,0.23076923076923078
30013,HyboNet,4,32,0.0002,1,20,0.5354330708661418,0.6333333333333333,0.5384615384615384
30014,HyboNet,4,32,0.0002,1,21,0.5354330708661418,0.6333333333333333,0.5384615384615384
30015,HyboNet,4,32,0.0002,1,22,0.5354330708661418,0.6333333333333333,0.5384615384615384
30016,HyboNet,4,32,0.0002,1,23,0.5354330708661418,0.6333333333333333,0.5384615384615384
30017,HyboNet,4,32,0.0002,1,24,0.5433070866141733,0.6333333333333333,0.5384615384615384
30018,HyboNet,4,32,0.0002,1,25,0.5354330708661418,0.6333333333333333,0.5384615384615384
30019,HyboNet,4,32,0.0002,1,26,0.5354330708661418,0.6666666666666666,0.5384615384615384
30020,HyboNet,4,32,0.0002,1,27,0.5275590551181102,0.6666666666666666,0.5384615384615384
30021,HyboNet,4,32,0.0002,1,28,0.5275590551181102,0.6666666666666666,0.5384615384615384
30022,HyboNet,4,32,0.0002,1,29,0.5275590551181102,0.6666666666666666,0.5384615384615384
30023,HyboNet,4,32,0.0002,1,3,0.1889763779527559,0.2,0.19230769230769232
30024,HyboNet,4,32,0.0002,1,30,0.5275590551181102,0.6666666666666666,0.5
30025,HyboNet,4,32,0.0002,1,31,0.5275590551181102,0.6666666666666666,0.5
30026,HyboNet,4,32,0.0002,1,32,0.5275590551181102,0.6666666666666666,0.5
30027,HyboNet,4,32,0.0002,1,33,0.5196850393700787,0.6666666666666666,0.5
30028,HyboNet,4,32,0.0002,1,34,0.5118110236220472,0.6666666666666666,0.5
30029,HyboNet,4,32,0.0002,1,35,0.5118110236220472,0.6666666666666666,0.5
30030,HyboNet,4,32,0.0002,1,36,0.5039370078740157,0.6666666666666666,0.5
30031,HyboNet,4,32,0.0002,1,37,0.5039370078740157,0.6666666666666666,0.5
30032,HyboNet,4,32,0.0002,1,38,0.5039370078740157,0.6666666666666666,0.5
30033,HyboNet,4,32,0.0002,1,39,0.5039370078740157,0.6666666666666666,0.5
30034,HyboNet,4,32,0.0002,1,4,0.16535433070866143,0.26666666666666666,0.19230769230769232
30035,HyboNet,4,32,0.0002,1,40,0.5039370078740157,0.7,0.5
30036,HyboNet,4,32,0.0002,1,41,0.5039370078740157,0.7,0.5
30037,HyboNet,4,32,0.0002,1,42,0.5039370078740157,0.7,0.5
30038,HyboNet,4,32,0.0002,1,43,0.49606299212598426,0.7,0.5
30039,HyboNet,4,32,0.0002,1,44,0.49606299212598426,0.7,0.5
30040,HyboNet,4,32,0.0002,1,45,0.49606299212598426,0.7,0.5
30041,HyboNet,4,32,0.0002,1,46,0.4881889763779528,0.7,0.5
30042,HyboNet,4,32,0.0002,1,47,0.4645669291338583,0.7,0.5
30043,HyboNet,4,32,0.0002,1,48,0.4645669291338583,0.7,0.5
30044,HyboNet,4,32,0.0002,1,49,0.4645669291338583,0.7333333333333333,0.5
30045,HyboNet,4,32,0.0002,1,5,0.2204724409448819,0.4,0.2692307692307692
30046,HyboNet,4,32,0.0002,1,50,0.47244094488188976,0.7333333333333333,0.5
30047,HyboNet,4,32,0.0002,1,51,0.48031496062992124,0.7333333333333333,0.5
30048,HyboNet,4,32,0.0002,1,52,0.48031496062992124,0.7333333333333333,0.5
30049,HyboNet,4,32,0.0002,1,53,0.47244094488188976,0.7333333333333333,0.5
30050,HyboNet,4,32,0.0002,1,54,0.47244094488188976,0.7333333333333333,0.5
30051,HyboNet,4,32,0.0002,1,55,0.47244094488188976,0.7333333333333333,0.5
30052,HyboNet,4,32,0.0002,1,56,0.48031496062992124,0.7333333333333333,0.5384615384615384
30053,HyboNet,4,32,0.0002,1,57,0.48031496062992124,0.7333333333333333,0.5384615384615384
30054,HyboNet,4,32,0.0002,1,58,0.48031496062992124,0.7333333333333333,0.5384615384615384
30055,HyboNet,4,32,0.0002,1,59,0.48031496062992124,0.7333333333333333,0.5384615384615384
30056,HyboNet,4,32,0.0002,1,6,0.2992125984251969,0.4666666666666667,0.3076923076923077
30057,HyboNet,4,32,0.0002,1,60,0.48031496062992124,0.7333333333333333,0.5384615384615384
30058,HyboNet,4,32,0.0002,1,61,0.48031496062992124,0.7333333333333333,0.5384615384615384
30059,HyboNet,4,32,0.0002,1,62,0.47244094488188976,0.7333333333333333,0.5
30060,HyboNet,4,32,0.0002,1,63,0.48031496062992124,0.7666666666666667,0.5
30061,HyboNet,4,32,0.0002,1,64,0.48031496062992124,0.7666666666666667,0.5
30062,HyboNet,4,32,0.0002,1,65,0.48031496062992124,0.7666666666666667,0.5
30063,HyboNet,4,32,0.0002,1,66,0.47244094488188976,0.7666666666666667,0.5
30064,HyboNet,4,32,0.0002,1,67,0.47244094488188976,0.7666666666666667,0.5
30065,HyboNet,4,32,0.0002,1,68,0.47244094488188976,0.7666666666666667,0.5384615384615384
30066,HyboNet,4,32,0.0002,1,69,0.47244094488188976,0.7666666666666667,0.5384615384615384
30067,HyboNet,4,32,0.0002,1,7,0.3779527559055118,0.4666666666666667,0.38461538461538464
30068,HyboNet,4,32,0.0002,1,70,0.47244094488188976,0.7666666666666667,0.5384615384615384
30069,HyboNet,4,32,0.0002,1,71,0.4645669291338583,0.7666666666666667,0.5384615384615384
30070,HyboNet,4,32,0.0002,1,72,0.47244094488188976,0.7666666666666667,0.5384615384615384
30071,HyboNet,4,32,0.0002,1,73,0.47244094488188976,0.7666666666666667,0.5384615384615384
30072,HyboNet,4,32,0.0002,1,74,0.47244094488188976,0.7666666666666667,0.5
30073,HyboNet,4,32,0.0002,1,75,0.47244094488188976,0.7666666666666667,0.5
30074,HyboNet,4,32,0.0002,1,76,0.47244094488188976,0.8,0.5
30075,HyboNet,4,32,0.0002,1,77,0.4566929133858268,0.8,0.5
30076,HyboNet,4,32,0.0002,1,78,0.4409448818897638,0.8,0.5
30077,HyboNet,4,32,0.0002,1,79,0.4409448818897638,0.8,0.5
30078,HyboNet,4,32,0.0002,1,8,0.41732283464566927,0.5666666666666667,0.4230769230769231
30079,HyboNet,4,32,0.0002,1,80,0.4330708661417323,0.8,0.5
30080,HyboNet,4,32,0.0002,1,81,0.4330708661417323,0.8,0.5
30081,HyboNet,4,32,0.0002,1,82,0.4330708661417323,0.8,0.5
30082,HyboNet,4,32,0.0002,1,83,0.4251968503937008,0.8333333333333334,0.5
30083,HyboNet,4,32,0.0002,1,84,0.4251968503937008,0.8666666666666667,0.5
30084,HyboNet,4,32,0.0002,1,85,0.41732283464566927,0.8666666666666667,0.5
30085,HyboNet,4,32,0.0002,1,86,0.41732283464566927,0.8666666666666667,0.5
30086,HyboNet,4,32,0.0002,1,87,0.41732283464566927,0.8666666666666667,0.46153846153846156
30087,HyboNet,4,32,0.0002,1,88,0.41732283464566927,0.8666666666666667,0.46153846153846156
30088,HyboNet,4,32,0.0002,1,89,0.41732283464566927,0.8666666666666667,0.46153846153846156
30089,HyboNet,4,32,0.0002,1,9,0.44881889763779526,0.6,0.46153846153846156
30090,HyboNet,4,32,0.0002,1,90,0.4094488188976378,0.8666666666666667,0.46153846153846156
30091,HyboNet,4,32,0.0002,1,91,0.4094488188976378,0.8666666666666667,0.46153846153846156
30092,HyboNet,4,32,0.0002,1,92,0.4015748031496063,0.8666666666666667,0.46153846153846156
30093,HyboNet,4,32,0.0002,1,93,0.4015748031496063,0.8666666666666667,0.46153846153846156
30094,HyboNet,4,32,0.0002,1,94,0.4015748031496063,0.8666666666666667,0.46153846153846156
30095,HyboNet,4,32,0.0002,1,95,0.3937007874015748,0.8666666666666667,0.46153846153846156
30096,HyboNet,4,32,0.0002,1,96,0.3937007874015748,0.9,0.46153846153846156
30097,HyboNet,4,32,0.0002,1,97,0.3858267716535433,0.9,0.46153846153846156
30098,HyboNet,4,32,0.0002,1,98,0.3858267716535433,0.9,0.46153846153846156
30099,HyboNet,4,32,0.0002,1,99,0.3779527559055118,0.9,0.46153846153846156
30100,HyboNet,4,32,0.0002,10,1,0.15748031496062992,0.06666666666666667,0.07692307692307693
30101,HyboNet,4,32,0.0002,10,10,0.4094488188976378,0.6,0.46153846153846156
30102,HyboNet,4,32,0.0002,10,100,0.31496062992125984,0.9,0.3076923076923077
30103,HyboNet,4,32,0.0002,10,11,0.47244094488188976,0.6333333333333333,0.5
30104,HyboNet,4,32,0.0002,10,12,0.4881889763779528,0.6333333333333333,0.5
30105,HyboNet,4,32,0.0002,10,13,0.49606299212598426,0.6333333333333333,0.5
30106,HyboNet,4,32,0.0002,10,14,0.49606299212598426,0.6333333333333333,0.5384615384615384
30107,HyboNet,4,32,0.0002,10,15,0.5118110236220472,0.6333333333333333,0.5384615384615384
30108,HyboNet,4,32,0.0002,10,16,0.5118110236220472,0.6333333333333333,0.5384615384615384
30109,HyboNet,4,32,0.0002,10,17,0.5118110236220472,0.6333333333333333,0.5384615384615384
30110,HyboNet,4,32,0.0002,10,18,0.5196850393700787,0.6333333333333333,0.5769230769230769
30111,HyboNet,4,32,0.0002,10,19,0.5196850393700787,0.6333333333333333,0.5769230769230769
30112,HyboNet,4,32,0.0002,10,2,0.1889763779527559,0.13333333333333333,0.19230769230769232
30113,HyboNet,4,32,0.0002,10,20,0.5196850393700787,0.6333333333333333,0.5769230769230769
30114,HyboNet,4,32,0.0002,10,21,0.5196850393700787,0.6333333333333333,0.5769230769230769
30115,HyboNet,4,32,0.0002,10,22,0.5196850393700787,0.6333333333333333,0.5384615384615384
30116,HyboNet,4,32,0.0002,10,23,0.5275590551181102,0.6333333333333333,0.5384615384615384
30117,HyboNet,4,32,0.0002,10,24,0.5275590551181102,0.6333333333333333,0.5384615384615384
30118,HyboNet,4,32,0.0002,10,25,0.5275590551181102,0.6333333333333333,0.5384615384615384
30119,HyboNet,4,32,0.0002,10,26,0.5275590551181102,0.6333333333333333,0.5384615384615384
30120,HyboNet,4,32,0.0002,10,27,0.5196850393700787,0.6333333333333333,0.5384615384615384
30121,HyboNet,4,32,0.0002,10,28,0.5196850393700787,0.6333333333333333,0.5384615384615384
30122,HyboNet,4,32,0.0002,10,29,0.5196850393700787,0.6333333333333333,0.5384615384615384
30123,HyboNet,4,32,0.0002,10,3,0.2283464566929134,0.16666666666666666,0.23076923076923078
30124,HyboNet,4,32,0.0002,10,30,0.5196850393700787,0.6333333333333333,0.5384615384615384
30125,HyboNet,4,32,0.0002,10,31,0.5196850393700787,0.6333333333333333,0.5384615384615384
30126,HyboNet,4,32,0.0002,10,32,0.5196850393700787,0.6333333333333333,0.5384615384615384
30127,HyboNet,4,32,0.0002,10,33,0.5196850393700787,0.6333333333333333,0.5384615384615384
30128,HyboNet,4,32,0.0002,10,34,0.5118110236220472,0.6333333333333333,0.5384615384615384
30129,HyboNet,4,32,0.0002,10,35,0.5118110236220472,0.6333333333333333,0.5384615384615384
30130,HyboNet,4,32,0.0002,10,36,0.5118110236220472,0.6333333333333333,0.5
30131,HyboNet,4,32,0.0002,10,37,0.5039370078740157,0.6666666666666666,0.5
30132,HyboNet,4,32,0.0002,10,38,0.5039370078740157,0.6666666666666666,0.5
30133,HyboNet,4,32,0.0002,10,39,0.5118110236220472,0.6666666666666666,0.5
30134,HyboNet,4,32,0.0002,10,4,0.2677165354330709,0.26666666666666666,0.34615384615384615
30135,HyboNet,4,32,0.0002,10,40,0.5118110236220472,0.6666666666666666,0.5
30136,HyboNet,4,32,0.0002,10,41,0.5118110236220472,0.6666666666666666,0.5
30137,HyboNet,4,32,0.0002,10,42,0.5039370078740157,0.6666666666666666,0.5
30138,HyboNet,4,32,0.0002,10,43,0.5039370078740157,0.6666666666666666,0.5
30139,HyboNet,4,32,0.0002,10,44,0.5039370078740157,0.6666666666666666,0.5
30140,HyboNet,4,32,0.0002,10,45,0.4881889763779528,0.6666666666666666,0.5
30141,HyboNet,4,32,0.0002,10,46,0.4881889763779528,0.6666666666666666,0.5
30142,HyboNet,4,32,0.0002,10,47,0.49606299212598426,0.6666666666666666,0.5
30143,HyboNet,4,32,0.0002,10,48,0.4881889763779528,0.6666666666666666,0.5
30144,HyboNet,4,32,0.0002,10,49,0.47244094488188976,0.6666666666666666,0.5
30145,HyboNet,4,32,0.0002,10,5,0.29133858267716534,0.36666666666666664,0.38461538461538464
30146,HyboNet,4,32,0.0002,10,50,0.4566929133858268,0.7,0.5
30147,HyboNet,4,32,0.0002,10,51,0.47244094488188976,0.7,0.5
30148,HyboNet,4,32,0.0002,10,52,0.47244094488188976,0.7,0.5
30149,HyboNet,4,32,0.0002,10,53,0.47244094488188976,0.7333333333333333,0.5
30150,HyboNet,4,32,0.0002,10,54,0.4645669291338583,0.7333333333333333,0.5384615384615384
30151,HyboNet,4,32,0.0002,10,55,0.4645669291338583,0.7333333333333333,0.5384615384615384
30152,HyboNet,4,32,0.0002,10,56,0.4645669291338583,0.7333333333333333,0.5384615384615384
30153,HyboNet,4,32,0.0002,10,57,0.4645669291338583,0.7333333333333333,0.5384615384615384
30154,HyboNet,4,32,0.0002,10,58,0.4645669291338583,0.7333333333333333,0.5769230769230769
30155,HyboNet,4,32,0.0002,10,59,0.4566929133858268,0.7666666666666667,0.5769230769230769
30156,HyboNet,4,32,0.0002,10,6,0.33070866141732286,0.5,0.34615384615384615
30157,HyboNet,4,32,0.0002,10,60,0.44881889763779526,0.7666666666666667,0.5769230769230769
30158,HyboNet,4,32,0.0002,10,61,0.4409448818897638,0.7666666666666667,0.5769230769230769
30159,HyboNet,4,32,0.0002,10,62,0.4409448818897638,0.8,0.5769230769230769
30160,HyboNet,4,32,0.0002,10,63,0.4409448818897638,0.8,0.5769230769230769
30161,HyboNet,4,32,0.0002,10,64,0.4409448818897638,0.8,0.5769230769230769
30162,HyboNet,4,32,0.0002,10,65,0.4409448818897638,0.8,0.5769230769230769
30163,HyboNet,4,32,0.0002,10,66,0.4566929133858268,0.8,0.5769230769230769
30164,HyboNet,4,32,0.0002,10,67,0.4566929133858268,0.8,0.5384615384615384
30165,HyboNet,4,32,0.0002,10,68,0.4330708661417323,0.8,0.5
30166,HyboNet,4,32,0.0002,10,69,0.4330708661417323,0.8,0.5
30167,HyboNet,4,32,0.0002,10,7,0.3543307086614173,0.5,0.34615384615384615
30168,HyboNet,4,32,0.0002,10,70,0.4251968503937008,0.8,0.5
30169,HyboNet,4,32,0.0002,10,71,0.4094488188976378,0.8,0.5
30170,HyboNet,4,32,0.0002,10,72,0.4094488188976378,0.8,0.5
30171,HyboNet,4,32,0.0002,10,73,0.4094488188976378,0.8,0.5
30172,HyboNet,4,32,0.0002,10,74,0.4094488188976378,0.8,0.5
30173,HyboNet,4,32,0.0002,10,75,0.4015748031496063,0.8,0.5
30174,HyboNet,4,32,0.0002,10,76,0.4015748031496063,0.8,0.5
30175,HyboNet,4,32,0.0002,10,77,0.3937007874015748,0.8,0.5
30176,HyboNet,4,32,0.0002,10,78,0.3858267716535433,0.8333333333333334,0.46153846153846156
30177,HyboNet,4,32,0.0002,10,79,0.3779527559055118,0.8333333333333334,0.46153846153846156
30178,HyboNet,4,32,0.0002,10,8,0.3700787401574803,0.5333333333333333,0.38461538461538464
30179,HyboNet,4,32,0.0002,10,80,0.3700787401574803,0.9,0.46153846153846156
30180,HyboNet,4,32,0.0002,10,81,0.3700787401574803,0.9,0.46153846153846156
30181,HyboNet,4,32,0.0002,10,82,0.36220472440944884,0.9,0.46153846153846156
30182,HyboNet,4,32,0.0002,10,83,0.36220472440944884,0.9,0.46153846153846156
30183,HyboNet,4,32,0.0002,10,84,0.3700787401574803,0.9,0.4230769230769231
30184,HyboNet,4,32,0.0002,10,85,0.3700787401574803,0.9,0.4230769230769231
30185,HyboNet,4,32,0.0002,10,86,0.3543307086614173,0.9,0.38461538461538464
30186,HyboNet,4,32,0.0002,10,87,0.33858267716535434,0.9,0.38461538461538464
30187,HyboNet,4,32,0.0002,10,88,0.3464566929133858,0.9,0.38461538461538464
30188,HyboNet,4,32,0.0002,10,89,0.33858267716535434,0.9,0.38461538461538464
30189,HyboNet,4,32,0.0002,10,9,0.3779527559055118,0.5333333333333333,0.4230769230769231
30190,HyboNet,4,32,0.0002,10,90,0.33858267716535434,0.9,0.38461538461538464
30191,HyboNet,4,32,0.0002,10,91,0.3464566929133858,0.9,0.38461538461538464
30192,HyboNet,4,32,0.0002,10,92,0.3464566929133858,0.9,0.38461538461538464
30193,HyboNet,4,32,0.0002,10,93,0.3543307086614173,0.9,0.38461538461538464
30194,HyboNet,4,32,0.0002,10,94,0.3464566929133858,0.9,0.38461538461538464
30195,HyboNet,4,32,0.0002,10,95,0.3464566929133858,0.9,0.38461538461538464
30196,HyboNet,4,32,0.0002,10,96,0.33858267716535434,0.9,0.34615384615384615
30197,HyboNet,4,32,0.0002,10,97,0.33070866141732286,0.9,0.34615384615384615
30198,HyboNet,4,32,0.0002,10,98,0.33070866141732286,0.9,0.3076923076923077
30199,HyboNet,4,32,0.0002,10,99,0.3228346456692913,0.9,0.3076923076923077
30200,HyboNet,4,32,0.0002,2,1,0.11811023622047244,0.1,0.15384615384615385
30201,HyboNet,4,32,0.0002,2,10,0.47244094488188976,0.5333333333333333,0.5
30202,HyboNet,4,32,0.0002,2,100,0.4330708661417323,0.9,0.3076923076923077
30203,HyboNet,4,32,0.0002,2,11,0.48031496062992124,0.5666666666666667,0.5
30204,HyboNet,4,32,0.0002,2,12,0.4881889763779528,0.6,0.5
30205,HyboNet,4,32,0.0002,2,13,0.4881889763779528,0.6,0.5
30206,HyboNet,4,32,0.0002,2,14,0.4881889763779528,0.6,0.5
30207,HyboNet,4,32,0.0002,2,15,0.4881889763779528,0.6,0.5
30208,HyboNet,4,32,0.0002,2,16,0.49606299212598426,0.6,0.46153846153846156
30209,HyboNet,4,32,0.0002,2,17,0.4881889763779528,0.6,0.46153846153846156
30210,HyboNet,4,32,0.0002,2,18,0.49606299212598426,0.6,0.46153846153846156
30211,HyboNet,4,32,0.0002,2,19,0.49606299212598426,0.6,0.46153846153846156
30212,HyboNet,4,32,0.0002,2,2,0.14960629921259844,0.1,0.15384615384615385
30213,HyboNet,4,32,0.0002,2,20,0.5039370078740157,0.6,0.46153846153846156
30214,HyboNet,4,32,0.0002,2,21,0.5039370078740157,0.6,0.5
30215,HyboNet,4,32,0.0002,2,22,0.5118110236220472,0.6,0.5
30216,HyboNet,4,32,0.0002,2,23,0.5118110236220472,0.6,0.5
30217,HyboNet,4,32,0.0002,2,24,0.5118110236220472,0.6,0.5384615384615384
30218,HyboNet,4,32,0.0002,2,25,0.5039370078740157,0.6,0.5384615384615384
30219,HyboNet,4,32,0.0002,2,26,0.5039370078740157,0.6,0.5384615384615384
30220,HyboNet,4,32,0.0002,2,27,0.5039370078740157,0.6,0.5384615384615384
30221,HyboNet,4,32,0.0002,2,28,0.5039370078740157,0.6,0.5384615384615384
30222,HyboNet,4,32,0.0002,2,29,0.5118110236220472,0.6,0.5384615384615384
30223,HyboNet,4,32,0.0002,2,3,0.2283464566929134,0.3,0.23076923076923078
30224,HyboNet,4,32,0.0002,2,30,0.5118110236220472,0.6,0.5384615384615384
30225,HyboNet,4,32,0.0002,2,31,0.5196850393700787,0.6,0.5384615384615384
30226,HyboNet,4,32,0.0002,2,32,0.5196850393700787,0.6,0.5384615384615384
30227,HyboNet,4,32,0.0002,2,33,0.5196850393700787,0.6,0.5384615384615384
30228,HyboNet,4,32,0.0002,2,34,0.5196850393700787,0.6,0.5384615384615384
30229,HyboNet,4,32,0.0002,2,35,0.5196850393700787,0.6,0.5384615384615384
30230,HyboNet,4,32,0.0002,2,36,0.5196850393700787,0.6,0.5384615384615384
30231,HyboNet,4,32,0.0002,2,37,0.5196850393700787,0.6,0.5384615384615384
30232,HyboNet,4,32,0.0002,2,38,0.5118110236220472,0.6,0.5384615384615384
30233,HyboNet,4,32,0.0002,2,39,0.5118110236220472,0.6,0.5384615384615384
30234,HyboNet,4,32,0.0002,2,4,0.29133858267716534,0.43333333333333335,0.3076923076923077
30235,HyboNet,4,32,0.0002,2,40,0.49606299212598426,0.6333333333333333,0.5384615384615384
30236,HyboNet,4,32,0.0002,2,41,0.4881889763779528,0.6333333333333333,0.5384615384615384
30237,HyboNet,4,32,0.0002,2,42,0.4881889763779528,0.6333333333333333,0.5384615384615384
30238,HyboNet,4,32,0.0002,2,43,0.4881889763779528,0.6333333333333333,0.5384615384615384
30239,HyboNet,4,32,0.0002,2,44,0.4881889763779528,0.6333333333333333,0.5384615384615384
30240,HyboNet,4,32,0.0002,2,45,0.4881889763779528,0.6333333333333333,0.5384615384615384
30241,HyboNet,4,32,0.0002,2,46,0.4881889763779528,0.6333333333333333,0.5384615384615384
30242,HyboNet,4,32,0.0002,2,47,0.4881889763779528,0.6666666666666666,0.5
30243,HyboNet,4,32,0.0002,2,48,0.5039370078740157,0.6666666666666666,0.5
30244,HyboNet,4,32,0.0002,2,49,0.5039370078740157,0.6666666666666666,0.5384615384615384
30245,HyboNet,4,32,0.0002,2,5,0.33070866141732286,0.4666666666666667,0.3076923076923077
30246,HyboNet,4,32,0.0002,2,50,0.5039370078740157,0.6666666666666666,0.5384615384615384
30247,HyboNet,4,32,0.0002,2,51,0.5039370078740157,0.6666666666666666,0.5384615384615384
30248,HyboNet,4,32,0.0002,2,52,0.49606299212598426,0.7,0.5
30249,HyboNet,4,32,0.0002,2,53,0.5039370078740157,0.7,0.46153846153846156
30250,HyboNet,4,32,0.0002,2,54,0.5039370078740157,0.7,0.46153846153846156
30251,HyboNet,4,32,0.0002,2,55,0.5039370078740157,0.7,0.4230769230769231
30252,HyboNet,4,32,0.0002,2,56,0.49606299212598426,0.7,0.4230769230769231
30253,HyboNet,4,32,0.0002,2,57,0.5039370078740157,0.7,0.4230769230769231
30254,HyboNet,4,32,0.0002,2,58,0.5039370078740157,0.7333333333333333,0.4230769230769231
30255,HyboNet,4,32,0.0002,2,59,0.5039370078740157,0.7333333333333333,0.4230769230769231
30256,HyboNet,4,32,0.0002,2,6,0.3700787401574803,0.4666666666666667,0.38461538461538464
30257,HyboNet,4,32,0.0002,2,60,0.5196850393700787,0.7333333333333333,0.4230769230769231
30258,HyboNet,4,32,0.0002,2,61,0.5196850393700787,0.7333333333333333,0.4230769230769231
30259,HyboNet,4,32,0.0002,2,62,0.5118110236220472,0.7333333333333333,0.4230769230769231
30260,HyboNet,4,32,0.0002,2,63,0.5118110236220472,0.8,0.38461538461538464
30261,HyboNet,4,32,0.0002,2,64,0.49606299212598426,0.8,0.34615384615384615
30262,HyboNet,4,32,0.0002,2,65,0.48031496062992124,0.8,0.34615384615384615
30263,HyboNet,4,32,0.0002,2,66,0.4881889763779528,0.8,0.34615384615384615
30264,HyboNet,4,32,0.0002,2,67,0.4881889763779528,0.8,0.34615384615384615
30265,HyboNet,4,32,0.0002,2,68,0.48031496062992124,0.8,0.34615384615384615
30266,HyboNet,4,32,0.0002,2,69,0.48031496062992124,0.8333333333333334,0.34615384615384615
30267,HyboNet,4,32,0.0002,2,7,0.4094488188976378,0.5,0.46153846153846156
30268,HyboNet,4,32,0.0002,2,70,0.48031496062992124,0.8333333333333334,0.34615384615384615
30269,HyboNet,4,32,0.0002,2,71,0.4645669291338583,0.8333333333333334,0.34615384615384615
30270,HyboNet,4,32,0.0002,2,72,0.4645669291338583,0.8333333333333334,0.34615384615384615
30271,HyboNet,4,32,0.0002,2,73,0.47244094488188976,0.8333333333333334,0.38461538461538464
30272,HyboNet,4,32,0.0002,2,74,0.4645669291338583,0.8333333333333334,0.38461538461538464
30273,HyboNet,4,32,0.0002,2,75,0.4645669291338583,0.8333333333333334,0.38461538461538464
30274,HyboNet,4,32,0.0002,2,76,0.44881889763779526,0.8333333333333334,0.38461538461538464
30275,HyboNet,4,32,0.0002,2,77,0.4409448818897638,0.8333333333333334,0.38461538461538464
30276,HyboNet,4,32,0.0002,2,78,0.4409448818897638,0.8333333333333334,0.38461538461538464
30277,HyboNet,4,32,0.0002,2,79,0.4409448818897638,0.8333333333333334,0.34615384615384615
30278,HyboNet,4,32,0.0002,2,8,0.4251968503937008,0.5,0.5
30279,HyboNet,4,32,0.0002,2,80,0.4409448818897638,0.8333333333333334,0.34615384615384615
30280,HyboNet,4,32,0.0002,2,81,0.4409448818897638,0.8333333333333334,0.34615384615384615
30281,HyboNet,4,32,0.0002,2,82,0.4409448818897638,0.8333333333333334,0.34615384615384615
30282,HyboNet,4,32,0.0002,2,83,0.4330708661417323,0.8333333333333334,0.34615384615384615
30283,HyboNet,4,32,0.0002,2,84,0.4251968503937008,0.8333333333333334,0.34615384615384615
30284,HyboNet,4,32,0.0002,2,85,0.4251968503937008,0.8333333333333334,0.34615384615384615
30285,HyboNet,4,32,0.0002,2,86,0.4251968503937008,0.8333333333333334,0.34615384615384615
30286,HyboNet,4,32,0.0002,2,87,0.4409448818897638,0.8333333333333334,0.34615384615384615
30287,HyboNet,4,32,0.0002,2,88,0.4330708661417323,0.8333333333333334,0.34615384615384615
30288,HyboNet,4,32,0.0002,2,89,0.44881889763779526,0.8666666666666667,0.3076923076923077
30289,HyboNet,4,32,0.0002,2,9,0.44881889763779526,0.5333333333333333,0.5
30290,HyboNet,4,32,0.0002,2,90,0.44881889763779526,0.8666666666666667,0.3076923076923077
30291,HyboNet,4,32,0.0002,2,91,0.44881889763779526,0.8666666666666667,0.3076923076923077
30292,HyboNet,4,32,0.0002,2,92,0.44881889763779526,0.9,0.3076923076923077
30293,HyboNet,4,32,0.0002,2,93,0.44881889763779526,0.9,0.3076923076923077
30294,HyboNet,4,32,0.0002,2,94,0.4566929133858268,0.9,0.3076923076923077
30295,HyboNet,4,32,0.0002,2,95,0.4566929133858268,0.9,0.3076923076923077
30296,HyboNet,4,32,0.0002,2,96,0.4566929133858268,0.9,0.3076923076923077
30297,HyboNet,4,32,0.0002,2,97,0.4645669291338583,0.9,0.3076923076923077
30298,HyboNet,4,32,0.0002,2,98,0.4566929133858268,0.9,0.3076923076923077
30299,HyboNet,4,32,0.0002,2,99,0.44881889763779526,0.9,0.3076923076923077
30300,HyboNet,4,32,0.0002,3,1,0.10236220472440945,0.16666666666666666,0.038461538461538464
30301,HyboNet,4,32,0.0002,3,10,0.4566929133858268,0.6,0.5
30302,HyboNet,4,32,0.0002,3,100,0.4015748031496063,0.8666666666666667,0.34615384615384615
30303,HyboNet,4,32,0.0002,3,11,0.4881889763779528,0.6,0.5
30304,HyboNet,4,32,0.0002,3,12,0.5039370078740157,0.6,0.5384615384615384
30305,HyboNet,4,32,0.0002,3,13,0.5118110236220472,0.6333333333333333,0.5769230769230769
30306,HyboNet,4,32,0.0002,3,14,0.5118110236220472,0.6333333333333333,0.5769230769230769
30307,HyboNet,4,32,0.0002,3,15,0.5196850393700787,0.6333333333333333,0.5384615384615384
30308,HyboNet,4,32,0.0002,3,16,0.5275590551181102,0.6666666666666666,0.5384615384615384
30309,HyboNet,4,32,0.0002,3,17,0.5354330708661418,0.7,0.5384615384615384
30310,HyboNet,4,32,0.0002,3,18,0.5433070866141733,0.7,0.5384615384615384
30311,HyboNet,4,32,0.0002,3,19,0.5354330708661418,0.7,0.5
30312,HyboNet,4,32,0.0002,3,2,0.16535433070866143,0.23333333333333334,0.11538461538461539
30313,HyboNet,4,32,0.0002,3,20,0.5275590551181102,0.7,0.5
30314,HyboNet,4,32,0.0002,3,21,0.5275590551181102,0.7,0.5
30315,HyboNet,4,32,0.0002,3,22,0.5196850393700787,0.7,0.46153846153846156
30316,HyboNet,4,32,0.0002,3,23,0.5275590551181102,0.7,0.46153846153846156
30317,HyboNet,4,32,0.0002,3,24,0.5275590551181102,0.7,0.46153846153846156
30318,HyboNet,4,32,0.0002,3,25,0.5118110236220472,0.7,0.46153846153846156
30319,HyboNet,4,32,0.0002,3,26,0.5118110236220472,0.7,0.46153846153846156
30320,HyboNet,4,32,0.0002,3,27,0.5118110236220472,0.7,0.46153846153846156
30321,HyboNet,4,32,0.0002,3,28,0.5039370078740157,0.7,0.4230769230769231
30322,HyboNet,4,32,0.0002,3,29,0.5039370078740157,0.7,0.4230769230769231
30323,HyboNet,4,32,0.0002,3,3,0.2283464566929134,0.36666666666666664,0.15384615384615385
30324,HyboNet,4,32,0.0002,3,30,0.5039370078740157,0.7,0.46153846153846156
30325,HyboNet,4,32,0.0002,3,31,0.5039370078740157,0.7666666666666667,0.46153846153846156
30326,HyboNet,4,32,0.0002,3,32,0.49606299212598426,0.7666666666666667,0.46153846153846156
30327,HyboNet,4,32,0.0002,3,33,0.49606299212598426,0.7666666666666667,0.46153846153846156
30328,HyboNet,4,32,0.0002,3,34,0.49606299212598426,0.7666666666666667,0.46153846153846156
30329,HyboNet,4,32,0.0002,3,35,0.49606299212598426,0.7666666666666667,0.46153846153846156
30330,HyboNet,4,32,0.0002,3,36,0.49606299212598426,0.7666666666666667,0.46153846153846156
30331,HyboNet,4,32,0.0002,3,37,0.49606299212598426,0.7666666666666667,0.46153846153846156
30332,HyboNet,4,32,0.0002,3,38,0.5039370078740157,0.8,0.46153846153846156
30333,HyboNet,4,32,0.0002,3,39,0.49606299212598426,0.8,0.46153846153846156
30334,HyboNet,4,32,0.0002,3,4,0.30708661417322836,0.36666666666666664,0.19230769230769232
30335,HyboNet,4,32,0.0002,3,40,0.4881889763779528,0.8,0.46153846153846156
30336,HyboNet,4,32,0.0002,3,41,0.49606299212598426,0.8,0.46153846153846156
30337,HyboNet,4,32,0.0002,3,42,0.4881889763779528,0.8,0.46153846153846156
30338,HyboNet,4,32,0.0002,3,43,0.4881889763779528,0.8,0.46153846153846156
30339,HyboNet,4,32,0.0002,3,44,0.4881889763779528,0.8,0.46153846153846156
30340,HyboNet,4,32,0.0002,3,45,0.49606299212598426,0.8,0.46153846153846156
30341,HyboNet,4,32,0.0002,3,46,0.5039370078740157,0.8,0.4230769230769231
30342,HyboNet,4,32,0.0002,3,47,0.5039370078740157,0.8,0.4230769230769231
30343,HyboNet,4,32,0.0002,3,48,0.5039370078740157,0.8,0.4230769230769231
30344,HyboNet,4,32,0.0002,3,49,0.49606299212598426,0.8,0.34615384615384615
30345,HyboNet,4,32,0.0002,3,5,0.3543307086614173,0.5333333333333333,0.2692307692307692
30346,HyboNet,4,32,0.0002,3,50,0.48031496062992124,0.8,0.34615384615384615
30347,HyboNet,4,32,0.0002,3,51,0.48031496062992124,0.8,0.34615384615384615
30348,HyboNet,4,32,0.0002,3,52,0.47244094488188976,0.8,0.34615384615384615
30349,HyboNet,4,32,0.0002,3,53,0.4645669291338583,0.8,0.34615384615384615
30350,HyboNet,4,32,0.0002,3,54,0.4645669291338583,0.8,0.34615384615384615
30351,HyboNet,4,32,0.0002,3,55,0.4645669291338583,0.8,0.34615384615384615
30352,HyboNet,4,32,0.0002,3,56,0.4645669291338583,0.8,0.34615384615384615
30353,HyboNet,4,32,0.0002,3,57,0.4645669291338583,0.8,0.34615384615384615
30354,HyboNet,4,32,0.0002,3,58,0.4645669291338583,0.8,0.34615384615384615
30355,HyboNet,4,32,0.0002,3,59,0.4645669291338583,0.8,0.34615384615384615
30356,HyboNet,4,32,0.0002,3,6,0.3779527559055118,0.5333333333333333,0.34615384615384615
30357,HyboNet,4,32,0.0002,3,60,0.4566929133858268,0.8,0.34615384615384615
30358,HyboNet,4,32,0.0002,3,61,0.4566929133858268,0.8,0.34615384615384615
30359,HyboNet,4,32,0.0002,3,62,0.4251968503937008,0.8,0.34615384615384615
30360,HyboNet,4,32,0.0002,3,63,0.4251968503937008,0.8,0.34615384615384615
30361,HyboNet,4,32,0.0002,3,64,0.4251968503937008,0.8,0.34615384615384615
30362,HyboNet,4,32,0.0002,3,65,0.4409448818897638,0.8,0.34615384615384615
30363,HyboNet,4,32,0.0002,3,66,0.44881889763779526,0.8333333333333334,0.34615384615384615
30364,HyboNet,4,32,0.0002,3,67,0.4409448818897638,0.8333333333333334,0.34615384615384615
30365,HyboNet,4,32,0.0002,3,68,0.4251968503937008,0.8333333333333334,0.34615384615384615
30366,HyboNet,4,32,0.0002,3,69,0.4251968503937008,0.8333333333333334,0.34615384615384615
30367,HyboNet,4,32,0.0002,3,7,0.4094488188976378,0.5666666666666667,0.4230769230769231
30368,HyboNet,4,32,0.0002,3,70,0.4409448818897638,0.8333333333333334,0.34615384615384615
30369,HyboNet,4,32,0.0002,3,71,0.4330708661417323,0.8333333333333334,0.34615384615384615
30370,HyboNet,4,32,0.0002,3,72,0.4251968503937008,0.8333333333333334,0.34615384615384615
30371,HyboNet,4,32,0.0002,3,73,0.4251968503937008,0.8333333333333334,0.34615384615384615
30372,HyboNet,4,32,0.0002,3,74,0.4251968503937008,0.8333333333333334,0.34615384615384615
30373,HyboNet,4,32,0.0002,3,75,0.4251968503937008,0.8333333333333334,0.34615384615384615
30374,HyboNet,4,32,0.0002,3,76,0.4251968503937008,0.8333333333333334,0.34615384615384615
30375,HyboNet,4,32,0.0002,3,77,0.4251968503937008,0.8333333333333334,0.34615384615384615
30376,HyboNet,4,32,0.0002,3,78,0.4251968503937008,0.8333333333333334,0.34615384615384615
30377,HyboNet,4,32,0.0002,3,79,0.4330708661417323,0.8333333333333334,0.34615384615384615
30378,HyboNet,4,32,0.0002,3,8,0.4251968503937008,0.5666666666666667,0.4230769230769231
30379,HyboNet,4,32,0.0002,3,80,0.4330708661417323,0.8333333333333334,0.34615384615384615
30380,HyboNet,4,32,0.0002,3,81,0.4330708661417323,0.8333333333333334,0.34615384615384615
30381,HyboNet,4,32,0.0002,3,82,0.4409448818897638,0.8333333333333334,0.34615384615384615
30382,HyboNet,4,32,0.0002,3,83,0.4409448818897638,0.8333333333333334,0.34615384615384615
30383,HyboNet,4,32,0.0002,3,84,0.4409448818897638,0.8333333333333334,0.34615384615384615
30384,HyboNet,4,32,0.0002,3,85,0.4409448818897638,0.8333333333333334,0.34615384615384615
30385,HyboNet,4,32,0.0002,3,86,0.4409448818897638,0.8333333333333334,0.34615384615384615
30386,HyboNet,4,32,0.0002,3,87,0.4409448818897638,0.8333333333333334,0.34615384615384615
30387,HyboNet,4,32,0.0002,3,88,0.4409448818897638,0.8333333333333334,0.34615384615384615
30388,HyboNet,4,32,0.0002,3,89,0.4409448818897638,0.8333333333333334,0.34615384615384615
30389,HyboNet,4,32,0.0002,3,9,0.4409448818897638,0.6,0.4230769230769231
30390,HyboNet,4,32,0.0002,3,90,0.4409448818897638,0.8333333333333334,0.34615384615384615
30391,HyboNet,4,32,0.0002,3,91,0.4330708661417323,0.8333333333333334,0.34615384615384615
30392,HyboNet,4,32,0.0002,3,92,0.4330708661417323,0.8333333333333334,0.34615384615384615
30393,HyboNet,4,32,0.0002,3,93,0.41732283464566927,0.8333333333333334,0.34615384615384615
30394,HyboNet,4,32,0.0002,3,94,0.4094488188976378,0.8333333333333334,0.34615384615384615
30395,HyboNet,4,32,0.0002,3,95,0.4094488188976378,0.8333333333333334,0.34615384615384615
30396,HyboNet,4,32,0.0002,3,96,0.4094488188976378,0.8333333333333334,0.3076923076923077
30397,HyboNet,4,32,0.0002,3,97,0.4015748031496063,0.8333333333333334,0.3076923076923077
30398,HyboNet,4,32,0.0002,3,98,0.4015748031496063,0.8333333333333334,0.3076923076923077
30399,HyboNet,4,32,0.0002,3,99,0.4094488188976378,0.8666666666666667,0.34615384615384615
30400,HyboNet,4,32,0.0002,4,1,0.05511811023622047,0.06666666666666667,0.15384615384615385
30401,HyboNet,4,32,0.0002,4,10,0.48031496062992124,0.5,0.5384615384615384
30402,HyboNet,4,32,0.0002,4,100,0.4251968503937008,0.8666666666666667,0.38461538461538464
30403,HyboNet,4,32,0.0002,4,11,0.4881889763779528,0.5333333333333333,0.5384615384615384
30404,HyboNet,4,32,0.0002,4,12,0.4881889763779528,0.5333333333333333,0.5384615384615384
30405,HyboNet,4,32,0.0002,4,13,0.49606299212598426,0.6,0.5769230769230769
30406,HyboNet,4,32,0.0002,4,14,0.49606299212598426,0.6,0.5769230769230769
30407,HyboNet,4,32,0.0002,4,15,0.5196850393700787,0.6,0.5769230769230769
30408,HyboNet,4,32,0.0002,4,16,0.5275590551181102,0.6,0.5769230769230769
30409,HyboNet,4,32,0.0002,4,17,0.5275590551181102,0.6,0.5769230769230769
30410,HyboNet,4,32,0.0002,4,18,0.5354330708661418,0.6,0.5769230769230769
30411,HyboNet,4,32,0.0002,4,19,0.5354330708661418,0.6,0.5769230769230769
30412,HyboNet,4,32,0.0002,4,2,0.09448818897637795,0.2,0.19230769230769232
30413,HyboNet,4,32,0.0002,4,20,0.5354330708661418,0.6,0.5769230769230769
30414,HyboNet,4,32,0.0002,4,21,0.5354330708661418,0.6,0.5769230769230769
30415,HyboNet,4,32,0.0002,4,22,0.5275590551181102,0.6,0.5769230769230769
30416,HyboNet,4,32,0.0002,4,23,0.5196850393700787,0.6333333333333333,0.5769230769230769
30417,HyboNet,4,32,0.0002,4,24,0.5196850393700787,0.6333333333333333,0.5769230769230769
30418,HyboNet,4,32,0.0002,4,25,0.5275590551181102,0.6333333333333333,0.5769230769230769
30419,HyboNet,4,32,0.0002,4,26,0.5196850393700787,0.6333333333333333,0.5769230769230769
30420,HyboNet,4,32,0.0002,4,27,0.5039370078740157,0.6333333333333333,0.5769230769230769
30421,HyboNet,4,32,0.0002,4,28,0.4881889763779528,0.6333333333333333,0.5769230769230769
30422,HyboNet,4,32,0.0002,4,29,0.47244094488188976,0.6333333333333333,0.5384615384615384
30423,HyboNet,4,32,0.0002,4,3,0.13385826771653545,0.26666666666666666,0.23076923076923078
30424,HyboNet,4,32,0.0002,4,30,0.48031496062992124,0.6666666666666666,0.5
30425,HyboNet,4,32,0.0002,4,31,0.47244094488188976,0.6666666666666666,0.5
30426,HyboNet,4,32,0.0002,4,32,0.47244094488188976,0.6666666666666666,0.5
30427,HyboNet,4,32,0.0002,4,33,0.47244094488188976,0.7,0.5
30428,HyboNet,4,32,0.0002,4,34,0.47244094488188976,0.7,0.5
30429,HyboNet,4,32,0.0002,4,35,0.48031496062992124,0.7,0.5
30430,HyboNet,4,32,0.0002,4,36,0.48031496062992124,0.7,0.5
30431,HyboNet,4,32,0.0002,4,37,0.48031496062992124,0.7,0.5384615384615384
30432,HyboNet,4,32,0.0002,4,38,0.47244094488188976,0.7,0.5384615384615384
30433,HyboNet,4,32,0.0002,4,39,0.47244094488188976,0.7,0.5384615384615384
30434,HyboNet,4,32,0.0002,4,4,0.1968503937007874,0.3333333333333333,0.23076923076923078
30435,HyboNet,4,32,0.0002,4,40,0.47244094488188976,0.7,0.5384615384615384
30436,HyboNet,4,32,0.0002,4,41,0.47244094488188976,0.7,0.5384615384615384
30437,HyboNet,4,32,0.0002,4,42,0.47244094488188976,0.7,0.5384615384615384
30438,HyboNet,4,32,0.0002,4,43,0.47244094488188976,0.7,0.5384615384615384
30439,HyboNet,4,32,0.0002,4,44,0.47244094488188976,0.7,0.5384615384615384
30440,HyboNet,4,32,0.0002,4,45,0.47244094488188976,0.7,0.5384615384615384
30441,HyboNet,4,32,0.0002,4,46,0.47244094488188976,0.7,0.5384615384615384
30442,HyboNet,4,32,0.0002,4,47,0.47244094488188976,0.7,0.5384615384615384
30443,HyboNet,4,32,0.0002,4,48,0.48031496062992124,0.7333333333333333,0.5384615384615384
30444,HyboNet,4,32,0.0002,4,49,0.48031496062992124,0.7666666666666667,0.5384615384615384
30445,HyboNet,4,32,0.0002,4,5,0.28346456692913385,0.4,0.23076923076923078
30446,HyboNet,4,32,0.0002,4,50,0.48031496062992124,0.7666666666666667,0.5
30447,HyboNet,4,32,0.0002,4,51,0.48031496062992124,0.7666666666666667,0.5
30448,HyboNet,4,32,0.0002,4,52,0.4881889763779528,0.7666666666666667,0.46153846153846156
30449,HyboNet,4,32,0.0002,4,53,0.48031496062992124,0.7666666666666667,0.46153846153846156
30450,HyboNet,4,32,0.0002,4,54,0.48031496062992124,0.7666666666666667,0.46153846153846156
30451,HyboNet,4,32,0.0002,4,55,0.47244094488188976,0.7666666666666667,0.46153846153846156
30452,HyboNet,4,32,0.0002,4,56,0.47244094488188976,0.7666666666666667,0.46153846153846156
30453,HyboNet,4,32,0.0002,4,57,0.48031496062992124,0.7666666666666667,0.46153846153846156
30454,HyboNet,4,32,0.0002,4,58,0.48031496062992124,0.7666666666666667,0.46153846153846156
30455,HyboNet,4,32,0.0002,4,59,0.4645669291338583,0.7666666666666667,0.46153846153846156
30456,HyboNet,4,32,0.0002,4,6,0.33858267716535434,0.43333333333333335,0.23076923076923078
30457,HyboNet,4,32,0.0002,4,60,0.4566929133858268,0.7666666666666667,0.46153846153846156
30458,HyboNet,4,32,0.0002,4,61,0.4409448818897638,0.7666666666666667,0.4230769230769231
30459,HyboNet,4,32,0.0002,4,62,0.4409448818897638,0.7666666666666667,0.4230769230769231
30460,HyboNet,4,32,0.0002,4,63,0.4409448818897638,0.7666666666666667,0.46153846153846156
30461,HyboNet,4,32,0.0002,4,64,0.4409448818897638,0.8,0.46153846153846156
30462,HyboNet,4,32,0.0002,4,65,0.4409448818897638,0.8,0.46153846153846156
30463,HyboNet,4,32,0.0002,4,66,0.4409448818897638,0.8,0.46153846153846156
30464,HyboNet,4,32,0.0002,4,67,0.4409448818897638,0.8,0.46153846153846156
30465,HyboNet,4,32,0.0002,4,68,0.4409448818897638,0.8,0.46153846153846156
30466,HyboNet,4,32,0.0002,4,69,0.4409448818897638,0.8,0.46153846153846156
30467,HyboNet,4,32,0.0002,4,7,0.3858267716535433,0.43333333333333335,0.34615384615384615
30468,HyboNet,4,32,0.0002,4,70,0.4409448818897638,0.8333333333333334,0.46153846153846156
30469,HyboNet,4,32,0.0002,4,71,0.44881889763779526,0.8333333333333334,0.46153846153846156
30470,HyboNet,4,32,0.0002,4,72,0.4566929133858268,0.8333333333333334,0.46153846153846156
30471,HyboNet,4,32,0.0002,4,73,0.44881889763779526,0.8333333333333334,0.46153846153846156
30472,HyboNet,4,32,0.0002,4,74,0.44881889763779526,0.8333333333333334,0.46153846153846156
30473,HyboNet,4,32,0.0002,4,75,0.44881889763779526,0.8333333333333334,0.46153846153846156
30474,HyboNet,4,32,0.0002,4,76,0.44881889763779526,0.8333333333333334,0.46153846153846156
30475,HyboNet,4,32,0.0002,4,77,0.4409448818897638,0.8333333333333334,0.46153846153846156
30476,HyboNet,4,32,0.0002,4,78,0.44881889763779526,0.8333333333333334,0.46153846153846156
30477,HyboNet,4,32,0.0002,4,79,0.4330708661417323,0.8333333333333334,0.4230769230769231
30478,HyboNet,4,32,0.0002,4,8,0.4330708661417323,0.43333333333333335,0.38461538461538464
30479,HyboNet,4,32,0.0002,4,80,0.4330708661417323,0.8333333333333334,0.38461538461538464
30480,HyboNet,4,32,0.0002,4,81,0.4330708661417323,0.8333333333333334,0.38461538461538464
30481,HyboNet,4,32,0.0002,4,82,0.4330708661417323,0.8333333333333334,0.38461538461538464
30482,HyboNet,4,32,0.0002,4,83,0.4330708661417323,0.8333333333333334,0.38461538461538464
30483,HyboNet,4,32,0.0002,4,84,0.4330708661417323,0.8333333333333334,0.4230769230769231
30484,HyboNet,4,32,0.0002,4,85,0.4330708661417323,0.8333333333333334,0.4230769230769231
30485,HyboNet,4,32,0.0002,4,86,0.4330708661417323,0.8333333333333334,0.38461538461538464
30486,HyboNet,4,32,0.0002,4,87,0.4330708661417323,0.8333333333333334,0.38461538461538464
30487,HyboNet,4,32,0.0002,4,88,0.4330708661417323,0.8333333333333334,0.38461538461538464
30488,HyboNet,4,32,0.0002,4,89,0.4330708661417323,0.8333333333333334,0.38461538461538464
30489,HyboNet,4,32,0.0002,4,9,0.4566929133858268,0.5,0.46153846153846156
30490,HyboNet,4,32,0.0002,4,90,0.4251968503937008,0.8333333333333334,0.38461538461538464
30491,HyboNet,4,32,0.0002,4,91,0.4251968503937008,0.8333333333333334,0.38461538461538464
30492,HyboNet,4,32,0.0002,4,92,0.4251968503937008,0.8666666666666667,0.38461538461538464
30493,HyboNet,4,32,0.0002,4,93,0.4251968503937008,0.8666666666666667,0.38461538461538464
30494,HyboNet,4,32,0.0002,4,94,0.4251968503937008,0.8666666666666667,0.38461538461538464
30495,HyboNet,4,32,0.0002,4,95,0.41732283464566927,0.8666666666666667,0.38461538461538464
30496,HyboNet,4,32,0.0002,4,96,0.4251968503937008,0.8666666666666667,0.38461538461538464
30497,HyboNet,4,32,0.0002,4,97,0.4251968503937008,0.8666666666666667,0.38461538461538464
30498,HyboNet,4,32,0.0002,4,98,0.4251968503937008,0.8666666666666667,0.38461538461538464
30499,HyboNet,4,32,0.0002,4,99,0.4251968503937008,0.8666666666666667,0.38461538461538464
30500,HyboNet,4,32,0.0002,5,1,0.3858267716535433,0.4666666666666667,0.38461538461538464
30501,HyboNet,4,32,0.0002,5,10,0.5118110236220472,0.6333333333333333,0.5769230769230769
30502,HyboNet,4,32,0.0002,5,100,0.4566929133858268,0.9,0.5384615384615384
30503,HyboNet,4,32,0.0002,5,11,0.5118110236220472,0.6666666666666666,0.5769230769230769
30504,HyboNet,4,32,0.0002,5,12,0.5118110236220472,0.6666666666666666,0.5769230769230769
30505,HyboNet,4,32,0.0002,5,13,0.49606299212598426,0.7,0.5769230769230769
30506,HyboNet,4,32,0.0002,5,14,0.49606299212598426,0.7333333333333333,0.5769230769230769
30507,HyboNet,4,32,0.0002,5,15,0.49606299212598426,0.7333333333333333,0.5769230769230769
30508,HyboNet,4,32,0.0002,5,16,0.4881889763779528,0.7,0.5384615384615384
30509,HyboNet,4,32,0.0002,5,17,0.4881889763779528,0.7,0.5384615384615384
30510,HyboNet,4,32,0.0002,5,18,0.4881889763779528,0.7,0.5384615384615384
30511,HyboNet,4,32,0.0002,5,19,0.4881889763779528,0.7,0.5384615384615384
30512,HyboNet,4,32,0.0002,5,2,0.4409448818897638,0.5333333333333333,0.38461538461538464
30513,HyboNet,4,32,0.0002,5,20,0.5039370078740157,0.7,0.5384615384615384
30514,HyboNet,4,32,0.0002,5,21,0.5039370078740157,0.7,0.5384615384615384
30515,HyboNet,4,32,0.0002,5,22,0.5118110236220472,0.7,0.5384615384615384
30516,HyboNet,4,32,0.0002,5,23,0.5039370078740157,0.7333333333333333,0.5384615384615384
30517,HyboNet,4,32,0.0002,5,24,0.5039370078740157,0.7333333333333333,0.5384615384615384
30518,HyboNet,4,32,0.0002,5,25,0.5039370078740157,0.7333333333333333,0.5384615384615384
30519,HyboNet,4,32,0.0002,5,26,0.5039370078740157,0.7333333333333333,0.5384615384615384
30520,HyboNet,4,32,0.0002,5,27,0.5118110236220472,0.7333333333333333,0.5384615384615384
30521,HyboNet,4,32,0.0002,5,28,0.5118110236220472,0.7333333333333333,0.5384615384615384
30522,HyboNet,4,32,0.0002,5,29,0.5118110236220472,0.7333333333333333,0.5384615384615384
30523,HyboNet,4,32,0.0002,5,3,0.4566929133858268,0.5333333333333333,0.4230769230769231
30524,HyboNet,4,32,0.0002,5,30,0.5118110236220472,0.7333333333333333,0.5384615384615384
30525,HyboNet,4,32,0.0002,5,31,0.5118110236220472,0.7333333333333333,0.5384615384615384
30526,HyboNet,4,32,0.0002,5,32,0.5039370078740157,0.7666666666666667,0.5384615384615384
30527,HyboNet,4,32,0.0002,5,33,0.5039370078740157,0.7666666666666667,0.5384615384615384
30528,HyboNet,4,32,0.0002,5,34,0.49606299212598426,0.7666666666666667,0.5384615384615384
30529,HyboNet,4,32,0.0002,5,35,0.49606299212598426,0.7666666666666667,0.5384615384615384
30530,HyboNet,4,32,0.0002,5,36,0.4881889763779528,0.7666666666666667,0.5384615384615384
30531,HyboNet,4,32,0.0002,5,37,0.4881889763779528,0.8,0.5769230769230769
30532,HyboNet,4,32,0.0002,5,38,0.4881889763779528,0.8,0.5769230769230769
30533,HyboNet,4,32,0.0002,5,39,0.4881889763779528,0.8,0.5769230769230769
30534,HyboNet,4,32,0.0002,5,4,0.48031496062992124,0.5333333333333333,0.46153846153846156
30535,HyboNet,4,32,0.0002,5,40,0.4881889763779528,0.8,0.5769230769230769
30536,HyboNet,4,32,0.0002,5,41,0.4881889763779528,0.8,0.5769230769230769
30537,HyboNet,4,32,0.0002,5,42,0.49606299212598426,0.8333333333333334,0.5769230769230769
30538,HyboNet,4,32,0.0002,5,43,0.48031496062992124,0.8333333333333334,0.5769230769230769
30539,HyboNet,4,32,0.0002,5,44,0.4881889763779528,0.8333333333333334,0.6153846153846154
30540,HyboNet,4,32,0.0002,5,45,0.4881889763779528,0.8333333333333334,0.6153846153846154
30541,HyboNet,4,32,0.0002,5,46,0.4881889763779528,0.8333333333333334,0.6153846153846154
30542,HyboNet,4,32,0.0002,5,47,0.4881889763779528,0.8333333333333334,0.6153846153846154
30543,HyboNet,4,32,0.0002,5,48,0.48031496062992124,0.8333333333333334,0.6153846153846154
30544,HyboNet,4,32,0.0002,5,49,0.48031496062992124,0.8333333333333334,0.6153846153846154
30545,HyboNet,4,32,0.0002,5,5,0.5039370078740157,0.5333333333333333,0.5
30546,HyboNet,4,32,0.0002,5,50,0.48031496062992124,0.8333333333333334,0.6153846153846154
30547,HyboNet,4,32,0.0002,5,51,0.48031496062992124,0.8333333333333334,0.6153846153846154
30548,HyboNet,4,32,0.0002,5,52,0.48031496062992124,0.8333333333333334,0.6153846153846154
30549,HyboNet,4,32,0.0002,5,53,0.48031496062992124,0.8333333333333334,0.6153846153846154
30550,HyboNet,4,32,0.0002,5,54,0.48031496062992124,0.8333333333333334,0.6153846153846154
30551,HyboNet,4,32,0.0002,5,55,0.48031496062992124,0.8333333333333334,0.6153846153846154
30552,HyboNet,4,32,0.0002,5,56,0.48031496062992124,0.8333333333333334,0.6153846153846154
30553,HyboNet,4,32,0.0002,5,57,0.48031496062992124,0.8333333333333334,0.6153846153846154
30554,HyboNet,4,32,0.0002,5,58,0.48031496062992124,0.8333333333333334,0.6153846153846154
30555,HyboNet,4,32,0.0002,5,59,0.47244094488188976,0.8333333333333334,0.6153846153846154
30556,HyboNet,4,32,0.0002,5,6,0.5118110236220472,0.5666666666666667,0.5384615384615384
30557,HyboNet,4,32,0.0002,5,60,0.47244094488188976,0.8333333333333334,0.6153846153846154
30558,HyboNet,4,32,0.0002,5,61,0.47244094488188976,0.8333333333333334,0.6153846153846154
30559,HyboNet,4,32,0.0002,5,62,0.47244094488188976,0.8333333333333334,0.6153846153846154
30560,HyboNet,4,32,0.0002,5,63,0.47244094488188976,0.8333333333333334,0.6153846153846154
30561,HyboNet,4,32,0.0002,5,64,0.47244094488188976,0.8666666666666667,0.6153846153846154
30562,HyboNet,4,32,0.0002,5,65,0.47244094488188976,0.8666666666666667,0.6153846153846154
30563,HyboNet,4,32,0.0002,5,66,0.48031496062992124,0.8666666666666667,0.6153846153846154
30564,HyboNet,4,32,0.0002,5,67,0.48031496062992124,0.8666666666666667,0.6153846153846154
30565,HyboNet,4,32,0.0002,5,68,0.48031496062992124,0.8666666666666667,0.6153846153846154
30566,HyboNet,4,32,0.0002,5,69,0.48031496062992124,0.8666666666666667,0.6153846153846154
30567,HyboNet,4,32,0.0002,5,7,0.5196850393700787,0.5666666666666667,0.5384615384615384
30568,HyboNet,4,32,0.0002,5,70,0.47244094488188976,0.8666666666666667,0.6153846153846154
30569,HyboNet,4,32,0.0002,5,71,0.48031496062992124,0.8666666666666667,0.6153846153846154
30570,HyboNet,4,32,0.0002,5,72,0.4881889763779528,0.8666666666666667,0.6153846153846154
30571,HyboNet,4,32,0.0002,5,73,0.48031496062992124,0.8666666666666667,0.6153846153846154
30572,HyboNet,4,32,0.0002,5,74,0.48031496062992124,0.8666666666666667,0.6153846153846154
30573,HyboNet,4,32,0.0002,5,75,0.4881889763779528,0.8666666666666667,0.6153846153846154
30574,HyboNet,4,32,0.0002,5,76,0.48031496062992124,0.8666666666666667,0.6153846153846154
30575,HyboNet,4,32,0.0002,5,77,0.47244094488188976,0.8666666666666667,0.5769230769230769
30576,HyboNet,4,32,0.0002,5,78,0.48031496062992124,0.8666666666666667,0.6153846153846154
30577,HyboNet,4,32,0.0002,5,79,0.48031496062992124,0.8666666666666667,0.6153846153846154
30578,HyboNet,4,32,0.0002,5,8,0.5118110236220472,0.6,0.5384615384615384
30579,HyboNet,4,32,0.0002,5,80,0.48031496062992124,0.8666666666666667,0.5769230769230769
30580,HyboNet,4,32,0.0002,5,81,0.47244094488188976,0.8666666666666667,0.5769230769230769
30581,HyboNet,4,32,0.0002,5,82,0.4645669291338583,0.8666666666666667,0.5769230769230769
30582,HyboNet,4,32,0.0002,5,83,0.4645669291338583,0.8666666666666667,0.5769230769230769
30583,HyboNet,4,32,0.0002,5,84,0.4645669291338583,0.8666666666666667,0.5769230769230769
30584,HyboNet,4,32,0.0002,5,85,0.4645669291338583,0.8666666666666667,0.5384615384615384
30585,HyboNet,4,32,0.0002,5,86,0.4645669291338583,0.8666666666666667,0.5384615384615384
30586,HyboNet,4,32,0.0002,5,87,0.48031496062992124,0.8666666666666667,0.5384615384615384
30587,HyboNet,4,32,0.0002,5,88,0.48031496062992124,0.8666666666666667,0.5769230769230769
30588,HyboNet,4,32,0.0002,5,89,0.47244094488188976,0.8666666666666667,0.5769230769230769
30589,HyboNet,4,32,0.0002,5,9,0.5118110236220472,0.6,0.5384615384615384
30590,HyboNet,4,32,0.0002,5,90,0.47244094488188976,0.8666666666666667,0.5769230769230769
30591,HyboNet,4,32,0.0002,5,91,0.47244094488188976,0.8666666666666667,0.5769230769230769
30592,HyboNet,4,32,0.0002,5,92,0.47244094488188976,0.8666666666666667,0.5
30593,HyboNet,4,32,0.0002,5,93,0.47244094488188976,0.9,0.5
30594,HyboNet,4,32,0.0002,5,94,0.48031496062992124,0.9,0.5
30595,HyboNet,4,32,0.0002,5,95,0.47244094488188976,0.9,0.5
30596,HyboNet,4,32,0.0002,5,96,0.47244094488188976,0.9,0.5384615384615384
30597,HyboNet,4,32,0.0002,5,97,0.48031496062992124,0.9,0.5
30598,HyboNet,4,32,0.0002,5,98,0.47244094488188976,0.9,0.5
30599,HyboNet,4,32,0.0002,5,99,0.4566929133858268,0.9,0.5384615384615384
30600,HyboNet,4,32,0.0002,6,1,0.16535433070866143,0.13333333333333333,0.15384615384615385
30601,HyboNet,4,32,0.0002,6,10,0.4409448818897638,0.6666666666666666,0.4230769230769231
30602,HyboNet,4,32,0.0002,6,100,0.3464566929133858,0.8333333333333334,0.23076923076923078
30603,HyboNet,4,32,0.0002,6,11,0.44881889763779526,0.6666666666666666,0.4230769230769231
30604,HyboNet,4,32,0.0002,6,12,0.4645669291338583,0.6666666666666666,0.46153846153846156
30605,HyboNet,4,32,0.0002,6,13,0.4645669291338583,0.6666666666666666,0.5
30606,HyboNet,4,32,0.0002,6,14,0.47244094488188976,0.6666666666666666,0.5
30607,HyboNet,4,32,0.0002,6,15,0.48031496062992124,0.6666666666666666,0.5
30608,HyboNet,4,32,0.0002,6,16,0.48031496062992124,0.6666666666666666,0.5
30609,HyboNet,4,32,0.0002,6,17,0.4881889763779528,0.6666666666666666,0.5
30610,HyboNet,4,32,0.0002,6,18,0.4881889763779528,0.6666666666666666,0.5
30611,HyboNet,4,32,0.0002,6,19,0.4881889763779528,0.7,0.5
30612,HyboNet,4,32,0.0002,6,2,0.2125984251968504,0.23333333333333334,0.15384615384615385
30613,HyboNet,4,32,0.0002,6,20,0.5039370078740157,0.7,0.5
30614,HyboNet,4,32,0.0002,6,21,0.49606299212598426,0.7,0.5
30615,HyboNet,4,32,0.0002,6,22,0.49606299212598426,0.7,0.5
30616,HyboNet,4,32,0.0002,6,23,0.49606299212598426,0.7,0.5
30617,HyboNet,4,32,0.0002,6,24,0.5039370078740157,0.7,0.5
30618,HyboNet,4,32,0.0002,6,25,0.5039370078740157,0.7333333333333333,0.5
30619,HyboNet,4,32,0.0002,6,26,0.5118110236220472,0.7333333333333333,0.46153846153846156
30620,HyboNet,4,32,0.0002,6,27,0.5196850393700787,0.7333333333333333,0.46153846153846156
30621,HyboNet,4,32,0.0002,6,28,0.5196850393700787,0.7333333333333333,0.46153846153846156
30622,HyboNet,4,32,0.0002,6,29,0.5196850393700787,0.7333333333333333,0.46153846153846156
30623,HyboNet,4,32,0.0002,6,3,0.25984251968503935,0.3333333333333333,0.3076923076923077
30624,HyboNet,4,32,0.0002,6,30,0.5196850393700787,0.7333333333333333,0.46153846153846156
30625,HyboNet,4,32,0.0002,6,31,0.5275590551181102,0.7333333333333333,0.46153846153846156
30626,HyboNet,4,32,0.0002,6,32,0.5275590551181102,0.7333333333333333,0.46153846153846156
30627,HyboNet,4,32,0.0002,6,33,0.5196850393700787,0.7333333333333333,0.46153846153846156
30628,HyboNet,4,32,0.0002,6,34,0.5196850393700787,0.7333333333333333,0.46153846153846156
30629,HyboNet,4,32,0.0002,6,35,0.5196850393700787,0.7333333333333333,0.46153846153846156
30630,HyboNet,4,32,0.0002,6,36,0.5118110236220472,0.7333333333333333,0.46153846153846156
30631,HyboNet,4,32,0.0002,6,37,0.5039370078740157,0.7,0.46153846153846156
30632,HyboNet,4,32,0.0002,6,38,0.5039370078740157,0.7,0.46153846153846156
30633,HyboNet,4,32,0.0002,6,39,0.49606299212598426,0.7,0.46153846153846156
30634,HyboNet,4,32,0.0002,6,4,0.31496062992125984,0.5,0.3076923076923077
30635,HyboNet,4,32,0.0002,6,40,0.49606299212598426,0.7333333333333333,0.46153846153846156
30636,HyboNet,4,32,0.0002,6,41,0.49606299212598426,0.7333333333333333,0.46153846153846156
30637,HyboNet,4,32,0.0002,6,42,0.49606299212598426,0.7333333333333333,0.46153846153846156
30638,HyboNet,4,32,0.0002,6,43,0.49606299212598426,0.7333333333333333,0.4230769230769231
30639,HyboNet,4,32,0.0002,6,44,0.5118110236220472,0.7333333333333333,0.4230769230769231
30640,HyboNet,4,32,0.0002,6,45,0.5118110236220472,0.7333333333333333,0.34615384615384615
30641,HyboNet,4,32,0.0002,6,46,0.5039370078740157,0.7333333333333333,0.34615384615384615
30642,HyboNet,4,32,0.0002,6,47,0.49606299212598426,0.7333333333333333,0.34615384615384615
30643,HyboNet,4,32,0.0002,6,48,0.4881889763779528,0.7,0.34615384615384615
30644,HyboNet,4,32,0.0002,6,49,0.4881889763779528,0.7333333333333333,0.34615384615384615
30645,HyboNet,4,32,0.0002,6,5,0.33070866141732286,0.4666666666666667,0.34615384615384615
30646,HyboNet,4,32,0.0002,6,50,0.47244094488188976,0.7333333333333333,0.34615384615384615
30647,HyboNet,4,32,0.0002,6,51,0.47244094488188976,0.7666666666666667,0.34615384615384615
30648,HyboNet,4,32,0.0002,6,52,0.4566929133858268,0.7666666666666667,0.34615384615384615
30649,HyboNet,4,32,0.0002,6,53,0.4566929133858268,0.7666666666666667,0.34615384615384615
30650,HyboNet,4,32,0.0002,6,54,0.4566929133858268,0.7666666666666667,0.34615384615384615
30651,HyboNet,4,32,0.0002,6,55,0.4330708661417323,0.7666666666666667,0.34615384615384615
30652,HyboNet,4,32,0.0002,6,56,0.4330708661417323,0.7666666666666667,0.3076923076923077
30653,HyboNet,4,32,0.0002,6,57,0.4330708661417323,0.7666666666666667,0.3076923076923077
30654,HyboNet,4,32,0.0002,6,58,0.4330708661417323,0.7666666666666667,0.3076923076923077
30655,HyboNet,4,32,0.0002,6,59,0.4330708661417323,0.8,0.34615384615384615
30656,HyboNet,4,32,0.0002,6,6,0.3779527559055118,0.4666666666666667,0.3076923076923077
30657,HyboNet,4,32,0.0002,6,60,0.4251968503937008,0.8,0.34615384615384615
30658,HyboNet,4,32,0.0002,6,61,0.4251968503937008,0.8333333333333334,0.34615384615384615
30659,HyboNet,4,32,0.0002,6,62,0.41732283464566927,0.8333333333333334,0.34615384615384615
30660,HyboNet,4,32,0.0002,6,63,0.4015748031496063,0.8333333333333334,0.38461538461538464
30661,HyboNet,4,32,0.0002,6,64,0.4015748031496063,0.8,0.34615384615384615
30662,HyboNet,4,32,0.0002,6,65,0.4015748031496063,0.8,0.34615384615384615
30663,HyboNet,4,32,0.0002,6,66,0.3937007874015748,0.8,0.34615384615384615
30664,HyboNet,4,32,0.0002,6,67,0.3937007874015748,0.8,0.34615384615384615
30665,HyboNet,4,32,0.0002,6,68,0.3937007874015748,0.8,0.3076923076923077
30666,HyboNet,4,32,0.0002,6,69,0.3700787401574803,0.8,0.2692307692307692
30667,HyboNet,4,32,0.0002,6,7,0.4015748031496063,0.5666666666666667,0.3076923076923077
30668,HyboNet,4,32,0.0002,6,70,0.3700787401574803,0.8,0.3076923076923077
30669,HyboNet,4,32,0.0002,6,71,0.3700787401574803,0.8333333333333334,0.2692307692307692
30670,HyboNet,4,32,0.0002,6,72,0.3700787401574803,0.8333333333333334,0.2692307692307692
30671,HyboNet,4,32,0.0002,6,73,0.36220472440944884,0.8333333333333334,0.3076923076923077
30672,HyboNet,4,32,0.0002,6,74,0.36220472440944884,0.8666666666666667,0.3076923076923077
30673,HyboNet,4,32,0.0002,6,75,0.3543307086614173,0.8666666666666667,0.2692307692307692
30674,HyboNet,4,32,0.0002,6,76,0.3543307086614173,0.8333333333333334,0.2692307692307692
30675,HyboNet,4,32,0.0002,6,77,0.3543307086614173,0.8333333333333334,0.2692307692307692
30676,HyboNet,4,32,0.0002,6,78,0.3543307086614173,0.8333333333333334,0.2692307692307692
30677,HyboNet,4,32,0.0002,6,79,0.3543307086614173,0.8333333333333334,0.2692307692307692
30678,HyboNet,4,32,0.0002,6,8,0.4094488188976378,0.5666666666666667,0.38461538461538464
30679,HyboNet,4,32,0.0002,6,80,0.3543307086614173,0.8333333333333334,0.2692307692307692
30680,HyboNet,4,32,0.0002,6,81,0.3543307086614173,0.8333333333333334,0.2692307692307692
30681,HyboNet,4,32,0.0002,6,82,0.36220472440944884,0.8333333333333334,0.2692307692307692
30682,HyboNet,4,32,0.0002,6,83,0.36220472440944884,0.8333333333333334,0.2692307692307692
30683,HyboNet,4,32,0.0002,6,84,0.36220472440944884,0.8333333333333334,0.2692307692307692
30684,HyboNet,4,32,0.0002,6,85,0.36220472440944884,0.8333333333333334,0.2692307692307692
30685,HyboNet,4,32,0.0002,6,86,0.3700787401574803,0.8333333333333334,0.2692307692307692
30686,HyboNet,4,32,0.0002,6,87,0.3700787401574803,0.8333333333333334,0.2692307692307692
30687,HyboNet,4,32,0.0002,6,88,0.3700787401574803,0.8333333333333334,0.2692307692307692
30688,HyboNet,4,32,0.0002,6,89,0.3779527559055118,0.8333333333333334,0.2692307692307692
30689,HyboNet,4,32,0.0002,6,9,0.4094488188976378,0.6666666666666666,0.38461538461538464
30690,HyboNet,4,32,0.0002,6,90,0.3700787401574803,0.8333333333333334,0.2692307692307692
30691,HyboNet,4,32,0.0002,6,91,0.3543307086614173,0.8333333333333334,0.2692307692307692
30692,HyboNet,4,32,0.0002,6,92,0.3464566929133858,0.8333333333333334,0.2692307692307692
30693,HyboNet,4,32,0.0002,6,93,0.3543307086614173,0.8333333333333334,0.2692307692307692
30694,HyboNet,4,32,0.0002,6,94,0.3543307086614173,0.8666666666666667,0.2692307692307692
30695,HyboNet,4,32,0.0002,6,95,0.3464566929133858,0.8333333333333334,0.23076923076923078
30696,HyboNet,4,32,0.0002,6,96,0.3464566929133858,0.8333333333333334,0.23076923076923078
30697,HyboNet,4,32,0.0002,6,97,0.3464566929133858,0.8333333333333334,0.23076923076923078
30698,HyboNet,4,32,0.0002,6,98,0.3464566929133858,0.8333333333333334,0.23076923076923078
30699,HyboNet,4,32,0.0002,6,99,0.3464566929133858,0.8333333333333334,0.23076923076923078
30700,HyboNet,4,32,0.0002,7,1,0.1732283464566929,0.06666666666666667,0.11538461538461539
30701,HyboNet,4,32,0.0002,7,10,0.3858267716535433,0.6333333333333333,0.38461538461538464
30702,HyboNet,4,32,0.0002,7,100,0.41732283464566927,0.8333333333333334,0.4230769230769231
30703,HyboNet,4,32,0.0002,7,11,0.4251968503937008,0.6333333333333333,0.46153846153846156
30704,HyboNet,4,32,0.0002,7,12,0.4645669291338583,0.6333333333333333,0.5
30705,HyboNet,4,32,0.0002,7,13,0.5039370078740157,0.6333333333333333,0.5384615384615384
30706,HyboNet,4,32,0.0002,7,14,0.5039370078740157,0.6333333333333333,0.5384615384615384
30707,HyboNet,4,32,0.0002,7,15,0.5039370078740157,0.6333333333333333,0.5384615384615384
30708,HyboNet,4,32,0.0002,7,16,0.5118110236220472,0.6333333333333333,0.5
30709,HyboNet,4,32,0.0002,7,17,0.5118110236220472,0.6666666666666666,0.46153846153846156
30710,HyboNet,4,32,0.0002,7,18,0.5039370078740157,0.6666666666666666,0.46153846153846156
30711,HyboNet,4,32,0.0002,7,19,0.5039370078740157,0.6666666666666666,0.4230769230769231
30712,HyboNet,4,32,0.0002,7,2,0.2204724409448819,0.1,0.15384615384615385
30713,HyboNet,4,32,0.0002,7,20,0.49606299212598426,0.6666666666666666,0.4230769230769231
30714,HyboNet,4,32,0.0002,7,21,0.49606299212598426,0.6666666666666666,0.4230769230769231
30715,HyboNet,4,32,0.0002,7,22,0.49606299212598426,0.6666666666666666,0.4230769230769231
30716,HyboNet,4,32,0.0002,7,23,0.49606299212598426,0.6666666666666666,0.4230769230769231
30717,HyboNet,4,32,0.0002,7,24,0.4881889763779528,0.6666666666666666,0.4230769230769231
30718,HyboNet,4,32,0.0002,7,25,0.4881889763779528,0.6666666666666666,0.4230769230769231
30719,HyboNet,4,32,0.0002,7,26,0.48031496062992124,0.6666666666666666,0.38461538461538464
30720,HyboNet,4,32,0.0002,7,27,0.4645669291338583,0.7333333333333333,0.38461538461538464
30721,HyboNet,4,32,0.0002,7,28,0.4566929133858268,0.7666666666666667,0.38461538461538464
30722,HyboNet,4,32,0.0002,7,29,0.4645669291338583,0.7666666666666667,0.38461538461538464
30723,HyboNet,4,32,0.0002,7,3,0.2283464566929134,0.1,0.19230769230769232
30724,HyboNet,4,32,0.0002,7,30,0.4566929133858268,0.7666666666666667,0.38461538461538464
30725,HyboNet,4,32,0.0002,7,31,0.4566929133858268,0.7666666666666667,0.38461538461538464
30726,HyboNet,4,32,0.0002,7,32,0.4645669291338583,0.7666666666666667,0.38461538461538464
30727,HyboNet,4,32,0.0002,7,33,0.4645669291338583,0.7666666666666667,0.4230769230769231
30728,HyboNet,4,32,0.0002,7,34,0.4645669291338583,0.7666666666666667,0.4230769230769231
30729,HyboNet,4,32,0.0002,7,35,0.44881889763779526,0.7666666666666667,0.38461538461538464
30730,HyboNet,4,32,0.0002,7,36,0.44881889763779526,0.7666666666666667,0.38461538461538464
30731,HyboNet,4,32,0.0002,7,37,0.4409448818897638,0.7666666666666667,0.38461538461538464
30732,HyboNet,4,32,0.0002,7,38,0.4409448818897638,0.7666666666666667,0.38461538461538464
30733,HyboNet,4,32,0.0002,7,39,0.4409448818897638,0.7666666666666667,0.38461538461538464
30734,HyboNet,4,32,0.0002,7,4,0.2440944881889764,0.26666666666666666,0.19230769230769232
30735,HyboNet,4,32,0.0002,7,40,0.4409448818897638,0.7666666666666667,0.38461538461538464
30736,HyboNet,4,32,0.0002,7,41,0.44881889763779526,0.7666666666666667,0.38461538461538464
30737,HyboNet,4,32,0.0002,7,42,0.4566929133858268,0.7666666666666667,0.38461538461538464
30738,HyboNet,4,32,0.0002,7,43,0.4566929133858268,0.7666666666666667,0.38461538461538464
30739,HyboNet,4,32,0.0002,7,44,0.4566929133858268,0.7666666666666667,0.4230769230769231
30740,HyboNet,4,32,0.0002,7,45,0.4566929133858268,0.7666666666666667,0.4230769230769231
30741,HyboNet,4,32,0.0002,7,46,0.4566929133858268,0.7666666666666667,0.4230769230769231
30742,HyboNet,4,32,0.0002,7,47,0.4566929133858268,0.8,0.4230769230769231
30743,HyboNet,4,32,0.0002,7,48,0.44881889763779526,0.8,0.4230769230769231
30744,HyboNet,4,32,0.0002,7,49,0.44881889763779526,0.8,0.4230769230769231
30745,HyboNet,4,32,0.0002,7,5,0.2755905511811024,0.3,0.19230769230769232
30746,HyboNet,4,32,0.0002,7,50,0.44881889763779526,0.8,0.4230769230769231
30747,HyboNet,4,32,0.0002,7,51,0.44881889763779526,0.8,0.4230769230769231
30748,HyboNet,4,32,0.0002,7,52,0.44881889763779526,0.8,0.4230769230769231
30749,HyboNet,4,32,0.0002,7,53,0.44881889763779526,0.8,0.46153846153846156
30750,HyboNet,4,32,0.0002,7,54,0.4330708661417323,0.8,0.46153846153846156
30751,HyboNet,4,32,0.0002,7,55,0.41732283464566927,0.8,0.46153846153846156
30752,HyboNet,4,32,0.0002,7,56,0.41732283464566927,0.8,0.46153846153846156
30753,HyboNet,4,32,0.0002,7,57,0.4251968503937008,0.8,0.46153846153846156
30754,HyboNet,4,32,0.0002,7,58,0.4251968503937008,0.8,0.46153846153846156
30755,HyboNet,4,32,0.0002,7,59,0.4251968503937008,0.8,0.46153846153846156
30756,HyboNet,4,32,0.0002,7,6,0.30708661417322836,0.36666666666666664,0.3076923076923077
30757,HyboNet,4,32,0.0002,7,60,0.4251968503937008,0.8,0.46153846153846156
30758,HyboNet,4,32,0.0002,7,61,0.4251968503937008,0.8,0.46153846153846156
30759,HyboNet,4,32,0.0002,7,62,0.4251968503937008,0.8,0.46153846153846156
30760,HyboNet,4,32,0.0002,7,63,0.4251968503937008,0.8333333333333334,0.46153846153846156
30761,HyboNet,4,32,0.0002,7,64,0.4251968503937008,0.8333333333333334,0.46153846153846156
30762,HyboNet,4,32,0.0002,7,65,0.4251968503937008,0.8333333333333334,0.46153846153846156
30763,HyboNet,4,32,0.0002,7,66,0.41732283464566927,0.8333333333333334,0.4230769230769231
30764,HyboNet,4,32,0.0002,7,67,0.41732283464566927,0.8333333333333334,0.4230769230769231
30765,HyboNet,4,32,0.0002,7,68,0.41732283464566927,0.8333333333333334,0.4230769230769231
30766,HyboNet,4,32,0.0002,7,69,0.41732283464566927,0.8333333333333334,0.4230769230769231
30767,HyboNet,4,32,0.0002,7,7,0.3464566929133858,0.4666666666666667,0.34615384615384615
30768,HyboNet,4,32,0.0002,7,70,0.41732283464566927,0.8333333333333334,0.4230769230769231
30769,HyboNet,4,32,0.0002,7,71,0.41732283464566927,0.8333333333333334,0.4230769230769231
30770,HyboNet,4,32,0.0002,7,72,0.41732283464566927,0.8333333333333334,0.4230769230769231
30771,HyboNet,4,32,0.0002,7,73,0.41732283464566927,0.8333333333333334,0.4230769230769231
30772,HyboNet,4,32,0.0002,7,74,0.41732283464566927,0.8333333333333334,0.4230769230769231
30773,HyboNet,4,32,0.0002,7,75,0.41732283464566927,0.8333333333333334,0.4230769230769231
30774,HyboNet,4,32,0.0002,7,76,0.41732283464566927,0.8333333333333334,0.4230769230769231
30775,HyboNet,4,32,0.0002,7,77,0.41732283464566927,0.8333333333333334,0.4230769230769231
30776,HyboNet,4,32,0.0002,7,78,0.41732283464566927,0.8333333333333334,0.4230769230769231
30777,HyboNet,4,32,0.0002,7,79,0.41732283464566927,0.8333333333333334,0.4230769230769231
30778,HyboNet,4,32,0.0002,7,8,0.31496062992125984,0.5333333333333333,0.38461538461538464
30779,HyboNet,4,32,0.0002,7,80,0.41732283464566927,0.8333333333333334,0.4230769230769231
30780,HyboNet,4,32,0.0002,7,81,0.4251968503937008,0.8333333333333334,0.4230769230769231
30781,HyboNet,4,32,0.0002,7,82,0.4251968503937008,0.8333333333333334,0.4230769230769231
30782,HyboNet,4,32,0.0002,7,83,0.4251968503937008,0.8333333333333334,0.4230769230769231
30783,HyboNet,4,32,0.0002,7,84,0.4251968503937008,0.8333333333333334,0.4230769230769231
30784,HyboNet,4,32,0.0002,7,85,0.4251968503937008,0.8333333333333334,0.4230769230769231
30785,HyboNet,4,32,0.0002,7,86,0.41732283464566927,0.8333333333333334,0.4230769230769231
30786,HyboNet,4,32,0.0002,7,87,0.41732283464566927,0.8333333333333334,0.4230769230769231
30787,HyboNet,4,32,0.0002,7,88,0.41732283464566927,0.8333333333333334,0.4230769230769231
30788,HyboNet,4,32,0.0002,7,89,0.41732283464566927,0.8333333333333334,0.4230769230769231
30789,HyboNet,4,32,0.0002,7,9,0.3543307086614173,0.6,0.38461538461538464
30790,HyboNet,4,32,0.0002,7,90,0.41732283464566927,0.8333333333333334,0.4230769230769231
30791,HyboNet,4,32,0.0002,7,91,0.41732283464566927,0.8333333333333334,0.4230769230769231
30792,HyboNet,4,32,0.0002,7,92,0.41732283464566927,0.8333333333333334,0.4230769230769231
30793,HyboNet,4,32,0.0002,7,93,0.4251968503937008,0.8333333333333334,0.4230769230769231
30794,HyboNet,4,32,0.0002,7,94,0.4251968503937008,0.8333333333333334,0.4230769230769231
30795,HyboNet,4,32,0.0002,7,95,0.4251968503937008,0.8333333333333334,0.4230769230769231
30796,HyboNet,4,32,0.0002,7,96,0.41732283464566927,0.8333333333333334,0.4230769230769231
30797,HyboNet,4,32,0.0002,7,97,0.41732283464566927,0.8333333333333334,0.4230769230769231
30798,HyboNet,4,32,0.0002,7,98,0.41732283464566927,0.8333333333333334,0.4230769230769231
30799,HyboNet,4,32,0.0002,7,99,0.41732283464566927,0.8333333333333334,0.4230769230769231
30800,HyboNet,4,32,0.0002,8,1,0.4881889763779528,0.5666666666666667,0.5384615384615384
30801,HyboNet,4,32,0.0002,8,10,0.5275590551181102,0.6333333333333333,0.5769230769230769
30802,HyboNet,4,32,0.0002,8,100,0.4015748031496063,0.9666666666666667,0.4230769230769231
30803,HyboNet,4,32,0.0002,8,11,0.5275590551181102,0.6333333333333333,0.5384615384615384
30804,HyboNet,4,32,0.0002,8,12,0.5118110236220472,0.6333333333333333,0.5384615384615384
30805,HyboNet,4,32,0.0002,8,13,0.5118110236220472,0.6333333333333333,0.5384615384615384
30806,HyboNet,4,32,0.0002,8,14,0.5275590551181102,0.6333333333333333,0.5769230769230769
30807,HyboNet,4,32,0.0002,8,15,0.5275590551181102,0.6333333333333333,0.5769230769230769
30808,HyboNet,4,32,0.0002,8,16,0.5196850393700787,0.6666666666666666,0.5769230769230769
30809,HyboNet,4,32,0.0002,8,17,0.5275590551181102,0.6666666666666666,0.5769230769230769
30810,HyboNet,4,32,0.0002,8,18,0.5354330708661418,0.6666666666666666,0.5769230769230769
30811,HyboNet,4,32,0.0002,8,19,0.5354330708661418,0.6666666666666666,0.5769230769230769
30812,HyboNet,4,32,0.0002,8,2,0.5118110236220472,0.6,0.5384615384615384
30813,HyboNet,4,32,0.0002,8,20,0.5354330708661418,0.6666666666666666,0.5769230769230769
30814,HyboNet,4,32,0.0002,8,21,0.5354330708661418,0.6666666666666666,0.5769230769230769
30815,HyboNet,4,32,0.0002,8,22,0.5354330708661418,0.7,0.6153846153846154
30816,HyboNet,4,32,0.0002,8,23,0.5354330708661418,0.7,0.6153846153846154
30817,HyboNet,4,32,0.0002,8,24,0.5354330708661418,0.7,0.6153846153846154
30818,HyboNet,4,32,0.0002,8,25,0.5354330708661418,0.7,0.6153846153846154
30819,HyboNet,4,32,0.0002,8,26,0.5354330708661418,0.7,0.6153846153846154
30820,HyboNet,4,32,0.0002,8,27,0.5354330708661418,0.7,0.6153846153846154
30821,HyboNet,4,32,0.0002,8,28,0.5354330708661418,0.7333333333333333,0.6153846153846154
30822,HyboNet,4,32,0.0002,8,29,0.5275590551181102,0.7333333333333333,0.5769230769230769
30823,HyboNet,4,32,0.0002,8,3,0.5118110236220472,0.6,0.5384615384615384
30824,HyboNet,4,32,0.0002,8,30,0.5275590551181102,0.7333333333333333,0.5769230769230769
30825,HyboNet,4,32,0.0002,8,31,0.5275590551181102,0.7333333333333333,0.5769230769230769
30826,HyboNet,4,32,0.0002,8,32,0.5275590551181102,0.7333333333333333,0.5769230769230769
30827,HyboNet,4,32,0.0002,8,33,0.5196850393700787,0.7333333333333333,0.5769230769230769
30828,HyboNet,4,32,0.0002,8,34,0.5196850393700787,0.7666666666666667,0.6153846153846154
30829,HyboNet,4,32,0.0002,8,35,0.5196850393700787,0.7666666666666667,0.6153846153846154
30830,HyboNet,4,32,0.0002,8,36,0.5275590551181102,0.7666666666666667,0.6153846153846154
30831,HyboNet,4,32,0.0002,8,37,0.5196850393700787,0.7666666666666667,0.5769230769230769
30832,HyboNet,4,32,0.0002,8,38,0.5118110236220472,0.7666666666666667,0.5769230769230769
30833,HyboNet,4,32,0.0002,8,39,0.5118110236220472,0.7666666666666667,0.5769230769230769
30834,HyboNet,4,32,0.0002,8,4,0.5118110236220472,0.6,0.5384615384615384
30835,HyboNet,4,32,0.0002,8,40,0.49606299212598426,0.8,0.5769230769230769
30836,HyboNet,4,32,0.0002,8,41,0.49606299212598426,0.8,0.5384615384615384
30837,HyboNet,4,32,0.0002,8,42,0.49606299212598426,0.8,0.5
30838,HyboNet,4,32,0.0002,8,43,0.49606299212598426,0.8,0.5
30839,HyboNet,4,32,0.0002,8,44,0.49606299212598426,0.8,0.5
30840,HyboNet,4,32,0.0002,8,45,0.4881889763779528,0.8,0.5
30841,HyboNet,4,32,0.0002,8,46,0.4881889763779528,0.8,0.5
30842,HyboNet,4,32,0.0002,8,47,0.49606299212598426,0.8,0.5
30843,HyboNet,4,32,0.0002,8,48,0.5039370078740157,0.8,0.5
30844,HyboNet,4,32,0.0002,8,49,0.5039370078740157,0.8,0.5384615384615384
30845,HyboNet,4,32,0.0002,8,5,0.5196850393700787,0.6,0.5769230769230769
30846,HyboNet,4,32,0.0002,8,50,0.5039370078740157,0.8,0.5384615384615384
30847,HyboNet,4,32,0.0002,8,51,0.5039370078740157,0.8,0.5
30848,HyboNet,4,32,0.0002,8,52,0.5039370078740157,0.8,0.5
30849,HyboNet,4,32,0.0002,8,53,0.5039370078740157,0.8,0.5
30850,HyboNet,4,32,0.0002,8,54,0.5039370078740157,0.8,0.5
30851,HyboNet,4,32,0.0002,8,55,0.5118110236220472,0.8,0.5
30852,HyboNet,4,32,0.0002,8,56,0.5039370078740157,0.8,0.5
30853,HyboNet,4,32,0.0002,8,57,0.49606299212598426,0.8,0.5384615384615384
30854,HyboNet,4,32,0.0002,8,58,0.49606299212598426,0.8,0.5384615384615384
30855,HyboNet,4,32,0.0002,8,59,0.49606299212598426,0.8,0.5384615384615384
30856,HyboNet,4,32,0.0002,8,6,0.5118110236220472,0.6,0.5769230769230769
30857,HyboNet,4,32,0.0002,8,60,0.4881889763779528,0.8,0.5
30858,HyboNet,4,32,0.0002,8,61,0.4881889763779528,0.8,0.5
30859,HyboNet,4,32,0.0002,8,62,0.4881889763779528,0.8,0.5
30860,HyboNet,4,32,0.0002,8,63,0.48031496062992124,0.8,0.5384615384615384
30861,HyboNet,4,32,0.0002,8,64,0.4645669291338583,0.8,0.5384615384615384
30862,HyboNet,4,32,0.0002,8,65,0.4645669291338583,0.8,0.5384615384615384
30863,HyboNet,4,32,0.0002,8,66,0.4645669291338583,0.8333333333333334,0.5
30864,HyboNet,4,32,0.0002,8,67,0.47244094488188976,0.8333333333333334,0.5
30865,HyboNet,4,32,0.0002,8,68,0.47244094488188976,0.8333333333333334,0.5
30866,HyboNet,4,32,0.0002,8,69,0.4645669291338583,0.8333333333333334,0.5
30867,HyboNet,4,32,0.0002,8,7,0.5196850393700787,0.6,0.6153846153846154
30868,HyboNet,4,32,0.0002,8,70,0.4645669291338583,0.8333333333333334,0.46153846153846156
30869,HyboNet,4,32,0.0002,8,71,0.47244094488188976,0.8666666666666667,0.46153846153846156
30870,HyboNet,4,32,0.0002,8,72,0.4566929133858268,0.8666666666666667,0.46153846153846156
30871,HyboNet,4,32,0.0002,8,73,0.4330708661417323,0.8666666666666667,0.46153846153846156
30872,HyboNet,4,32,0.0002,8,74,0.4330708661417323,0.8666666666666667,0.46153846153846156
30873,HyboNet,4,32,0.0002,8,75,0.44881889763779526,0.8666666666666667,0.46153846153846156
30874,HyboNet,4,32,0.0002,8,76,0.44881889763779526,0.9,0.4230769230769231
30875,HyboNet,4,32,0.0002,8,77,0.44881889763779526,0.9,0.4230769230769231
30876,HyboNet,4,32,0.0002,8,78,0.44881889763779526,0.9,0.4230769230769231
30877,HyboNet,4,32,0.0002,8,79,0.4409448818897638,0.9,0.4230769230769231
30878,HyboNet,4,32,0.0002,8,8,0.5275590551181102,0.6,0.6153846153846154
30879,HyboNet,4,32,0.0002,8,80,0.4251968503937008,0.9,0.4230769230769231
30880,HyboNet,4,32,0.0002,8,81,0.4330708661417323,0.9,0.4230769230769231
30881,HyboNet,4,32,0.0002,8,82,0.4330708661417323,0.9,0.4230769230769231
30882,HyboNet,4,32,0.0002,8,83,0.4409448818897638,0.9,0.4230769230769231
30883,HyboNet,4,32,0.0002,8,84,0.4330708661417323,0.9,0.4230769230769231
30884,HyboNet,4,32,0.0002,8,85,0.4251968503937008,0.9,0.4230769230769231
30885,HyboNet,4,32,0.0002,8,86,0.4251968503937008,0.9,0.4230769230769231
30886,HyboNet,4,32,0.0002,8,87,0.41732283464566927,0.9,0.4230769230769231
30887,HyboNet,4,32,0.0002,8,88,0.4094488188976378,0.9,0.4230769230769231
30888,HyboNet,4,32,0.0002,8,89,0.41732283464566927,0.9,0.4230769230769231
30889,HyboNet,4,32,0.0002,8,9,0.5118110236220472,0.6,0.5769230769230769
30890,HyboNet,4,32,0.0002,8,90,0.41732283464566927,0.9,0.4230769230769231
30891,HyboNet,4,32,0.0002,8,91,0.41732283464566927,0.9333333333333333,0.4230769230769231
30892,HyboNet,4,32,0.0002,8,92,0.41732283464566927,0.9333333333333333,0.4230769230769231
30893,HyboNet,4,32,0.0002,8,93,0.41732283464566927,0.9666666666666667,0.4230769230769231
30894,HyboNet,4,32,0.0002,8,94,0.4330708661417323,0.9666666666666667,0.4230769230769231
30895,HyboNet,4,32,0.0002,8,95,0.41732283464566927,0.9666666666666667,0.4230769230769231
30896,HyboNet,4,32,0.0002,8,96,0.4094488188976378,0.9666666666666667,0.4230769230769231
30897,HyboNet,4,32,0.0002,8,97,0.4094488188976378,0.9666666666666667,0.4230769230769231
30898,HyboNet,4,32,0.0002,8,98,0.4015748031496063,0.9666666666666667,0.4230769230769231
30899,HyboNet,4,32,0.0002,8,99,0.4094488188976378,0.9666666666666667,0.4230769230769231
30900,HyboNet,4,32,0.0002,9,1,0.2204724409448819,0.1,0.23076923076923078
30901,HyboNet,4,32,0.0002,9,10,0.4409448818897638,0.6,0.5
30902,HyboNet,4,32,0.0002,9,100,0.4881889763779528,0.8,0.5
30903,HyboNet,4,32,0.0002,9,11,0.44881889763779526,0.5666666666666667,0.5384615384615384
30904,HyboNet,4,32,0.0002,9,12,0.4645669291338583,0.6,0.5769230769230769
30905,HyboNet,4,32,0.0002,9,13,0.4881889763779528,0.6,0.5769230769230769
30906,HyboNet,4,32,0.0002,9,14,0.5118110236220472,0.6,0.5769230769230769
30907,HyboNet,4,32,0.0002,9,15,0.5196850393700787,0.6,0.5769230769230769
30908,HyboNet,4,32,0.0002,9,16,0.5196850393700787,0.6,0.5769230769230769
30909,HyboNet,4,32,0.0002,9,17,0.5196850393700787,0.6,0.5769230769230769
30910,HyboNet,4,32,0.0002,9,18,0.5275590551181102,0.6,0.5769230769230769
30911,HyboNet,4,32,0.0002,9,19,0.5275590551181102,0.6,0.5769230769230769
30912,HyboNet,4,32,0.0002,9,2,0.2440944881889764,0.2,0.2692307692307692
30913,HyboNet,4,32,0.0002,9,20,0.5275590551181102,0.6,0.5769230769230769
30914,HyboNet,4,32,0.0002,9,21,0.5275590551181102,0.6,0.5769230769230769
30915,HyboNet,4,32,0.0002,9,22,0.5275590551181102,0.6,0.5769230769230769
30916,HyboNet,4,32,0.0002,9,23,0.5275590551181102,0.6,0.5769230769230769
30917,HyboNet,4,32,0.0002,9,24,0.5275590551181102,0.6,0.5769230769230769
30918,HyboNet,4,32,0.0002,9,25,0.5275590551181102,0.6,0.5769230769230769
30919,HyboNet,4,32,0.0002,9,26,0.5275590551181102,0.6,0.5769230769230769
30920,HyboNet,4,32,0.0002,9,27,0.5275590551181102,0.6,0.5769230769230769
30921,HyboNet,4,32,0.0002,9,28,0.5275590551181102,0.6,0.5769230769230769
30922,HyboNet,4,32,0.0002,9,29,0.5196850393700787,0.6,0.5769230769230769
30923,HyboNet,4,32,0.0002,9,3,0.28346456692913385,0.2,0.3076923076923077
30924,HyboNet,4,32,0.0002,9,30,0.5196850393700787,0.6,0.5769230769230769
30925,HyboNet,4,32,0.0002,9,31,0.5196850393700787,0.6,0.5769230769230769
30926,HyboNet,4,32,0.0002,9,32,0.5196850393700787,0.6,0.5769230769230769
30927,HyboNet,4,32,0.0002,9,33,0.5196850393700787,0.6,0.5769230769230769
30928,HyboNet,4,32,0.0002,9,34,0.5196850393700787,0.6,0.5769230769230769
30929,HyboNet,4,32,0.0002,9,35,0.5196850393700787,0.6,0.5769230769230769
30930,HyboNet,4,32,0.0002,9,36,0.5196850393700787,0.6,0.5769230769230769
30931,HyboNet,4,32,0.0002,9,37,0.5118110236220472,0.6,0.6153846153846154
30932,HyboNet,4,32,0.0002,9,38,0.5118110236220472,0.6,0.6153846153846154
30933,HyboNet,4,32,0.0002,9,39,0.5196850393700787,0.6,0.6153846153846154
30934,HyboNet,4,32,0.0002,9,4,0.3228346456692913,0.26666666666666666,0.3076923076923077
30935,HyboNet,4,32,0.0002,9,40,0.5118110236220472,0.6,0.6153846153846154
30936,HyboNet,4,32,0.0002,9,41,0.5118110236220472,0.6,0.6153846153846154
30937,HyboNet,4,32,0.0002,9,42,0.5196850393700787,0.6,0.6153846153846154
30938,HyboNet,4,32,0.0002,9,43,0.5196850393700787,0.6333333333333333,0.6153846153846154
30939,HyboNet,4,32,0.0002,9,44,0.5118110236220472,0.6333333333333333,0.6153846153846154
30940,HyboNet,4,32,0.0002,9,45,0.5118110236220472,0.6666666666666666,0.6153846153846154
30941,HyboNet,4,32,0.0002,9,46,0.5196850393700787,0.6666666666666666,0.6153846153846154
30942,HyboNet,4,32,0.0002,9,47,0.5196850393700787,0.6666666666666666,0.6153846153846154
30943,HyboNet,4,32,0.0002,9,48,0.5196850393700787,0.6666666666666666,0.6153846153846154
30944,HyboNet,4,32,0.0002,9,49,0.5196850393700787,0.6666666666666666,0.6153846153846154
30945,HyboNet,4,32,0.0002,9,5,0.33858267716535434,0.3333333333333333,0.38461538461538464
30946,HyboNet,4,32,0.0002,9,50,0.5118110236220472,0.7,0.6153846153846154
30947,HyboNet,4,32,0.0002,9,51,0.5118110236220472,0.7,0.5769230769230769
30948,HyboNet,4,32,0.0002,9,52,0.5118110236220472,0.7,0.5769230769230769
30949,HyboNet,4,32,0.0002,9,53,0.5118110236220472,0.7,0.5769230769230769
30950,HyboNet,4,32,0.0002,9,54,0.5118110236220472,0.7,0.5769230769230769
30951,HyboNet,4,32,0.0002,9,55,0.5118110236220472,0.7,0.5769230769230769
30952,HyboNet,4,32,0.0002,9,56,0.5039370078740157,0.7,0.5769230769230769
30953,HyboNet,4,32,0.0002,9,57,0.5039370078740157,0.7,0.5769230769230769
30954,HyboNet,4,32,0.0002,9,58,0.49606299212598426,0.7,0.5769230769230769
30955,HyboNet,4,32,0.0002,9,59,0.5039370078740157,0.7,0.5769230769230769
30956,HyboNet,4,32,0.0002,9,6,0.3700787401574803,0.4,0.46153846153846156
30957,HyboNet,4,32,0.0002,9,60,0.5039370078740157,0.7,0.5769230769230769
30958,HyboNet,4,32,0.0002,9,61,0.5039370078740157,0.7333333333333333,0.5769230769230769
30959,HyboNet,4,32,0.0002,9,62,0.5039370078740157,0.7333333333333333,0.5769230769230769
30960,HyboNet,4,32,0.0002,9,63,0.5039370078740157,0.7333333333333333,0.5769230769230769
30961,HyboNet,4,32,0.0002,9,64,0.5039370078740157,0.7333333333333333,0.5769230769230769
30962,HyboNet,4,32,0.0002,9,65,0.5039370078740157,0.7666666666666667,0.5769230769230769
30963,HyboNet,4,32,0.0002,9,66,0.5039370078740157,0.7666666666666667,0.5769230769230769
30964,HyboNet,4,32,0.0002,9,67,0.5039370078740157,0.7666666666666667,0.5769230769230769
30965,HyboNet,4,32,0.0002,9,68,0.5118110236220472,0.7666666666666667,0.5769230769230769
30966,HyboNet,4,32,0.0002,9,69,0.5118110236220472,0.7666666666666667,0.5769230769230769
30967,HyboNet,4,32,0.0002,9,7,0.4094488188976378,0.4,0.46153846153846156
30968,HyboNet,4,32,0.0002,9,70,0.5039370078740157,0.7666666666666667,0.5769230769230769
30969,HyboNet,4,32,0.0002,9,71,0.5039370078740157,0.8,0.5769230769230769
30970,HyboNet,4,32,0.0002,9,72,0.5039370078740157,0.8,0.5384615384615384
30971,HyboNet,4,32,0.0002,9,73,0.5118110236220472,0.8,0.5
30972,HyboNet,4,32,0.0002,9,74,0.5118110236220472,0.8,0.5
30973,HyboNet,4,32,0.0002,9,75,0.5118110236220472,0.7666666666666667,0.46153846153846156
30974,HyboNet,4,32,0.0002,9,76,0.49606299212598426,0.8,0.46153846153846156
30975,HyboNet,4,32,0.0002,9,77,0.49606299212598426,0.8,0.46153846153846156
30976,HyboNet,4,32,0.0002,9,78,0.49606299212598426,0.8,0.46153846153846156
30977,HyboNet,4,32,0.0002,9,79,0.49606299212598426,0.8,0.46153846153846156
30978,HyboNet,4,32,0.0002,9,8,0.4094488188976378,0.4666666666666667,0.46153846153846156
30979,HyboNet,4,32,0.0002,9,80,0.48031496062992124,0.8,0.46153846153846156
30980,HyboNet,4,32,0.0002,9,81,0.4881889763779528,0.8,0.46153846153846156
30981,HyboNet,4,32,0.0002,9,82,0.4881889763779528,0.8,0.46153846153846156
30982,HyboNet,4,32,0.0002,9,83,0.4881889763779528,0.8,0.46153846153846156
30983,HyboNet,4,32,0.0002,9,84,0.4881889763779528,0.8,0.46153846153846156
30984,HyboNet,4,32,0.0002,9,85,0.4881889763779528,0.8,0.46153846153846156
30985,HyboNet,4,32,0.0002,9,86,0.4881889763779528,0.8,0.4230769230769231
30986,HyboNet,4,32,0.0002,9,87,0.4881889763779528,0.8,0.4230769230769231
30987,HyboNet,4,32,0.0002,9,88,0.4881889763779528,0.8,0.4230769230769231
30988,HyboNet,4,32,0.0002,9,89,0.4881889763779528,0.8,0.4230769230769231
30989,HyboNet,4,32,0.0002,9,9,0.41732283464566927,0.5666666666666667,0.5
30990,HyboNet,4,32,0.0002,9,90,0.4881889763779528,0.8,0.4230769230769231
30991,HyboNet,4,32,0.0002,9,91,0.4881889763779528,0.8,0.4230769230769231
30992,HyboNet,4,32,0.0002,9,92,0.4881889763779528,0.8,0.4230769230769231
30993,HyboNet,4,32,0.0002,9,93,0.48031496062992124,0.8,0.46153846153846156
30994,HyboNet,4,32,0.0002,9,94,0.4881889763779528,0.8,0.5
30995,HyboNet,4,32,0.0002,9,95,0.4881889763779528,0.8,0.5
30996,HyboNet,4,32,0.0002,9,96,0.4881889763779528,0.8,0.5
30997,HyboNet,4,32,0.0002,9,97,0.4881889763779528,0.8,0.5
30998,HyboNet,4,32,0.0002,9,98,0.4881889763779528,0.8,0.5
30999,HyboNet,4,32,0.0002,9,99,0.4881889763779528,0.8,0.5
31000,HyboNet,4,32,0.001,1,1,0.5354330708661418,0.6,0.5769230769230769
31001,HyboNet,4,32,0.001,1,10,0.5354330708661418,0.7666666666666667,0.5769230769230769
31002,HyboNet,4,32,0.001,1,100,0.4251968503937008,1.0,0.38461538461538464
31003,HyboNet,4,32,0.001,1,11,0.5354330708661418,0.7666666666666667,0.5769230769230769
31004,HyboNet,4,32,0.001,1,12,0.5590551181102362,0.7666666666666667,0.5384615384615384
31005,HyboNet,4,32,0.001,1,13,0.5039370078740157,0.8,0.4230769230769231
31006,HyboNet,4,32,0.001,1,14,0.49606299212598426,0.8,0.4230769230769231
31007,HyboNet,4,32,0.001,1,15,0.5118110236220472,0.8,0.46153846153846156
31008,HyboNet,4,32,0.001,1,16,0.5511811023622047,0.8,0.5
31009,HyboNet,4,32,0.001,1,17,0.5433070866141733,0.8,0.5
31010,HyboNet,4,32,0.001,1,18,0.5354330708661418,0.8,0.5
31011,HyboNet,4,32,0.001,1,19,0.5275590551181102,0.8,0.5
31012,HyboNet,4,32,0.001,1,2,0.5354330708661418,0.6,0.5769230769230769
31013,HyboNet,4,32,0.001,1,20,0.5354330708661418,0.8,0.5
31014,HyboNet,4,32,0.001,1,21,0.5196850393700787,0.8,0.5
31015,HyboNet,4,32,0.001,1,22,0.49606299212598426,0.8,0.46153846153846156
31016,HyboNet,4,32,0.001,1,23,0.48031496062992124,0.8,0.46153846153846156
31017,HyboNet,4,32,0.001,1,24,0.48031496062992124,0.8,0.46153846153846156
31018,HyboNet,4,32,0.001,1,25,0.48031496062992124,0.8,0.46153846153846156
31019,HyboNet,4,32,0.001,1,26,0.48031496062992124,0.8,0.46153846153846156
31020,HyboNet,4,32,0.001,1,27,0.4881889763779528,0.8333333333333334,0.46153846153846156
31021,HyboNet,4,32,0.001,1,28,0.4881889763779528,0.8333333333333334,0.46153846153846156
31022,HyboNet,4,32,0.001,1,29,0.4881889763779528,0.8333333333333334,0.46153846153846156
31023,HyboNet,4,32,0.001,1,3,0.5354330708661418,0.6,0.5769230769230769
31024,HyboNet,4,32,0.001,1,30,0.4881889763779528,0.8333333333333334,0.46153846153846156
31025,HyboNet,4,32,0.001,1,31,0.48031496062992124,0.9,0.46153846153846156
31026,HyboNet,4,32,0.001,1,32,0.48031496062992124,0.9,0.5
31027,HyboNet,4,32,0.001,1,33,0.4881889763779528,0.9,0.5
31028,HyboNet,4,32,0.001,1,34,0.47244094488188976,0.8666666666666667,0.5
31029,HyboNet,4,32,0.001,1,35,0.47244094488188976,0.8666666666666667,0.46153846153846156
31030,HyboNet,4,32,0.001,1,36,0.47244094488188976,0.9,0.46153846153846156
31031,HyboNet,4,32,0.001,1,37,0.4566929133858268,0.9,0.38461538461538464
31032,HyboNet,4,32,0.001,1,38,0.4566929133858268,0.9,0.38461538461538464
31033,HyboNet,4,32,0.001,1,39,0.4409448818897638,0.9,0.4230769230769231
31034,HyboNet,4,32,0.001,1,4,0.5433070866141733,0.6,0.5769230769230769
31035,HyboNet,4,32,0.001,1,40,0.4409448818897638,0.9333333333333333,0.38461538461538464
31036,HyboNet,4,32,0.001,1,41,0.4409448818897638,0.9333333333333333,0.34615384615384615
31037,HyboNet,4,32,0.001,1,42,0.4330708661417323,0.9333333333333333,0.38461538461538464
31038,HyboNet,4,32,0.001,1,43,0.4409448818897638,0.9333333333333333,0.46153846153846156
31039,HyboNet,4,32,0.001,1,44,0.4330708661417323,0.9333333333333333,0.38461538461538464
31040,HyboNet,4,32,0.001,1,45,0.4251968503937008,0.9333333333333333,0.38461538461538464
31041,HyboNet,4,32,0.001,1,46,0.41732283464566927,0.9333333333333333,0.34615384615384615
31042,HyboNet,4,32,0.001,1,47,0.41732283464566927,0.9333333333333333,0.38461538461538464
31043,HyboNet,4,32,0.001,1,48,0.4094488188976378,0.9333333333333333,0.38461538461538464
31044,HyboNet,4,32,0.001,1,49,0.4251968503937008,0.9333333333333333,0.38461538461538464
31045,HyboNet,4,32,0.001,1,5,0.5354330708661418,0.6333333333333333,0.5384615384615384
31046,HyboNet,4,32,0.001,1,50,0.4094488188976378,0.9333333333333333,0.34615384615384615
31047,HyboNet,4,32,0.001,1,51,0.4015748031496063,0.9333333333333333,0.38461538461538464
31048,HyboNet,4,32,0.001,1,52,0.4015748031496063,0.9666666666666667,0.38461538461538464
31049,HyboNet,4,32,0.001,1,53,0.4015748031496063,0.9666666666666667,0.4230769230769231
31050,HyboNet,4,32,0.001,1,54,0.3858267716535433,0.9666666666666667,0.38461538461538464
31051,HyboNet,4,32,0.001,1,55,0.4015748031496063,0.9666666666666667,0.34615384615384615
31052,HyboNet,4,32,0.001,1,56,0.4015748031496063,0.9666666666666667,0.34615384615384615
31053,HyboNet,4,32,0.001,1,57,0.4015748031496063,1.0,0.38461538461538464
31054,HyboNet,4,32,0.001,1,58,0.4015748031496063,0.9666666666666667,0.38461538461538464
31055,HyboNet,4,32,0.001,1,59,0.41732283464566927,1.0,0.38461538461538464
31056,HyboNet,4,32,0.001,1,6,0.5196850393700787,0.7,0.5384615384615384
31057,HyboNet,4,32,0.001,1,60,0.41732283464566927,1.0,0.46153846153846156
31058,HyboNet,4,32,0.001,1,61,0.4094488188976378,1.0,0.46153846153846156
31059,HyboNet,4,32,0.001,1,62,0.4015748031496063,1.0,0.46153846153846156
31060,HyboNet,4,32,0.001,1,63,0.41732283464566927,1.0,0.46153846153846156
31061,HyboNet,4,32,0.001,1,64,0.41732283464566927,1.0,0.46153846153846156
31062,HyboNet,4,32,0.001,1,65,0.4094488188976378,1.0,0.4230769230769231
31063,HyboNet,4,32,0.001,1,66,0.4094488188976378,1.0,0.46153846153846156
31064,HyboNet,4,32,0.001,1,67,0.4094488188976378,1.0,0.4230769230769231
31065,HyboNet,4,32,0.001,1,68,0.4015748031496063,1.0,0.4230769230769231
31066,HyboNet,4,32,0.001,1,69,0.4015748031496063,1.0,0.46153846153846156
31067,HyboNet,4,32,0.001,1,7,0.5354330708661418,0.7,0.5769230769230769
31068,HyboNet,4,32,0.001,1,70,0.4015748031496063,1.0,0.46153846153846156
31069,HyboNet,4,32,0.001,1,71,0.4094488188976378,1.0,0.4230769230769231
31070,HyboNet,4,32,0.001,1,72,0.4094488188976378,1.0,0.38461538461538464
31071,HyboNet,4,32,0.001,1,73,0.4094488188976378,1.0,0.38461538461538464
31072,HyboNet,4,32,0.001,1,74,0.4015748031496063,1.0,0.46153846153846156
31073,HyboNet,4,32,0.001,1,75,0.4015748031496063,1.0,0.4230769230769231
31074,HyboNet,4,32,0.001,1,76,0.3937007874015748,1.0,0.46153846153846156
31075,HyboNet,4,32,0.001,1,77,0.4015748031496063,1.0,0.4230769230769231
31076,HyboNet,4,32,0.001,1,78,0.41732283464566927,1.0,0.4230769230769231
31077,HyboNet,4,32,0.001,1,79,0.41732283464566927,1.0,0.4230769230769231
31078,HyboNet,4,32,0.001,1,8,0.5354330708661418,0.6666666666666666,0.5769230769230769
31079,HyboNet,4,32,0.001,1,80,0.4015748031496063,1.0,0.4230769230769231
31080,HyboNet,4,32,0.001,1,81,0.41732283464566927,1.0,0.38461538461538464
31081,HyboNet,4,32,0.001,1,82,0.4251968503937008,1.0,0.38461538461538464
31082,HyboNet,4,32,0.001,1,83,0.4251968503937008,1.0,0.38461538461538464
31083,HyboNet,4,32,0.001,1,84,0.41732283464566927,1.0,0.34615384615384615
31084,HyboNet,4,32,0.001,1,85,0.4094488188976378,1.0,0.38461538461538464
31085,HyboNet,4,32,0.001,1,86,0.4015748031496063,1.0,0.38461538461538464
31086,HyboNet,4,32,0.001,1,87,0.3937007874015748,1.0,0.38461538461538464
31087,HyboNet,4,32,0.001,1,88,0.3937007874015748,1.0,0.4230769230769231
31088,HyboNet,4,32,0.001,1,89,0.3937007874015748,1.0,0.38461538461538464
31089,HyboNet,4,32,0.001,1,9,0.5354330708661418,0.7,0.5769230769230769
31090,HyboNet,4,32,0.001,1,90,0.4015748031496063,1.0,0.4230769230769231
31091,HyboNet,4,32,0.001,1,91,0.3858267716535433,1.0,0.38461538461538464
31092,HyboNet,4,32,0.001,1,92,0.3937007874015748,1.0,0.38461538461538464
31093,HyboNet,4,32,0.001,1,93,0.3937007874015748,1.0,0.38461538461538464
31094,HyboNet,4,32,0.001,1,94,0.4094488188976378,1.0,0.38461538461538464
31095,HyboNet,4,32,0.001,1,95,0.4094488188976378,1.0,0.38461538461538464
31096,HyboNet,4,32,0.001,1,96,0.4094488188976378,1.0,0.38461538461538464
31097,HyboNet,4,32,0.001,1,97,0.41732283464566927,1.0,0.38461538461538464
31098,HyboNet,4,32,0.001,1,98,0.4251968503937008,1.0,0.38461538461538464
31099,HyboNet,4,32,0.001,1,99,0.4251968503937008,1.0,0.38461538461538464
31100,HyboNet,4,32,0.001,10,1,0.2047244094488189,0.26666666666666666,0.23076923076923078
31101,HyboNet,4,32,0.001,10,10,0.5196850393700787,0.6333333333333333,0.5769230769230769
31102,HyboNet,4,32,0.001,10,100,0.3937007874015748,1.0,0.4230769230769231
31103,HyboNet,4,32,0.001,10,11,0.5196850393700787,0.6666666666666666,0.5769230769230769
31104,HyboNet,4,32,0.001,10,12,0.5118110236220472,0.6666666666666666,0.5769230769230769
31105,HyboNet,4,32,0.001,10,13,0.4881889763779528,0.6666666666666666,0.5384615384615384
31106,HyboNet,4,32,0.001,10,14,0.49606299212598426,0.6666666666666666,0.5384615384615384
31107,HyboNet,4,32,0.001,10,15,0.49606299212598426,0.7,0.5384615384615384
31108,HyboNet,4,32,0.001,10,16,0.49606299212598426,0.7,0.5769230769230769
31109,HyboNet,4,32,0.001,10,17,0.5118110236220472,0.7,0.5769230769230769
31110,HyboNet,4,32,0.001,10,18,0.5275590551181102,0.7,0.5769230769230769
31111,HyboNet,4,32,0.001,10,19,0.5196850393700787,0.7,0.5769230769230769
31112,HyboNet,4,32,0.001,10,2,0.4330708661417323,0.5,0.5384615384615384
31113,HyboNet,4,32,0.001,10,20,0.5196850393700787,0.7333333333333333,0.5769230769230769
31114,HyboNet,4,32,0.001,10,21,0.5275590551181102,0.7333333333333333,0.5769230769230769
31115,HyboNet,4,32,0.001,10,22,0.5118110236220472,0.7333333333333333,0.5769230769230769
31116,HyboNet,4,32,0.001,10,23,0.5039370078740157,0.7666666666666667,0.5769230769230769
31117,HyboNet,4,32,0.001,10,24,0.5118110236220472,0.7666666666666667,0.5769230769230769
31118,HyboNet,4,32,0.001,10,25,0.5275590551181102,0.8,0.5769230769230769
31119,HyboNet,4,32,0.001,10,26,0.5354330708661418,0.8,0.5769230769230769
31120,HyboNet,4,32,0.001,10,27,0.5275590551181102,0.8,0.5384615384615384
31121,HyboNet,4,32,0.001,10,28,0.49606299212598426,0.8,0.5384615384615384
31122,HyboNet,4,32,0.001,10,29,0.48031496062992124,0.8333333333333334,0.5
31123,HyboNet,4,32,0.001,10,3,0.4881889763779528,0.5333333333333333,0.6153846153846154
31124,HyboNet,4,32,0.001,10,30,0.4645669291338583,0.8333333333333334,0.46153846153846156
31125,HyboNet,4,32,0.001,10,31,0.4645669291338583,0.8333333333333334,0.46153846153846156
31126,HyboNet,4,32,0.001,10,32,0.47244094488188976,0.8333333333333334,0.46153846153846156
31127,HyboNet,4,32,0.001,10,33,0.48031496062992124,0.8333333333333334,0.46153846153846156
31128,HyboNet,4,32,0.001,10,34,0.4566929133858268,0.9,0.46153846153846156
31129,HyboNet,4,32,0.001,10,35,0.4566929133858268,0.9,0.46153846153846156
31130,HyboNet,4,32,0.001,10,36,0.44881889763779526,0.9,0.4230769230769231
31131,HyboNet,4,32,0.001,10,37,0.44881889763779526,0.9,0.38461538461538464
31132,HyboNet,4,32,0.001,10,38,0.44881889763779526,0.9,0.38461538461538464
31133,HyboNet,4,32,0.001,10,39,0.4566929133858268,0.9,0.38461538461538464
31134,HyboNet,4,32,0.001,10,4,0.5275590551181102,0.5666666666666667,0.5769230769230769
31135,HyboNet,4,32,0.001,10,40,0.4566929133858268,0.9,0.38461538461538464
31136,HyboNet,4,32,0.001,10,41,0.4409448818897638,0.9333333333333333,0.38461538461538464
31137,HyboNet,4,32,0.001,10,42,0.44881889763779526,0.9333333333333333,0.38461538461538464
31138,HyboNet,4,32,0.001,10,43,0.4409448818897638,0.9333333333333333,0.38461538461538464
31139,HyboNet,4,32,0.001,10,44,0.4330708661417323,0.9333333333333333,0.38461538461538464
31140,HyboNet,4,32,0.001,10,45,0.4330708661417323,0.9333333333333333,0.38461538461538464
31141,HyboNet,4,32,0.001,10,46,0.44881889763779526,0.9333333333333333,0.38461538461538464
31142,HyboNet,4,32,0.001,10,47,0.4409448818897638,0.9333333333333333,0.38461538461538464
31143,HyboNet,4,32,0.001,10,48,0.4409448818897638,0.9333333333333333,0.38461538461538464
31144,HyboNet,4,32,0.001,10,49,0.4330708661417323,0.9333333333333333,0.38461538461538464
31145,HyboNet,4,32,0.001,10,5,0.5433070866141733,0.5666666666666667,0.5769230769230769
31146,HyboNet,4,32,0.001,10,50,0.4409448818897638,0.9333333333333333,0.38461538461538464
31147,HyboNet,4,32,0.001,10,51,0.4409448818897638,0.9333333333333333,0.38461538461538464
31148,HyboNet,4,32,0.001,10,52,0.41732283464566927,0.9333333333333333,0.34615384615384615
31149,HyboNet,4,32,0.001,10,53,0.4251968503937008,0.9333333333333333,0.38461538461538464
31150,HyboNet,4,32,0.001,10,54,0.41732283464566927,0.9333333333333333,0.38461538461538464
31151,HyboNet,4,32,0.001,10,55,0.4094488188976378,0.9333333333333333,0.38461538461538464
31152,HyboNet,4,32,0.001,10,56,0.3858267716535433,0.9333333333333333,0.38461538461538464
31153,HyboNet,4,32,0.001,10,57,0.3858267716535433,0.9333333333333333,0.38461538461538464
31154,HyboNet,4,32,0.001,10,58,0.3858267716535433,0.9333333333333333,0.38461538461538464
31155,HyboNet,4,32,0.001,10,59,0.4094488188976378,0.9333333333333333,0.4230769230769231
31156,HyboNet,4,32,0.001,10,6,0.5433070866141733,0.5666666666666667,0.5769230769230769
31157,HyboNet,4,32,0.001,10,60,0.41732283464566927,0.9333333333333333,0.34615384615384615
31158,HyboNet,4,32,0.001,10,61,0.41732283464566927,0.9333333333333333,0.34615384615384615
31159,HyboNet,4,32,0.001,10,62,0.41732283464566927,0.9333333333333333,0.4230769230769231
31160,HyboNet,4,32,0.001,10,63,0.4015748031496063,0.9333333333333333,0.4230769230769231
31161,HyboNet,4,32,0.001,10,64,0.4094488188976378,0.9333333333333333,0.4230769230769231
31162,HyboNet,4,32,0.001,10,65,0.4094488188976378,0.9333333333333333,0.38461538461538464
31163,HyboNet,4,32,0.001,10,66,0.4094488188976378,0.9666666666666667,0.34615384615384615
31164,HyboNet,4,32,0.001,10,67,0.4094488188976378,0.9666666666666667,0.34615384615384615
31165,HyboNet,4,32,0.001,10,68,0.41732283464566927,0.9666666666666667,0.34615384615384615
31166,HyboNet,4,32,0.001,10,69,0.4094488188976378,0.9666666666666667,0.38461538461538464
31167,HyboNet,4,32,0.001,10,7,0.5433070866141733,0.5666666666666667,0.5769230769230769
31168,HyboNet,4,32,0.001,10,70,0.4015748031496063,0.9666666666666667,0.38461538461538464
31169,HyboNet,4,32,0.001,10,71,0.3937007874015748,0.9666666666666667,0.4230769230769231
31170,HyboNet,4,32,0.001,10,72,0.4015748031496063,0.9666666666666667,0.4230769230769231
31171,HyboNet,4,32,0.001,10,73,0.4015748031496063,0.9666666666666667,0.38461538461538464
31172,HyboNet,4,32,0.001,10,74,0.4094488188976378,0.9666666666666667,0.4230769230769231
31173,HyboNet,4,32,0.001,10,75,0.4094488188976378,0.9666666666666667,0.4230769230769231
31174,HyboNet,4,32,0.001,10,76,0.4094488188976378,0.9666666666666667,0.4230769230769231
31175,HyboNet,4,32,0.001,10,77,0.3937007874015748,0.9666666666666667,0.38461538461538464
31176,HyboNet,4,32,0.001,10,78,0.4015748031496063,0.9666666666666667,0.4230769230769231
31177,HyboNet,4,32,0.001,10,79,0.4015748031496063,0.9666666666666667,0.46153846153846156
31178,HyboNet,4,32,0.001,10,8,0.5354330708661418,0.5666666666666667,0.5769230769230769
31179,HyboNet,4,32,0.001,10,80,0.4015748031496063,0.9666666666666667,0.38461538461538464
31180,HyboNet,4,32,0.001,10,81,0.3858267716535433,0.9666666666666667,0.4230769230769231
31181,HyboNet,4,32,0.001,10,82,0.3858267716535433,0.9666666666666667,0.38461538461538464
31182,HyboNet,4,32,0.001,10,83,0.3937007874015748,0.9666666666666667,0.34615384615384615
31183,HyboNet,4,32,0.001,10,84,0.3779527559055118,0.9666666666666667,0.34615384615384615
31184,HyboNet,4,32,0.001,10,85,0.3858267716535433,0.9666666666666667,0.34615384615384615
31185,HyboNet,4,32,0.001,10,86,0.3937007874015748,1.0,0.3076923076923077
31186,HyboNet,4,32,0.001,10,87,0.3937007874015748,1.0,0.34615384615384615
31187,HyboNet,4,32,0.001,10,88,0.4094488188976378,1.0,0.34615384615384615
31188,HyboNet,4,32,0.001,10,89,0.4015748031496063,1.0,0.4230769230769231
31189,HyboNet,4,32,0.001,10,9,0.5275590551181102,0.6666666666666666,0.5769230769230769
31190,HyboNet,4,32,0.001,10,90,0.4015748031496063,0.9666666666666667,0.38461538461538464
31191,HyboNet,4,32,0.001,10,91,0.4015748031496063,1.0,0.4230769230769231
31192,HyboNet,4,32,0.001,10,92,0.4015748031496063,1.0,0.38461538461538464
31193,HyboNet,4,32,0.001,10,93,0.3937007874015748,1.0,0.38461538461538464
31194,HyboNet,4,32,0.001,10,94,0.4015748031496063,1.0,0.38461538461538464
31195,HyboNet,4,32,0.001,10,95,0.4015748031496063,1.0,0.38461538461538464
31196,HyboNet,4,32,0.001,10,96,0.3937007874015748,1.0,0.38461538461538464
31197,HyboNet,4,32,0.001,10,97,0.3858267716535433,1.0,0.38461538461538464
31198,HyboNet,4,32,0.001,10,98,0.3858267716535433,1.0,0.4230769230769231
31199,HyboNet,4,32,0.001,10,99,0.3858267716535433,1.0,0.4230769230769231
31200,HyboNet,4,32,0.001,2,1,0.4645669291338583,0.5666666666666667,0.5
31201,HyboNet,4,32,0.001,2,10,0.4645669291338583,0.7666666666666667,0.46153846153846156
31202,HyboNet,4,32,0.001,2,100,0.36220472440944884,1.0,0.4230769230769231
31203,HyboNet,4,32,0.001,2,11,0.48031496062992124,0.7666666666666667,0.5769230769230769
31204,HyboNet,4,32,0.001,2,12,0.49606299212598426,0.7666666666666667,0.5769230769230769
31205,HyboNet,4,32,0.001,2,13,0.5039370078740157,0.7666666666666667,0.5769230769230769
31206,HyboNet,4,32,0.001,2,14,0.49606299212598426,0.7666666666666667,0.5769230769230769
31207,HyboNet,4,32,0.001,2,15,0.49606299212598426,0.7666666666666667,0.5384615384615384
31208,HyboNet,4,32,0.001,2,16,0.4645669291338583,0.7666666666666667,0.46153846153846156
31209,HyboNet,4,32,0.001,2,17,0.44881889763779526,0.7666666666666667,0.4230769230769231
31210,HyboNet,4,32,0.001,2,18,0.4330708661417323,0.7666666666666667,0.4230769230769231
31211,HyboNet,4,32,0.001,2,19,0.4645669291338583,0.7666666666666667,0.46153846153846156
31212,HyboNet,4,32,0.001,2,2,0.5118110236220472,0.6333333333333333,0.5384615384615384
31213,HyboNet,4,32,0.001,2,20,0.44881889763779526,0.7666666666666667,0.46153846153846156
31214,HyboNet,4,32,0.001,2,21,0.44881889763779526,0.7666666666666667,0.4230769230769231
31215,HyboNet,4,32,0.001,2,22,0.4409448818897638,0.7666666666666667,0.4230769230769231
31216,HyboNet,4,32,0.001,2,23,0.4330708661417323,0.7666666666666667,0.4230769230769231
31217,HyboNet,4,32,0.001,2,24,0.41732283464566927,0.8,0.4230769230769231
31218,HyboNet,4,32,0.001,2,25,0.41732283464566927,0.8,0.4230769230769231
31219,HyboNet,4,32,0.001,2,26,0.41732283464566927,0.8666666666666667,0.46153846153846156
31220,HyboNet,4,32,0.001,2,27,0.41732283464566927,0.8666666666666667,0.4230769230769231
31221,HyboNet,4,32,0.001,2,28,0.4094488188976378,0.8666666666666667,0.46153846153846156
31222,HyboNet,4,32,0.001,2,29,0.4015748031496063,0.8333333333333334,0.46153846153846156
31223,HyboNet,4,32,0.001,2,3,0.5118110236220472,0.6333333333333333,0.5769230769230769
31224,HyboNet,4,32,0.001,2,30,0.4015748031496063,0.8333333333333334,0.5
31225,HyboNet,4,32,0.001,2,31,0.3937007874015748,0.9,0.4230769230769231
31226,HyboNet,4,32,0.001,2,32,0.3937007874015748,0.9,0.4230769230769231
31227,HyboNet,4,32,0.001,2,33,0.3937007874015748,0.9,0.4230769230769231
31228,HyboNet,4,32,0.001,2,34,0.3858267716535433,0.9333333333333333,0.4230769230769231
31229,HyboNet,4,32,0.001,2,35,0.3937007874015748,0.9333333333333333,0.4230769230769231
31230,HyboNet,4,32,0.001,2,36,0.4015748031496063,0.9666666666666667,0.4230769230769231
31231,HyboNet,4,32,0.001,2,37,0.4015748031496063,0.9666666666666667,0.4230769230769231
31232,HyboNet,4,32,0.001,2,38,0.4015748031496063,0.9666666666666667,0.4230769230769231
31233,HyboNet,4,32,0.001,2,39,0.4094488188976378,0.9666666666666667,0.38461538461538464
31234,HyboNet,4,32,0.001,2,4,0.5196850393700787,0.6666666666666666,0.5769230769230769
31235,HyboNet,4,32,0.001,2,40,0.4015748031496063,0.9666666666666667,0.38461538461538464
31236,HyboNet,4,32,0.001,2,41,0.3937007874015748,0.9666666666666667,0.38461538461538464
31237,HyboNet,4,32,0.001,2,42,0.4015748031496063,0.9666666666666667,0.38461538461538464
31238,HyboNet,4,32,0.001,2,43,0.4015748031496063,0.9666666666666667,0.38461538461538464
31239,HyboNet,4,32,0.001,2,44,0.4094488188976378,0.9666666666666667,0.38461538461538464
31240,HyboNet,4,32,0.001,2,45,0.3858267716535433,0.9666666666666667,0.38461538461538464
31241,HyboNet,4,32,0.001,2,46,0.3700787401574803,0.9666666666666667,0.38461538461538464
31242,HyboNet,4,32,0.001,2,47,0.3700787401574803,0.9666666666666667,0.38461538461538464
31243,HyboNet,4,32,0.001,2,48,0.3858267716535433,0.9666666666666667,0.38461538461538464
31244,HyboNet,4,32,0.001,2,49,0.3779527559055118,0.9666666666666667,0.38461538461538464
31245,HyboNet,4,32,0.001,2,5,0.5196850393700787,0.7666666666666667,0.5769230769230769
31246,HyboNet,4,32,0.001,2,50,0.3700787401574803,0.9666666666666667,0.38461538461538464
31247,HyboNet,4,32,0.001,2,51,0.3937007874015748,0.9666666666666667,0.38461538461538464
31248,HyboNet,4,32,0.001,2,52,0.3779527559055118,0.9666666666666667,0.34615384615384615
31249,HyboNet,4,32,0.001,2,53,0.3700787401574803,0.9666666666666667,0.34615384615384615
31250,HyboNet,4,32,0.001,2,54,0.33858267716535434,0.9666666666666667,0.34615384615384615
31251,HyboNet,4,32,0.001,2,55,0.3464566929133858,0.9666666666666667,0.34615384615384615
31252,HyboNet,4,32,0.001,2,56,0.3464566929133858,0.9666666666666667,0.34615384615384615
31253,HyboNet,4,32,0.001,2,57,0.3543307086614173,0.9666666666666667,0.34615384615384615
31254,HyboNet,4,32,0.001,2,58,0.3700787401574803,0.9666666666666667,0.3076923076923077
31255,HyboNet,4,32,0.001,2,59,0.3543307086614173,0.9666666666666667,0.3076923076923077
31256,HyboNet,4,32,0.001,2,6,0.5275590551181102,0.7666666666666667,0.5769230769230769
31257,HyboNet,4,32,0.001,2,60,0.36220472440944884,0.9666666666666667,0.34615384615384615
31258,HyboNet,4,32,0.001,2,61,0.3543307086614173,0.9666666666666667,0.3076923076923077
31259,HyboNet,4,32,0.001,2,62,0.3543307086614173,0.9666666666666667,0.3076923076923077
31260,HyboNet,4,32,0.001,2,63,0.36220472440944884,0.9666666666666667,0.3076923076923077
31261,HyboNet,4,32,0.001,2,64,0.3543307086614173,0.9666666666666667,0.3076923076923077
31262,HyboNet,4,32,0.001,2,65,0.3464566929133858,0.9666666666666667,0.3076923076923077
31263,HyboNet,4,32,0.001,2,66,0.33858267716535434,0.9666666666666667,0.3076923076923077
31264,HyboNet,4,32,0.001,2,67,0.33858267716535434,0.9666666666666667,0.3076923076923077
31265,HyboNet,4,32,0.001,2,68,0.33858267716535434,0.9666666666666667,0.3076923076923077
31266,HyboNet,4,32,0.001,2,69,0.3228346456692913,0.9666666666666667,0.3076923076923077
31267,HyboNet,4,32,0.001,2,7,0.5196850393700787,0.7,0.5769230769230769
31268,HyboNet,4,32,0.001,2,70,0.33858267716535434,0.9666666666666667,0.3076923076923077
31269,HyboNet,4,32,0.001,2,71,0.3464566929133858,0.9666666666666667,0.3076923076923077
31270,HyboNet,4,32,0.001,2,72,0.36220472440944884,1.0,0.3076923076923077
31271,HyboNet,4,32,0.001,2,73,0.3700787401574803,1.0,0.3076923076923077
31272,HyboNet,4,32,0.001,2,74,0.3700787401574803,1.0,0.3076923076923077
31273,HyboNet,4,32,0.001,2,75,0.36220472440944884,0.9666666666666667,0.3076923076923077
31274,HyboNet,4,32,0.001,2,76,0.3779527559055118,0.9666666666666667,0.3076923076923077
31275,HyboNet,4,32,0.001,2,77,0.3779527559055118,1.0,0.3076923076923077
31276,HyboNet,4,32,0.001,2,78,0.36220472440944884,1.0,0.3076923076923077
31277,HyboNet,4,32,0.001,2,79,0.3543307086614173,1.0,0.3076923076923077
31278,HyboNet,4,32,0.001,2,8,0.5118110236220472,0.7666666666666667,0.5384615384615384
31279,HyboNet,4,32,0.001,2,80,0.3543307086614173,1.0,0.3076923076923077
31280,HyboNet,4,32,0.001,2,81,0.36220472440944884,1.0,0.3076923076923077
31281,HyboNet,4,32,0.001,2,82,0.36220472440944884,1.0,0.3076923076923077
31282,HyboNet,4,32,0.001,2,83,0.3700787401574803,1.0,0.3076923076923077
31283,HyboNet,4,32,0.001,2,84,0.36220472440944884,1.0,0.3076923076923077
31284,HyboNet,4,32,0.001,2,85,0.3779527559055118,1.0,0.3076923076923077
31285,HyboNet,4,32,0.001,2,86,0.3700787401574803,1.0,0.3076923076923077
31286,HyboNet,4,32,0.001,2,87,0.3858267716535433,1.0,0.2692307692307692
31287,HyboNet,4,32,0.001,2,88,0.3779527559055118,1.0,0.2692307692307692
31288,HyboNet,4,32,0.001,2,89,0.3700787401574803,1.0,0.2692307692307692
31289,HyboNet,4,32,0.001,2,9,0.4881889763779528,0.7666666666666667,0.5384615384615384
31290,HyboNet,4,32,0.001,2,90,0.3700787401574803,1.0,0.2692307692307692
31291,HyboNet,4,32,0.001,2,91,0.36220472440944884,1.0,0.2692307692307692
31292,HyboNet,4,32,0.001,2,92,0.3543307086614173,1.0,0.2692307692307692
31293,HyboNet,4,32,0.001,2,93,0.3464566929133858,1.0,0.3076923076923077
31294,HyboNet,4,32,0.001,2,94,0.3543307086614173,1.0,0.3076923076923077
31295,HyboNet,4,32,0.001,2,95,0.36220472440944884,1.0,0.2692307692307692
31296,HyboNet,4,32,0.001,2,96,0.36220472440944884,1.0,0.2692307692307692
31297,HyboNet,4,32,0.001,2,97,0.36220472440944884,1.0,0.3076923076923077
31298,HyboNet,4,32,0.001,2,98,0.3779527559055118,1.0,0.34615384615384615
31299,HyboNet,4,32,0.001,2,99,0.3700787401574803,1.0,0.38461538461538464
31300,HyboNet,4,32,0.001,3,1,0.29133858267716534,0.4,0.23076923076923078
31301,HyboNet,4,32,0.001,3,10,0.5275590551181102,0.6333333333333333,0.6153846153846154
31302,HyboNet,4,32,0.001,3,100,0.3779527559055118,1.0,0.34615384615384615
31303,HyboNet,4,32,0.001,3,11,0.5275590551181102,0.6333333333333333,0.6153846153846154
31304,HyboNet,4,32,0.001,3,12,0.5196850393700787,0.6333333333333333,0.6153846153846154
31305,HyboNet,4,32,0.001,3,13,0.5196850393700787,0.6666666666666666,0.6153846153846154
31306,HyboNet,4,32,0.001,3,14,0.5275590551181102,0.7,0.6153846153846154
31307,HyboNet,4,32,0.001,3,15,0.5354330708661418,0.7333333333333333,0.6153846153846154
31308,HyboNet,4,32,0.001,3,16,0.5354330708661418,0.7333333333333333,0.6153846153846154
31309,HyboNet,4,32,0.001,3,17,0.5433070866141733,0.7333333333333333,0.6153846153846154
31310,HyboNet,4,32,0.001,3,18,0.5433070866141733,0.7666666666666667,0.6153846153846154
31311,HyboNet,4,32,0.001,3,19,0.5275590551181102,0.8,0.6153846153846154
31312,HyboNet,4,32,0.001,3,2,0.4015748031496063,0.5666666666666667,0.34615384615384615
31313,HyboNet,4,32,0.001,3,20,0.5275590551181102,0.8,0.6538461538461539
31314,HyboNet,4,32,0.001,3,21,0.47244094488188976,0.8333333333333334,0.6538461538461539
31315,HyboNet,4,32,0.001,3,22,0.47244094488188976,0.8,0.5769230769230769
31316,HyboNet,4,32,0.001,3,23,0.4645669291338583,0.8333333333333334,0.5769230769230769
31317,HyboNet,4,32,0.001,3,24,0.44881889763779526,0.8333333333333334,0.6153846153846154
31318,HyboNet,4,32,0.001,3,25,0.4645669291338583,0.8,0.6153846153846154
31319,HyboNet,4,32,0.001,3,26,0.48031496062992124,0.8,0.5769230769230769
31320,HyboNet,4,32,0.001,3,27,0.48031496062992124,0.8,0.5769230769230769
31321,HyboNet,4,32,0.001,3,28,0.4330708661417323,0.8333333333333334,0.5384615384615384
31322,HyboNet,4,32,0.001,3,29,0.41732283464566927,0.9,0.46153846153846156
31323,HyboNet,4,32,0.001,3,3,0.5118110236220472,0.6333333333333333,0.5384615384615384
31324,HyboNet,4,32,0.001,3,30,0.4094488188976378,0.9,0.46153846153846156
31325,HyboNet,4,32,0.001,3,31,0.41732283464566927,0.9333333333333333,0.5
31326,HyboNet,4,32,0.001,3,32,0.3937007874015748,0.9333333333333333,0.46153846153846156
31327,HyboNet,4,32,0.001,3,33,0.3858267716535433,0.9,0.46153846153846156
31328,HyboNet,4,32,0.001,3,34,0.3937007874015748,0.9,0.46153846153846156
31329,HyboNet,4,32,0.001,3,35,0.4094488188976378,0.9,0.46153846153846156
31330,HyboNet,4,32,0.001,3,36,0.4094488188976378,0.9333333333333333,0.5
31331,HyboNet,4,32,0.001,3,37,0.41732283464566927,0.9333333333333333,0.5
31332,HyboNet,4,32,0.001,3,38,0.4015748031496063,0.9333333333333333,0.4230769230769231
31333,HyboNet,4,32,0.001,3,39,0.3937007874015748,0.9333333333333333,0.4230769230769231
31334,HyboNet,4,32,0.001,3,4,0.5354330708661418,0.6333333333333333,0.5769230769230769
31335,HyboNet,4,32,0.001,3,40,0.3858267716535433,0.9333333333333333,0.46153846153846156
31336,HyboNet,4,32,0.001,3,41,0.3779527559055118,0.9333333333333333,0.46153846153846156
31337,HyboNet,4,32,0.001,3,42,0.3858267716535433,0.9333333333333333,0.46153846153846156
31338,HyboNet,4,32,0.001,3,43,0.3858267716535433,0.9333333333333333,0.46153846153846156
31339,HyboNet,4,32,0.001,3,44,0.4094488188976378,0.9333333333333333,0.46153846153846156
31340,HyboNet,4,32,0.001,3,45,0.4015748031496063,0.9333333333333333,0.46153846153846156
31341,HyboNet,4,32,0.001,3,46,0.4015748031496063,0.9333333333333333,0.46153846153846156
31342,HyboNet,4,32,0.001,3,47,0.41732283464566927,0.9333333333333333,0.46153846153846156
31343,HyboNet,4,32,0.001,3,48,0.41732283464566927,0.9333333333333333,0.46153846153846156
31344,HyboNet,4,32,0.001,3,49,0.4015748031496063,0.9333333333333333,0.46153846153846156
31345,HyboNet,4,32,0.001,3,5,0.5275590551181102,0.6333333333333333,0.5769230769230769
31346,HyboNet,4,32,0.001,3,50,0.4094488188976378,0.9666666666666667,0.38461538461538464
31347,HyboNet,4,32,0.001,3,51,0.4015748031496063,0.9333333333333333,0.4230769230769231
31348,HyboNet,4,32,0.001,3,52,0.4094488188976378,0.9333333333333333,0.4230769230769231
31349,HyboNet,4,32,0.001,3,53,0.4015748031496063,0.9333333333333333,0.38461538461538464
31350,HyboNet,4,32,0.001,3,54,0.4015748031496063,0.9666666666666667,0.38461538461538464
31351,HyboNet,4,32,0.001,3,55,0.3779527559055118,0.9666666666666667,0.38461538461538464
31352,HyboNet,4,32,0.001,3,56,0.3543307086614173,1.0,0.34615384615384615
31353,HyboNet,4,32,0.001,3,57,0.3543307086614173,1.0,0.38461538461538464
31354,HyboNet,4,32,0.001,3,58,0.3937007874015748,0.9666666666666667,0.38461538461538464
31355,HyboNet,4,32,0.001,3,59,0.3937007874015748,0.9666666666666667,0.38461538461538464
31356,HyboNet,4,32,0.001,3,6,0.5275590551181102,0.6333333333333333,0.5769230769230769
31357,HyboNet,4,32,0.001,3,60,0.3937007874015748,0.9666666666666667,0.38461538461538464
31358,HyboNet,4,32,0.001,3,61,0.3858267716535433,0.9666666666666667,0.38461538461538464
31359,HyboNet,4,32,0.001,3,62,0.33858267716535434,0.9666666666666667,0.34615384615384615
31360,HyboNet,4,32,0.001,3,63,0.33070866141732286,1.0,0.3076923076923077
31361,HyboNet,4,32,0.001,3,64,0.36220472440944884,1.0,0.34615384615384615
31362,HyboNet,4,32,0.001,3,65,0.3858267716535433,1.0,0.34615384615384615
31363,HyboNet,4,32,0.001,3,66,0.3937007874015748,1.0,0.34615384615384615
31364,HyboNet,4,32,0.001,3,67,0.3858267716535433,1.0,0.34615384615384615
31365,HyboNet,4,32,0.001,3,68,0.3700787401574803,1.0,0.34615384615384615
31366,HyboNet,4,32,0.001,3,69,0.3700787401574803,0.9666666666666667,0.34615384615384615
31367,HyboNet,4,32,0.001,3,7,0.5275590551181102,0.6333333333333333,0.5769230769230769
31368,HyboNet,4,32,0.001,3,70,0.3700787401574803,1.0,0.34615384615384615
31369,HyboNet,4,32,0.001,3,71,0.3700787401574803,1.0,0.34615384615384615
31370,HyboNet,4,32,0.001,3,72,0.3700787401574803,1.0,0.3076923076923077
31371,HyboNet,4,32,0.001,3,73,0.33858267716535434,1.0,0.3076923076923077
31372,HyboNet,4,32,0.001,3,74,0.3700787401574803,1.0,0.3076923076923077
31373,HyboNet,4,32,0.001,3,75,0.3937007874015748,1.0,0.34615384615384615
31374,HyboNet,4,32,0.001,3,76,0.4015748031496063,1.0,0.34615384615384615
31375,HyboNet,4,32,0.001,3,77,0.3700787401574803,1.0,0.34615384615384615
31376,HyboNet,4,32,0.001,3,78,0.3464566929133858,1.0,0.3076923076923077
31377,HyboNet,4,32,0.001,3,79,0.31496062992125984,1.0,0.3076923076923077
31378,HyboNet,4,32,0.001,3,8,0.5354330708661418,0.6333333333333333,0.5769230769230769
31379,HyboNet,4,32,0.001,3,80,0.2992125984251969,1.0,0.3076923076923077
31380,HyboNet,4,32,0.001,3,81,0.3464566929133858,1.0,0.3076923076923077
31381,HyboNet,4,32,0.001,3,82,0.3543307086614173,1.0,0.3076923076923077
31382,HyboNet,4,32,0.001,3,83,0.3543307086614173,1.0,0.3076923076923077
31383,HyboNet,4,32,0.001,3,84,0.28346456692913385,1.0,0.3076923076923077
31384,HyboNet,4,32,0.001,3,85,0.3228346456692913,1.0,0.3076923076923077
31385,HyboNet,4,32,0.001,3,86,0.33070866141732286,1.0,0.3076923076923077
31386,HyboNet,4,32,0.001,3,87,0.33070866141732286,1.0,0.34615384615384615
31387,HyboNet,4,32,0.001,3,88,0.33858267716535434,1.0,0.34615384615384615
31388,HyboNet,4,32,0.001,3,89,0.3464566929133858,1.0,0.34615384615384615
31389,HyboNet,4,32,0.001,3,9,0.5275590551181102,0.6333333333333333,0.5769230769230769
31390,HyboNet,4,32,0.001,3,90,0.3464566929133858,1.0,0.34615384615384615
31391,HyboNet,4,32,0.001,3,91,0.3464566929133858,1.0,0.34615384615384615
31392,HyboNet,4,32,0.001,3,92,0.33070866141732286,1.0,0.3076923076923077
31393,HyboNet,4,32,0.001,3,93,0.30708661417322836,1.0,0.3076923076923077
31394,HyboNet,4,32,0.001,3,94,0.2992125984251969,1.0,0.3076923076923077
31395,HyboNet,4,32,0.001,3,95,0.36220472440944884,1.0,0.34615384615384615
31396,HyboNet,4,32,0.001,3,96,0.3779527559055118,1.0,0.34615384615384615
31397,HyboNet,4,32,0.001,3,97,0.3779527559055118,1.0,0.38461538461538464
31398,HyboNet,4,32,0.001,3,98,0.3858267716535433,1.0,0.38461538461538464
31399,HyboNet,4,32,0.001,3,99,0.3858267716535433,1.0,0.34615384615384615
31400,HyboNet,4,32,0.001,4,1,0.2204724409448819,0.23333333333333334,0.19230769230769232
31401,HyboNet,4,32,0.001,4,10,0.5511811023622047,0.7666666666666667,0.4230769230769231
31402,HyboNet,4,32,0.001,4,100,0.41732283464566927,1.0,0.34615384615384615
31403,HyboNet,4,32,0.001,4,11,0.5511811023622047,0.7666666666666667,0.46153846153846156
31404,HyboNet,4,32,0.001,4,12,0.5669291338582677,0.7666666666666667,0.46153846153846156
31405,HyboNet,4,32,0.001,4,13,0.5511811023622047,0.7666666666666667,0.46153846153846156
31406,HyboNet,4,32,0.001,4,14,0.5433070866141733,0.7666666666666667,0.46153846153846156
31407,HyboNet,4,32,0.001,4,15,0.5275590551181102,0.8,0.5
31408,HyboNet,4,32,0.001,4,16,0.5039370078740157,0.8,0.5
31409,HyboNet,4,32,0.001,4,17,0.5196850393700787,0.8,0.5
31410,HyboNet,4,32,0.001,4,18,0.5039370078740157,0.8,0.5
31411,HyboNet,4,32,0.001,4,19,0.5039370078740157,0.8333333333333334,0.5
31412,HyboNet,4,32,0.001,4,2,0.41732283464566927,0.4,0.4230769230769231
31413,HyboNet,4,32,0.001,4,20,0.4881889763779528,0.8333333333333334,0.38461538461538464
31414,HyboNet,4,32,0.001,4,21,0.4881889763779528,0.8333333333333334,0.46153846153846156
31415,HyboNet,4,32,0.001,4,22,0.5196850393700787,0.8,0.5
31416,HyboNet,4,32,0.001,4,23,0.5118110236220472,0.8333333333333334,0.5
31417,HyboNet,4,32,0.001,4,24,0.5118110236220472,0.8333333333333334,0.46153846153846156
31418,HyboNet,4,32,0.001,4,25,0.5118110236220472,0.8666666666666667,0.46153846153846156
31419,HyboNet,4,32,0.001,4,26,0.49606299212598426,0.8666666666666667,0.46153846153846156
31420,HyboNet,4,32,0.001,4,27,0.4881889763779528,0.8666666666666667,0.38461538461538464
31421,HyboNet,4,32,0.001,4,28,0.4881889763779528,0.8666666666666667,0.4230769230769231
31422,HyboNet,4,32,0.001,4,29,0.49606299212598426,0.8666666666666667,0.4230769230769231
31423,HyboNet,4,32,0.001,4,3,0.4645669291338583,0.6666666666666666,0.4230769230769231
31424,HyboNet,4,32,0.001,4,30,0.49606299212598426,0.8666666666666667,0.4230769230769231
31425,HyboNet,4,32,0.001,4,31,0.4881889763779528,0.9,0.4230769230769231
31426,HyboNet,4,32,0.001,4,32,0.4881889763779528,0.9,0.4230769230769231
31427,HyboNet,4,32,0.001,4,33,0.48031496062992124,0.9,0.4230769230769231
31428,HyboNet,4,32,0.001,4,34,0.48031496062992124,0.9,0.4230769230769231
31429,HyboNet,4,32,0.001,4,35,0.4881889763779528,0.9,0.4230769230769231
31430,HyboNet,4,32,0.001,4,36,0.48031496062992124,0.9,0.4230769230769231
31431,HyboNet,4,32,0.001,4,37,0.48031496062992124,0.9,0.4230769230769231
31432,HyboNet,4,32,0.001,4,38,0.4645669291338583,0.9,0.38461538461538464
31433,HyboNet,4,32,0.001,4,39,0.47244094488188976,0.9,0.38461538461538464
31434,HyboNet,4,32,0.001,4,4,0.48031496062992124,0.7333333333333333,0.46153846153846156
31435,HyboNet,4,32,0.001,4,40,0.4645669291338583,0.9,0.38461538461538464
31436,HyboNet,4,32,0.001,4,41,0.47244094488188976,0.9,0.4230769230769231
31437,HyboNet,4,32,0.001,4,42,0.4645669291338583,0.9,0.4230769230769231
31438,HyboNet,4,32,0.001,4,43,0.4566929133858268,0.9,0.4230769230769231
31439,HyboNet,4,32,0.001,4,44,0.4566929133858268,0.9,0.4230769230769231
31440,HyboNet,4,32,0.001,4,45,0.4566929133858268,0.9,0.4230769230769231
31441,HyboNet,4,32,0.001,4,46,0.4566929133858268,0.9,0.38461538461538464
31442,HyboNet,4,32,0.001,4,47,0.4409448818897638,0.9,0.38461538461538464
31443,HyboNet,4,32,0.001,4,48,0.44881889763779526,0.9,0.34615384615384615
31444,HyboNet,4,32,0.001,4,49,0.4330708661417323,0.9,0.34615384615384615
31445,HyboNet,4,32,0.001,4,5,0.5039370078740157,0.7333333333333333,0.46153846153846156
31446,HyboNet,4,32,0.001,4,50,0.4251968503937008,0.9333333333333333,0.34615384615384615
31447,HyboNet,4,32,0.001,4,51,0.4251968503937008,0.9333333333333333,0.34615384615384615
31448,HyboNet,4,32,0.001,4,52,0.4330708661417323,0.9333333333333333,0.34615384615384615
31449,HyboNet,4,32,0.001,4,53,0.4251968503937008,0.9333333333333333,0.34615384615384615
31450,HyboNet,4,32,0.001,4,54,0.4094488188976378,0.9333333333333333,0.34615384615384615
31451,HyboNet,4,32,0.001,4,55,0.4094488188976378,0.9333333333333333,0.34615384615384615
31452,HyboNet,4,32,0.001,4,56,0.4094488188976378,0.9333333333333333,0.34615384615384615
31453,HyboNet,4,32,0.001,4,57,0.4251968503937008,0.9333333333333333,0.34615384615384615
31454,HyboNet,4,32,0.001,4,58,0.44881889763779526,0.9333333333333333,0.34615384615384615
31455,HyboNet,4,32,0.001,4,59,0.4409448818897638,0.9666666666666667,0.34615384615384615
31456,HyboNet,4,32,0.001,4,6,0.5196850393700787,0.7666666666666667,0.4230769230769231
31457,HyboNet,4,32,0.001,4,60,0.4409448818897638,0.9666666666666667,0.34615384615384615
31458,HyboNet,4,32,0.001,4,61,0.44881889763779526,0.9666666666666667,0.34615384615384615
31459,HyboNet,4,32,0.001,4,62,0.4566929133858268,0.9333333333333333,0.3076923076923077
31460,HyboNet,4,32,0.001,4,63,0.44881889763779526,0.9333333333333333,0.3076923076923077
31461,HyboNet,4,32,0.001,4,64,0.4645669291338583,0.9666666666666667,0.3076923076923077
31462,HyboNet,4,32,0.001,4,65,0.44881889763779526,0.9666666666666667,0.3076923076923077
31463,HyboNet,4,32,0.001,4,66,0.44881889763779526,0.9666666666666667,0.3076923076923077
31464,HyboNet,4,32,0.001,4,67,0.4251968503937008,0.9666666666666667,0.3076923076923077
31465,HyboNet,4,32,0.001,4,68,0.4251968503937008,0.9666666666666667,0.34615384615384615
31466,HyboNet,4,32,0.001,4,69,0.4409448818897638,0.9666666666666667,0.34615384615384615
31467,HyboNet,4,32,0.001,4,7,0.5196850393700787,0.7666666666666667,0.4230769230769231
31468,HyboNet,4,32,0.001,4,70,0.4330708661417323,0.9666666666666667,0.34615384615384615
31469,HyboNet,4,32,0.001,4,71,0.4409448818897638,0.9666666666666667,0.34615384615384615
31470,HyboNet,4,32,0.001,4,72,0.4330708661417323,0.9666666666666667,0.34615384615384615
31471,HyboNet,4,32,0.001,4,73,0.41732283464566927,0.9666666666666667,0.34615384615384615
31472,HyboNet,4,32,0.001,4,74,0.4251968503937008,0.9666666666666667,0.3076923076923077
31473,HyboNet,4,32,0.001,4,75,0.4330708661417323,0.9666666666666667,0.3076923076923077
31474,HyboNet,4,32,0.001,4,76,0.4330708661417323,0.9666666666666667,0.3076923076923077
31475,HyboNet,4,32,0.001,4,77,0.4330708661417323,0.9666666666666667,0.3076923076923077
31476,HyboNet,4,32,0.001,4,78,0.4330708661417323,0.9666666666666667,0.34615384615384615
31477,HyboNet,4,32,0.001,4,79,0.4330708661417323,0.9666666666666667,0.3076923076923077
31478,HyboNet,4,32,0.001,4,8,0.5275590551181102,0.7666666666666667,0.4230769230769231
31479,HyboNet,4,32,0.001,4,80,0.4409448818897638,0.9666666666666667,0.34615384615384615
31480,HyboNet,4,32,0.001,4,81,0.4330708661417323,0.9666666666666667,0.34615384615384615
31481,HyboNet,4,32,0.001,4,82,0.4330708661417323,0.9666666666666667,0.3076923076923077
31482,HyboNet,4,32,0.001,4,83,0.44881889763779526,0.9666666666666667,0.34615384615384615
31483,HyboNet,4,32,0.001,4,84,0.44881889763779526,0.9666666666666667,0.34615384615384615
31484,HyboNet,4,32,0.001,4,85,0.4566929133858268,0.9666666666666667,0.3076923076923077
31485,HyboNet,4,32,0.001,4,86,0.4566929133858268,0.9666666666666667,0.3076923076923077
31486,HyboNet,4,32,0.001,4,87,0.4566929133858268,0.9666666666666667,0.3076923076923077
31487,HyboNet,4,32,0.001,4,88,0.4409448818897638,0.9666666666666667,0.3076923076923077
31488,HyboNet,4,32,0.001,4,89,0.4251968503937008,1.0,0.34615384615384615
31489,HyboNet,4,32,0.001,4,9,0.5275590551181102,0.7666666666666667,0.4230769230769231
31490,HyboNet,4,32,0.001,4,90,0.4251968503937008,0.9666666666666667,0.34615384615384615
31491,HyboNet,4,32,0.001,4,91,0.41732283464566927,0.9666666666666667,0.38461538461538464
31492,HyboNet,4,32,0.001,4,92,0.4330708661417323,0.9666666666666667,0.34615384615384615
31493,HyboNet,4,32,0.001,4,93,0.4409448818897638,0.9666666666666667,0.34615384615384615
31494,HyboNet,4,32,0.001,4,94,0.4409448818897638,0.9666666666666667,0.34615384615384615
31495,HyboNet,4,32,0.001,4,95,0.4251968503937008,0.9666666666666667,0.3076923076923077
31496,HyboNet,4,32,0.001,4,96,0.4094488188976378,1.0,0.38461538461538464
31497,HyboNet,4,32,0.001,4,97,0.41732283464566927,0.9666666666666667,0.34615384615384615
31498,HyboNet,4,32,0.001,4,98,0.4094488188976378,0.9666666666666667,0.34615384615384615
31499,HyboNet,4,32,0.001,4,99,0.4094488188976378,1.0,0.34615384615384615
31500,HyboNet,4,32,0.001,5,1,0.33070866141732286,0.4,0.4230769230769231
31501,HyboNet,4,32,0.001,5,10,0.49606299212598426,0.7666666666666667,0.5
31502,HyboNet,4,32,0.001,5,100,0.4094488188976378,1.0,0.38461538461538464
31503,HyboNet,4,32,0.001,5,11,0.5196850393700787,0.7666666666666667,0.5
31504,HyboNet,4,32,0.001,5,12,0.5275590551181102,0.7666666666666667,0.5
31505,HyboNet,4,32,0.001,5,13,0.5275590551181102,0.7666666666666667,0.5
31506,HyboNet,4,32,0.001,5,14,0.5433070866141733,0.8,0.5
31507,HyboNet,4,32,0.001,5,15,0.4881889763779528,0.8,0.5384615384615384
31508,HyboNet,4,32,0.001,5,16,0.48031496062992124,0.8333333333333334,0.5
31509,HyboNet,4,32,0.001,5,17,0.47244094488188976,0.8333333333333334,0.46153846153846156
31510,HyboNet,4,32,0.001,5,18,0.49606299212598426,0.8,0.46153846153846156
31511,HyboNet,4,32,0.001,5,19,0.49606299212598426,0.8,0.46153846153846156
31512,HyboNet,4,32,0.001,5,2,0.44881889763779526,0.6,0.46153846153846156
31513,HyboNet,4,32,0.001,5,20,0.49606299212598426,0.8,0.4230769230769231
31514,HyboNet,4,32,0.001,5,21,0.4881889763779528,0.8,0.4230769230769231
31515,HyboNet,4,32,0.001,5,22,0.49606299212598426,0.8,0.4230769230769231
31516,HyboNet,4,32,0.001,5,23,0.4881889763779528,0.8333333333333334,0.4230769230769231
31517,HyboNet,4,32,0.001,5,24,0.47244094488188976,0.8333333333333334,0.5
31518,HyboNet,4,32,0.001,5,25,0.47244094488188976,0.8333333333333334,0.5
31519,HyboNet,4,32,0.001,5,26,0.4881889763779528,0.8333333333333334,0.5
31520,HyboNet,4,32,0.001,5,27,0.49606299212598426,0.8333333333333334,0.4230769230769231
31521,HyboNet,4,32,0.001,5,28,0.5039370078740157,0.8333333333333334,0.46153846153846156
31522,HyboNet,4,32,0.001,5,29,0.5118110236220472,0.8333333333333334,0.46153846153846156
31523,HyboNet,4,32,0.001,5,3,0.4881889763779528,0.6333333333333333,0.5384615384615384
31524,HyboNet,4,32,0.001,5,30,0.5118110236220472,0.8333333333333334,0.46153846153846156
31525,HyboNet,4,32,0.001,5,31,0.5275590551181102,0.8333333333333334,0.46153846153846156
31526,HyboNet,4,32,0.001,5,32,0.5275590551181102,0.9,0.46153846153846156
31527,HyboNet,4,32,0.001,5,33,0.5354330708661418,0.8666666666666667,0.46153846153846156
31528,HyboNet,4,32,0.001,5,34,0.5196850393700787,0.8666666666666667,0.46153846153846156
31529,HyboNet,4,32,0.001,5,35,0.5196850393700787,0.9,0.46153846153846156
31530,HyboNet,4,32,0.001,5,36,0.5039370078740157,0.9,0.46153846153846156
31531,HyboNet,4,32,0.001,5,37,0.5118110236220472,0.9,0.46153846153846156
31532,HyboNet,4,32,0.001,5,38,0.5118110236220472,0.9,0.46153846153846156
31533,HyboNet,4,32,0.001,5,39,0.5118110236220472,0.9,0.46153846153846156
31534,HyboNet,4,32,0.001,5,4,0.5118110236220472,0.6333333333333333,0.5769230769230769
31535,HyboNet,4,32,0.001,5,40,0.4881889763779528,0.9,0.5
31536,HyboNet,4,32,0.001,5,41,0.4881889763779528,0.9,0.5
31537,HyboNet,4,32,0.001,5,42,0.4645669291338583,0.9,0.5
31538,HyboNet,4,32,0.001,5,43,0.44881889763779526,0.9,0.5
31539,HyboNet,4,32,0.001,5,44,0.4330708661417323,0.9,0.5
31540,HyboNet,4,32,0.001,5,45,0.44881889763779526,0.9333333333333333,0.5
31541,HyboNet,4,32,0.001,5,46,0.44881889763779526,0.9333333333333333,0.5
31542,HyboNet,4,32,0.001,5,47,0.4566929133858268,0.9333333333333333,0.5
31543,HyboNet,4,32,0.001,5,48,0.44881889763779526,0.9333333333333333,0.5
31544,HyboNet,4,32,0.001,5,49,0.4409448818897638,0.9333333333333333,0.5
31545,HyboNet,4,32,0.001,5,5,0.5196850393700787,0.6666666666666666,0.5769230769230769
31546,HyboNet,4,32,0.001,5,50,0.4330708661417323,0.9333333333333333,0.5
31547,HyboNet,4,32,0.001,5,51,0.4409448818897638,0.9333333333333333,0.5
31548,HyboNet,4,32,0.001,5,52,0.4251968503937008,0.9333333333333333,0.5
31549,HyboNet,4,32,0.001,5,53,0.4409448818897638,0.9666666666666667,0.46153846153846156
31550,HyboNet,4,32,0.001,5,54,0.4566929133858268,0.9666666666666667,0.46153846153846156
31551,HyboNet,4,32,0.001,5,55,0.44881889763779526,0.9666666666666667,0.46153846153846156
31552,HyboNet,4,32,0.001,5,56,0.4409448818897638,0.9666666666666667,0.46153846153846156
31553,HyboNet,4,32,0.001,5,57,0.44881889763779526,0.9666666666666667,0.46153846153846156
31554,HyboNet,4,32,0.001,5,58,0.4330708661417323,0.9666666666666667,0.46153846153846156
31555,HyboNet,4,32,0.001,5,59,0.4409448818897638,0.9666666666666667,0.5
31556,HyboNet,4,32,0.001,5,6,0.5196850393700787,0.7666666666666667,0.5384615384615384
31557,HyboNet,4,32,0.001,5,60,0.4409448818897638,0.9666666666666667,0.5
31558,HyboNet,4,32,0.001,5,61,0.4409448818897638,0.9666666666666667,0.5
31559,HyboNet,4,32,0.001,5,62,0.4409448818897638,0.9666666666666667,0.46153846153846156
31560,HyboNet,4,32,0.001,5,63,0.4409448818897638,0.9666666666666667,0.4230769230769231
31561,HyboNet,4,32,0.001,5,64,0.4645669291338583,0.9666666666666667,0.46153846153846156
31562,HyboNet,4,32,0.001,5,65,0.4566929133858268,0.9666666666666667,0.46153846153846156
31563,HyboNet,4,32,0.001,5,66,0.4645669291338583,0.9666666666666667,0.46153846153846156
31564,HyboNet,4,32,0.001,5,67,0.4409448818897638,0.9666666666666667,0.46153846153846156
31565,HyboNet,4,32,0.001,5,68,0.4566929133858268,0.9666666666666667,0.46153846153846156
31566,HyboNet,4,32,0.001,5,69,0.4645669291338583,0.9666666666666667,0.46153846153846156
31567,HyboNet,4,32,0.001,5,7,0.49606299212598426,0.8,0.4230769230769231
31568,HyboNet,4,32,0.001,5,70,0.4645669291338583,0.9666666666666667,0.4230769230769231
31569,HyboNet,4,32,0.001,5,71,0.4566929133858268,0.9666666666666667,0.38461538461538464
31570,HyboNet,4,32,0.001,5,72,0.44881889763779526,0.9666666666666667,0.38461538461538464
31571,HyboNet,4,32,0.001,5,73,0.44881889763779526,0.9666666666666667,0.38461538461538464
31572,HyboNet,4,32,0.001,5,74,0.44881889763779526,1.0,0.38461538461538464
31573,HyboNet,4,32,0.001,5,75,0.4409448818897638,0.9666666666666667,0.38461538461538464
31574,HyboNet,4,32,0.001,5,76,0.4645669291338583,0.9666666666666667,0.38461538461538464
31575,HyboNet,4,32,0.001,5,77,0.47244094488188976,0.9666666666666667,0.38461538461538464
31576,HyboNet,4,32,0.001,5,78,0.4645669291338583,0.9666666666666667,0.4230769230769231
31577,HyboNet,4,32,0.001,5,79,0.44881889763779526,0.9666666666666667,0.4230769230769231
31578,HyboNet,4,32,0.001,5,8,0.49606299212598426,0.8,0.5
31579,HyboNet,4,32,0.001,5,80,0.4409448818897638,0.9666666666666667,0.38461538461538464
31580,HyboNet,4,32,0.001,5,81,0.44881889763779526,1.0,0.38461538461538464
31581,HyboNet,4,32,0.001,5,82,0.4566929133858268,1.0,0.4230769230769231
31582,HyboNet,4,32,0.001,5,83,0.4566929133858268,1.0,0.46153846153846156
31583,HyboNet,4,32,0.001,5,84,0.4566929133858268,1.0,0.46153846153846156
31584,HyboNet,4,32,0.001,5,85,0.4566929133858268,1.0,0.46153846153846156
31585,HyboNet,4,32,0.001,5,86,0.4566929133858268,1.0,0.46153846153846156
31586,HyboNet,4,32,0.001,5,87,0.4566929133858268,1.0,0.46153846153846156
31587,HyboNet,4,32,0.001,5,88,0.4566929133858268,1.0,0.4230769230769231
31588,HyboNet,4,32,0.001,5,89,0.44881889763779526,1.0,0.38461538461538464
31589,HyboNet,4,32,0.001,5,9,0.4881889763779528,0.8,0.4230769230769231
31590,HyboNet,4,32,0.001,5,90,0.4330708661417323,1.0,0.38461538461538464
31591,HyboNet,4,32,0.001,5,91,0.41732283464566927,1.0,0.38461538461538464
31592,HyboNet,4,32,0.001,5,92,0.41732283464566927,1.0,0.38461538461538464
31593,HyboNet,4,32,0.001,5,93,0.44881889763779526,1.0,0.38461538461538464
31594,HyboNet,4,32,0.001,5,94,0.4330708661417323,1.0,0.38461538461538464
31595,HyboNet,4,32,0.001,5,95,0.4015748031496063,1.0,0.38461538461538464
31596,HyboNet,4,32,0.001,5,96,0.4251968503937008,1.0,0.38461538461538464
31597,HyboNet,4,32,0.001,5,97,0.4094488188976378,1.0,0.38461538461538464
31598,HyboNet,4,32,0.001,5,98,0.41732283464566927,1.0,0.38461538461538464
31599,HyboNet,4,32,0.001,5,99,0.4094488188976378,1.0,0.38461538461538464
31600,HyboNet,4,32,0.001,6,1,0.5196850393700787,0.6,0.5769230769230769
31601,HyboNet,4,32,0.001,6,10,0.5275590551181102,0.6666666666666666,0.5769230769230769
31602,HyboNet,4,32,0.001,6,100,0.3543307086614173,1.0,0.19230769230769232
31603,HyboNet,4,32,0.001,6,11,0.5354330708661418,0.6666666666666666,0.5769230769230769
31604,HyboNet,4,32,0.001,6,12,0.5196850393700787,0.7,0.5769230769230769
31605,HyboNet,4,32,0.001,6,13,0.5511811023622047,0.7666666666666667,0.5384615384615384
31606,HyboNet,4,32,0.001,6,14,0.5511811023622047,0.7666666666666667,0.5
31607,HyboNet,4,32,0.001,6,15,0.5354330708661418,0.7666666666666667,0.5769230769230769
31608,HyboNet,4,32,0.001,6,16,0.5354330708661418,0.8,0.5
31609,HyboNet,4,32,0.001,6,17,0.5433070866141733,0.8,0.5
31610,HyboNet,4,32,0.001,6,18,0.5275590551181102,0.8,0.46153846153846156
31611,HyboNet,4,32,0.001,6,19,0.5354330708661418,0.8,0.46153846153846156
31612,HyboNet,4,32,0.001,6,2,0.5354330708661418,0.6,0.5769230769230769
31613,HyboNet,4,32,0.001,6,20,0.5275590551181102,0.8,0.4230769230769231
31614,HyboNet,4,32,0.001,6,21,0.5039370078740157,0.8333333333333334,0.4230769230769231
31615,HyboNet,4,32,0.001,6,22,0.5196850393700787,0.8,0.4230769230769231
31616,HyboNet,4,32,0.001,6,23,0.5196850393700787,0.8,0.4230769230769231
31617,HyboNet,4,32,0.001,6,24,0.5196850393700787,0.8,0.4230769230769231
31618,HyboNet,4,32,0.001,6,25,0.49606299212598426,0.8333333333333334,0.5
31619,HyboNet,4,32,0.001,6,26,0.4566929133858268,0.8333333333333334,0.46153846153846156
31620,HyboNet,4,32,0.001,6,27,0.4645669291338583,0.8666666666666667,0.46153846153846156
31621,HyboNet,4,32,0.001,6,28,0.41732283464566927,0.8666666666666667,0.46153846153846156
31622,HyboNet,4,32,0.001,6,29,0.4330708661417323,0.9,0.46153846153846156
31623,HyboNet,4,32,0.001,6,3,0.5275590551181102,0.6,0.5769230769230769
31624,HyboNet,4,32,0.001,6,30,0.3937007874015748,0.9,0.38461538461538464
31625,HyboNet,4,32,0.001,6,31,0.3700787401574803,0.9,0.34615384615384615
31626,HyboNet,4,32,0.001,6,32,0.3779527559055118,0.9,0.38461538461538464
31627,HyboNet,4,32,0.001,6,33,0.3858267716535433,0.9,0.34615384615384615
31628,HyboNet,4,32,0.001,6,34,0.3779527559055118,0.9,0.3076923076923077
31629,HyboNet,4,32,0.001,6,35,0.4330708661417323,0.9,0.34615384615384615
31630,HyboNet,4,32,0.001,6,36,0.44881889763779526,0.9,0.38461538461538464
31631,HyboNet,4,32,0.001,6,37,0.44881889763779526,0.9,0.34615384615384615
31632,HyboNet,4,32,0.001,6,38,0.4251968503937008,0.9,0.34615384615384615
31633,HyboNet,4,32,0.001,6,39,0.3937007874015748,0.9,0.34615384615384615
31634,HyboNet,4,32,0.001,6,4,0.4881889763779528,0.6,0.5384615384615384
31635,HyboNet,4,32,0.001,6,40,0.4015748031496063,0.9,0.3076923076923077
31636,HyboNet,4,32,0.001,6,41,0.4015748031496063,0.9333333333333333,0.34615384615384615
31637,HyboNet,4,32,0.001,6,42,0.4015748031496063,0.9333333333333333,0.34615384615384615
31638,HyboNet,4,32,0.001,6,43,0.3464566929133858,0.9333333333333333,0.38461538461538464
31639,HyboNet,4,32,0.001,6,44,0.33858267716535434,0.9333333333333333,0.38461538461538464
31640,HyboNet,4,32,0.001,6,45,0.36220472440944884,0.9333333333333333,0.38461538461538464
31641,HyboNet,4,32,0.001,6,46,0.3858267716535433,0.9333333333333333,0.38461538461538464
31642,HyboNet,4,32,0.001,6,47,0.3779527559055118,0.9333333333333333,0.38461538461538464
31643,HyboNet,4,32,0.001,6,48,0.3543307086614173,0.9333333333333333,0.34615384615384615
31644,HyboNet,4,32,0.001,6,49,0.33070866141732286,0.9333333333333333,0.34615384615384615
31645,HyboNet,4,32,0.001,6,5,0.5354330708661418,0.6666666666666666,0.5
31646,HyboNet,4,32,0.001,6,50,0.33858267716535434,0.9333333333333333,0.3076923076923077
31647,HyboNet,4,32,0.001,6,51,0.3543307086614173,0.9333333333333333,0.3076923076923077
31648,HyboNet,4,32,0.001,6,52,0.3543307086614173,0.9333333333333333,0.3076923076923077
31649,HyboNet,4,32,0.001,6,53,0.33070866141732286,0.9666666666666667,0.3076923076923077
31650,HyboNet,4,32,0.001,6,54,0.3464566929133858,0.9666666666666667,0.3076923076923077
31651,HyboNet,4,32,0.001,6,55,0.33070866141732286,0.9666666666666667,0.3076923076923077
31652,HyboNet,4,32,0.001,6,56,0.33070866141732286,0.9666666666666667,0.3076923076923077
31653,HyboNet,4,32,0.001,6,57,0.30708661417322836,0.9666666666666667,0.2692307692307692
31654,HyboNet,4,32,0.001,6,58,0.31496062992125984,0.9666666666666667,0.23076923076923078
31655,HyboNet,4,32,0.001,6,59,0.33858267716535434,0.9666666666666667,0.2692307692307692
31656,HyboNet,4,32,0.001,6,6,0.5511811023622047,0.6666666666666666,0.5
31657,HyboNet,4,32,0.001,6,60,0.33858267716535434,1.0,0.3076923076923077
31658,HyboNet,4,32,0.001,6,61,0.33858267716535434,1.0,0.3076923076923077
31659,HyboNet,4,32,0.001,6,62,0.3543307086614173,1.0,0.3076923076923077
31660,HyboNet,4,32,0.001,6,63,0.36220472440944884,0.9666666666666667,0.3076923076923077
31661,HyboNet,4,32,0.001,6,64,0.36220472440944884,0.9666666666666667,0.3076923076923077
31662,HyboNet,4,32,0.001,6,65,0.36220472440944884,0.9666666666666667,0.3076923076923077
31663,HyboNet,4,32,0.001,6,66,0.3700787401574803,1.0,0.2692307692307692
31664,HyboNet,4,32,0.001,6,67,0.36220472440944884,1.0,0.2692307692307692
31665,HyboNet,4,32,0.001,6,68,0.33858267716535434,1.0,0.2692307692307692
31666,HyboNet,4,32,0.001,6,69,0.33070866141732286,1.0,0.23076923076923078
31667,HyboNet,4,32,0.001,6,7,0.5196850393700787,0.6333333333333333,0.5384615384615384
31668,HyboNet,4,32,0.001,6,70,0.3464566929133858,1.0,0.3076923076923077
31669,HyboNet,4,32,0.001,6,71,0.36220472440944884,1.0,0.34615384615384615
31670,HyboNet,4,32,0.001,6,72,0.36220472440944884,1.0,0.34615384615384615
31671,HyboNet,4,32,0.001,6,73,0.3700787401574803,1.0,0.34615384615384615
31672,HyboNet,4,32,0.001,6,74,0.33858267716535434,1.0,0.2692307692307692
31673,HyboNet,4,32,0.001,6,75,0.33858267716535434,1.0,0.3076923076923077
31674,HyboNet,4,32,0.001,6,76,0.3543307086614173,1.0,0.34615384615384615
31675,HyboNet,4,32,0.001,6,77,0.3543307086614173,1.0,0.34615384615384615
31676,HyboNet,4,32,0.001,6,78,0.3543307086614173,1.0,0.34615384615384615
31677,HyboNet,4,32,0.001,6,79,0.3543307086614173,1.0,0.34615384615384615
31678,HyboNet,4,32,0.001,6,8,0.5039370078740157,0.6333333333333333,0.5384615384615384
31679,HyboNet,4,32,0.001,6,80,0.3543307086614173,1.0,0.3076923076923077
31680,HyboNet,4,32,0.001,6,81,0.3543307086614173,1.0,0.2692307692307692
31681,HyboNet,4,32,0.001,6,82,0.3464566929133858,1.0,0.23076923076923078
31682,HyboNet,4,32,0.001,6,83,0.3464566929133858,1.0,0.23076923076923078
31683,HyboNet,4,32,0.001,6,84,0.33858267716535434,1.0,0.23076923076923078
31684,HyboNet,4,32,0.001,6,85,0.3543307086614173,1.0,0.3076923076923077
31685,HyboNet,4,32,0.001,6,86,0.36220472440944884,1.0,0.3076923076923077
31686,HyboNet,4,32,0.001,6,87,0.36220472440944884,1.0,0.3076923076923077
31687,HyboNet,4,32,0.001,6,88,0.36220472440944884,1.0,0.2692307692307692
31688,HyboNet,4,32,0.001,6,89,0.36220472440944884,1.0,0.2692307692307692
31689,HyboNet,4,32,0.001,6,9,0.5275590551181102,0.6666666666666666,0.5769230769230769
31690,HyboNet,4,32,0.001,6,90,0.3464566929133858,1.0,0.23076923076923078
31691,HyboNet,4,32,0.001,6,91,0.3464566929133858,1.0,0.19230769230769232
31692,HyboNet,4,32,0.001,6,92,0.3464566929133858,1.0,0.19230769230769232
31693,HyboNet,4,32,0.001,6,93,0.3464566929133858,1.0,0.19230769230769232
31694,HyboNet,4,32,0.001,6,94,0.3464566929133858,1.0,0.19230769230769232
31695,HyboNet,4,32,0.001,6,95,0.3464566929133858,1.0,0.19230769230769232
31696,HyboNet,4,32,0.001,6,96,0.3464566929133858,1.0,0.19230769230769232
31697,HyboNet,4,32,0.001,6,97,0.36220472440944884,1.0,0.23076923076923078
31698,HyboNet,4,32,0.001,6,98,0.36220472440944884,1.0,0.2692307692307692
31699,HyboNet,4,32,0.001,6,99,0.3543307086614173,1.0,0.2692307692307692
31700,HyboNet,4,32,0.001,7,1,0.4645669291338583,0.6,0.5384615384615384
31701,HyboNet,4,32,0.001,7,10,0.5275590551181102,0.7333333333333333,0.46153846153846156
31702,HyboNet,4,32,0.001,7,100,0.3937007874015748,1.0,0.34615384615384615
31703,HyboNet,4,32,0.001,7,11,0.5354330708661418,0.7333333333333333,0.5384615384615384
31704,HyboNet,4,32,0.001,7,12,0.5354330708661418,0.7333333333333333,0.5384615384615384
31705,HyboNet,4,32,0.001,7,13,0.5433070866141733,0.7333333333333333,0.5384615384615384
31706,HyboNet,4,32,0.001,7,14,0.5354330708661418,0.7666666666666667,0.46153846153846156
31707,HyboNet,4,32,0.001,7,15,0.5118110236220472,0.7666666666666667,0.46153846153846156
31708,HyboNet,4,32,0.001,7,16,0.5039370078740157,0.7666666666666667,0.5
31709,HyboNet,4,32,0.001,7,17,0.5039370078740157,0.7666666666666667,0.5
31710,HyboNet,4,32,0.001,7,18,0.5118110236220472,0.7666666666666667,0.5
31711,HyboNet,4,32,0.001,7,19,0.5118110236220472,0.7666666666666667,0.5
31712,HyboNet,4,32,0.001,7,2,0.5275590551181102,0.6,0.5769230769230769
31713,HyboNet,4,32,0.001,7,20,0.5039370078740157,0.7666666666666667,0.5
31714,HyboNet,4,32,0.001,7,21,0.5039370078740157,0.7666666666666667,0.5
31715,HyboNet,4,32,0.001,7,22,0.5039370078740157,0.7666666666666667,0.5
31716,HyboNet,4,32,0.001,7,23,0.47244094488188976,0.7666666666666667,0.46153846153846156
31717,HyboNet,4,32,0.001,7,24,0.4645669291338583,0.7666666666666667,0.4230769230769231
31718,HyboNet,4,32,0.001,7,25,0.4566929133858268,0.7666666666666667,0.4230769230769231
31719,HyboNet,4,32,0.001,7,26,0.4566929133858268,0.7666666666666667,0.4230769230769231
31720,HyboNet,4,32,0.001,7,27,0.4566929133858268,0.8,0.4230769230769231
31721,HyboNet,4,32,0.001,7,28,0.4330708661417323,0.8333333333333334,0.38461538461538464
31722,HyboNet,4,32,0.001,7,29,0.41732283464566927,0.8333333333333334,0.34615384615384615
31723,HyboNet,4,32,0.001,7,3,0.5354330708661418,0.6,0.5769230769230769
31724,HyboNet,4,32,0.001,7,30,0.4094488188976378,0.8333333333333334,0.4230769230769231
31725,HyboNet,4,32,0.001,7,31,0.41732283464566927,0.8,0.4230769230769231
31726,HyboNet,4,32,0.001,7,32,0.41732283464566927,0.8333333333333334,0.4230769230769231
31727,HyboNet,4,32,0.001,7,33,0.4015748031496063,0.8333333333333334,0.4230769230769231
31728,HyboNet,4,32,0.001,7,34,0.4015748031496063,0.8666666666666667,0.38461538461538464
31729,HyboNet,4,32,0.001,7,35,0.3937007874015748,0.8666666666666667,0.3076923076923077
31730,HyboNet,4,32,0.001,7,36,0.4094488188976378,0.8666666666666667,0.4230769230769231
31731,HyboNet,4,32,0.001,7,37,0.4094488188976378,0.8333333333333334,0.4230769230769231
31732,HyboNet,4,32,0.001,7,38,0.41732283464566927,0.9,0.4230769230769231
31733,HyboNet,4,32,0.001,7,39,0.3858267716535433,0.9,0.34615384615384615
31734,HyboNet,4,32,0.001,7,4,0.5354330708661418,0.6333333333333333,0.5769230769230769
31735,HyboNet,4,32,0.001,7,40,0.3700787401574803,0.9333333333333333,0.34615384615384615
31736,HyboNet,4,32,0.001,7,41,0.3858267716535433,0.9,0.34615384615384615
31737,HyboNet,4,32,0.001,7,42,0.3858267716535433,0.9333333333333333,0.38461538461538464
31738,HyboNet,4,32,0.001,7,43,0.3700787401574803,0.9333333333333333,0.34615384615384615
31739,HyboNet,4,32,0.001,7,44,0.3543307086614173,0.9666666666666667,0.2692307692307692
31740,HyboNet,4,32,0.001,7,45,0.36220472440944884,0.9666666666666667,0.2692307692307692
31741,HyboNet,4,32,0.001,7,46,0.3858267716535433,0.9666666666666667,0.4230769230769231
31742,HyboNet,4,32,0.001,7,47,0.4015748031496063,0.9666666666666667,0.46153846153846156
31743,HyboNet,4,32,0.001,7,48,0.3858267716535433,0.9666666666666667,0.46153846153846156
31744,HyboNet,4,32,0.001,7,49,0.36220472440944884,0.9666666666666667,0.34615384615384615
31745,HyboNet,4,32,0.001,7,5,0.5354330708661418,0.6333333333333333,0.5769230769230769
31746,HyboNet,4,32,0.001,7,50,0.3464566929133858,0.9666666666666667,0.3076923076923077
31747,HyboNet,4,32,0.001,7,51,0.33858267716535434,0.9666666666666667,0.2692307692307692
31748,HyboNet,4,32,0.001,7,52,0.3464566929133858,0.9666666666666667,0.3076923076923077
31749,HyboNet,4,32,0.001,7,53,0.33858267716535434,0.9666666666666667,0.2692307692307692
31750,HyboNet,4,32,0.001,7,54,0.3464566929133858,0.9666666666666667,0.2692307692307692
31751,HyboNet,4,32,0.001,7,55,0.3464566929133858,0.9666666666666667,0.2692307692307692
31752,HyboNet,4,32,0.001,7,56,0.33070866141732286,0.9666666666666667,0.23076923076923078
31753,HyboNet,4,32,0.001,7,57,0.36220472440944884,1.0,0.2692307692307692
31754,HyboNet,4,32,0.001,7,58,0.3858267716535433,1.0,0.34615384615384615
31755,HyboNet,4,32,0.001,7,59,0.3779527559055118,1.0,0.38461538461538464
31756,HyboNet,4,32,0.001,7,6,0.5275590551181102,0.6666666666666666,0.5769230769230769
31757,HyboNet,4,32,0.001,7,60,0.3858267716535433,1.0,0.34615384615384615
31758,HyboNet,4,32,0.001,7,61,0.3779527559055118,1.0,0.3076923076923077
31759,HyboNet,4,32,0.001,7,62,0.33858267716535434,1.0,0.23076923076923078
31760,HyboNet,4,32,0.001,7,63,0.3543307086614173,1.0,0.3076923076923077
31761,HyboNet,4,32,0.001,7,64,0.3464566929133858,1.0,0.3076923076923077
31762,HyboNet,4,32,0.001,7,65,0.3464566929133858,1.0,0.3076923076923077
31763,HyboNet,4,32,0.001,7,66,0.3464566929133858,1.0,0.23076923076923078
31764,HyboNet,4,32,0.001,7,67,0.3464566929133858,1.0,0.23076923076923078
31765,HyboNet,4,32,0.001,7,68,0.33070866141732286,1.0,0.23076923076923078
31766,HyboNet,4,32,0.001,7,69,0.3543307086614173,1.0,0.23076923076923078
31767,HyboNet,4,32,0.001,7,7,0.5511811023622047,0.7,0.5384615384615384
31768,HyboNet,4,32,0.001,7,70,0.36220472440944884,1.0,0.38461538461538464
31769,HyboNet,4,32,0.001,7,71,0.3779527559055118,1.0,0.38461538461538464
31770,HyboNet,4,32,0.001,7,72,0.3700787401574803,1.0,0.34615384615384615
31771,HyboNet,4,32,0.001,7,73,0.3543307086614173,1.0,0.34615384615384615
31772,HyboNet,4,32,0.001,7,74,0.36220472440944884,1.0,0.3076923076923077
31773,HyboNet,4,32,0.001,7,75,0.3543307086614173,1.0,0.3076923076923077
31774,HyboNet,4,32,0.001,7,76,0.3543307086614173,1.0,0.34615384615384615
31775,HyboNet,4,32,0.001,7,77,0.3543307086614173,1.0,0.3076923076923077
31776,HyboNet,4,32,0.001,7,78,0.3464566929133858,1.0,0.23076923076923078
31777,HyboNet,4,32,0.001,7,79,0.3543307086614173,1.0,0.34615384615384615
31778,HyboNet,4,32,0.001,7,8,0.5354330708661418,0.7,0.46153846153846156
31779,HyboNet,4,32,0.001,7,80,0.3543307086614173,1.0,0.38461538461538464
31780,HyboNet,4,32,0.001,7,81,0.36220472440944884,1.0,0.38461538461538464
31781,HyboNet,4,32,0.001,7,82,0.36220472440944884,1.0,0.38461538461538464
31782,HyboNet,4,32,0.001,7,83,0.36220472440944884,1.0,0.38461538461538464
31783,HyboNet,4,32,0.001,7,84,0.3700787401574803,1.0,0.38461538461538464
31784,HyboNet,4,32,0.001,7,85,0.3779527559055118,1.0,0.38461538461538464
31785,HyboNet,4,32,0.001,7,86,0.3779527559055118,1.0,0.38461538461538464
31786,HyboNet,4,32,0.001,7,87,0.3858267716535433,1.0,0.38461538461538464
31787,HyboNet,4,32,0.001,7,88,0.3700787401574803,1.0,0.34615384615384615
31788,HyboNet,4,32,0.001,7,89,0.3543307086614173,1.0,0.3076923076923077
31789,HyboNet,4,32,0.001,7,9,0.5354330708661418,0.7333333333333333,0.46153846153846156
31790,HyboNet,4,32,0.001,7,90,0.36220472440944884,1.0,0.34615384615384615
31791,HyboNet,4,32,0.001,7,91,0.3779527559055118,1.0,0.34615384615384615
31792,HyboNet,4,32,0.001,7,92,0.3858267716535433,1.0,0.34615384615384615
31793,HyboNet,4,32,0.001,7,93,0.3937007874015748,1.0,0.38461538461538464
31794,HyboNet,4,32,0.001,7,94,0.3937007874015748,1.0,0.38461538461538464
31795,HyboNet,4,32,0.001,7,95,0.3937007874015748,1.0,0.34615384615384615
31796,HyboNet,4,32,0.001,7,96,0.3937007874015748,1.0,0.34615384615384615
31797,HyboNet,4,32,0.001,7,97,0.3937007874015748,1.0,0.34615384615384615
31798,HyboNet,4,32,0.001,7,98,0.3937007874015748,1.0,0.34615384615384615
31799,HyboNet,4,32,0.001,7,99,0.3937007874015748,1.0,0.34615384615384615
31800,HyboNet,4,32,0.001,8,1,0.5039370078740157,0.6,0.5769230769230769
31801,HyboNet,4,32,0.001,8,10,0.4409448818897638,0.7666666666666667,0.5769230769230769
31802,HyboNet,4,32,0.001,8,100,0.2755905511811024,1.0,0.3076923076923077
31803,HyboNet,4,32,0.001,8,11,0.4251968503937008,0.7666666666666667,0.46153846153846156
31804,HyboNet,4,32,0.001,8,12,0.4015748031496063,0.7666666666666667,0.46153846153846156
31805,HyboNet,4,32,0.001,8,13,0.3858267716535433,0.8,0.46153846153846156
31806,HyboNet,4,32,0.001,8,14,0.4094488188976378,0.8,0.46153846153846156
31807,HyboNet,4,32,0.001,8,15,0.4566929133858268,0.8,0.5384615384615384
31808,HyboNet,4,32,0.001,8,16,0.48031496062992124,0.7666666666666667,0.5769230769230769
31809,HyboNet,4,32,0.001,8,17,0.48031496062992124,0.7666666666666667,0.5769230769230769
31810,HyboNet,4,32,0.001,8,18,0.47244094488188976,0.7666666666666667,0.5769230769230769
31811,HyboNet,4,32,0.001,8,19,0.4409448818897638,0.8,0.5384615384615384
31812,HyboNet,4,32,0.001,8,2,0.4881889763779528,0.6333333333333333,0.5769230769230769
31813,HyboNet,4,32,0.001,8,20,0.4251968503937008,0.8666666666666667,0.5384615384615384
31814,HyboNet,4,32,0.001,8,21,0.3937007874015748,0.8666666666666667,0.5769230769230769
31815,HyboNet,4,32,0.001,8,22,0.4094488188976378,0.8666666666666667,0.5384615384615384
31816,HyboNet,4,32,0.001,8,23,0.4330708661417323,0.8666666666666667,0.5384615384615384
31817,HyboNet,4,32,0.001,8,24,0.4330708661417323,0.9333333333333333,0.5
31818,HyboNet,4,32,0.001,8,25,0.4251968503937008,0.9333333333333333,0.46153846153846156
31819,HyboNet,4,32,0.001,8,26,0.3937007874015748,0.9333333333333333,0.5
31820,HyboNet,4,32,0.001,8,27,0.3858267716535433,0.9333333333333333,0.46153846153846156
31821,HyboNet,4,32,0.001,8,28,0.3858267716535433,0.9333333333333333,0.46153846153846156
31822,HyboNet,4,32,0.001,8,29,0.3858267716535433,0.9333333333333333,0.46153846153846156
31823,HyboNet,4,32,0.001,8,3,0.48031496062992124,0.7,0.5769230769230769
31824,HyboNet,4,32,0.001,8,30,0.3937007874015748,0.9333333333333333,0.46153846153846156
31825,HyboNet,4,32,0.001,8,31,0.3858267716535433,0.9333333333333333,0.5384615384615384
31826,HyboNet,4,32,0.001,8,32,0.3858267716535433,0.9333333333333333,0.46153846153846156
31827,HyboNet,4,32,0.001,8,33,0.3700787401574803,0.9333333333333333,0.46153846153846156
31828,HyboNet,4,32,0.001,8,34,0.33070866141732286,0.9333333333333333,0.4230769230769231
31829,HyboNet,4,32,0.001,8,35,0.33858267716535434,0.9666666666666667,0.4230769230769231
31830,HyboNet,4,32,0.001,8,36,0.33858267716535434,0.9666666666666667,0.4230769230769231
31831,HyboNet,4,32,0.001,8,37,0.33858267716535434,0.9666666666666667,0.4230769230769231
31832,HyboNet,4,32,0.001,8,38,0.33858267716535434,0.9666666666666667,0.4230769230769231
31833,HyboNet,4,32,0.001,8,39,0.33070866141732286,0.9666666666666667,0.4230769230769231
31834,HyboNet,4,32,0.001,8,4,0.4409448818897638,0.7333333333333333,0.46153846153846156
31835,HyboNet,4,32,0.001,8,40,0.33858267716535434,0.9666666666666667,0.4230769230769231
31836,HyboNet,4,32,0.001,8,41,0.31496062992125984,0.9666666666666667,0.4230769230769231
31837,HyboNet,4,32,0.001,8,42,0.31496062992125984,0.9666666666666667,0.38461538461538464
31838,HyboNet,4,32,0.001,8,43,0.31496062992125984,0.9666666666666667,0.38461538461538464
31839,HyboNet,4,32,0.001,8,44,0.31496062992125984,0.9666666666666667,0.38461538461538464
31840,HyboNet,4,32,0.001,8,45,0.31496062992125984,0.9666666666666667,0.38461538461538464
31841,HyboNet,4,32,0.001,8,46,0.30708661417322836,0.9333333333333333,0.38461538461538464
31842,HyboNet,4,32,0.001,8,47,0.30708661417322836,0.9666666666666667,0.38461538461538464
31843,HyboNet,4,32,0.001,8,48,0.31496062992125984,0.9666666666666667,0.38461538461538464
31844,HyboNet,4,32,0.001,8,49,0.31496062992125984,0.9666666666666667,0.38461538461538464
31845,HyboNet,4,32,0.001,8,5,0.4330708661417323,0.7333333333333333,0.5
31846,HyboNet,4,32,0.001,8,50,0.30708661417322836,0.9666666666666667,0.38461538461538464
31847,HyboNet,4,32,0.001,8,51,0.30708661417322836,0.9666666666666667,0.38461538461538464
31848,HyboNet,4,32,0.001,8,52,0.2992125984251969,1.0,0.4230769230769231
31849,HyboNet,4,32,0.001,8,53,0.2992125984251969,1.0,0.4230769230769231
31850,HyboNet,4,32,0.001,8,54,0.30708661417322836,0.9666666666666667,0.38461538461538464
31851,HyboNet,4,32,0.001,8,55,0.30708661417322836,0.9666666666666667,0.38461538461538464
31852,HyboNet,4,32,0.001,8,56,0.30708661417322836,0.9666666666666667,0.38461538461538464
31853,HyboNet,4,32,0.001,8,57,0.30708661417322836,0.9666666666666667,0.38461538461538464
31854,HyboNet,4,32,0.001,8,58,0.2992125984251969,1.0,0.38461538461538464
31855,HyboNet,4,32,0.001,8,59,0.30708661417322836,1.0,0.34615384615384615
31856,HyboNet,4,32,0.001,8,6,0.4330708661417323,0.7333333333333333,0.5
31857,HyboNet,4,32,0.001,8,60,0.31496062992125984,1.0,0.34615384615384615
31858,HyboNet,4,32,0.001,8,61,0.30708661417322836,1.0,0.38461538461538464
31859,HyboNet,4,32,0.001,8,62,0.30708661417322836,1.0,0.38461538461538464
31860,HyboNet,4,32,0.001,8,63,0.30708661417322836,1.0,0.38461538461538464
31861,HyboNet,4,32,0.001,8,64,0.30708661417322836,1.0,0.38461538461538464
31862,HyboNet,4,32,0.001,8,65,0.30708661417322836,1.0,0.38461538461538464
31863,HyboNet,4,32,0.001,8,66,0.31496062992125984,1.0,0.34615384615384615
31864,HyboNet,4,32,0.001,8,67,0.31496062992125984,1.0,0.38461538461538464
31865,HyboNet,4,32,0.001,8,68,0.33070866141732286,1.0,0.4230769230769231
31866,HyboNet,4,32,0.001,8,69,0.31496062992125984,1.0,0.4230769230769231
31867,HyboNet,4,32,0.001,8,7,0.44881889763779526,0.7,0.5
31868,HyboNet,4,32,0.001,8,70,0.3228346456692913,1.0,0.34615384615384615
31869,HyboNet,4,32,0.001,8,71,0.2992125984251969,1.0,0.3076923076923077
31870,HyboNet,4,32,0.001,8,72,0.29133858267716534,1.0,0.3076923076923077
31871,HyboNet,4,32,0.001,8,73,0.28346456692913385,1.0,0.3076923076923077
31872,HyboNet,4,32,0.001,8,74,0.31496062992125984,1.0,0.3076923076923077
31873,HyboNet,4,32,0.001,8,75,0.31496062992125984,1.0,0.34615384615384615
31874,HyboNet,4,32,0.001,8,76,0.31496062992125984,1.0,0.34615384615384615
31875,HyboNet,4,32,0.001,8,77,0.31496062992125984,1.0,0.34615384615384615
31876,HyboNet,4,32,0.001,8,78,0.30708661417322836,1.0,0.3076923076923077
31877,HyboNet,4,32,0.001,8,79,0.2992125984251969,1.0,0.3076923076923077
31878,HyboNet,4,32,0.001,8,8,0.4330708661417323,0.7,0.5
31879,HyboNet,4,32,0.001,8,80,0.2992125984251969,1.0,0.3076923076923077
31880,HyboNet,4,32,0.001,8,81,0.29133858267716534,1.0,0.3076923076923077
31881,HyboNet,4,32,0.001,8,82,0.29133858267716534,1.0,0.34615384615384615
31882,HyboNet,4,32,0.001,8,83,0.29133858267716534,1.0,0.34615384615384615
31883,HyboNet,4,32,0.001,8,84,0.28346456692913385,1.0,0.34615384615384615
31884,HyboNet,4,32,0.001,8,85,0.28346456692913385,1.0,0.34615384615384615
31885,HyboNet,4,32,0.001,8,86,0.30708661417322836,1.0,0.34615384615384615
31886,HyboNet,4,32,0.001,8,87,0.3228346456692913,1.0,0.34615384615384615
31887,HyboNet,4,32,0.001,8,88,0.33070866141732286,1.0,0.34615384615384615
31888,HyboNet,4,32,0.001,8,89,0.31496062992125984,1.0,0.34615384615384615
31889,HyboNet,4,32,0.001,8,9,0.4409448818897638,0.7333333333333333,0.46153846153846156
31890,HyboNet,4,32,0.001,8,90,0.2992125984251969,1.0,0.34615384615384615
31891,HyboNet,4,32,0.001,8,91,0.29133858267716534,1.0,0.34615384615384615
31892,HyboNet,4,32,0.001,8,92,0.29133858267716534,1.0,0.34615384615384615
31893,HyboNet,4,32,0.001,8,93,0.28346456692913385,1.0,0.3076923076923077
31894,HyboNet,4,32,0.001,8,94,0.2755905511811024,1.0,0.3076923076923077
31895,HyboNet,4,32,0.001,8,95,0.29133858267716534,1.0,0.34615384615384615
31896,HyboNet,4,32,0.001,8,96,0.28346456692913385,1.0,0.34615384615384615
31897,HyboNet,4,32,0.001,8,97,0.2755905511811024,1.0,0.34615384615384615
31898,HyboNet,4,32,0.001,8,98,0.2755905511811024,1.0,0.3076923076923077
31899,HyboNet,4,32,0.001,8,99,0.2755905511811024,1.0,0.3076923076923077
31900,HyboNet,4,32,0.001,9,1,0.2125984251968504,0.3333333333333333,0.19230769230769232
31901,HyboNet,4,32,0.001,9,10,0.5354330708661418,0.6,0.5769230769230769
31902,HyboNet,4,32,0.001,9,100,0.31496062992125984,1.0,0.3076923076923077
31903,HyboNet,4,32,0.001,9,11,0.5354330708661418,0.6,0.5769230769230769
31904,HyboNet,4,32,0.001,9,12,0.5354330708661418,0.6,0.5769230769230769
31905,HyboNet,4,32,0.001,9,13,0.5354330708661418,0.6,0.5769230769230769
31906,HyboNet,4,32,0.001,9,14,0.5354330708661418,0.6,0.5769230769230769
31907,HyboNet,4,32,0.001,9,15,0.5354330708661418,0.6,0.5769230769230769
31908,HyboNet,4,32,0.001,9,16,0.5354330708661418,0.6,0.5769230769230769
31909,HyboNet,4,32,0.001,9,17,0.5354330708661418,0.6,0.5769230769230769
31910,HyboNet,4,32,0.001,9,18,0.5354330708661418,0.6333333333333333,0.5769230769230769
31911,HyboNet,4,32,0.001,9,19,0.5354330708661418,0.6333333333333333,0.5769230769230769
31912,HyboNet,4,32,0.001,9,2,0.4330708661417323,0.6,0.46153846153846156
31913,HyboNet,4,32,0.001,9,20,0.5354330708661418,0.6333333333333333,0.5769230769230769
31914,HyboNet,4,32,0.001,9,21,0.5354330708661418,0.6333333333333333,0.5769230769230769
31915,HyboNet,4,32,0.001,9,22,0.5354330708661418,0.6333333333333333,0.5769230769230769
31916,HyboNet,4,32,0.001,9,23,0.5275590551181102,0.6333333333333333,0.5769230769230769
31917,HyboNet,4,32,0.001,9,24,0.5196850393700787,0.6666666666666666,0.5769230769230769
31918,HyboNet,4,32,0.001,9,25,0.5039370078740157,0.7,0.6153846153846154
31919,HyboNet,4,32,0.001,9,26,0.49606299212598426,0.7333333333333333,0.5769230769230769
31920,HyboNet,4,32,0.001,9,27,0.5039370078740157,0.7333333333333333,0.5384615384615384
31921,HyboNet,4,32,0.001,9,28,0.49606299212598426,0.7666666666666667,0.5384615384615384
31922,HyboNet,4,32,0.001,9,29,0.49606299212598426,0.7666666666666667,0.5384615384615384
31923,HyboNet,4,32,0.001,9,3,0.5118110236220472,0.6,0.5769230769230769
31924,HyboNet,4,32,0.001,9,30,0.47244094488188976,0.7666666666666667,0.5384615384615384
31925,HyboNet,4,32,0.001,9,31,0.4645669291338583,0.8,0.5384615384615384
31926,HyboNet,4,32,0.001,9,32,0.4566929133858268,0.8333333333333334,0.5384615384615384
31927,HyboNet,4,32,0.001,9,33,0.4566929133858268,0.8333333333333334,0.5384615384615384
31928,HyboNet,4,32,0.001,9,34,0.4566929133858268,0.8333333333333334,0.5384615384615384
31929,HyboNet,4,32,0.001,9,35,0.44881889763779526,0.8333333333333334,0.5384615384615384
31930,HyboNet,4,32,0.001,9,36,0.44881889763779526,0.8333333333333334,0.5384615384615384
31931,HyboNet,4,32,0.001,9,37,0.44881889763779526,0.8333333333333334,0.5384615384615384
31932,HyboNet,4,32,0.001,9,38,0.4409448818897638,0.8333333333333334,0.5384615384615384
31933,HyboNet,4,32,0.001,9,39,0.44881889763779526,0.8333333333333334,0.5
31934,HyboNet,4,32,0.001,9,4,0.5275590551181102,0.6,0.5769230769230769
31935,HyboNet,4,32,0.001,9,40,0.4330708661417323,0.8666666666666667,0.5
31936,HyboNet,4,32,0.001,9,41,0.4251968503937008,0.8666666666666667,0.46153846153846156
31937,HyboNet,4,32,0.001,9,42,0.4251968503937008,0.8666666666666667,0.46153846153846156
31938,HyboNet,4,32,0.001,9,43,0.41732283464566927,0.8666666666666667,0.4230769230769231
31939,HyboNet,4,32,0.001,9,44,0.4251968503937008,0.8666666666666667,0.4230769230769231
31940,HyboNet,4,32,0.001,9,45,0.4094488188976378,0.8666666666666667,0.38461538461538464
31941,HyboNet,4,32,0.001,9,46,0.4015748031496063,0.8666666666666667,0.4230769230769231
31942,HyboNet,4,32,0.001,9,47,0.4015748031496063,0.8666666666666667,0.4230769230769231
31943,HyboNet,4,32,0.001,9,48,0.3937007874015748,0.9,0.38461538461538464
31944,HyboNet,4,32,0.001,9,49,0.3937007874015748,0.8666666666666667,0.4230769230769231
31945,HyboNet,4,32,0.001,9,5,0.5354330708661418,0.6,0.5769230769230769
31946,HyboNet,4,32,0.001,9,50,0.3858267716535433,0.8666666666666667,0.4230769230769231
31947,HyboNet,4,32,0.001,9,51,0.3858267716535433,0.8333333333333334,0.4230769230769231
31948,HyboNet,4,32,0.001,9,52,0.3858267716535433,0.8333333333333334,0.4230769230769231
31949,HyboNet,4,32,0.001,9,53,0.3858267716535433,0.8666666666666667,0.38461538461538464
31950,HyboNet,4,32,0.001,9,54,0.3858267716535433,0.8666666666666667,0.38461538461538464
31951,HyboNet,4,32,0.001,9,55,0.3937007874015748,0.8333333333333334,0.4230769230769231
31952,HyboNet,4,32,0.001,9,56,0.3937007874015748,0.8333333333333334,0.4230769230769231
31953,HyboNet,4,32,0.001,9,57,0.3700787401574803,0.8333333333333334,0.4230769230769231
31954,HyboNet,4,32,0.001,9,58,0.3779527559055118,0.8666666666666667,0.4230769230769231
31955,HyboNet,4,32,0.001,9,59,0.3779527559055118,0.8666666666666667,0.38461538461538464
31956,HyboNet,4,32,0.001,9,6,0.5354330708661418,0.6,0.5769230769230769
31957,HyboNet,4,32,0.001,9,60,0.3700787401574803,0.9,0.34615384615384615
31958,HyboNet,4,32,0.001,9,61,0.3700787401574803,0.9,0.38461538461538464
31959,HyboNet,4,32,0.001,9,62,0.3779527559055118,0.9333333333333333,0.34615384615384615
31960,HyboNet,4,32,0.001,9,63,0.3779527559055118,0.9333333333333333,0.34615384615384615
31961,HyboNet,4,32,0.001,9,64,0.3779527559055118,0.9666666666666667,0.3076923076923077
31962,HyboNet,4,32,0.001,9,65,0.3779527559055118,0.9666666666666667,0.3076923076923077
31963,HyboNet,4,32,0.001,9,66,0.3779527559055118,0.9666666666666667,0.3076923076923077
31964,HyboNet,4,32,0.001,9,67,0.3700787401574803,0.9666666666666667,0.3076923076923077
31965,HyboNet,4,32,0.001,9,68,0.3543307086614173,0.9666666666666667,0.2692307692307692
31966,HyboNet,4,32,0.001,9,69,0.36220472440944884,0.9333333333333333,0.3076923076923077
31967,HyboNet,4,32,0.001,9,7,0.5354330708661418,0.6,0.5769230769230769
31968,HyboNet,4,32,0.001,9,70,0.3700787401574803,0.9333333333333333,0.34615384615384615
31969,HyboNet,4,32,0.001,9,71,0.36220472440944884,0.9333333333333333,0.34615384615384615
31970,HyboNet,4,32,0.001,9,72,0.36220472440944884,0.9666666666666667,0.3076923076923077
31971,HyboNet,4,32,0.001,9,73,0.3700787401574803,0.9666666666666667,0.3076923076923077
31972,HyboNet,4,32,0.001,9,74,0.36220472440944884,0.9666666666666667,0.2692307692307692
31973,HyboNet,4,32,0.001,9,75,0.3543307086614173,0.9666666666666667,0.2692307692307692
31974,HyboNet,4,32,0.001,9,76,0.3464566929133858,0.9666666666666667,0.3076923076923077
31975,HyboNet,4,32,0.001,9,77,0.33858267716535434,1.0,0.3076923076923077
31976,HyboNet,4,32,0.001,9,78,0.33070866141732286,1.0,0.3076923076923077
31977,HyboNet,4,32,0.001,9,79,0.33858267716535434,1.0,0.3076923076923077
31978,HyboNet,4,32,0.001,9,8,0.5354330708661418,0.6,0.5769230769230769
31979,HyboNet,4,32,0.001,9,80,0.3464566929133858,1.0,0.3076923076923077
31980,HyboNet,4,32,0.001,9,81,0.33070866141732286,1.0,0.3076923076923077
31981,HyboNet,4,32,0.001,9,82,0.33070866141732286,1.0,0.3076923076923077
31982,HyboNet,4,32,0.001,9,83,0.31496062992125984,1.0,0.3076923076923077
31983,HyboNet,4,32,0.001,9,84,0.33070866141732286,1.0,0.3076923076923077
31984,HyboNet,4,32,0.001,9,85,0.3464566929133858,1.0,0.3076923076923077
31985,HyboNet,4,32,0.001,9,86,0.3700787401574803,1.0,0.3076923076923077
31986,HyboNet,4,32,0.001,9,87,0.3700787401574803,1.0,0.3076923076923077
31987,HyboNet,4,32,0.001,9,88,0.36220472440944884,1.0,0.3076923076923077
31988,HyboNet,4,32,0.001,9,89,0.36220472440944884,1.0,0.3076923076923077
31989,HyboNet,4,32,0.001,9,9,0.5354330708661418,0.6,0.5769230769230769
31990,HyboNet,4,32,0.001,9,90,0.3464566929133858,1.0,0.3076923076923077
31991,HyboNet,4,32,0.001,9,91,0.30708661417322836,1.0,0.3076923076923077
31992,HyboNet,4,32,0.001,9,92,0.30708661417322836,1.0,0.3076923076923077
31993,HyboNet,4,32,0.001,9,93,0.3228346456692913,1.0,0.3076923076923077
31994,HyboNet,4,32,0.001,9,94,0.3228346456692913,1.0,0.3076923076923077
31995,HyboNet,4,32,0.001,9,95,0.3228346456692913,1.0,0.3076923076923077
31996,HyboNet,4,32,0.001,9,96,0.33070866141732286,1.0,0.3076923076923077
31997,HyboNet,4,32,0.001,9,97,0.33070866141732286,1.0,0.3076923076923077
31998,HyboNet,4,32,0.001,9,98,0.3228346456692913,1.0,0.3076923076923077
31999,HyboNet,4,32,0.001,9,99,0.33070866141732286,1.0,0.3076923076923077
32000,HyboNet,4,32,0.005,1,1,0.5354330708661418,0.6,0.5769230769230769
32001,HyboNet,4,32,0.005,1,10,0.5354330708661418,0.6,0.5769230769230769
32002,HyboNet,4,32,0.005,1,100,0.4094488188976378,1.0,0.46153846153846156
32003,HyboNet,4,32,0.005,1,11,0.5354330708661418,0.6,0.5769230769230769
32004,HyboNet,4,32,0.005,1,12,0.5354330708661418,0.6,0.5769230769230769
32005,HyboNet,4,32,0.005,1,13,0.5354330708661418,0.6333333333333333,0.5769230769230769
32006,HyboNet,4,32,0.005,1,14,0.5275590551181102,0.7,0.6153846153846154
32007,HyboNet,4,32,0.005,1,15,0.5275590551181102,0.8,0.5769230769230769
32008,HyboNet,4,32,0.005,1,16,0.5196850393700787,0.8,0.5384615384615384
32009,HyboNet,4,32,0.005,1,17,0.5039370078740157,0.8,0.5384615384615384
32010,HyboNet,4,32,0.005,1,18,0.48031496062992124,0.8,0.5
32011,HyboNet,4,32,0.005,1,19,0.44881889763779526,0.8666666666666667,0.46153846153846156
32012,HyboNet,4,32,0.005,1,2,0.5354330708661418,0.6,0.5769230769230769
32013,HyboNet,4,32,0.005,1,20,0.3937007874015748,0.8666666666666667,0.46153846153846156
32014,HyboNet,4,32,0.005,1,21,0.4015748031496063,0.9,0.46153846153846156
32015,HyboNet,4,32,0.005,1,22,0.4566929133858268,0.8666666666666667,0.5
32016,HyboNet,4,32,0.005,1,23,0.47244094488188976,0.8666666666666667,0.46153846153846156
32017,HyboNet,4,32,0.005,1,24,0.4645669291338583,0.8666666666666667,0.46153846153846156
32018,HyboNet,4,32,0.005,1,25,0.4566929133858268,0.9,0.5
32019,HyboNet,4,32,0.005,1,26,0.4645669291338583,0.9,0.5
32020,HyboNet,4,32,0.005,1,27,0.4566929133858268,0.9,0.5
32021,HyboNet,4,32,0.005,1,28,0.4881889763779528,0.9,0.5
32022,HyboNet,4,32,0.005,1,29,0.4645669291338583,0.9,0.5
32023,HyboNet,4,32,0.005,1,3,0.5354330708661418,0.6,0.5769230769230769
32024,HyboNet,4,32,0.005,1,30,0.4251968503937008,0.9333333333333333,0.46153846153846156
32025,HyboNet,4,32,0.005,1,31,0.44881889763779526,0.9333333333333333,0.5
32026,HyboNet,4,32,0.005,1,32,0.4409448818897638,0.9333333333333333,0.46153846153846156
32027,HyboNet,4,32,0.005,1,33,0.4645669291338583,0.9333333333333333,0.5
32028,HyboNet,4,32,0.005,1,34,0.4566929133858268,0.9333333333333333,0.46153846153846156
32029,HyboNet,4,32,0.005,1,35,0.3858267716535433,0.9666666666666667,0.38461538461538464
32030,HyboNet,4,32,0.005,1,36,0.4645669291338583,0.9333333333333333,0.46153846153846156
32031,HyboNet,4,32,0.005,1,37,0.4881889763779528,0.9333333333333333,0.5
32032,HyboNet,4,32,0.005,1,38,0.47244094488188976,0.9333333333333333,0.5
32033,HyboNet,4,32,0.005,1,39,0.4409448818897638,0.9333333333333333,0.46153846153846156
32034,HyboNet,4,32,0.005,1,4,0.5354330708661418,0.6,0.5769230769230769
32035,HyboNet,4,32,0.005,1,40,0.4251968503937008,1.0,0.4230769230769231
32036,HyboNet,4,32,0.005,1,41,0.41732283464566927,0.9666666666666667,0.5384615384615384
32037,HyboNet,4,32,0.005,1,42,0.47244094488188976,0.9333333333333333,0.5
32038,HyboNet,4,32,0.005,1,43,0.4251968503937008,0.9333333333333333,0.46153846153846156
32039,HyboNet,4,32,0.005,1,44,0.36220472440944884,0.9666666666666667,0.4230769230769231
32040,HyboNet,4,32,0.005,1,45,0.3543307086614173,1.0,0.38461538461538464
32041,HyboNet,4,32,0.005,1,46,0.4094488188976378,0.9333333333333333,0.34615384615384615
32042,HyboNet,4,32,0.005,1,47,0.3700787401574803,0.9333333333333333,0.38461538461538464
32043,HyboNet,4,32,0.005,1,48,0.3858267716535433,0.9333333333333333,0.38461538461538464
32044,HyboNet,4,32,0.005,1,49,0.3858267716535433,0.9333333333333333,0.4230769230769231
32045,HyboNet,4,32,0.005,1,5,0.5354330708661418,0.6,0.5769230769230769
32046,HyboNet,4,32,0.005,1,50,0.33070866141732286,1.0,0.34615384615384615
32047,HyboNet,4,32,0.005,1,51,0.25196850393700787,1.0,0.3076923076923077
32048,HyboNet,4,32,0.005,1,52,0.36220472440944884,0.9666666666666667,0.34615384615384615
32049,HyboNet,4,32,0.005,1,53,0.41732283464566927,0.9666666666666667,0.46153846153846156
32050,HyboNet,4,32,0.005,1,54,0.4330708661417323,0.9666666666666667,0.46153846153846156
32051,HyboNet,4,32,0.005,1,55,0.4251968503937008,0.9666666666666667,0.46153846153846156
32052,HyboNet,4,32,0.005,1,56,0.4015748031496063,1.0,0.46153846153846156
32053,HyboNet,4,32,0.005,1,57,0.3543307086614173,1.0,0.4230769230769231
32054,HyboNet,4,32,0.005,1,58,0.33070866141732286,1.0,0.4230769230769231
32055,HyboNet,4,32,0.005,1,59,0.3700787401574803,1.0,0.4230769230769231
32056,HyboNet,4,32,0.005,1,6,0.5354330708661418,0.6,0.5769230769230769
32057,HyboNet,4,32,0.005,1,60,0.3779527559055118,1.0,0.46153846153846156
32058,HyboNet,4,32,0.005,1,61,0.4251968503937008,0.9666666666666667,0.46153846153846156
32059,HyboNet,4,32,0.005,1,62,0.4330708661417323,0.9666666666666667,0.4230769230769231
32060,HyboNet,4,32,0.005,1,63,0.41732283464566927,1.0,0.4230769230769231
32061,HyboNet,4,32,0.005,1,64,0.41732283464566927,1.0,0.46153846153846156
32062,HyboNet,4,32,0.005,1,65,0.4330708661417323,1.0,0.5
32063,HyboNet,4,32,0.005,1,66,0.4330708661417323,1.0,0.5384615384615384
32064,HyboNet,4,32,0.005,1,67,0.4330708661417323,1.0,0.5384615384615384
32065,HyboNet,4,32,0.005,1,68,0.44881889763779526,1.0,0.5
32066,HyboNet,4,32,0.005,1,69,0.4566929133858268,1.0,0.46153846153846156
32067,HyboNet,4,32,0.005,1,7,0.5354330708661418,0.6,0.5769230769230769
32068,HyboNet,4,32,0.005,1,70,0.41732283464566927,1.0,0.5
32069,HyboNet,4,32,0.005,1,71,0.3228346456692913,1.0,0.34615384615384615
32070,HyboNet,4,32,0.005,1,72,0.31496062992125984,1.0,0.34615384615384615
32071,HyboNet,4,32,0.005,1,73,0.3543307086614173,1.0,0.4230769230769231
32072,HyboNet,4,32,0.005,1,74,0.4015748031496063,1.0,0.4230769230769231
32073,HyboNet,4,32,0.005,1,75,0.41732283464566927,1.0,0.5
32074,HyboNet,4,32,0.005,1,76,0.3700787401574803,1.0,0.38461538461538464
32075,HyboNet,4,32,0.005,1,77,0.30708661417322836,1.0,0.34615384615384615
32076,HyboNet,4,32,0.005,1,78,0.33070866141732286,1.0,0.46153846153846156
32077,HyboNet,4,32,0.005,1,79,0.4015748031496063,1.0,0.46153846153846156
32078,HyboNet,4,32,0.005,1,8,0.5354330708661418,0.6,0.5769230769230769
32079,HyboNet,4,32,0.005,1,80,0.4409448818897638,1.0,0.5384615384615384
32080,HyboNet,4,32,0.005,1,81,0.4251968503937008,1.0,0.5384615384615384
32081,HyboNet,4,32,0.005,1,82,0.3858267716535433,1.0,0.46153846153846156
32082,HyboNet,4,32,0.005,1,83,0.3543307086614173,1.0,0.46153846153846156
32083,HyboNet,4,32,0.005,1,84,0.3779527559055118,1.0,0.5384615384615384
32084,HyboNet,4,32,0.005,1,85,0.3779527559055118,1.0,0.5
32085,HyboNet,4,32,0.005,1,86,0.33858267716535434,1.0,0.38461538461538464
32086,HyboNet,4,32,0.005,1,87,0.3464566929133858,1.0,0.34615384615384615
32087,HyboNet,4,32,0.005,1,88,0.33858267716535434,1.0,0.34615384615384615
32088,HyboNet,4,32,0.005,1,89,0.31496062992125984,1.0,0.34615384615384615
32089,HyboNet,4,32,0.005,1,9,0.5354330708661418,0.6,0.5769230769230769
32090,HyboNet,4,32,0.005,1,90,0.31496062992125984,1.0,0.34615384615384615
32091,HyboNet,4,32,0.005,1,91,0.33070866141732286,1.0,0.38461538461538464
32092,HyboNet,4,32,0.005,1,92,0.33070866141732286,1.0,0.4230769230769231
32093,HyboNet,4,32,0.005,1,93,0.33070866141732286,1.0,0.4230769230769231
32094,HyboNet,4,32,0.005,1,94,0.3700787401574803,1.0,0.46153846153846156
32095,HyboNet,4,32,0.005,1,95,0.3700787401574803,1.0,0.4230769230769231
32096,HyboNet,4,32,0.005,1,96,0.3700787401574803,1.0,0.4230769230769231
32097,HyboNet,4,32,0.005,1,97,0.36220472440944884,1.0,0.38461538461538464
32098,HyboNet,4,32,0.005,1,98,0.3937007874015748,1.0,0.46153846153846156
32099,HyboNet,4,32,0.005,1,99,0.4094488188976378,1.0,0.46153846153846156
32100,HyboNet,4,32,0.005,10,1,0.5354330708661418,0.6,0.5769230769230769
32101,HyboNet,4,32,0.005,10,10,0.5354330708661418,0.6,0.5769230769230769
32102,HyboNet,4,32,0.005,10,100,0.4094488188976378,1.0,0.4230769230769231
32103,HyboNet,4,32,0.005,10,11,0.5354330708661418,0.6,0.5769230769230769
32104,HyboNet,4,32,0.005,10,12,0.5354330708661418,0.6,0.5769230769230769
32105,HyboNet,4,32,0.005,10,13,0.5354330708661418,0.6,0.5769230769230769
32106,HyboNet,4,32,0.005,10,14,0.5354330708661418,0.6,0.5769230769230769
32107,HyboNet,4,32,0.005,10,15,0.5354330708661418,0.6,0.5769230769230769
32108,HyboNet,4,32,0.005,10,16,0.5354330708661418,0.6,0.5769230769230769
32109,HyboNet,4,32,0.005,10,17,0.5354330708661418,0.6,0.5769230769230769
32110,HyboNet,4,32,0.005,10,18,0.5354330708661418,0.6,0.5769230769230769
32111,HyboNet,4,32,0.005,10,19,0.5354330708661418,0.6,0.5769230769230769
32112,HyboNet,4,32,0.005,10,2,0.5354330708661418,0.6,0.5769230769230769
32113,HyboNet,4,32,0.005,10,20,0.5354330708661418,0.6,0.5769230769230769
32114,HyboNet,4,32,0.005,10,21,0.5354330708661418,0.6,0.5769230769230769
32115,HyboNet,4,32,0.005,10,22,0.5354330708661418,0.6,0.5769230769230769
32116,HyboNet,4,32,0.005,10,23,0.5354330708661418,0.6,0.5769230769230769
32117,HyboNet,4,32,0.005,10,24,0.5354330708661418,0.6333333333333333,0.5769230769230769
32118,HyboNet,4,32,0.005,10,25,0.5354330708661418,0.6333333333333333,0.5769230769230769
32119,HyboNet,4,32,0.005,10,26,0.5354330708661418,0.6,0.5769230769230769
32120,HyboNet,4,32,0.005,10,27,0.5275590551181102,0.6666666666666666,0.5769230769230769
32121,HyboNet,4,32,0.005,10,28,0.5196850393700787,0.6666666666666666,0.5769230769230769
32122,HyboNet,4,32,0.005,10,29,0.5275590551181102,0.7333333333333333,0.5769230769230769
32123,HyboNet,4,32,0.005,10,3,0.5354330708661418,0.6,0.5769230769230769
32124,HyboNet,4,32,0.005,10,30,0.5275590551181102,0.7666666666666667,0.5384615384615384
32125,HyboNet,4,32,0.005,10,31,0.5433070866141733,0.7666666666666667,0.5384615384615384
32126,HyboNet,4,32,0.005,10,32,0.5433070866141733,0.7333333333333333,0.5
32127,HyboNet,4,32,0.005,10,33,0.5039370078740157,0.7333333333333333,0.46153846153846156
32128,HyboNet,4,32,0.005,10,34,0.5275590551181102,0.7666666666666667,0.46153846153846156
32129,HyboNet,4,32,0.005,10,35,0.5118110236220472,0.8,0.46153846153846156
32130,HyboNet,4,32,0.005,10,36,0.5196850393700787,0.8,0.46153846153846156
32131,HyboNet,4,32,0.005,10,37,0.5039370078740157,0.7666666666666667,0.46153846153846156
32132,HyboNet,4,32,0.005,10,38,0.5118110236220472,0.8,0.4230769230769231
32133,HyboNet,4,32,0.005,10,39,0.5118110236220472,0.7666666666666667,0.46153846153846156
32134,HyboNet,4,32,0.005,10,4,0.5354330708661418,0.6,0.5769230769230769
32135,HyboNet,4,32,0.005,10,40,0.49606299212598426,0.8,0.4230769230769231
32136,HyboNet,4,32,0.005,10,41,0.49606299212598426,0.8333333333333334,0.46153846153846156
32137,HyboNet,4,32,0.005,10,42,0.49606299212598426,0.8333333333333334,0.5
32138,HyboNet,4,32,0.005,10,43,0.4881889763779528,0.8666666666666667,0.5
32139,HyboNet,4,32,0.005,10,44,0.49606299212598426,0.8333333333333334,0.46153846153846156
32140,HyboNet,4,32,0.005,10,45,0.49606299212598426,0.8333333333333334,0.4230769230769231
32141,HyboNet,4,32,0.005,10,46,0.49606299212598426,0.8333333333333334,0.46153846153846156
32142,HyboNet,4,32,0.005,10,47,0.47244094488188976,0.9,0.46153846153846156
32143,HyboNet,4,32,0.005,10,48,0.4645669291338583,0.9,0.46153846153846156
32144,HyboNet,4,32,0.005,10,49,0.4881889763779528,0.8666666666666667,0.46153846153846156
32145,HyboNet,4,32,0.005,10,5,0.5354330708661418,0.6,0.5769230769230769
32146,HyboNet,4,32,0.005,10,50,0.4881889763779528,0.8666666666666667,0.4230769230769231
32147,HyboNet,4,32,0.005,10,51,0.48031496062992124,0.9,0.4230769230769231
32148,HyboNet,4,32,0.005,10,52,0.4881889763779528,0.9,0.46153846153846156
32149,HyboNet,4,32,0.005,10,53,0.4645669291338583,0.9,0.46153846153846156
32150,HyboNet,4,32,0.005,10,54,0.49606299212598426,0.9,0.5
32151,HyboNet,4,32,0.005,10,55,0.48031496062992124,0.9,0.46153846153846156
32152,HyboNet,4,32,0.005,10,56,0.44881889763779526,0.9,0.46153846153846156
32153,HyboNet,4,32,0.005,10,57,0.4881889763779528,0.9,0.46153846153846156
32154,HyboNet,4,32,0.005,10,58,0.4881889763779528,0.9,0.46153846153846156
32155,HyboNet,4,32,0.005,10,59,0.4881889763779528,0.9,0.5
32156,HyboNet,4,32,0.005,10,6,0.5354330708661418,0.6,0.5769230769230769
32157,HyboNet,4,32,0.005,10,60,0.44881889763779526,0.9333333333333333,0.5
32158,HyboNet,4,32,0.005,10,61,0.44881889763779526,0.9333333333333333,0.4230769230769231
32159,HyboNet,4,32,0.005,10,62,0.48031496062992124,0.9333333333333333,0.5
32160,HyboNet,4,32,0.005,10,63,0.48031496062992124,0.9333333333333333,0.5
32161,HyboNet,4,32,0.005,10,64,0.47244094488188976,0.9,0.5
32162,HyboNet,4,32,0.005,10,65,0.4409448818897638,0.9,0.46153846153846156
32163,HyboNet,4,32,0.005,10,66,0.4251968503937008,0.9,0.4230769230769231
32164,HyboNet,4,32,0.005,10,67,0.4881889763779528,0.9,0.5
32165,HyboNet,4,32,0.005,10,68,0.4881889763779528,0.9,0.5
32166,HyboNet,4,32,0.005,10,69,0.48031496062992124,0.9,0.46153846153846156
32167,HyboNet,4,32,0.005,10,7,0.5354330708661418,0.6,0.5769230769230769
32168,HyboNet,4,32,0.005,10,70,0.41732283464566927,0.9666666666666667,0.4230769230769231
32169,HyboNet,4,32,0.005,10,71,0.3937007874015748,0.9333333333333333,0.38461538461538464
32170,HyboNet,4,32,0.005,10,72,0.44881889763779526,0.9333333333333333,0.46153846153846156
32171,HyboNet,4,32,0.005,10,73,0.49606299212598426,0.9,0.5
32172,HyboNet,4,32,0.005,10,74,0.5275590551181102,0.9,0.5
32173,HyboNet,4,32,0.005,10,75,0.5039370078740157,0.9,0.46153846153846156
32174,HyboNet,4,32,0.005,10,76,0.49606299212598426,0.9,0.5
32175,HyboNet,4,32,0.005,10,77,0.47244094488188976,0.9,0.46153846153846156
32176,HyboNet,4,32,0.005,10,78,0.4251968503937008,0.9333333333333333,0.46153846153846156
32177,HyboNet,4,32,0.005,10,79,0.3937007874015748,0.9333333333333333,0.4230769230769231
32178,HyboNet,4,32,0.005,10,8,0.5354330708661418,0.6,0.5769230769230769
32179,HyboNet,4,32,0.005,10,80,0.47244094488188976,0.9333333333333333,0.46153846153846156
32180,HyboNet,4,32,0.005,10,81,0.4881889763779528,0.9,0.5
32181,HyboNet,4,32,0.005,10,82,0.49606299212598426,0.9,0.5
32182,HyboNet,4,32,0.005,10,83,0.47244094488188976,0.9666666666666667,0.5
32183,HyboNet,4,32,0.005,10,84,0.4409448818897638,0.9333333333333333,0.46153846153846156
32184,HyboNet,4,32,0.005,10,85,0.4015748031496063,0.9333333333333333,0.4230769230769231
32185,HyboNet,4,32,0.005,10,86,0.3937007874015748,0.9666666666666667,0.4230769230769231
32186,HyboNet,4,32,0.005,10,87,0.4015748031496063,0.9333333333333333,0.46153846153846156
32187,HyboNet,4,32,0.005,10,88,0.4645669291338583,0.9,0.46153846153846156
32188,HyboNet,4,32,0.005,10,89,0.48031496062992124,0.9,0.46153846153846156
32189,HyboNet,4,32,0.005,10,9,0.5354330708661418,0.6,0.5769230769230769
32190,HyboNet,4,32,0.005,10,90,0.44881889763779526,0.9333333333333333,0.46153846153846156
32191,HyboNet,4,32,0.005,10,91,0.4094488188976378,1.0,0.46153846153846156
32192,HyboNet,4,32,0.005,10,92,0.3858267716535433,0.9666666666666667,0.4230769230769231
32193,HyboNet,4,32,0.005,10,93,0.3937007874015748,0.9666666666666667,0.38461538461538464
32194,HyboNet,4,32,0.005,10,94,0.3858267716535433,0.9666666666666667,0.38461538461538464
32195,HyboNet,4,32,0.005,10,95,0.3858267716535433,1.0,0.38461538461538464
32196,HyboNet,4,32,0.005,10,96,0.3858267716535433,0.9666666666666667,0.4230769230769231
32197,HyboNet,4,32,0.005,10,97,0.4094488188976378,0.9,0.46153846153846156
32198,HyboNet,4,32,0.005,10,98,0.4015748031496063,0.9333333333333333,0.4230769230769231
32199,HyboNet,4,32,0.005,10,99,0.4015748031496063,1.0,0.46153846153846156
32200,HyboNet,4,32,0.005,2,1,0.5354330708661418,0.6,0.5769230769230769
32201,HyboNet,4,32,0.005,2,10,0.5433070866141733,0.7,0.5769230769230769
32202,HyboNet,4,32,0.005,2,100,0.4251968503937008,1.0,0.3076923076923077
32203,HyboNet,4,32,0.005,2,11,0.5354330708661418,0.7,0.5769230769230769
32204,HyboNet,4,32,0.005,2,12,0.5511811023622047,0.7666666666666667,0.5384615384615384
32205,HyboNet,4,32,0.005,2,13,0.5433070866141733,0.8,0.46153846153846156
32206,HyboNet,4,32,0.005,2,14,0.47244094488188976,0.8,0.5
32207,HyboNet,4,32,0.005,2,15,0.5433070866141733,0.8,0.46153846153846156
32208,HyboNet,4,32,0.005,2,16,0.5748031496062992,0.8,0.5
32209,HyboNet,4,32,0.005,2,17,0.5669291338582677,0.8,0.46153846153846156
32210,HyboNet,4,32,0.005,2,18,0.48031496062992124,0.8333333333333334,0.4230769230769231
32211,HyboNet,4,32,0.005,2,19,0.4409448818897638,0.8666666666666667,0.4230769230769231
32212,HyboNet,4,32,0.005,2,2,0.5354330708661418,0.7,0.5384615384615384
32213,HyboNet,4,32,0.005,2,20,0.41732283464566927,0.8666666666666667,0.4230769230769231
32214,HyboNet,4,32,0.005,2,21,0.4645669291338583,0.8666666666666667,0.46153846153846156
32215,HyboNet,4,32,0.005,2,22,0.47244094488188976,0.8666666666666667,0.4230769230769231
32216,HyboNet,4,32,0.005,2,23,0.4094488188976378,0.8666666666666667,0.4230769230769231
32217,HyboNet,4,32,0.005,2,24,0.4251968503937008,0.8666666666666667,0.4230769230769231
32218,HyboNet,4,32,0.005,2,25,0.47244094488188976,0.8666666666666667,0.4230769230769231
32219,HyboNet,4,32,0.005,2,26,0.4330708661417323,0.8666666666666667,0.4230769230769231
32220,HyboNet,4,32,0.005,2,27,0.41732283464566927,0.8666666666666667,0.4230769230769231
32221,HyboNet,4,32,0.005,2,28,0.4094488188976378,0.8666666666666667,0.38461538461538464
32222,HyboNet,4,32,0.005,2,29,0.4251968503937008,0.8666666666666667,0.38461538461538464
32223,HyboNet,4,32,0.005,2,3,0.5433070866141733,0.6,0.5769230769230769
32224,HyboNet,4,32,0.005,2,30,0.4015748031496063,0.9,0.38461538461538464
32225,HyboNet,4,32,0.005,2,31,0.3937007874015748,0.9,0.38461538461538464
32226,HyboNet,4,32,0.005,2,32,0.5118110236220472,0.9,0.46153846153846156
32227,HyboNet,4,32,0.005,2,33,0.5354330708661418,0.9,0.5
32228,HyboNet,4,32,0.005,2,34,0.5354330708661418,0.9,0.5
32229,HyboNet,4,32,0.005,2,35,0.5275590551181102,0.9,0.46153846153846156
32230,HyboNet,4,32,0.005,2,36,0.4409448818897638,0.9,0.4230769230769231
32231,HyboNet,4,32,0.005,2,37,0.3858267716535433,0.9,0.38461538461538464
32232,HyboNet,4,32,0.005,2,38,0.3779527559055118,0.9333333333333333,0.34615384615384615
32233,HyboNet,4,32,0.005,2,39,0.4409448818897638,0.9,0.38461538461538464
32234,HyboNet,4,32,0.005,2,4,0.5354330708661418,0.6,0.5769230769230769
32235,HyboNet,4,32,0.005,2,40,0.5196850393700787,0.9,0.46153846153846156
32236,HyboNet,4,32,0.005,2,41,0.5275590551181102,0.9333333333333333,0.5
32237,HyboNet,4,32,0.005,2,42,0.5196850393700787,0.9333333333333333,0.5
32238,HyboNet,4,32,0.005,2,43,0.5039370078740157,0.9333333333333333,0.5
32239,HyboNet,4,32,0.005,2,44,0.5039370078740157,0.9666666666666667,0.4230769230769231
32240,HyboNet,4,32,0.005,2,45,0.44881889763779526,0.9666666666666667,0.4230769230769231
32241,HyboNet,4,32,0.005,2,46,0.3937007874015748,0.9666666666666667,0.38461538461538464
32242,HyboNet,4,32,0.005,2,47,0.3700787401574803,0.9333333333333333,0.38461538461538464
32243,HyboNet,4,32,0.005,2,48,0.3543307086614173,0.9333333333333333,0.38461538461538464
32244,HyboNet,4,32,0.005,2,49,0.3779527559055118,0.9333333333333333,0.38461538461538464
32245,HyboNet,4,32,0.005,2,5,0.5354330708661418,0.6,0.5769230769230769
32246,HyboNet,4,32,0.005,2,50,0.3858267716535433,0.9333333333333333,0.38461538461538464
32247,HyboNet,4,32,0.005,2,51,0.4094488188976378,0.9666666666666667,0.38461538461538464
32248,HyboNet,4,32,0.005,2,52,0.41732283464566927,0.9666666666666667,0.38461538461538464
32249,HyboNet,4,32,0.005,2,53,0.4330708661417323,1.0,0.4230769230769231
32250,HyboNet,4,32,0.005,2,54,0.4566929133858268,0.9666666666666667,0.4230769230769231
32251,HyboNet,4,32,0.005,2,55,0.4409448818897638,0.9666666666666667,0.4230769230769231
32252,HyboNet,4,32,0.005,2,56,0.4251968503937008,0.9666666666666667,0.38461538461538464
32253,HyboNet,4,32,0.005,2,57,0.4330708661417323,0.9666666666666667,0.38461538461538464
32254,HyboNet,4,32,0.005,2,58,0.4251968503937008,0.9666666666666667,0.38461538461538464
32255,HyboNet,4,32,0.005,2,59,0.4251968503937008,0.9666666666666667,0.38461538461538464
32256,HyboNet,4,32,0.005,2,6,0.5354330708661418,0.6,0.5769230769230769
32257,HyboNet,4,32,0.005,2,60,0.44881889763779526,0.9666666666666667,0.4230769230769231
32258,HyboNet,4,32,0.005,2,61,0.4566929133858268,0.9666666666666667,0.4230769230769231
32259,HyboNet,4,32,0.005,2,62,0.44881889763779526,0.9666666666666667,0.4230769230769231
32260,HyboNet,4,32,0.005,2,63,0.4330708661417323,0.9666666666666667,0.4230769230769231
32261,HyboNet,4,32,0.005,2,64,0.4409448818897638,0.9666666666666667,0.4230769230769231
32262,HyboNet,4,32,0.005,2,65,0.4566929133858268,0.9666666666666667,0.38461538461538464
32263,HyboNet,4,32,0.005,2,66,0.4330708661417323,0.9666666666666667,0.38461538461538464
32264,HyboNet,4,32,0.005,2,67,0.44881889763779526,0.9666666666666667,0.38461538461538464
32265,HyboNet,4,32,0.005,2,68,0.44881889763779526,0.9666666666666667,0.38461538461538464
32266,HyboNet,4,32,0.005,2,69,0.4330708661417323,0.9666666666666667,0.38461538461538464
32267,HyboNet,4,32,0.005,2,7,0.5433070866141733,0.6666666666666666,0.5769230769230769
32268,HyboNet,4,32,0.005,2,70,0.4566929133858268,0.9666666666666667,0.4230769230769231
32269,HyboNet,4,32,0.005,2,71,0.4251968503937008,0.9666666666666667,0.4230769230769231
32270,HyboNet,4,32,0.005,2,72,0.4251968503937008,1.0,0.4230769230769231
32271,HyboNet,4,32,0.005,2,73,0.44881889763779526,1.0,0.4230769230769231
32272,HyboNet,4,32,0.005,2,74,0.4566929133858268,1.0,0.38461538461538464
32273,HyboNet,4,32,0.005,2,75,0.47244094488188976,1.0,0.38461538461538464
32274,HyboNet,4,32,0.005,2,76,0.44881889763779526,1.0,0.38461538461538464
32275,HyboNet,4,32,0.005,2,77,0.4409448818897638,1.0,0.38461538461538464
32276,HyboNet,4,32,0.005,2,78,0.4645669291338583,1.0,0.4230769230769231
32277,HyboNet,4,32,0.005,2,79,0.44881889763779526,1.0,0.38461538461538464
32278,HyboNet,4,32,0.005,2,8,0.5511811023622047,0.7,0.5
32279,HyboNet,4,32,0.005,2,80,0.4251968503937008,1.0,0.38461538461538464
32280,HyboNet,4,32,0.005,2,81,0.4015748031496063,1.0,0.38461538461538464
32281,HyboNet,4,32,0.005,2,82,0.3937007874015748,1.0,0.34615384615384615
32282,HyboNet,4,32,0.005,2,83,0.3937007874015748,1.0,0.34615384615384615
32283,HyboNet,4,32,0.005,2,84,0.4094488188976378,1.0,0.4230769230769231
32284,HyboNet,4,32,0.005,2,85,0.4251968503937008,1.0,0.38461538461538464
32285,HyboNet,4,32,0.005,2,86,0.4409448818897638,1.0,0.38461538461538464
32286,HyboNet,4,32,0.005,2,87,0.4409448818897638,1.0,0.38461538461538464
32287,HyboNet,4,32,0.005,2,88,0.4251968503937008,1.0,0.4230769230769231
32288,HyboNet,4,32,0.005,2,89,0.41732283464566927,1.0,0.4230769230769231
32289,HyboNet,4,32,0.005,2,9,0.5590551181102362,0.7,0.5384615384615384
32290,HyboNet,4,32,0.005,2,90,0.4330708661417323,1.0,0.38461538461538464
32291,HyboNet,4,32,0.005,2,91,0.4330708661417323,1.0,0.38461538461538464
32292,HyboNet,4,32,0.005,2,92,0.4330708661417323,1.0,0.38461538461538464
32293,HyboNet,4,32,0.005,2,93,0.4409448818897638,1.0,0.4230769230769231
32294,HyboNet,4,32,0.005,2,94,0.3937007874015748,1.0,0.4230769230769231
32295,HyboNet,4,32,0.005,2,95,0.4251968503937008,1.0,0.34615384615384615
32296,HyboNet,4,32,0.005,2,96,0.41732283464566927,1.0,0.38461538461538464
32297,HyboNet,4,32,0.005,2,97,0.4330708661417323,1.0,0.38461538461538464
32298,HyboNet,4,32,0.005,2,98,0.4330708661417323,1.0,0.34615384615384615
32299,HyboNet,4,32,0.005,2,99,0.41732283464566927,1.0,0.38461538461538464
32300,HyboNet,4,32,0.005,3,1,0.5354330708661418,0.6,0.5769230769230769
32301,HyboNet,4,32,0.005,3,10,0.5354330708661418,0.6,0.5769230769230769
32302,HyboNet,4,32,0.005,3,100,0.3858267716535433,1.0,0.2692307692307692
32303,HyboNet,4,32,0.005,3,11,0.5354330708661418,0.6,0.5769230769230769
32304,HyboNet,4,32,0.005,3,12,0.5354330708661418,0.6,0.5769230769230769
32305,HyboNet,4,32,0.005,3,13,0.5354330708661418,0.6,0.5769230769230769
32306,HyboNet,4,32,0.005,3,14,0.5354330708661418,0.6,0.5769230769230769
32307,HyboNet,4,32,0.005,3,15,0.5354330708661418,0.6,0.5769230769230769
32308,HyboNet,4,32,0.005,3,16,0.5354330708661418,0.6,0.5769230769230769
32309,HyboNet,4,32,0.005,3,17,0.5354330708661418,0.6,0.5769230769230769
32310,HyboNet,4,32,0.005,3,18,0.5354330708661418,0.6,0.5769230769230769
32311,HyboNet,4,32,0.005,3,19,0.5354330708661418,0.6,0.5769230769230769
32312,HyboNet,4,32,0.005,3,2,0.5354330708661418,0.6,0.5769230769230769
32313,HyboNet,4,32,0.005,3,20,0.5354330708661418,0.6,0.5769230769230769
32314,HyboNet,4,32,0.005,3,21,0.5354330708661418,0.6,0.5769230769230769
32315,HyboNet,4,32,0.005,3,22,0.5196850393700787,0.6333333333333333,0.5769230769230769
32316,HyboNet,4,32,0.005,3,23,0.5275590551181102,0.7333333333333333,0.5384615384615384
32317,HyboNet,4,32,0.005,3,24,0.5433070866141733,0.7333333333333333,0.5384615384615384
32318,HyboNet,4,32,0.005,3,25,0.5511811023622047,0.7666666666666667,0.5
32319,HyboNet,4,32,0.005,3,26,0.49606299212598426,0.7666666666666667,0.5
32320,HyboNet,4,32,0.005,3,27,0.49606299212598426,0.8,0.5
32321,HyboNet,4,32,0.005,3,28,0.4645669291338583,0.8,0.4230769230769231
32322,HyboNet,4,32,0.005,3,29,0.44881889763779526,0.9,0.4230769230769231
32323,HyboNet,4,32,0.005,3,3,0.5354330708661418,0.6,0.5769230769230769
32324,HyboNet,4,32,0.005,3,30,0.4566929133858268,0.9,0.4230769230769231
32325,HyboNet,4,32,0.005,3,31,0.4330708661417323,0.9,0.4230769230769231
32326,HyboNet,4,32,0.005,3,32,0.48031496062992124,0.9,0.46153846153846156
32327,HyboNet,4,32,0.005,3,33,0.47244094488188976,0.8666666666666667,0.4230769230769231
32328,HyboNet,4,32,0.005,3,34,0.4330708661417323,0.9333333333333333,0.4230769230769231
32329,HyboNet,4,32,0.005,3,35,0.44881889763779526,0.9333333333333333,0.46153846153846156
32330,HyboNet,4,32,0.005,3,36,0.44881889763779526,0.9,0.46153846153846156
32331,HyboNet,4,32,0.005,3,37,0.4409448818897638,0.9,0.46153846153846156
32332,HyboNet,4,32,0.005,3,38,0.4330708661417323,0.9,0.46153846153846156
32333,HyboNet,4,32,0.005,3,39,0.4409448818897638,0.9333333333333333,0.46153846153846156
32334,HyboNet,4,32,0.005,3,4,0.5354330708661418,0.6,0.5769230769230769
32335,HyboNet,4,32,0.005,3,40,0.4330708661417323,0.9666666666666667,0.46153846153846156
32336,HyboNet,4,32,0.005,3,41,0.4251968503937008,1.0,0.46153846153846156
32337,HyboNet,4,32,0.005,3,42,0.4566929133858268,0.9333333333333333,0.46153846153846156
32338,HyboNet,4,32,0.005,3,43,0.4566929133858268,0.9333333333333333,0.46153846153846156
32339,HyboNet,4,32,0.005,3,44,0.4330708661417323,1.0,0.46153846153846156
32340,HyboNet,4,32,0.005,3,45,0.4251968503937008,1.0,0.3076923076923077
32341,HyboNet,4,32,0.005,3,46,0.4409448818897638,0.9333333333333333,0.5
32342,HyboNet,4,32,0.005,3,47,0.4566929133858268,0.9,0.46153846153846156
32343,HyboNet,4,32,0.005,3,48,0.4251968503937008,0.9,0.5
32344,HyboNet,4,32,0.005,3,49,0.3937007874015748,0.9666666666666667,0.38461538461538464
32345,HyboNet,4,32,0.005,3,5,0.5354330708661418,0.6,0.5769230769230769
32346,HyboNet,4,32,0.005,3,50,0.36220472440944884,1.0,0.23076923076923078
32347,HyboNet,4,32,0.005,3,51,0.41732283464566927,1.0,0.34615384615384615
32348,HyboNet,4,32,0.005,3,52,0.4330708661417323,0.9666666666666667,0.4230769230769231
32349,HyboNet,4,32,0.005,3,53,0.4251968503937008,0.9333333333333333,0.4230769230769231
32350,HyboNet,4,32,0.005,3,54,0.4094488188976378,0.9333333333333333,0.5
32351,HyboNet,4,32,0.005,3,55,0.4015748031496063,1.0,0.4230769230769231
32352,HyboNet,4,32,0.005,3,56,0.3858267716535433,1.0,0.34615384615384615
32353,HyboNet,4,32,0.005,3,57,0.3858267716535433,1.0,0.38461538461538464
32354,HyboNet,4,32,0.005,3,58,0.4015748031496063,1.0,0.38461538461538464
32355,HyboNet,4,32,0.005,3,59,0.4015748031496063,1.0,0.34615384615384615
32356,HyboNet,4,32,0.005,3,6,0.5354330708661418,0.6,0.5769230769230769
32357,HyboNet,4,32,0.005,3,60,0.4251968503937008,1.0,0.34615384615384615
32358,HyboNet,4,32,0.005,3,61,0.4015748031496063,1.0,0.38461538461538464
32359,HyboNet,4,32,0.005,3,62,0.36220472440944884,1.0,0.4230769230769231
32360,HyboNet,4,32,0.005,3,63,0.3464566929133858,1.0,0.34615384615384615
32361,HyboNet,4,32,0.005,3,64,0.3937007874015748,1.0,0.34615384615384615
32362,HyboNet,4,32,0.005,3,65,0.41732283464566927,1.0,0.38461538461538464
32363,HyboNet,4,32,0.005,3,66,0.4015748031496063,1.0,0.34615384615384615
32364,HyboNet,4,32,0.005,3,67,0.4015748031496063,0.9666666666666667,0.46153846153846156
32365,HyboNet,4,32,0.005,3,68,0.4015748031496063,1.0,0.38461538461538464
32366,HyboNet,4,32,0.005,3,69,0.3937007874015748,1.0,0.38461538461538464
32367,HyboNet,4,32,0.005,3,7,0.5354330708661418,0.6,0.5769230769230769
32368,HyboNet,4,32,0.005,3,70,0.3228346456692913,1.0,0.19230769230769232
32369,HyboNet,4,32,0.005,3,71,0.3464566929133858,1.0,0.34615384615384615
32370,HyboNet,4,32,0.005,3,72,0.36220472440944884,1.0,0.38461538461538464
32371,HyboNet,4,32,0.005,3,73,0.4015748031496063,1.0,0.38461538461538464
32372,HyboNet,4,32,0.005,3,74,0.4015748031496063,1.0,0.38461538461538464
32373,HyboNet,4,32,0.005,3,75,0.3700787401574803,1.0,0.3076923076923077
32374,HyboNet,4,32,0.005,3,76,0.4094488188976378,1.0,0.38461538461538464
32375,HyboNet,4,32,0.005,3,77,0.3779527559055118,1.0,0.5
32376,HyboNet,4,32,0.005,3,78,0.33858267716535434,1.0,0.46153846153846156
32377,HyboNet,4,32,0.005,3,79,0.33858267716535434,1.0,0.5
32378,HyboNet,4,32,0.005,3,8,0.5354330708661418,0.6,0.5769230769230769
32379,HyboNet,4,32,0.005,3,80,0.4015748031496063,1.0,0.46153846153846156
32380,HyboNet,4,32,0.005,3,81,0.4251968503937008,1.0,0.38461538461538464
32381,HyboNet,4,32,0.005,3,82,0.4015748031496063,1.0,0.38461538461538464
32382,HyboNet,4,32,0.005,3,83,0.3937007874015748,1.0,0.38461538461538464
32383,HyboNet,4,32,0.005,3,84,0.3779527559055118,1.0,0.38461538461538464
32384,HyboNet,4,32,0.005,3,85,0.3779527559055118,1.0,0.38461538461538464
32385,HyboNet,4,32,0.005,3,86,0.4015748031496063,1.0,0.4230769230769231
32386,HyboNet,4,32,0.005,3,87,0.4015748031496063,1.0,0.5
32387,HyboNet,4,32,0.005,3,88,0.4015748031496063,1.0,0.46153846153846156
32388,HyboNet,4,32,0.005,3,89,0.4015748031496063,1.0,0.34615384615384615
32389,HyboNet,4,32,0.005,3,9,0.5354330708661418,0.6,0.5769230769230769
32390,HyboNet,4,32,0.005,3,90,0.3937007874015748,1.0,0.3076923076923077
32391,HyboNet,4,32,0.005,3,91,0.41732283464566927,1.0,0.34615384615384615
32392,HyboNet,4,32,0.005,3,92,0.3937007874015748,1.0,0.46153846153846156
32393,HyboNet,4,32,0.005,3,93,0.3779527559055118,1.0,0.46153846153846156
32394,HyboNet,4,32,0.005,3,94,0.36220472440944884,1.0,0.46153846153846156
32395,HyboNet,4,32,0.005,3,95,0.3858267716535433,1.0,0.4230769230769231
32396,HyboNet,4,32,0.005,3,96,0.4094488188976378,1.0,0.4230769230769231
32397,HyboNet,4,32,0.005,3,97,0.4094488188976378,1.0,0.38461538461538464
32398,HyboNet,4,32,0.005,3,98,0.41732283464566927,1.0,0.34615384615384615
32399,HyboNet,4,32,0.005,3,99,0.4015748031496063,1.0,0.34615384615384615
32400,HyboNet,4,32,0.005,4,1,0.5354330708661418,0.6,0.5769230769230769
32401,HyboNet,4,32,0.005,4,10,0.5354330708661418,0.6,0.5769230769230769
32402,HyboNet,4,32,0.005,4,100,0.4409448818897638,1.0,0.38461538461538464
32403,HyboNet,4,32,0.005,4,11,0.5354330708661418,0.6,0.5769230769230769
32404,HyboNet,4,32,0.005,4,12,0.5354330708661418,0.6,0.5769230769230769
32405,HyboNet,4,32,0.005,4,13,0.5354330708661418,0.6,0.5769230769230769
32406,HyboNet,4,32,0.005,4,14,0.5354330708661418,0.6,0.5769230769230769
32407,HyboNet,4,32,0.005,4,15,0.5354330708661418,0.6,0.5769230769230769
32408,HyboNet,4,32,0.005,4,16,0.5354330708661418,0.6,0.5769230769230769
32409,HyboNet,4,32,0.005,4,17,0.5354330708661418,0.6,0.5769230769230769
32410,HyboNet,4,32,0.005,4,18,0.5354330708661418,0.6,0.5769230769230769
32411,HyboNet,4,32,0.005,4,19,0.5354330708661418,0.6,0.5769230769230769
32412,HyboNet,4,32,0.005,4,2,0.5354330708661418,0.6,0.5769230769230769
32413,HyboNet,4,32,0.005,4,20,0.5354330708661418,0.6,0.5769230769230769
32414,HyboNet,4,32,0.005,4,21,0.5354330708661418,0.6333333333333333,0.5769230769230769
32415,HyboNet,4,32,0.005,4,22,0.5354330708661418,0.6333333333333333,0.5769230769230769
32416,HyboNet,4,32,0.005,4,23,0.5354330708661418,0.6333333333333333,0.5769230769230769
32417,HyboNet,4,32,0.005,4,24,0.5354330708661418,0.6666666666666666,0.5769230769230769
32418,HyboNet,4,32,0.005,4,25,0.5354330708661418,0.6666666666666666,0.5769230769230769
32419,HyboNet,4,32,0.005,4,26,0.5433070866141733,0.7,0.5769230769230769
32420,HyboNet,4,32,0.005,4,27,0.5433070866141733,0.7333333333333333,0.5384615384615384
32421,HyboNet,4,32,0.005,4,28,0.5511811023622047,0.7666666666666667,0.5384615384615384
32422,HyboNet,4,32,0.005,4,29,0.5196850393700787,0.7666666666666667,0.5
32423,HyboNet,4,32,0.005,4,3,0.5354330708661418,0.6,0.5769230769230769
32424,HyboNet,4,32,0.005,4,30,0.5196850393700787,0.8,0.5
32425,HyboNet,4,32,0.005,4,31,0.5196850393700787,0.8,0.5
32426,HyboNet,4,32,0.005,4,32,0.5196850393700787,0.7666666666666667,0.5
32427,HyboNet,4,32,0.005,4,33,0.5118110236220472,0.7666666666666667,0.46153846153846156
32428,HyboNet,4,32,0.005,4,34,0.5433070866141733,0.7666666666666667,0.46153846153846156
32429,HyboNet,4,32,0.005,4,35,0.5118110236220472,0.7666666666666667,0.46153846153846156
32430,HyboNet,4,32,0.005,4,36,0.49606299212598426,0.8,0.5
32431,HyboNet,4,32,0.005,4,37,0.5118110236220472,0.8666666666666667,0.5
32432,HyboNet,4,32,0.005,4,38,0.4881889763779528,0.8333333333333334,0.5
32433,HyboNet,4,32,0.005,4,39,0.49606299212598426,0.8666666666666667,0.5
32434,HyboNet,4,32,0.005,4,4,0.5275590551181102,0.7333333333333333,0.34615384615384615
32435,HyboNet,4,32,0.005,4,40,0.4881889763779528,0.8666666666666667,0.5
32436,HyboNet,4,32,0.005,4,41,0.49606299212598426,0.8333333333333334,0.5384615384615384
32437,HyboNet,4,32,0.005,4,42,0.48031496062992124,0.8333333333333334,0.5384615384615384
32438,HyboNet,4,32,0.005,4,43,0.47244094488188976,0.8333333333333334,0.5
32439,HyboNet,4,32,0.005,4,44,0.48031496062992124,0.8333333333333334,0.46153846153846156
32440,HyboNet,4,32,0.005,4,45,0.48031496062992124,0.8333333333333334,0.5384615384615384
32441,HyboNet,4,32,0.005,4,46,0.4881889763779528,0.8666666666666667,0.4230769230769231
32442,HyboNet,4,32,0.005,4,47,0.4881889763779528,0.8333333333333334,0.46153846153846156
32443,HyboNet,4,32,0.005,4,48,0.49606299212598426,0.8333333333333334,0.5384615384615384
32444,HyboNet,4,32,0.005,4,49,0.49606299212598426,0.8333333333333334,0.5384615384615384
32445,HyboNet,4,32,0.005,4,5,0.28346456692913385,0.4666666666666667,0.11538461538461539
32446,HyboNet,4,32,0.005,4,50,0.4881889763779528,0.8666666666666667,0.5384615384615384
32447,HyboNet,4,32,0.005,4,51,0.49606299212598426,0.8666666666666667,0.46153846153846156
32448,HyboNet,4,32,0.005,4,52,0.4881889763779528,0.8666666666666667,0.46153846153846156
32449,HyboNet,4,32,0.005,4,53,0.48031496062992124,0.9333333333333333,0.4230769230769231
32450,HyboNet,4,32,0.005,4,54,0.47244094488188976,0.9,0.38461538461538464
32451,HyboNet,4,32,0.005,4,55,0.4881889763779528,0.9666666666666667,0.46153846153846156
32452,HyboNet,4,32,0.005,4,56,0.48031496062992124,0.9666666666666667,0.46153846153846156
32453,HyboNet,4,32,0.005,4,57,0.47244094488188976,0.9666666666666667,0.46153846153846156
32454,HyboNet,4,32,0.005,4,58,0.4566929133858268,0.9333333333333333,0.34615384615384615
32455,HyboNet,4,32,0.005,4,59,0.4330708661417323,0.9666666666666667,0.34615384615384615
32456,HyboNet,4,32,0.005,4,6,0.29133858267716534,0.4666666666666667,0.15384615384615385
32457,HyboNet,4,32,0.005,4,60,0.4566929133858268,0.9,0.5
32458,HyboNet,4,32,0.005,4,61,0.4645669291338583,0.9333333333333333,0.5
32459,HyboNet,4,32,0.005,4,62,0.4566929133858268,0.9333333333333333,0.5
32460,HyboNet,4,32,0.005,4,63,0.4645669291338583,0.9666666666666667,0.5
32461,HyboNet,4,32,0.005,4,64,0.47244094488188976,0.9333333333333333,0.5384615384615384
32462,HyboNet,4,32,0.005,4,65,0.4645669291338583,0.9666666666666667,0.5
32463,HyboNet,4,32,0.005,4,66,0.4645669291338583,0.9666666666666667,0.46153846153846156
32464,HyboNet,4,32,0.005,4,67,0.4409448818897638,0.9666666666666667,0.38461538461538464
32465,HyboNet,4,32,0.005,4,68,0.4330708661417323,0.9333333333333333,0.2692307692307692
32466,HyboNet,4,32,0.005,4,69,0.4566929133858268,0.9333333333333333,0.4230769230769231
32467,HyboNet,4,32,0.005,4,7,0.5511811023622047,0.7333333333333333,0.5
32468,HyboNet,4,32,0.005,4,70,0.47244094488188976,0.9333333333333333,0.46153846153846156
32469,HyboNet,4,32,0.005,4,71,0.4566929133858268,0.9666666666666667,0.5
32470,HyboNet,4,32,0.005,4,72,0.4566929133858268,1.0,0.46153846153846156
32471,HyboNet,4,32,0.005,4,73,0.4566929133858268,1.0,0.46153846153846156
32472,HyboNet,4,32,0.005,4,74,0.4566929133858268,1.0,0.46153846153846156
32473,HyboNet,4,32,0.005,4,75,0.4566929133858268,1.0,0.46153846153846156
32474,HyboNet,4,32,0.005,4,76,0.4409448818897638,1.0,0.5
32475,HyboNet,4,32,0.005,4,77,0.4645669291338583,1.0,0.46153846153846156
32476,HyboNet,4,32,0.005,4,78,0.4566929133858268,1.0,0.46153846153846156
32477,HyboNet,4,32,0.005,4,79,0.4409448818897638,1.0,0.38461538461538464
32478,HyboNet,4,32,0.005,4,8,0.5354330708661418,0.6333333333333333,0.5769230769230769
32479,HyboNet,4,32,0.005,4,80,0.41732283464566927,1.0,0.3076923076923077
32480,HyboNet,4,32,0.005,4,81,0.41732283464566927,1.0,0.38461538461538464
32481,HyboNet,4,32,0.005,4,82,0.4409448818897638,1.0,0.38461538461538464
32482,HyboNet,4,32,0.005,4,83,0.4330708661417323,1.0,0.4230769230769231
32483,HyboNet,4,32,0.005,4,84,0.4251968503937008,1.0,0.38461538461538464
32484,HyboNet,4,32,0.005,4,85,0.4094488188976378,1.0,0.34615384615384615
32485,HyboNet,4,32,0.005,4,86,0.4409448818897638,1.0,0.38461538461538464
32486,HyboNet,4,32,0.005,4,87,0.4409448818897638,1.0,0.4230769230769231
32487,HyboNet,4,32,0.005,4,88,0.4409448818897638,1.0,0.4230769230769231
32488,HyboNet,4,32,0.005,4,89,0.44881889763779526,1.0,0.4230769230769231
32489,HyboNet,4,32,0.005,4,9,0.5354330708661418,0.6,0.5769230769230769
32490,HyboNet,4,32,0.005,4,90,0.41732283464566927,1.0,0.34615384615384615
32491,HyboNet,4,32,0.005,4,91,0.41732283464566927,1.0,0.34615384615384615
32492,HyboNet,4,32,0.005,4,92,0.41732283464566927,1.0,0.34615384615384615
32493,HyboNet,4,32,0.005,4,93,0.44881889763779526,1.0,0.38461538461538464
32494,HyboNet,4,32,0.005,4,94,0.4330708661417323,1.0,0.38461538461538464
32495,HyboNet,4,32,0.005,4,95,0.4409448818897638,1.0,0.34615384615384615
32496,HyboNet,4,32,0.005,4,96,0.4330708661417323,1.0,0.38461538461538464
32497,HyboNet,4,32,0.005,4,97,0.41732283464566927,1.0,0.38461538461538464
32498,HyboNet,4,32,0.005,4,98,0.41732283464566927,1.0,0.38461538461538464
32499,HyboNet,4,32,0.005,4,99,0.4251968503937008,1.0,0.38461538461538464
32500,HyboNet,4,32,0.005,5,1,0.5118110236220472,0.6666666666666666,0.6153846153846154
32501,HyboNet,4,32,0.005,5,10,0.5354330708661418,0.6,0.5769230769230769
32502,HyboNet,4,32,0.005,5,100,0.41732283464566927,1.0,0.4230769230769231
32503,HyboNet,4,32,0.005,5,11,0.5354330708661418,0.6,0.5769230769230769
32504,HyboNet,4,32,0.005,5,12,0.5354330708661418,0.6,0.5769230769230769
32505,HyboNet,4,32,0.005,5,13,0.5354330708661418,0.7,0.5769230769230769
32506,HyboNet,4,32,0.005,5,14,0.5433070866141733,0.7333333333333333,0.5769230769230769
32507,HyboNet,4,32,0.005,5,15,0.5511811023622047,0.7333333333333333,0.5769230769230769
32508,HyboNet,4,32,0.005,5,16,0.5433070866141733,0.7333333333333333,0.5769230769230769
32509,HyboNet,4,32,0.005,5,17,0.5433070866141733,0.7333333333333333,0.5769230769230769
32510,HyboNet,4,32,0.005,5,18,0.5433070866141733,0.7666666666666667,0.5769230769230769
32511,HyboNet,4,32,0.005,5,19,0.5354330708661418,0.7666666666666667,0.5
32512,HyboNet,4,32,0.005,5,2,0.5354330708661418,0.6,0.5769230769230769
32513,HyboNet,4,32,0.005,5,20,0.5275590551181102,0.7666666666666667,0.5384615384615384
32514,HyboNet,4,32,0.005,5,21,0.5354330708661418,0.7666666666666667,0.5
32515,HyboNet,4,32,0.005,5,22,0.5275590551181102,0.7666666666666667,0.5
32516,HyboNet,4,32,0.005,5,23,0.5275590551181102,0.7666666666666667,0.5
32517,HyboNet,4,32,0.005,5,24,0.5196850393700787,0.8,0.5384615384615384
32518,HyboNet,4,32,0.005,5,25,0.4881889763779528,0.8666666666666667,0.5
32519,HyboNet,4,32,0.005,5,26,0.49606299212598426,0.8666666666666667,0.5
32520,HyboNet,4,32,0.005,5,27,0.5118110236220472,0.8,0.5384615384615384
32521,HyboNet,4,32,0.005,5,28,0.5196850393700787,0.8,0.5384615384615384
32522,HyboNet,4,32,0.005,5,29,0.5118110236220472,0.8333333333333334,0.5
32523,HyboNet,4,32,0.005,5,3,0.5354330708661418,0.6,0.5769230769230769
32524,HyboNet,4,32,0.005,5,30,0.4881889763779528,0.8666666666666667,0.5
32525,HyboNet,4,32,0.005,5,31,0.5118110236220472,0.8666666666666667,0.5384615384615384
32526,HyboNet,4,32,0.005,5,32,0.5196850393700787,0.8666666666666667,0.5384615384615384
32527,HyboNet,4,32,0.005,5,33,0.49606299212598426,0.8666666666666667,0.5384615384615384
32528,HyboNet,4,32,0.005,5,34,0.49606299212598426,0.8666666666666667,0.5
32529,HyboNet,4,32,0.005,5,35,0.49606299212598426,0.8,0.5384615384615384
32530,HyboNet,4,32,0.005,5,36,0.5039370078740157,0.8333333333333334,0.5384615384615384
32531,HyboNet,4,32,0.005,5,37,0.5118110236220472,0.9,0.5384615384615384
32532,HyboNet,4,32,0.005,5,38,0.5275590551181102,0.9333333333333333,0.5384615384615384
32533,HyboNet,4,32,0.005,5,39,0.5196850393700787,0.9333333333333333,0.5384615384615384
32534,HyboNet,4,32,0.005,5,4,0.5354330708661418,0.6,0.5769230769230769
32535,HyboNet,4,32,0.005,5,40,0.5196850393700787,0.9,0.5384615384615384
32536,HyboNet,4,32,0.005,5,41,0.5118110236220472,0.9333333333333333,0.5384615384615384
32537,HyboNet,4,32,0.005,5,42,0.5196850393700787,0.9333333333333333,0.5384615384615384
32538,HyboNet,4,32,0.005,5,43,0.49606299212598426,0.9,0.5
32539,HyboNet,4,32,0.005,5,44,0.5039370078740157,0.9333333333333333,0.5
32540,HyboNet,4,32,0.005,5,45,0.5118110236220472,0.9333333333333333,0.5384615384615384
32541,HyboNet,4,32,0.005,5,46,0.5039370078740157,0.9333333333333333,0.5
32542,HyboNet,4,32,0.005,5,47,0.5196850393700787,0.9333333333333333,0.5769230769230769
32543,HyboNet,4,32,0.005,5,48,0.5118110236220472,0.9333333333333333,0.5384615384615384
32544,HyboNet,4,32,0.005,5,49,0.5118110236220472,0.9333333333333333,0.5769230769230769
32545,HyboNet,4,32,0.005,5,5,0.5354330708661418,0.6,0.5769230769230769
32546,HyboNet,4,32,0.005,5,50,0.5039370078740157,0.9333333333333333,0.5384615384615384
32547,HyboNet,4,32,0.005,5,51,0.4566929133858268,0.9333333333333333,0.46153846153846156
32548,HyboNet,4,32,0.005,5,52,0.4409448818897638,0.9333333333333333,0.46153846153846156
32549,HyboNet,4,32,0.005,5,53,0.48031496062992124,0.9666666666666667,0.5384615384615384
32550,HyboNet,4,32,0.005,5,54,0.5118110236220472,0.9333333333333333,0.5769230769230769
32551,HyboNet,4,32,0.005,5,55,0.5039370078740157,0.9333333333333333,0.6153846153846154
32552,HyboNet,4,32,0.005,5,56,0.4881889763779528,0.9333333333333333,0.5769230769230769
32553,HyboNet,4,32,0.005,5,57,0.4330708661417323,0.9333333333333333,0.5384615384615384
32554,HyboNet,4,32,0.005,5,58,0.4094488188976378,0.9666666666666667,0.5
32555,HyboNet,4,32,0.005,5,59,0.4330708661417323,0.9666666666666667,0.5384615384615384
32556,HyboNet,4,32,0.005,5,6,0.5354330708661418,0.6,0.5769230769230769
32557,HyboNet,4,32,0.005,5,60,0.47244094488188976,0.9333333333333333,0.5384615384615384
32558,HyboNet,4,32,0.005,5,61,0.4645669291338583,0.9333333333333333,0.5769230769230769
32559,HyboNet,4,32,0.005,5,62,0.44881889763779526,0.9333333333333333,0.5769230769230769
32560,HyboNet,4,32,0.005,5,63,0.4566929133858268,0.9333333333333333,0.5
32561,HyboNet,4,32,0.005,5,64,0.4330708661417323,0.9333333333333333,0.4230769230769231
32562,HyboNet,4,32,0.005,5,65,0.44881889763779526,0.9666666666666667,0.46153846153846156
32563,HyboNet,4,32,0.005,5,66,0.47244094488188976,0.9333333333333333,0.5769230769230769
32564,HyboNet,4,32,0.005,5,67,0.49606299212598426,0.9333333333333333,0.5769230769230769
32565,HyboNet,4,32,0.005,5,68,0.44881889763779526,0.9666666666666667,0.5384615384615384
32566,HyboNet,4,32,0.005,5,69,0.4330708661417323,1.0,0.5384615384615384
32567,HyboNet,4,32,0.005,5,7,0.5354330708661418,0.6,0.5769230769230769
32568,HyboNet,4,32,0.005,5,70,0.41732283464566927,1.0,0.5384615384615384
32569,HyboNet,4,32,0.005,5,71,0.41732283464566927,1.0,0.5384615384615384
32570,HyboNet,4,32,0.005,5,72,0.4330708661417323,0.9666666666666667,0.4230769230769231
32571,HyboNet,4,32,0.005,5,73,0.4094488188976378,0.9666666666666667,0.4230769230769231
32572,HyboNet,4,32,0.005,5,74,0.47244094488188976,0.9666666666666667,0.5384615384615384
32573,HyboNet,4,32,0.005,5,75,0.4645669291338583,1.0,0.5384615384615384
32574,HyboNet,4,32,0.005,5,76,0.4566929133858268,1.0,0.5384615384615384
32575,HyboNet,4,32,0.005,5,77,0.4645669291338583,1.0,0.5384615384615384
32576,HyboNet,4,32,0.005,5,78,0.44881889763779526,1.0,0.5384615384615384
32577,HyboNet,4,32,0.005,5,79,0.4094488188976378,1.0,0.4230769230769231
32578,HyboNet,4,32,0.005,5,8,0.5354330708661418,0.6,0.5769230769230769
32579,HyboNet,4,32,0.005,5,80,0.4094488188976378,1.0,0.38461538461538464
32580,HyboNet,4,32,0.005,5,81,0.4409448818897638,1.0,0.5384615384615384
32581,HyboNet,4,32,0.005,5,82,0.4409448818897638,1.0,0.5769230769230769
32582,HyboNet,4,32,0.005,5,83,0.44881889763779526,1.0,0.5384615384615384
32583,HyboNet,4,32,0.005,5,84,0.4566929133858268,1.0,0.5384615384615384
32584,HyboNet,4,32,0.005,5,85,0.4645669291338583,1.0,0.5769230769230769
32585,HyboNet,4,32,0.005,5,86,0.48031496062992124,1.0,0.5769230769230769
32586,HyboNet,4,32,0.005,5,87,0.4566929133858268,1.0,0.5384615384615384
32587,HyboNet,4,32,0.005,5,88,0.44881889763779526,1.0,0.5
32588,HyboNet,4,32,0.005,5,89,0.4409448818897638,1.0,0.4230769230769231
32589,HyboNet,4,32,0.005,5,9,0.5354330708661418,0.6,0.5769230769230769
32590,HyboNet,4,32,0.005,5,90,0.4330708661417323,1.0,0.5384615384615384
32591,HyboNet,4,32,0.005,5,91,0.4409448818897638,1.0,0.5769230769230769
32592,HyboNet,4,32,0.005,5,92,0.4251968503937008,1.0,0.5384615384615384
32593,HyboNet,4,32,0.005,5,93,0.4330708661417323,1.0,0.4230769230769231
32594,HyboNet,4,32,0.005,5,94,0.41732283464566927,1.0,0.46153846153846156
32595,HyboNet,4,32,0.005,5,95,0.4330708661417323,1.0,0.5769230769230769
32596,HyboNet,4,32,0.005,5,96,0.4409448818897638,1.0,0.5769230769230769
32597,HyboNet,4,32,0.005,5,97,0.4251968503937008,1.0,0.5769230769230769
32598,HyboNet,4,32,0.005,5,98,0.41732283464566927,1.0,0.5384615384615384
32599,HyboNet,4,32,0.005,5,99,0.4094488188976378,1.0,0.4230769230769231
32600,HyboNet,4,32,0.005,6,1,0.5354330708661418,0.6,0.5769230769230769
32601,HyboNet,4,32,0.005,6,10,0.4330708661417323,0.8,0.38461538461538464
32602,HyboNet,4,32,0.005,6,100,0.4409448818897638,1.0,0.4230769230769231
32603,HyboNet,4,32,0.005,6,11,0.49606299212598426,0.8,0.5
32604,HyboNet,4,32,0.005,6,12,0.5590551181102362,0.7666666666666667,0.5
32605,HyboNet,4,32,0.005,6,13,0.5590551181102362,0.7666666666666667,0.5
32606,HyboNet,4,32,0.005,6,14,0.5275590551181102,0.8,0.4230769230769231
32607,HyboNet,4,32,0.005,6,15,0.4015748031496063,0.8,0.38461538461538464
32608,HyboNet,4,32,0.005,6,16,0.4015748031496063,0.8,0.38461538461538464
32609,HyboNet,4,32,0.005,6,17,0.44881889763779526,0.8,0.46153846153846156
32610,HyboNet,4,32,0.005,6,18,0.4566929133858268,0.8666666666666667,0.5
32611,HyboNet,4,32,0.005,6,19,0.4645669291338583,0.8666666666666667,0.5
32612,HyboNet,4,32,0.005,6,2,0.5354330708661418,0.6,0.5769230769230769
32613,HyboNet,4,32,0.005,6,20,0.44881889763779526,0.8666666666666667,0.46153846153846156
32614,HyboNet,4,32,0.005,6,21,0.4330708661417323,0.8,0.46153846153846156
32615,HyboNet,4,32,0.005,6,22,0.41732283464566927,0.8666666666666667,0.4230769230769231
32616,HyboNet,4,32,0.005,6,23,0.4094488188976378,0.8666666666666667,0.4230769230769231
32617,HyboNet,4,32,0.005,6,24,0.4015748031496063,0.9,0.38461538461538464
32618,HyboNet,4,32,0.005,6,25,0.3937007874015748,0.9,0.38461538461538464
32619,HyboNet,4,32,0.005,6,26,0.3779527559055118,0.9333333333333333,0.38461538461538464
32620,HyboNet,4,32,0.005,6,27,0.3779527559055118,0.9333333333333333,0.38461538461538464
32621,HyboNet,4,32,0.005,6,28,0.3937007874015748,0.9,0.4230769230769231
32622,HyboNet,4,32,0.005,6,29,0.3858267716535433,0.9333333333333333,0.4230769230769231
32623,HyboNet,4,32,0.005,6,3,0.5354330708661418,0.6333333333333333,0.5384615384615384
32624,HyboNet,4,32,0.005,6,30,0.36220472440944884,0.9666666666666667,0.4230769230769231
32625,HyboNet,4,32,0.005,6,31,0.3543307086614173,0.9666666666666667,0.38461538461538464
32626,HyboNet,4,32,0.005,6,32,0.3858267716535433,0.9666666666666667,0.4230769230769231
32627,HyboNet,4,32,0.005,6,33,0.36220472440944884,0.9666666666666667,0.4230769230769231
32628,HyboNet,4,32,0.005,6,34,0.36220472440944884,1.0,0.34615384615384615
32629,HyboNet,4,32,0.005,6,35,0.3779527559055118,1.0,0.4230769230769231
32630,HyboNet,4,32,0.005,6,36,0.4330708661417323,0.9666666666666667,0.4230769230769231
32631,HyboNet,4,32,0.005,6,37,0.4330708661417323,1.0,0.4230769230769231
32632,HyboNet,4,32,0.005,6,38,0.3937007874015748,1.0,0.4230769230769231
32633,HyboNet,4,32,0.005,6,39,0.3543307086614173,1.0,0.38461538461538464
32634,HyboNet,4,32,0.005,6,4,0.4330708661417323,0.6666666666666666,0.2692307692307692
32635,HyboNet,4,32,0.005,6,40,0.33858267716535434,1.0,0.34615384615384615
32636,HyboNet,4,32,0.005,6,41,0.33858267716535434,1.0,0.38461538461538464
32637,HyboNet,4,32,0.005,6,42,0.33858267716535434,1.0,0.38461538461538464
32638,HyboNet,4,32,0.005,6,43,0.3464566929133858,1.0,0.38461538461538464
32639,HyboNet,4,32,0.005,6,44,0.3543307086614173,1.0,0.38461538461538464
32640,HyboNet,4,32,0.005,6,45,0.3700787401574803,1.0,0.38461538461538464
32641,HyboNet,4,32,0.005,6,46,0.3700787401574803,1.0,0.38461538461538464
32642,HyboNet,4,32,0.005,6,47,0.3779527559055118,1.0,0.4230769230769231
32643,HyboNet,4,32,0.005,6,48,0.3779527559055118,1.0,0.4230769230769231
32644,HyboNet,4,32,0.005,6,49,0.3779527559055118,1.0,0.38461538461538464
32645,HyboNet,4,32,0.005,6,5,0.5196850393700787,0.6666666666666666,0.5384615384615384
32646,HyboNet,4,32,0.005,6,50,0.3464566929133858,1.0,0.38461538461538464
32647,HyboNet,4,32,0.005,6,51,0.3464566929133858,1.0,0.4230769230769231
32648,HyboNet,4,32,0.005,6,52,0.36220472440944884,1.0,0.4230769230769231
32649,HyboNet,4,32,0.005,6,53,0.36220472440944884,1.0,0.38461538461538464
32650,HyboNet,4,32,0.005,6,54,0.33858267716535434,1.0,0.34615384615384615
32651,HyboNet,4,32,0.005,6,55,0.3464566929133858,1.0,0.38461538461538464
32652,HyboNet,4,32,0.005,6,56,0.3543307086614173,1.0,0.34615384615384615
32653,HyboNet,4,32,0.005,6,57,0.3937007874015748,1.0,0.4230769230769231
32654,HyboNet,4,32,0.005,6,58,0.3937007874015748,1.0,0.4230769230769231
32655,HyboNet,4,32,0.005,6,59,0.3779527559055118,1.0,0.4230769230769231
32656,HyboNet,4,32,0.005,6,6,0.5433070866141733,0.6333333333333333,0.5769230769230769
32657,HyboNet,4,32,0.005,6,60,0.3543307086614173,1.0,0.38461538461538464
32658,HyboNet,4,32,0.005,6,61,0.3543307086614173,0.9666666666666667,0.3076923076923077
32659,HyboNet,4,32,0.005,6,62,0.3543307086614173,1.0,0.34615384615384615
32660,HyboNet,4,32,0.005,6,63,0.3543307086614173,1.0,0.46153846153846156
32661,HyboNet,4,32,0.005,6,64,0.3700787401574803,1.0,0.46153846153846156
32662,HyboNet,4,32,0.005,6,65,0.36220472440944884,1.0,0.46153846153846156
32663,HyboNet,4,32,0.005,6,66,0.3543307086614173,1.0,0.46153846153846156
32664,HyboNet,4,32,0.005,6,67,0.33858267716535434,1.0,0.3076923076923077
32665,HyboNet,4,32,0.005,6,68,0.33858267716535434,1.0,0.23076923076923078
32666,HyboNet,4,32,0.005,6,69,0.3464566929133858,1.0,0.38461538461538464
32667,HyboNet,4,32,0.005,6,7,0.5433070866141733,0.6333333333333333,0.5769230769230769
32668,HyboNet,4,32,0.005,6,70,0.4094488188976378,1.0,0.46153846153846156
32669,HyboNet,4,32,0.005,6,71,0.4330708661417323,1.0,0.38461538461538464
32670,HyboNet,4,32,0.005,6,72,0.44881889763779526,1.0,0.4230769230769231
32671,HyboNet,4,32,0.005,6,73,0.4330708661417323,1.0,0.38461538461538464
32672,HyboNet,4,32,0.005,6,74,0.4015748031496063,0.9666666666666667,0.38461538461538464
32673,HyboNet,4,32,0.005,6,75,0.4015748031496063,1.0,0.4230769230769231
32674,HyboNet,4,32,0.005,6,76,0.4015748031496063,1.0,0.46153846153846156
32675,HyboNet,4,32,0.005,6,77,0.4094488188976378,1.0,0.46153846153846156
32676,HyboNet,4,32,0.005,6,78,0.3779527559055118,1.0,0.38461538461538464
32677,HyboNet,4,32,0.005,6,79,0.3937007874015748,1.0,0.38461538461538464
32678,HyboNet,4,32,0.005,6,8,0.5354330708661418,0.6333333333333333,0.5384615384615384
32679,HyboNet,4,32,0.005,6,80,0.3464566929133858,1.0,0.4230769230769231
32680,HyboNet,4,32,0.005,6,81,0.30708661417322836,1.0,0.34615384615384615
32681,HyboNet,4,32,0.005,6,82,0.33070866141732286,1.0,0.34615384615384615
32682,HyboNet,4,32,0.005,6,83,0.33070866141732286,1.0,0.34615384615384615
32683,HyboNet,4,32,0.005,6,84,0.33858267716535434,1.0,0.38461538461538464
32684,HyboNet,4,32,0.005,6,85,0.3700787401574803,1.0,0.46153846153846156
32685,HyboNet,4,32,0.005,6,86,0.41732283464566927,1.0,0.46153846153846156
32686,HyboNet,4,32,0.005,6,87,0.4251968503937008,1.0,0.46153846153846156
32687,HyboNet,4,32,0.005,6,88,0.4330708661417323,1.0,0.4230769230769231
32688,HyboNet,4,32,0.005,6,89,0.4566929133858268,1.0,0.38461538461538464
32689,HyboNet,4,32,0.005,6,9,0.5354330708661418,0.8,0.46153846153846156
32690,HyboNet,4,32,0.005,6,90,0.44881889763779526,1.0,0.38461538461538464
32691,HyboNet,4,32,0.005,6,91,0.4409448818897638,1.0,0.38461538461538464
32692,HyboNet,4,32,0.005,6,92,0.4409448818897638,1.0,0.4230769230769231
32693,HyboNet,4,32,0.005,6,93,0.4251968503937008,1.0,0.4230769230769231
32694,HyboNet,4,32,0.005,6,94,0.3937007874015748,1.0,0.38461538461538464
32695,HyboNet,4,32,0.005,6,95,0.4015748031496063,1.0,0.4230769230769231
32696,HyboNet,4,32,0.005,6,96,0.41732283464566927,1.0,0.5
32697,HyboNet,4,32,0.005,6,97,0.41732283464566927,1.0,0.46153846153846156
32698,HyboNet,4,32,0.005,6,98,0.4015748031496063,1.0,0.46153846153846156
32699,HyboNet,4,32,0.005,6,99,0.41732283464566927,1.0,0.5
32700,HyboNet,4,32,0.005,7,1,0.5354330708661418,0.6,0.5769230769230769
32701,HyboNet,4,32,0.005,7,10,0.5511811023622047,0.7666666666666667,0.5769230769230769
32702,HyboNet,4,32,0.005,7,100,0.33070866141732286,1.0,0.3076923076923077
32703,HyboNet,4,32,0.005,7,11,0.4645669291338583,0.7333333333333333,0.5
32704,HyboNet,4,32,0.005,7,12,0.4409448818897638,0.7333333333333333,0.5
32705,HyboNet,4,32,0.005,7,13,0.49606299212598426,0.8,0.5384615384615384
32706,HyboNet,4,32,0.005,7,14,0.5511811023622047,0.7666666666666667,0.5769230769230769
32707,HyboNet,4,32,0.005,7,15,0.5433070866141733,0.7666666666666667,0.5769230769230769
32708,HyboNet,4,32,0.005,7,16,0.5669291338582677,0.7666666666666667,0.5384615384615384
32709,HyboNet,4,32,0.005,7,17,0.5118110236220472,0.8,0.5
32710,HyboNet,4,32,0.005,7,18,0.4645669291338583,0.7666666666666667,0.5
32711,HyboNet,4,32,0.005,7,19,0.4881889763779528,0.8,0.5384615384615384
32712,HyboNet,4,32,0.005,7,2,0.5354330708661418,0.6,0.5769230769230769
32713,HyboNet,4,32,0.005,7,20,0.48031496062992124,0.8,0.5
32714,HyboNet,4,32,0.005,7,21,0.5118110236220472,0.8,0.5
32715,HyboNet,4,32,0.005,7,22,0.49606299212598426,0.8666666666666667,0.5
32716,HyboNet,4,32,0.005,7,23,0.4566929133858268,0.9,0.5384615384615384
32717,HyboNet,4,32,0.005,7,24,0.4330708661417323,0.8666666666666667,0.5
32718,HyboNet,4,32,0.005,7,25,0.44881889763779526,0.9333333333333333,0.5769230769230769
32719,HyboNet,4,32,0.005,7,26,0.4566929133858268,0.9,0.5384615384615384
32720,HyboNet,4,32,0.005,7,27,0.4881889763779528,0.9,0.5
32721,HyboNet,4,32,0.005,7,28,0.47244094488188976,0.9,0.5384615384615384
32722,HyboNet,4,32,0.005,7,29,0.4645669291338583,0.9333333333333333,0.5384615384615384
32723,HyboNet,4,32,0.005,7,3,0.5354330708661418,0.6,0.5769230769230769
32724,HyboNet,4,32,0.005,7,30,0.4409448818897638,0.9,0.46153846153846156
32725,HyboNet,4,32,0.005,7,31,0.44881889763779526,0.9333333333333333,0.46153846153846156
32726,HyboNet,4,32,0.005,7,32,0.4094488188976378,0.9333333333333333,0.5
32727,HyboNet,4,32,0.005,7,33,0.41732283464566927,0.9333333333333333,0.5
32728,HyboNet,4,32,0.005,7,34,0.4094488188976378,0.9333333333333333,0.4230769230769231
32729,HyboNet,4,32,0.005,7,35,0.41732283464566927,0.9333333333333333,0.4230769230769231
32730,HyboNet,4,32,0.005,7,36,0.4251968503937008,0.9333333333333333,0.46153846153846156
32731,HyboNet,4,32,0.005,7,37,0.4251968503937008,0.9333333333333333,0.4230769230769231
32732,HyboNet,4,32,0.005,7,38,0.4094488188976378,0.9333333333333333,0.4230769230769231
32733,HyboNet,4,32,0.005,7,39,0.44881889763779526,0.9333333333333333,0.5
32734,HyboNet,4,32,0.005,7,4,0.4881889763779528,0.8,0.46153846153846156
32735,HyboNet,4,32,0.005,7,40,0.4566929133858268,0.9333333333333333,0.46153846153846156
32736,HyboNet,4,32,0.005,7,41,0.4409448818897638,0.9666666666666667,0.5
32737,HyboNet,4,32,0.005,7,42,0.4330708661417323,1.0,0.34615384615384615
32738,HyboNet,4,32,0.005,7,43,0.41732283464566927,1.0,0.34615384615384615
32739,HyboNet,4,32,0.005,7,44,0.4251968503937008,1.0,0.34615384615384615
32740,HyboNet,4,32,0.005,7,45,0.4015748031496063,1.0,0.34615384615384615
32741,HyboNet,4,32,0.005,7,46,0.4330708661417323,0.9333333333333333,0.38461538461538464
32742,HyboNet,4,32,0.005,7,47,0.44881889763779526,0.9333333333333333,0.4230769230769231
32743,HyboNet,4,32,0.005,7,48,0.44881889763779526,0.9666666666666667,0.46153846153846156
32744,HyboNet,4,32,0.005,7,49,0.4330708661417323,1.0,0.46153846153846156
32745,HyboNet,4,32,0.005,7,5,0.5196850393700787,0.8,0.46153846153846156
32746,HyboNet,4,32,0.005,7,50,0.4251968503937008,1.0,0.34615384615384615
32747,HyboNet,4,32,0.005,7,51,0.4409448818897638,1.0,0.34615384615384615
32748,HyboNet,4,32,0.005,7,52,0.4409448818897638,1.0,0.34615384615384615
32749,HyboNet,4,32,0.005,7,53,0.4015748031496063,1.0,0.34615384615384615
32750,HyboNet,4,32,0.005,7,54,0.4015748031496063,1.0,0.34615384615384615
32751,HyboNet,4,32,0.005,7,55,0.41732283464566927,1.0,0.34615384615384615
32752,HyboNet,4,32,0.005,7,56,0.4094488188976378,1.0,0.3076923076923077
32753,HyboNet,4,32,0.005,7,57,0.4015748031496063,1.0,0.3076923076923077
32754,HyboNet,4,32,0.005,7,58,0.3779527559055118,1.0,0.3076923076923077
32755,HyboNet,4,32,0.005,7,59,0.3779527559055118,1.0,0.3076923076923077
32756,HyboNet,4,32,0.005,7,6,0.5275590551181102,0.6333333333333333,0.5769230769230769
32757,HyboNet,4,32,0.005,7,60,0.3858267716535433,1.0,0.3076923076923077
32758,HyboNet,4,32,0.005,7,61,0.3937007874015748,1.0,0.3076923076923077
32759,HyboNet,4,32,0.005,7,62,0.3779527559055118,1.0,0.3076923076923077
32760,HyboNet,4,32,0.005,7,63,0.3700787401574803,1.0,0.3076923076923077
32761,HyboNet,4,32,0.005,7,64,0.3858267716535433,1.0,0.3076923076923077
32762,HyboNet,4,32,0.005,7,65,0.3779527559055118,1.0,0.3076923076923077
32763,HyboNet,4,32,0.005,7,66,0.3700787401574803,1.0,0.3076923076923077
32764,HyboNet,4,32,0.005,7,67,0.3779527559055118,1.0,0.2692307692307692
32765,HyboNet,4,32,0.005,7,68,0.3543307086614173,1.0,0.2692307692307692
32766,HyboNet,4,32,0.005,7,69,0.4015748031496063,1.0,0.3076923076923077
32767,HyboNet,4,32,0.005,7,7,0.5354330708661418,0.6,0.5769230769230769
32768,HyboNet,4,32,0.005,7,70,0.3937007874015748,1.0,0.3076923076923077
32769,HyboNet,4,32,0.005,7,71,0.3937007874015748,1.0,0.3076923076923077
32770,HyboNet,4,32,0.005,7,72,0.4094488188976378,1.0,0.3076923076923077
32771,HyboNet,4,32,0.005,7,73,0.3858267716535433,1.0,0.3076923076923077
32772,HyboNet,4,32,0.005,7,74,0.3858267716535433,1.0,0.3076923076923077
32773,HyboNet,4,32,0.005,7,75,0.3937007874015748,1.0,0.3076923076923077
32774,HyboNet,4,32,0.005,7,76,0.4094488188976378,1.0,0.34615384615384615
32775,HyboNet,4,32,0.005,7,77,0.4094488188976378,1.0,0.3076923076923077
32776,HyboNet,4,32,0.005,7,78,0.4015748031496063,1.0,0.3076923076923077
32777,HyboNet,4,32,0.005,7,79,0.4015748031496063,1.0,0.3076923076923077
32778,HyboNet,4,32,0.005,7,8,0.5354330708661418,0.6,0.5769230769230769
32779,HyboNet,4,32,0.005,7,80,0.3937007874015748,1.0,0.3076923076923077
32780,HyboNet,4,32,0.005,7,81,0.3937007874015748,1.0,0.3076923076923077
32781,HyboNet,4,32,0.005,7,82,0.3937007874015748,1.0,0.3076923076923077
32782,HyboNet,4,32,0.005,7,83,0.4015748031496063,1.0,0.3076923076923077
32783,HyboNet,4,32,0.005,7,84,0.3858267716535433,1.0,0.3076923076923077
32784,HyboNet,4,32,0.005,7,85,0.36220472440944884,1.0,0.2692307692307692
32785,HyboNet,4,32,0.005,7,86,0.4094488188976378,1.0,0.3076923076923077
32786,HyboNet,4,32,0.005,7,87,0.4015748031496063,1.0,0.34615384615384615
32787,HyboNet,4,32,0.005,7,88,0.4015748031496063,1.0,0.38461538461538464
32788,HyboNet,4,32,0.005,7,89,0.3937007874015748,1.0,0.38461538461538464
32789,HyboNet,4,32,0.005,7,9,0.5275590551181102,0.6666666666666666,0.5769230769230769
32790,HyboNet,4,32,0.005,7,90,0.4015748031496063,1.0,0.3076923076923077
32791,HyboNet,4,32,0.005,7,91,0.3858267716535433,1.0,0.3076923076923077
32792,HyboNet,4,32,0.005,7,92,0.3858267716535433,1.0,0.34615384615384615
32793,HyboNet,4,32,0.005,7,93,0.4094488188976378,1.0,0.34615384615384615
32794,HyboNet,4,32,0.005,7,94,0.4094488188976378,1.0,0.38461538461538464
32795,HyboNet,4,32,0.005,7,95,0.41732283464566927,1.0,0.34615384615384615
32796,HyboNet,4,32,0.005,7,96,0.4015748031496063,1.0,0.34615384615384615
32797,HyboNet,4,32,0.005,7,97,0.3858267716535433,1.0,0.3076923076923077
32798,HyboNet,4,32,0.005,7,98,0.3700787401574803,1.0,0.3076923076923077
32799,HyboNet,4,32,0.005,7,99,0.3464566929133858,1.0,0.34615384615384615
32800,HyboNet,4,32,0.005,8,1,0.5354330708661418,0.6,0.5769230769230769
32801,HyboNet,4,32,0.005,8,10,0.5275590551181102,0.6666666666666666,0.5769230769230769
32802,HyboNet,4,32,0.005,8,100,0.4330708661417323,1.0,0.5
32803,HyboNet,4,32,0.005,8,11,0.5275590551181102,0.6666666666666666,0.5769230769230769
32804,HyboNet,4,32,0.005,8,12,0.5275590551181102,0.7333333333333333,0.5769230769230769
32805,HyboNet,4,32,0.005,8,13,0.5275590551181102,0.7666666666666667,0.5
32806,HyboNet,4,32,0.005,8,14,0.5354330708661418,0.7666666666666667,0.5384615384615384
32807,HyboNet,4,32,0.005,8,15,0.5275590551181102,0.7666666666666667,0.5384615384615384
32808,HyboNet,4,32,0.005,8,16,0.5433070866141733,0.7666666666666667,0.5384615384615384
32809,HyboNet,4,32,0.005,8,17,0.47244094488188976,0.8,0.46153846153846156
32810,HyboNet,4,32,0.005,8,18,0.4330708661417323,0.8,0.4230769230769231
32811,HyboNet,4,32,0.005,8,19,0.4566929133858268,0.8,0.5
32812,HyboNet,4,32,0.005,8,2,0.5354330708661418,0.6,0.5769230769230769
32813,HyboNet,4,32,0.005,8,20,0.49606299212598426,0.8,0.5769230769230769
32814,HyboNet,4,32,0.005,8,21,0.49606299212598426,0.8,0.6153846153846154
32815,HyboNet,4,32,0.005,8,22,0.5039370078740157,0.8,0.5769230769230769
32816,HyboNet,4,32,0.005,8,23,0.4566929133858268,0.8666666666666667,0.5384615384615384
32817,HyboNet,4,32,0.005,8,24,0.5118110236220472,0.8333333333333334,0.5769230769230769
32818,HyboNet,4,32,0.005,8,25,0.5118110236220472,0.8,0.6153846153846154
32819,HyboNet,4,32,0.005,8,26,0.5196850393700787,0.8333333333333334,0.6153846153846154
32820,HyboNet,4,32,0.005,8,27,0.47244094488188976,0.8666666666666667,0.6153846153846154
32821,HyboNet,4,32,0.005,8,28,0.47244094488188976,0.8333333333333334,0.5769230769230769
32822,HyboNet,4,32,0.005,8,29,0.48031496062992124,0.8333333333333334,0.6153846153846154
32823,HyboNet,4,32,0.005,8,3,0.5354330708661418,0.6,0.5769230769230769
32824,HyboNet,4,32,0.005,8,30,0.5275590551181102,0.8333333333333334,0.6153846153846154
32825,HyboNet,4,32,0.005,8,31,0.5354330708661418,0.8333333333333334,0.6153846153846154
32826,HyboNet,4,32,0.005,8,32,0.5511811023622047,0.8333333333333334,0.6153846153846154
32827,HyboNet,4,32,0.005,8,33,0.5511811023622047,0.8333333333333334,0.6153846153846154
32828,HyboNet,4,32,0.005,8,34,0.5433070866141733,0.8666666666666667,0.6153846153846154
32829,HyboNet,4,32,0.005,8,35,0.5118110236220472,0.8666666666666667,0.6153846153846154
32830,HyboNet,4,32,0.005,8,36,0.5354330708661418,0.9,0.6153846153846154
32831,HyboNet,4,32,0.005,8,37,0.5275590551181102,0.9,0.6153846153846154
32832,HyboNet,4,32,0.005,8,38,0.5354330708661418,0.8666666666666667,0.6153846153846154
32833,HyboNet,4,32,0.005,8,39,0.5118110236220472,0.8666666666666667,0.6153846153846154
32834,HyboNet,4,32,0.005,8,4,0.5354330708661418,0.6,0.5769230769230769
32835,HyboNet,4,32,0.005,8,40,0.47244094488188976,0.9,0.6153846153846154
32836,HyboNet,4,32,0.005,8,41,0.48031496062992124,0.9,0.6153846153846154
32837,HyboNet,4,32,0.005,8,42,0.5118110236220472,0.9,0.6153846153846154
32838,HyboNet,4,32,0.005,8,43,0.5196850393700787,0.9,0.6153846153846154
32839,HyboNet,4,32,0.005,8,44,0.5196850393700787,0.9,0.6153846153846154
32840,HyboNet,4,32,0.005,8,45,0.5039370078740157,0.9,0.5769230769230769
32841,HyboNet,4,32,0.005,8,46,0.48031496062992124,0.8666666666666667,0.5769230769230769
32842,HyboNet,4,32,0.005,8,47,0.48031496062992124,0.9,0.5769230769230769
32843,HyboNet,4,32,0.005,8,48,0.5118110236220472,0.9,0.5769230769230769
32844,HyboNet,4,32,0.005,8,49,0.5196850393700787,0.9,0.6153846153846154
32845,HyboNet,4,32,0.005,8,5,0.5354330708661418,0.6,0.5769230769230769
32846,HyboNet,4,32,0.005,8,50,0.5196850393700787,0.9,0.6153846153846154
32847,HyboNet,4,32,0.005,8,51,0.5118110236220472,0.9,0.5384615384615384
32848,HyboNet,4,32,0.005,8,52,0.4645669291338583,0.9,0.5384615384615384
32849,HyboNet,4,32,0.005,8,53,0.47244094488188976,0.8666666666666667,0.5384615384615384
32850,HyboNet,4,32,0.005,8,54,0.47244094488188976,0.9,0.5384615384615384
32851,HyboNet,4,32,0.005,8,55,0.5118110236220472,0.9,0.5769230769230769
32852,HyboNet,4,32,0.005,8,56,0.5118110236220472,0.9,0.5769230769230769
32853,HyboNet,4,32,0.005,8,57,0.5118110236220472,0.9,0.5769230769230769
32854,HyboNet,4,32,0.005,8,58,0.4881889763779528,0.9,0.5384615384615384
32855,HyboNet,4,32,0.005,8,59,0.4881889763779528,0.9,0.5
32856,HyboNet,4,32,0.005,8,6,0.5354330708661418,0.6,0.5769230769230769
32857,HyboNet,4,32,0.005,8,60,0.4645669291338583,0.9333333333333333,0.46153846153846156
32858,HyboNet,4,32,0.005,8,61,0.44881889763779526,0.9,0.46153846153846156
32859,HyboNet,4,32,0.005,8,62,0.4251968503937008,0.9,0.5
32860,HyboNet,4,32,0.005,8,63,0.4094488188976378,0.9,0.46153846153846156
32861,HyboNet,4,32,0.005,8,64,0.4881889763779528,0.9,0.46153846153846156
32862,HyboNet,4,32,0.005,8,65,0.5039370078740157,0.9,0.5769230769230769
32863,HyboNet,4,32,0.005,8,66,0.5039370078740157,0.9,0.5384615384615384
32864,HyboNet,4,32,0.005,8,67,0.4881889763779528,0.9333333333333333,0.5384615384615384
32865,HyboNet,4,32,0.005,8,68,0.47244094488188976,0.9666666666666667,0.5384615384615384
32866,HyboNet,4,32,0.005,8,69,0.4645669291338583,1.0,0.5384615384615384
32867,HyboNet,4,32,0.005,8,7,0.5275590551181102,0.6333333333333333,0.5769230769230769
32868,HyboNet,4,32,0.005,8,70,0.49606299212598426,1.0,0.5384615384615384
32869,HyboNet,4,32,0.005,8,71,0.49606299212598426,0.9333333333333333,0.5384615384615384
32870,HyboNet,4,32,0.005,8,72,0.4881889763779528,0.9333333333333333,0.5384615384615384
32871,HyboNet,4,32,0.005,8,73,0.48031496062992124,0.9333333333333333,0.5384615384615384
32872,HyboNet,4,32,0.005,8,74,0.4645669291338583,0.9666666666666667,0.46153846153846156
32873,HyboNet,4,32,0.005,8,75,0.4566929133858268,1.0,0.46153846153846156
32874,HyboNet,4,32,0.005,8,76,0.44881889763779526,1.0,0.46153846153846156
32875,HyboNet,4,32,0.005,8,77,0.48031496062992124,0.9666666666666667,0.5
32876,HyboNet,4,32,0.005,8,78,0.48031496062992124,0.9666666666666667,0.46153846153846156
32877,HyboNet,4,32,0.005,8,79,0.48031496062992124,1.0,0.46153846153846156
32878,HyboNet,4,32,0.005,8,8,0.5354330708661418,0.7,0.5769230769230769
32879,HyboNet,4,32,0.005,8,80,0.4409448818897638,1.0,0.46153846153846156
32880,HyboNet,4,32,0.005,8,81,0.4409448818897638,1.0,0.4230769230769231
32881,HyboNet,4,32,0.005,8,82,0.4251968503937008,1.0,0.4230769230769231
32882,HyboNet,4,32,0.005,8,83,0.4330708661417323,1.0,0.46153846153846156
32883,HyboNet,4,32,0.005,8,84,0.4566929133858268,1.0,0.46153846153846156
32884,HyboNet,4,32,0.005,8,85,0.4409448818897638,1.0,0.46153846153846156
32885,HyboNet,4,32,0.005,8,86,0.4409448818897638,1.0,0.46153846153846156
32886,HyboNet,4,32,0.005,8,87,0.4251968503937008,1.0,0.46153846153846156
32887,HyboNet,4,32,0.005,8,88,0.4409448818897638,1.0,0.46153846153846156
32888,HyboNet,4,32,0.005,8,89,0.4409448818897638,1.0,0.46153846153846156
32889,HyboNet,4,32,0.005,8,9,0.5275590551181102,0.6666666666666666,0.5769230769230769
32890,HyboNet,4,32,0.005,8,90,0.4409448818897638,1.0,0.46153846153846156
32891,HyboNet,4,32,0.005,8,91,0.41732283464566927,1.0,0.46153846153846156
32892,HyboNet,4,32,0.005,8,92,0.3937007874015748,1.0,0.5
32893,HyboNet,4,32,0.005,8,93,0.4409448818897638,1.0,0.46153846153846156
32894,HyboNet,4,32,0.005,8,94,0.4566929133858268,1.0,0.46153846153846156
32895,HyboNet,4,32,0.005,8,95,0.4566929133858268,1.0,0.5
32896,HyboNet,4,32,0.005,8,96,0.4409448818897638,1.0,0.5
32897,HyboNet,4,32,0.005,8,97,0.4409448818897638,1.0,0.46153846153846156
32898,HyboNet,4,32,0.005,8,98,0.4409448818897638,1.0,0.5
32899,HyboNet,4,32,0.005,8,99,0.4015748031496063,1.0,0.5
32900,HyboNet,4,32,0.005,9,1,0.5354330708661418,0.6,0.5769230769230769
32901,HyboNet,4,32,0.005,9,10,0.5354330708661418,0.7333333333333333,0.5769230769230769
32902,HyboNet,4,32,0.005,9,100,0.4015748031496063,1.0,0.38461538461538464
32903,HyboNet,4,32,0.005,9,11,0.5354330708661418,0.7,0.5769230769230769
32904,HyboNet,4,32,0.005,9,12,0.5354330708661418,0.6666666666666666,0.5769230769230769
32905,HyboNet,4,32,0.005,9,13,0.5354330708661418,0.7,0.5769230769230769
32906,HyboNet,4,32,0.005,9,14,0.5354330708661418,0.7,0.5769230769230769
32907,HyboNet,4,32,0.005,9,15,0.5433070866141733,0.7666666666666667,0.5769230769230769
32908,HyboNet,4,32,0.005,9,16,0.5039370078740157,0.8333333333333334,0.5769230769230769
32909,HyboNet,4,32,0.005,9,17,0.48031496062992124,0.8333333333333334,0.5384615384615384
32910,HyboNet,4,32,0.005,9,18,0.5039370078740157,0.8333333333333334,0.5384615384615384
32911,HyboNet,4,32,0.005,9,19,0.5039370078740157,0.8333333333333334,0.5769230769230769
32912,HyboNet,4,32,0.005,9,2,0.5039370078740157,0.6666666666666666,0.5384615384615384
32913,HyboNet,4,32,0.005,9,20,0.5118110236220472,0.8333333333333334,0.5769230769230769
32914,HyboNet,4,32,0.005,9,21,0.49606299212598426,0.8333333333333334,0.5384615384615384
32915,HyboNet,4,32,0.005,9,22,0.48031496062992124,0.8333333333333334,0.5
32916,HyboNet,4,32,0.005,9,23,0.44881889763779526,0.8333333333333334,0.4230769230769231
32917,HyboNet,4,32,0.005,9,24,0.44881889763779526,0.8666666666666667,0.46153846153846156
32918,HyboNet,4,32,0.005,9,25,0.44881889763779526,0.9,0.5
32919,HyboNet,4,32,0.005,9,26,0.41732283464566927,0.9333333333333333,0.4230769230769231
32920,HyboNet,4,32,0.005,9,27,0.4251968503937008,0.9333333333333333,0.5
32921,HyboNet,4,32,0.005,9,28,0.41732283464566927,0.9333333333333333,0.5
32922,HyboNet,4,32,0.005,9,29,0.41732283464566927,0.9333333333333333,0.4230769230769231
32923,HyboNet,4,32,0.005,9,3,0.5039370078740157,0.6666666666666666,0.5769230769230769
32924,HyboNet,4,32,0.005,9,30,0.4330708661417323,0.9333333333333333,0.46153846153846156
32925,HyboNet,4,32,0.005,9,31,0.41732283464566927,0.9333333333333333,0.46153846153846156
32926,HyboNet,4,32,0.005,9,32,0.41732283464566927,0.9333333333333333,0.46153846153846156
32927,HyboNet,4,32,0.005,9,33,0.4094488188976378,0.9333333333333333,0.46153846153846156
32928,HyboNet,4,32,0.005,9,34,0.4409448818897638,0.9333333333333333,0.4230769230769231
32929,HyboNet,4,32,0.005,9,35,0.3937007874015748,0.9333333333333333,0.46153846153846156
32930,HyboNet,4,32,0.005,9,36,0.4015748031496063,0.9333333333333333,0.46153846153846156
32931,HyboNet,4,32,0.005,9,37,0.4015748031496063,0.9333333333333333,0.38461538461538464
32932,HyboNet,4,32,0.005,9,38,0.4015748031496063,0.9333333333333333,0.38461538461538464
32933,HyboNet,4,32,0.005,9,39,0.4015748031496063,0.9333333333333333,0.38461538461538464
32934,HyboNet,4,32,0.005,9,4,0.5354330708661418,0.6333333333333333,0.5769230769230769
32935,HyboNet,4,32,0.005,9,40,0.4330708661417323,0.9333333333333333,0.4230769230769231
32936,HyboNet,4,32,0.005,9,41,0.4330708661417323,0.9333333333333333,0.46153846153846156
32937,HyboNet,4,32,0.005,9,42,0.4251968503937008,0.9333333333333333,0.46153846153846156
32938,HyboNet,4,32,0.005,9,43,0.4330708661417323,0.9333333333333333,0.46153846153846156
32939,HyboNet,4,32,0.005,9,44,0.41732283464566927,0.9333333333333333,0.46153846153846156
32940,HyboNet,4,32,0.005,9,45,0.4251968503937008,0.9333333333333333,0.4230769230769231
32941,HyboNet,4,32,0.005,9,46,0.4409448818897638,0.9333333333333333,0.38461538461538464
32942,HyboNet,4,32,0.005,9,47,0.4251968503937008,0.9333333333333333,0.46153846153846156
32943,HyboNet,4,32,0.005,9,48,0.41732283464566927,0.9333333333333333,0.4230769230769231
32944,HyboNet,4,32,0.005,9,49,0.41732283464566927,0.9333333333333333,0.4230769230769231
32945,HyboNet,4,32,0.005,9,5,0.5354330708661418,0.6,0.5769230769230769
32946,HyboNet,4,32,0.005,9,50,0.4015748031496063,0.9666666666666667,0.38461538461538464
32947,HyboNet,4,32,0.005,9,51,0.4015748031496063,0.9666666666666667,0.38461538461538464
32948,HyboNet,4,32,0.005,9,52,0.4251968503937008,0.9666666666666667,0.38461538461538464
32949,HyboNet,4,32,0.005,9,53,0.4015748031496063,0.9666666666666667,0.38461538461538464
32950,HyboNet,4,32,0.005,9,54,0.4330708661417323,0.9333333333333333,0.38461538461538464
32951,HyboNet,4,32,0.005,9,55,0.4251968503937008,0.9333333333333333,0.46153846153846156
32952,HyboNet,4,32,0.005,9,56,0.4330708661417323,0.9333333333333333,0.46153846153846156
32953,HyboNet,4,32,0.005,9,57,0.4409448818897638,0.9333333333333333,0.46153846153846156
32954,HyboNet,4,32,0.005,9,58,0.41732283464566927,0.9333333333333333,0.4230769230769231
32955,HyboNet,4,32,0.005,9,59,0.41732283464566927,1.0,0.38461538461538464
32956,HyboNet,4,32,0.005,9,6,0.5354330708661418,0.6,0.5769230769230769
32957,HyboNet,4,32,0.005,9,60,0.4094488188976378,1.0,0.38461538461538464
32958,HyboNet,4,32,0.005,9,61,0.4094488188976378,1.0,0.38461538461538464
32959,HyboNet,4,32,0.005,9,62,0.4094488188976378,1.0,0.38461538461538464
32960,HyboNet,4,32,0.005,9,63,0.4015748031496063,1.0,0.38461538461538464
32961,HyboNet,4,32,0.005,9,64,0.4015748031496063,1.0,0.38461538461538464
32962,HyboNet,4,32,0.005,9,65,0.4094488188976378,1.0,0.38461538461538464
32963,HyboNet,4,32,0.005,9,66,0.4015748031496063,0.9333333333333333,0.38461538461538464
32964,HyboNet,4,32,0.005,9,67,0.4330708661417323,0.9333333333333333,0.38461538461538464
32965,HyboNet,4,32,0.005,9,68,0.4094488188976378,0.9333333333333333,0.38461538461538464
32966,HyboNet,4,32,0.005,9,69,0.4015748031496063,0.9333333333333333,0.38461538461538464
32967,HyboNet,4,32,0.005,9,7,0.5354330708661418,0.6,0.5769230769230769
32968,HyboNet,4,32,0.005,9,70,0.4251968503937008,1.0,0.38461538461538464
32969,HyboNet,4,32,0.005,9,71,0.41732283464566927,1.0,0.38461538461538464
32970,HyboNet,4,32,0.005,9,72,0.4015748031496063,1.0,0.4230769230769231
32971,HyboNet,4,32,0.005,9,73,0.4094488188976378,1.0,0.38461538461538464
32972,HyboNet,4,32,0.005,9,74,0.4094488188976378,1.0,0.38461538461538464
32973,HyboNet,4,32,0.005,9,75,0.41732283464566927,1.0,0.4230769230769231
32974,HyboNet,4,32,0.005,9,76,0.3858267716535433,1.0,0.38461538461538464
32975,HyboNet,4,32,0.005,9,77,0.3937007874015748,1.0,0.38461538461538464
32976,HyboNet,4,32,0.005,9,78,0.4015748031496063,1.0,0.4230769230769231
32977,HyboNet,4,32,0.005,9,79,0.4094488188976378,1.0,0.4230769230769231
32978,HyboNet,4,32,0.005,9,8,0.5275590551181102,0.6666666666666666,0.5769230769230769
32979,HyboNet,4,32,0.005,9,80,0.4015748031496063,1.0,0.4230769230769231
32980,HyboNet,4,32,0.005,9,81,0.4015748031496063,1.0,0.4230769230769231
32981,HyboNet,4,32,0.005,9,82,0.4094488188976378,1.0,0.4230769230769231
32982,HyboNet,4,32,0.005,9,83,0.41732283464566927,1.0,0.4230769230769231
32983,HyboNet,4,32,0.005,9,84,0.4251968503937008,1.0,0.38461538461538464
32984,HyboNet,4,32,0.005,9,85,0.4251968503937008,1.0,0.4230769230769231
32985,HyboNet,4,32,0.005,9,86,0.41732283464566927,1.0,0.4230769230769231
32986,HyboNet,4,32,0.005,9,87,0.4251968503937008,1.0,0.46153846153846156
32987,HyboNet,4,32,0.005,9,88,0.4251968503937008,1.0,0.46153846153846156
32988,HyboNet,4,32,0.005,9,89,0.41732283464566927,1.0,0.46153846153846156
32989,HyboNet,4,32,0.005,9,9,0.5354330708661418,0.7333333333333333,0.5769230769230769
32990,HyboNet,4,32,0.005,9,90,0.4094488188976378,1.0,0.46153846153846156
32991,HyboNet,4,32,0.005,9,91,0.4094488188976378,1.0,0.4230769230769231
32992,HyboNet,4,32,0.005,9,92,0.4094488188976378,1.0,0.38461538461538464
32993,HyboNet,4,32,0.005,9,93,0.3858267716535433,1.0,0.38461538461538464
32994,HyboNet,4,32,0.005,9,94,0.4015748031496063,1.0,0.38461538461538464
32995,HyboNet,4,32,0.005,9,95,0.4015748031496063,1.0,0.38461538461538464
32996,HyboNet,4,32,0.005,9,96,0.4015748031496063,1.0,0.38461538461538464
32997,HyboNet,4,32,0.005,9,97,0.4015748031496063,1.0,0.4230769230769231
32998,HyboNet,4,32,0.005,9,98,0.4015748031496063,1.0,0.38461538461538464
32999,HyboNet,4,32,0.005,9,99,0.3858267716535433,1.0,0.38461538461538464
33000,HyboNet,4,64,0.0002,1,1,0.33858267716535434,0.3333333333333333,0.19230769230769232
33001,HyboNet,4,64,0.0002,1,10,0.5354330708661418,0.6333333333333333,0.5769230769230769
33002,HyboNet,4,64,0.0002,1,100,0.4645669291338583,0.9333333333333333,0.4230769230769231
33003,HyboNet,4,64,0.0002,1,11,0.5354330708661418,0.6333333333333333,0.5769230769230769
33004,HyboNet,4,64,0.0002,1,12,0.5354330708661418,0.6333333333333333,0.5769230769230769
33005,HyboNet,4,64,0.0002,1,13,0.5354330708661418,0.6333333333333333,0.5769230769230769
33006,HyboNet,4,64,0.0002,1,14,0.5354330708661418,0.6333333333333333,0.5769230769230769
33007,HyboNet,4,64,0.0002,1,15,0.5354330708661418,0.6333333333333333,0.5769230769230769
33008,HyboNet,4,64,0.0002,1,16,0.5354330708661418,0.6333333333333333,0.5769230769230769
33009,HyboNet,4,64,0.0002,1,17,0.5354330708661418,0.6333333333333333,0.5769230769230769
33010,HyboNet,4,64,0.0002,1,18,0.5354330708661418,0.6333333333333333,0.5769230769230769
33011,HyboNet,4,64,0.0002,1,19,0.5354330708661418,0.6333333333333333,0.5769230769230769
33012,HyboNet,4,64,0.0002,1,2,0.44881889763779526,0.4666666666666667,0.3076923076923077
33013,HyboNet,4,64,0.0002,1,20,0.5354330708661418,0.6333333333333333,0.5769230769230769
33014,HyboNet,4,64,0.0002,1,21,0.5354330708661418,0.6666666666666666,0.5769230769230769
33015,HyboNet,4,64,0.0002,1,22,0.5275590551181102,0.6666666666666666,0.5769230769230769
33016,HyboNet,4,64,0.0002,1,23,0.5275590551181102,0.6666666666666666,0.5769230769230769
33017,HyboNet,4,64,0.0002,1,24,0.5275590551181102,0.6666666666666666,0.5769230769230769
33018,HyboNet,4,64,0.0002,1,25,0.5275590551181102,0.7,0.5769230769230769
33019,HyboNet,4,64,0.0002,1,26,0.5275590551181102,0.7,0.5769230769230769
33020,HyboNet,4,64,0.0002,1,27,0.5275590551181102,0.7,0.5769230769230769
33021,HyboNet,4,64,0.0002,1,28,0.5354330708661418,0.7333333333333333,0.5769230769230769
33022,HyboNet,4,64,0.0002,1,29,0.5433070866141733,0.7333333333333333,0.5769230769230769
33023,HyboNet,4,64,0.0002,1,3,0.4645669291338583,0.5333333333333333,0.4230769230769231
33024,HyboNet,4,64,0.0002,1,30,0.5511811023622047,0.7333333333333333,0.5769230769230769
33025,HyboNet,4,64,0.0002,1,31,0.5511811023622047,0.7333333333333333,0.5769230769230769
33026,HyboNet,4,64,0.0002,1,32,0.5669291338582677,0.7666666666666667,0.5384615384615384
33027,HyboNet,4,64,0.0002,1,33,0.5748031496062992,0.7666666666666667,0.5384615384615384
33028,HyboNet,4,64,0.0002,1,34,0.5590551181102362,0.7666666666666667,0.5384615384615384
33029,HyboNet,4,64,0.0002,1,35,0.5590551181102362,0.7666666666666667,0.5384615384615384
33030,HyboNet,4,64,0.0002,1,36,0.5511811023622047,0.7666666666666667,0.5384615384615384
33031,HyboNet,4,64,0.0002,1,37,0.5433070866141733,0.7666666666666667,0.5
33032,HyboNet,4,64,0.0002,1,38,0.5275590551181102,0.7666666666666667,0.46153846153846156
33033,HyboNet,4,64,0.0002,1,39,0.5196850393700787,0.7666666666666667,0.46153846153846156
33034,HyboNet,4,64,0.0002,1,4,0.5118110236220472,0.5666666666666667,0.5
33035,HyboNet,4,64,0.0002,1,40,0.5196850393700787,0.7333333333333333,0.46153846153846156
33036,HyboNet,4,64,0.0002,1,41,0.5275590551181102,0.7333333333333333,0.46153846153846156
33037,HyboNet,4,64,0.0002,1,42,0.5118110236220472,0.7333333333333333,0.46153846153846156
33038,HyboNet,4,64,0.0002,1,43,0.5118110236220472,0.7333333333333333,0.46153846153846156
33039,HyboNet,4,64,0.0002,1,44,0.5118110236220472,0.7333333333333333,0.46153846153846156
33040,HyboNet,4,64,0.0002,1,45,0.5039370078740157,0.7666666666666667,0.46153846153846156
33041,HyboNet,4,64,0.0002,1,46,0.5039370078740157,0.7666666666666667,0.46153846153846156
33042,HyboNet,4,64,0.0002,1,47,0.4881889763779528,0.8,0.46153846153846156
33043,HyboNet,4,64,0.0002,1,48,0.4881889763779528,0.8,0.4230769230769231
33044,HyboNet,4,64,0.0002,1,49,0.4881889763779528,0.8,0.4230769230769231
33045,HyboNet,4,64,0.0002,1,5,0.5275590551181102,0.6,0.5384615384615384
33046,HyboNet,4,64,0.0002,1,50,0.48031496062992124,0.8,0.38461538461538464
33047,HyboNet,4,64,0.0002,1,51,0.48031496062992124,0.8,0.34615384615384615
33048,HyboNet,4,64,0.0002,1,52,0.48031496062992124,0.8,0.34615384615384615
33049,HyboNet,4,64,0.0002,1,53,0.48031496062992124,0.7666666666666667,0.34615384615384615
33050,HyboNet,4,64,0.0002,1,54,0.4881889763779528,0.7666666666666667,0.34615384615384615
33051,HyboNet,4,64,0.0002,1,55,0.4881889763779528,0.7666666666666667,0.34615384615384615
33052,HyboNet,4,64,0.0002,1,56,0.4881889763779528,0.8,0.38461538461538464
33053,HyboNet,4,64,0.0002,1,57,0.48031496062992124,0.8,0.38461538461538464
33054,HyboNet,4,64,0.0002,1,58,0.48031496062992124,0.8333333333333334,0.38461538461538464
33055,HyboNet,4,64,0.0002,1,59,0.47244094488188976,0.8333333333333334,0.38461538461538464
33056,HyboNet,4,64,0.0002,1,6,0.5354330708661418,0.6333333333333333,0.5384615384615384
33057,HyboNet,4,64,0.0002,1,60,0.47244094488188976,0.8333333333333334,0.38461538461538464
33058,HyboNet,4,64,0.0002,1,61,0.47244094488188976,0.8333333333333334,0.38461538461538464
33059,HyboNet,4,64,0.0002,1,62,0.4645669291338583,0.8333333333333334,0.38461538461538464
33060,HyboNet,4,64,0.0002,1,63,0.4645669291338583,0.8666666666666667,0.38461538461538464
33061,HyboNet,4,64,0.0002,1,64,0.47244094488188976,0.8666666666666667,0.38461538461538464
33062,HyboNet,4,64,0.0002,1,65,0.47244094488188976,0.8666666666666667,0.38461538461538464
33063,HyboNet,4,64,0.0002,1,66,0.47244094488188976,0.8666666666666667,0.38461538461538464
33064,HyboNet,4,64,0.0002,1,67,0.47244094488188976,0.8666666666666667,0.38461538461538464
33065,HyboNet,4,64,0.0002,1,68,0.4566929133858268,0.9,0.38461538461538464
33066,HyboNet,4,64,0.0002,1,69,0.4566929133858268,0.9,0.38461538461538464
33067,HyboNet,4,64,0.0002,1,7,0.5354330708661418,0.6333333333333333,0.5769230769230769
33068,HyboNet,4,64,0.0002,1,70,0.4566929133858268,0.9,0.38461538461538464
33069,HyboNet,4,64,0.0002,1,71,0.44881889763779526,0.9,0.38461538461538464
33070,HyboNet,4,64,0.0002,1,72,0.4566929133858268,0.9,0.4230769230769231
33071,HyboNet,4,64,0.0002,1,73,0.4566929133858268,0.9,0.4230769230769231
33072,HyboNet,4,64,0.0002,1,74,0.44881889763779526,0.9,0.4230769230769231
33073,HyboNet,4,64,0.0002,1,75,0.4566929133858268,0.9,0.4230769230769231
33074,HyboNet,4,64,0.0002,1,76,0.4566929133858268,0.9,0.4230769230769231
33075,HyboNet,4,64,0.0002,1,77,0.4566929133858268,0.9,0.4230769230769231
33076,HyboNet,4,64,0.0002,1,78,0.4566929133858268,0.9,0.4230769230769231
33077,HyboNet,4,64,0.0002,1,79,0.4566929133858268,0.9,0.4230769230769231
33078,HyboNet,4,64,0.0002,1,8,0.5354330708661418,0.6333333333333333,0.5769230769230769
33079,HyboNet,4,64,0.0002,1,80,0.4566929133858268,0.9,0.4230769230769231
33080,HyboNet,4,64,0.0002,1,81,0.4566929133858268,0.9,0.4230769230769231
33081,HyboNet,4,64,0.0002,1,82,0.4645669291338583,0.9,0.4230769230769231
33082,HyboNet,4,64,0.0002,1,83,0.4566929133858268,0.9333333333333333,0.4230769230769231
33083,HyboNet,4,64,0.0002,1,84,0.4566929133858268,0.9333333333333333,0.38461538461538464
33084,HyboNet,4,64,0.0002,1,85,0.4645669291338583,0.9333333333333333,0.38461538461538464
33085,HyboNet,4,64,0.0002,1,86,0.48031496062992124,0.9333333333333333,0.4230769230769231
33086,HyboNet,4,64,0.0002,1,87,0.48031496062992124,0.9333333333333333,0.38461538461538464
33087,HyboNet,4,64,0.0002,1,88,0.48031496062992124,0.9333333333333333,0.4230769230769231
33088,HyboNet,4,64,0.0002,1,89,0.48031496062992124,0.9333333333333333,0.4230769230769231
33089,HyboNet,4,64,0.0002,1,9,0.5354330708661418,0.6333333333333333,0.5769230769230769
33090,HyboNet,4,64,0.0002,1,90,0.47244094488188976,0.9333333333333333,0.38461538461538464
33091,HyboNet,4,64,0.0002,1,91,0.4566929133858268,0.9333333333333333,0.38461538461538464
33092,HyboNet,4,64,0.0002,1,92,0.4645669291338583,0.9333333333333333,0.38461538461538464
33093,HyboNet,4,64,0.0002,1,93,0.4645669291338583,0.9333333333333333,0.38461538461538464
33094,HyboNet,4,64,0.0002,1,94,0.47244094488188976,0.9333333333333333,0.4230769230769231
33095,HyboNet,4,64,0.0002,1,95,0.4645669291338583,0.9333333333333333,0.4230769230769231
33096,HyboNet,4,64,0.0002,1,96,0.4645669291338583,0.9333333333333333,0.38461538461538464
33097,HyboNet,4,64,0.0002,1,97,0.4645669291338583,0.9333333333333333,0.38461538461538464
33098,HyboNet,4,64,0.0002,1,98,0.4645669291338583,0.9333333333333333,0.4230769230769231
33099,HyboNet,4,64,0.0002,1,99,0.4645669291338583,0.9333333333333333,0.4230769230769231
33100,HyboNet,4,64,0.0002,10,1,0.13385826771653545,0.06666666666666667,0.07692307692307693
33101,HyboNet,4,64,0.0002,10,10,0.5196850393700787,0.6333333333333333,0.5769230769230769
33102,HyboNet,4,64,0.0002,10,100,0.31496062992125984,0.9333333333333333,0.3076923076923077
33103,HyboNet,4,64,0.0002,10,11,0.5196850393700787,0.6333333333333333,0.5384615384615384
33104,HyboNet,4,64,0.0002,10,12,0.5196850393700787,0.6666666666666666,0.5384615384615384
33105,HyboNet,4,64,0.0002,10,13,0.5196850393700787,0.6666666666666666,0.5384615384615384
33106,HyboNet,4,64,0.0002,10,14,0.5118110236220472,0.6666666666666666,0.5384615384615384
33107,HyboNet,4,64,0.0002,10,15,0.5039370078740157,0.7,0.5384615384615384
33108,HyboNet,4,64,0.0002,10,16,0.49606299212598426,0.7,0.5
33109,HyboNet,4,64,0.0002,10,17,0.4881889763779528,0.7,0.5
33110,HyboNet,4,64,0.0002,10,18,0.48031496062992124,0.7,0.5
33111,HyboNet,4,64,0.0002,10,19,0.48031496062992124,0.7,0.5
33112,HyboNet,4,64,0.0002,10,2,0.16535433070866143,0.03333333333333333,0.07692307692307693
33113,HyboNet,4,64,0.0002,10,20,0.4881889763779528,0.7,0.5
33114,HyboNet,4,64,0.0002,10,21,0.48031496062992124,0.7333333333333333,0.5
33115,HyboNet,4,64,0.0002,10,22,0.48031496062992124,0.7333333333333333,0.5
33116,HyboNet,4,64,0.0002,10,23,0.48031496062992124,0.7333333333333333,0.5
33117,HyboNet,4,64,0.0002,10,24,0.49606299212598426,0.7333333333333333,0.5
33118,HyboNet,4,64,0.0002,10,25,0.48031496062992124,0.7333333333333333,0.5
33119,HyboNet,4,64,0.0002,10,26,0.48031496062992124,0.7333333333333333,0.5
33120,HyboNet,4,64,0.0002,10,27,0.48031496062992124,0.7333333333333333,0.5
33121,HyboNet,4,64,0.0002,10,28,0.48031496062992124,0.7333333333333333,0.5
33122,HyboNet,4,64,0.0002,10,29,0.4881889763779528,0.7333333333333333,0.5
33123,HyboNet,4,64,0.0002,10,3,0.2283464566929134,0.3333333333333333,0.23076923076923078
33124,HyboNet,4,64,0.0002,10,30,0.4881889763779528,0.7333333333333333,0.5
33125,HyboNet,4,64,0.0002,10,31,0.4881889763779528,0.7333333333333333,0.5
33126,HyboNet,4,64,0.0002,10,32,0.4881889763779528,0.7333333333333333,0.5
33127,HyboNet,4,64,0.0002,10,33,0.48031496062992124,0.7666666666666667,0.5
33128,HyboNet,4,64,0.0002,10,34,0.48031496062992124,0.7666666666666667,0.5
33129,HyboNet,4,64,0.0002,10,35,0.47244094488188976,0.7666666666666667,0.5
33130,HyboNet,4,64,0.0002,10,36,0.4566929133858268,0.7666666666666667,0.5
33131,HyboNet,4,64,0.0002,10,37,0.4566929133858268,0.7666666666666667,0.5
33132,HyboNet,4,64,0.0002,10,38,0.4566929133858268,0.7666666666666667,0.4230769230769231
33133,HyboNet,4,64,0.0002,10,39,0.47244094488188976,0.7666666666666667,0.38461538461538464
33134,HyboNet,4,64,0.0002,10,4,0.3464566929133858,0.43333333333333335,0.34615384615384615
33135,HyboNet,4,64,0.0002,10,40,0.4645669291338583,0.7666666666666667,0.38461538461538464
33136,HyboNet,4,64,0.0002,10,41,0.4645669291338583,0.7666666666666667,0.4230769230769231
33137,HyboNet,4,64,0.0002,10,42,0.44881889763779526,0.7666666666666667,0.46153846153846156
33138,HyboNet,4,64,0.0002,10,43,0.4566929133858268,0.7666666666666667,0.5
33139,HyboNet,4,64,0.0002,10,44,0.4566929133858268,0.7666666666666667,0.5
33140,HyboNet,4,64,0.0002,10,45,0.47244094488188976,0.7666666666666667,0.5
33141,HyboNet,4,64,0.0002,10,46,0.4645669291338583,0.7666666666666667,0.46153846153846156
33142,HyboNet,4,64,0.0002,10,47,0.47244094488188976,0.7666666666666667,0.4230769230769231
33143,HyboNet,4,64,0.0002,10,48,0.48031496062992124,0.7666666666666667,0.38461538461538464
33144,HyboNet,4,64,0.0002,10,49,0.4645669291338583,0.7666666666666667,0.38461538461538464
33145,HyboNet,4,64,0.0002,10,5,0.41732283464566927,0.5666666666666667,0.4230769230769231
33146,HyboNet,4,64,0.0002,10,50,0.4566929133858268,0.7666666666666667,0.38461538461538464
33147,HyboNet,4,64,0.0002,10,51,0.4566929133858268,0.7666666666666667,0.38461538461538464
33148,HyboNet,4,64,0.0002,10,52,0.4566929133858268,0.7666666666666667,0.38461538461538464
33149,HyboNet,4,64,0.0002,10,53,0.4566929133858268,0.7666666666666667,0.38461538461538464
33150,HyboNet,4,64,0.0002,10,54,0.4645669291338583,0.7666666666666667,0.38461538461538464
33151,HyboNet,4,64,0.0002,10,55,0.4330708661417323,0.8,0.38461538461538464
33152,HyboNet,4,64,0.0002,10,56,0.4251968503937008,0.8333333333333334,0.38461538461538464
33153,HyboNet,4,64,0.0002,10,57,0.4251968503937008,0.8333333333333334,0.38461538461538464
33154,HyboNet,4,64,0.0002,10,58,0.4251968503937008,0.8333333333333334,0.38461538461538464
33155,HyboNet,4,64,0.0002,10,59,0.4251968503937008,0.8333333333333334,0.38461538461538464
33156,HyboNet,4,64,0.0002,10,6,0.4645669291338583,0.6,0.46153846153846156
33157,HyboNet,4,64,0.0002,10,60,0.4330708661417323,0.8333333333333334,0.38461538461538464
33158,HyboNet,4,64,0.0002,10,61,0.4330708661417323,0.8333333333333334,0.38461538461538464
33159,HyboNet,4,64,0.0002,10,62,0.4330708661417323,0.8666666666666667,0.38461538461538464
33160,HyboNet,4,64,0.0002,10,63,0.4251968503937008,0.9,0.38461538461538464
33161,HyboNet,4,64,0.0002,10,64,0.4330708661417323,0.9,0.38461538461538464
33162,HyboNet,4,64,0.0002,10,65,0.4330708661417323,0.9,0.38461538461538464
33163,HyboNet,4,64,0.0002,10,66,0.4251968503937008,0.9,0.38461538461538464
33164,HyboNet,4,64,0.0002,10,67,0.4094488188976378,0.9,0.38461538461538464
33165,HyboNet,4,64,0.0002,10,68,0.4015748031496063,0.9,0.38461538461538464
33166,HyboNet,4,64,0.0002,10,69,0.4015748031496063,0.9,0.38461538461538464
33167,HyboNet,4,64,0.0002,10,7,0.4881889763779528,0.6,0.5
33168,HyboNet,4,64,0.0002,10,70,0.3937007874015748,0.9,0.38461538461538464
33169,HyboNet,4,64,0.0002,10,71,0.3937007874015748,0.9,0.38461538461538464
33170,HyboNet,4,64,0.0002,10,72,0.3937007874015748,0.9,0.38461538461538464
33171,HyboNet,4,64,0.0002,10,73,0.3937007874015748,0.9,0.38461538461538464
33172,HyboNet,4,64,0.0002,10,74,0.3937007874015748,0.9333333333333333,0.38461538461538464
33173,HyboNet,4,64,0.0002,10,75,0.3937007874015748,0.9333333333333333,0.38461538461538464
33174,HyboNet,4,64,0.0002,10,76,0.3937007874015748,0.9333333333333333,0.38461538461538464
33175,HyboNet,4,64,0.0002,10,77,0.3937007874015748,0.9333333333333333,0.38461538461538464
33176,HyboNet,4,64,0.0002,10,78,0.3937007874015748,0.9333333333333333,0.38461538461538464
33177,HyboNet,4,64,0.0002,10,79,0.3779527559055118,0.9333333333333333,0.38461538461538464
33178,HyboNet,4,64,0.0002,10,8,0.5039370078740157,0.6,0.5
33179,HyboNet,4,64,0.0002,10,80,0.3779527559055118,0.9333333333333333,0.38461538461538464
33180,HyboNet,4,64,0.0002,10,81,0.3779527559055118,0.9333333333333333,0.38461538461538464
33181,HyboNet,4,64,0.0002,10,82,0.3700787401574803,0.9333333333333333,0.38461538461538464
33182,HyboNet,4,64,0.0002,10,83,0.3700787401574803,0.9333333333333333,0.38461538461538464
33183,HyboNet,4,64,0.0002,10,84,0.3700787401574803,0.9333333333333333,0.34615384615384615
33184,HyboNet,4,64,0.0002,10,85,0.3700787401574803,0.9333333333333333,0.34615384615384615
33185,HyboNet,4,64,0.0002,10,86,0.3700787401574803,0.9333333333333333,0.34615384615384615
33186,HyboNet,4,64,0.0002,10,87,0.3700787401574803,0.9333333333333333,0.34615384615384615
33187,HyboNet,4,64,0.0002,10,88,0.36220472440944884,0.9333333333333333,0.34615384615384615
33188,HyboNet,4,64,0.0002,10,89,0.36220472440944884,0.9333333333333333,0.34615384615384615
33189,HyboNet,4,64,0.0002,10,9,0.5118110236220472,0.6333333333333333,0.5769230769230769
33190,HyboNet,4,64,0.0002,10,90,0.3543307086614173,0.9333333333333333,0.34615384615384615
33191,HyboNet,4,64,0.0002,10,91,0.3464566929133858,0.9333333333333333,0.34615384615384615
33192,HyboNet,4,64,0.0002,10,92,0.3464566929133858,0.9333333333333333,0.34615384615384615
33193,HyboNet,4,64,0.0002,10,93,0.33858267716535434,0.9333333333333333,0.34615384615384615
33194,HyboNet,4,64,0.0002,10,94,0.33070866141732286,0.9333333333333333,0.34615384615384615
33195,HyboNet,4,64,0.0002,10,95,0.31496062992125984,0.9333333333333333,0.34615384615384615
33196,HyboNet,4,64,0.0002,10,96,0.31496062992125984,0.9333333333333333,0.3076923076923077
33197,HyboNet,4,64,0.0002,10,97,0.3228346456692913,0.9333333333333333,0.3076923076923077
33198,HyboNet,4,64,0.0002,10,98,0.3228346456692913,0.9333333333333333,0.3076923076923077
33199,HyboNet,4,64,0.0002,10,99,0.31496062992125984,0.9333333333333333,0.3076923076923077
33200,HyboNet,4,64,0.0002,2,1,0.15748031496062992,0.2,0.15384615384615385
33201,HyboNet,4,64,0.0002,2,10,0.49606299212598426,0.6,0.46153846153846156
33202,HyboNet,4,64,0.0002,2,100,0.4330708661417323,0.9333333333333333,0.4230769230769231
33203,HyboNet,4,64,0.0002,2,11,0.5039370078740157,0.6,0.5769230769230769
33204,HyboNet,4,64,0.0002,2,12,0.5275590551181102,0.6,0.5769230769230769
33205,HyboNet,4,64,0.0002,2,13,0.5354330708661418,0.6,0.5769230769230769
33206,HyboNet,4,64,0.0002,2,14,0.5354330708661418,0.6,0.5769230769230769
33207,HyboNet,4,64,0.0002,2,15,0.5354330708661418,0.6,0.5769230769230769
33208,HyboNet,4,64,0.0002,2,16,0.5354330708661418,0.6,0.5769230769230769
33209,HyboNet,4,64,0.0002,2,17,0.5354330708661418,0.6,0.5769230769230769
33210,HyboNet,4,64,0.0002,2,18,0.5354330708661418,0.6,0.5769230769230769
33211,HyboNet,4,64,0.0002,2,19,0.5354330708661418,0.6,0.5769230769230769
33212,HyboNet,4,64,0.0002,2,2,0.18110236220472442,0.23333333333333334,0.15384615384615385
33213,HyboNet,4,64,0.0002,2,20,0.5354330708661418,0.6,0.5769230769230769
33214,HyboNet,4,64,0.0002,2,21,0.5354330708661418,0.6,0.5769230769230769
33215,HyboNet,4,64,0.0002,2,22,0.5354330708661418,0.6,0.5769230769230769
33216,HyboNet,4,64,0.0002,2,23,0.5354330708661418,0.6,0.5769230769230769
33217,HyboNet,4,64,0.0002,2,24,0.5354330708661418,0.6,0.5769230769230769
33218,HyboNet,4,64,0.0002,2,25,0.5354330708661418,0.6,0.5769230769230769
33219,HyboNet,4,64,0.0002,2,26,0.5354330708661418,0.6,0.5769230769230769
33220,HyboNet,4,64,0.0002,2,27,0.5354330708661418,0.6,0.5769230769230769
33221,HyboNet,4,64,0.0002,2,28,0.5354330708661418,0.6333333333333333,0.5769230769230769
33222,HyboNet,4,64,0.0002,2,29,0.5354330708661418,0.6333333333333333,0.5769230769230769
33223,HyboNet,4,64,0.0002,2,3,0.1889763779527559,0.23333333333333334,0.15384615384615385
33224,HyboNet,4,64,0.0002,2,30,0.5354330708661418,0.6333333333333333,0.5769230769230769
33225,HyboNet,4,64,0.0002,2,31,0.5354330708661418,0.6333333333333333,0.5769230769230769
33226,HyboNet,4,64,0.0002,2,32,0.5354330708661418,0.6333333333333333,0.5769230769230769
33227,HyboNet,4,64,0.0002,2,33,0.5354330708661418,0.6333333333333333,0.5769230769230769
33228,HyboNet,4,64,0.0002,2,34,0.5354330708661418,0.6333333333333333,0.5769230769230769
33229,HyboNet,4,64,0.0002,2,35,0.5354330708661418,0.6333333333333333,0.5769230769230769
33230,HyboNet,4,64,0.0002,2,36,0.5354330708661418,0.6333333333333333,0.5769230769230769
33231,HyboNet,4,64,0.0002,2,37,0.5354330708661418,0.6333333333333333,0.5769230769230769
33232,HyboNet,4,64,0.0002,2,38,0.5354330708661418,0.6333333333333333,0.5769230769230769
33233,HyboNet,4,64,0.0002,2,39,0.5433070866141733,0.6333333333333333,0.5769230769230769
33234,HyboNet,4,64,0.0002,2,4,0.2047244094488189,0.26666666666666666,0.11538461538461539
33235,HyboNet,4,64,0.0002,2,40,0.5433070866141733,0.6333333333333333,0.5769230769230769
33236,HyboNet,4,64,0.0002,2,41,0.5433070866141733,0.6666666666666666,0.5769230769230769
33237,HyboNet,4,64,0.0002,2,42,0.5511811023622047,0.6666666666666666,0.5769230769230769
33238,HyboNet,4,64,0.0002,2,43,0.5511811023622047,0.6666666666666666,0.5769230769230769
33239,HyboNet,4,64,0.0002,2,44,0.5511811023622047,0.7,0.5769230769230769
33240,HyboNet,4,64,0.0002,2,45,0.5354330708661418,0.7,0.5769230769230769
33241,HyboNet,4,64,0.0002,2,46,0.5275590551181102,0.7,0.5769230769230769
33242,HyboNet,4,64,0.0002,2,47,0.5196850393700787,0.7,0.5769230769230769
33243,HyboNet,4,64,0.0002,2,48,0.5196850393700787,0.7333333333333333,0.5769230769230769
33244,HyboNet,4,64,0.0002,2,49,0.5118110236220472,0.7333333333333333,0.5384615384615384
33245,HyboNet,4,64,0.0002,2,5,0.2204724409448819,0.26666666666666666,0.15384615384615385
33246,HyboNet,4,64,0.0002,2,50,0.5196850393700787,0.7333333333333333,0.5384615384615384
33247,HyboNet,4,64,0.0002,2,51,0.5118110236220472,0.7333333333333333,0.46153846153846156
33248,HyboNet,4,64,0.0002,2,52,0.5275590551181102,0.7666666666666667,0.46153846153846156
33249,HyboNet,4,64,0.0002,2,53,0.5275590551181102,0.7666666666666667,0.46153846153846156
33250,HyboNet,4,64,0.0002,2,54,0.5275590551181102,0.7666666666666667,0.46153846153846156
33251,HyboNet,4,64,0.0002,2,55,0.5275590551181102,0.7666666666666667,0.46153846153846156
33252,HyboNet,4,64,0.0002,2,56,0.5275590551181102,0.7666666666666667,0.46153846153846156
33253,HyboNet,4,64,0.0002,2,57,0.5275590551181102,0.7666666666666667,0.46153846153846156
33254,HyboNet,4,64,0.0002,2,58,0.5275590551181102,0.7666666666666667,0.46153846153846156
33255,HyboNet,4,64,0.0002,2,59,0.5196850393700787,0.7666666666666667,0.4230769230769231
33256,HyboNet,4,64,0.0002,2,6,0.25984251968503935,0.36666666666666664,0.19230769230769232
33257,HyboNet,4,64,0.0002,2,60,0.5118110236220472,0.7666666666666667,0.4230769230769231
33258,HyboNet,4,64,0.0002,2,61,0.5196850393700787,0.8,0.4230769230769231
33259,HyboNet,4,64,0.0002,2,62,0.5196850393700787,0.8,0.38461538461538464
33260,HyboNet,4,64,0.0002,2,63,0.49606299212598426,0.8,0.34615384615384615
33261,HyboNet,4,64,0.0002,2,64,0.49606299212598426,0.8,0.34615384615384615
33262,HyboNet,4,64,0.0002,2,65,0.4881889763779528,0.8,0.34615384615384615
33263,HyboNet,4,64,0.0002,2,66,0.4881889763779528,0.8,0.34615384615384615
33264,HyboNet,4,64,0.0002,2,67,0.48031496062992124,0.8,0.34615384615384615
33265,HyboNet,4,64,0.0002,2,68,0.47244094488188976,0.8,0.34615384615384615
33266,HyboNet,4,64,0.0002,2,69,0.48031496062992124,0.8,0.38461538461538464
33267,HyboNet,4,64,0.0002,2,7,0.3700787401574803,0.6,0.34615384615384615
33268,HyboNet,4,64,0.0002,2,70,0.47244094488188976,0.8,0.38461538461538464
33269,HyboNet,4,64,0.0002,2,71,0.4645669291338583,0.8,0.38461538461538464
33270,HyboNet,4,64,0.0002,2,72,0.4409448818897638,0.8,0.38461538461538464
33271,HyboNet,4,64,0.0002,2,73,0.4409448818897638,0.8,0.38461538461538464
33272,HyboNet,4,64,0.0002,2,74,0.44881889763779526,0.8,0.38461538461538464
33273,HyboNet,4,64,0.0002,2,75,0.44881889763779526,0.8,0.34615384615384615
33274,HyboNet,4,64,0.0002,2,76,0.4409448818897638,0.8,0.3076923076923077
33275,HyboNet,4,64,0.0002,2,77,0.4409448818897638,0.8,0.34615384615384615
33276,HyboNet,4,64,0.0002,2,78,0.4330708661417323,0.8,0.34615384615384615
33277,HyboNet,4,64,0.0002,2,79,0.4330708661417323,0.8333333333333334,0.34615384615384615
33278,HyboNet,4,64,0.0002,2,8,0.4330708661417323,0.5666666666666667,0.3076923076923077
33279,HyboNet,4,64,0.0002,2,80,0.4409448818897638,0.8666666666666667,0.34615384615384615
33280,HyboNet,4,64,0.0002,2,81,0.44881889763779526,0.8666666666666667,0.34615384615384615
33281,HyboNet,4,64,0.0002,2,82,0.44881889763779526,0.8666666666666667,0.34615384615384615
33282,HyboNet,4,64,0.0002,2,83,0.4566929133858268,0.8666666666666667,0.34615384615384615
33283,HyboNet,4,64,0.0002,2,84,0.4645669291338583,0.8666666666666667,0.38461538461538464
33284,HyboNet,4,64,0.0002,2,85,0.4566929133858268,0.8666666666666667,0.4230769230769231
33285,HyboNet,4,64,0.0002,2,86,0.4566929133858268,0.9,0.46153846153846156
33286,HyboNet,4,64,0.0002,2,87,0.4566929133858268,0.9,0.46153846153846156
33287,HyboNet,4,64,0.0002,2,88,0.4566929133858268,0.9,0.46153846153846156
33288,HyboNet,4,64,0.0002,2,89,0.4645669291338583,0.9,0.46153846153846156
33289,HyboNet,4,64,0.0002,2,9,0.47244094488188976,0.6,0.4230769230769231
33290,HyboNet,4,64,0.0002,2,90,0.48031496062992124,0.9,0.46153846153846156
33291,HyboNet,4,64,0.0002,2,91,0.48031496062992124,0.9,0.46153846153846156
33292,HyboNet,4,64,0.0002,2,92,0.47244094488188976,0.9,0.46153846153846156
33293,HyboNet,4,64,0.0002,2,93,0.48031496062992124,0.9,0.46153846153846156
33294,HyboNet,4,64,0.0002,2,94,0.48031496062992124,0.9,0.46153846153846156
33295,HyboNet,4,64,0.0002,2,95,0.47244094488188976,0.9333333333333333,0.46153846153846156
33296,HyboNet,4,64,0.0002,2,96,0.47244094488188976,0.9333333333333333,0.46153846153846156
33297,HyboNet,4,64,0.0002,2,97,0.4645669291338583,0.9333333333333333,0.46153846153846156
33298,HyboNet,4,64,0.0002,2,98,0.44881889763779526,0.9333333333333333,0.46153846153846156
33299,HyboNet,4,64,0.0002,2,99,0.44881889763779526,0.9333333333333333,0.4230769230769231
33300,HyboNet,4,64,0.0002,3,1,0.0,0.03333333333333333,0.0
33301,HyboNet,4,64,0.0002,3,10,0.5433070866141733,0.6333333333333333,0.5769230769230769
33302,HyboNet,4,64,0.0002,3,100,0.3779527559055118,0.9333333333333333,0.34615384615384615
33303,HyboNet,4,64,0.0002,3,11,0.5433070866141733,0.6333333333333333,0.5769230769230769
33304,HyboNet,4,64,0.0002,3,12,0.5433070866141733,0.6333333333333333,0.5769230769230769
33305,HyboNet,4,64,0.0002,3,13,0.5433070866141733,0.6333333333333333,0.5769230769230769
33306,HyboNet,4,64,0.0002,3,14,0.5433070866141733,0.6333333333333333,0.6153846153846154
33307,HyboNet,4,64,0.0002,3,15,0.5433070866141733,0.7,0.6153846153846154
33308,HyboNet,4,64,0.0002,3,16,0.5511811023622047,0.7,0.6153846153846154
33309,HyboNet,4,64,0.0002,3,17,0.5748031496062992,0.7,0.5769230769230769
33310,HyboNet,4,64,0.0002,3,18,0.5511811023622047,0.7,0.5769230769230769
33311,HyboNet,4,64,0.0002,3,19,0.5511811023622047,0.7333333333333333,0.5
33312,HyboNet,4,64,0.0002,3,2,0.047244094488188976,0.1,0.0
33313,HyboNet,4,64,0.0002,3,20,0.5275590551181102,0.7333333333333333,0.5
33314,HyboNet,4,64,0.0002,3,21,0.5275590551181102,0.7666666666666667,0.5
33315,HyboNet,4,64,0.0002,3,22,0.5275590551181102,0.7666666666666667,0.5
33316,HyboNet,4,64,0.0002,3,23,0.5511811023622047,0.7666666666666667,0.5
33317,HyboNet,4,64,0.0002,3,24,0.5511811023622047,0.7666666666666667,0.5
33318,HyboNet,4,64,0.0002,3,25,0.5511811023622047,0.7666666666666667,0.5
33319,HyboNet,4,64,0.0002,3,26,0.5511811023622047,0.7666666666666667,0.5384615384615384
33320,HyboNet,4,64,0.0002,3,27,0.5511811023622047,0.7666666666666667,0.5384615384615384
33321,HyboNet,4,64,0.0002,3,28,0.5433070866141733,0.7666666666666667,0.5384615384615384
33322,HyboNet,4,64,0.0002,3,29,0.5433070866141733,0.7666666666666667,0.5384615384615384
33323,HyboNet,4,64,0.0002,3,3,0.11023622047244094,0.26666666666666666,0.11538461538461539
33324,HyboNet,4,64,0.0002,3,30,0.5433070866141733,0.7666666666666667,0.5
33325,HyboNet,4,64,0.0002,3,31,0.5275590551181102,0.7666666666666667,0.5
33326,HyboNet,4,64,0.0002,3,32,0.5196850393700787,0.7666666666666667,0.46153846153846156
33327,HyboNet,4,64,0.0002,3,33,0.5275590551181102,0.7666666666666667,0.46153846153846156
33328,HyboNet,4,64,0.0002,3,34,0.5196850393700787,0.8,0.46153846153846156
33329,HyboNet,4,64,0.0002,3,35,0.5118110236220472,0.8,0.46153846153846156
33330,HyboNet,4,64,0.0002,3,36,0.5196850393700787,0.8,0.4230769230769231
33331,HyboNet,4,64,0.0002,3,37,0.5275590551181102,0.8,0.4230769230769231
33332,HyboNet,4,64,0.0002,3,38,0.5196850393700787,0.8,0.4230769230769231
33333,HyboNet,4,64,0.0002,3,39,0.5118110236220472,0.8,0.4230769230769231
33334,HyboNet,4,64,0.0002,3,4,0.2992125984251969,0.4666666666666667,0.34615384615384615
33335,HyboNet,4,64,0.0002,3,40,0.5118110236220472,0.8,0.4230769230769231
33336,HyboNet,4,64,0.0002,3,41,0.49606299212598426,0.8,0.4230769230769231
33337,HyboNet,4,64,0.0002,3,42,0.49606299212598426,0.8,0.4230769230769231
33338,HyboNet,4,64,0.0002,3,43,0.48031496062992124,0.8,0.4230769230769231
33339,HyboNet,4,64,0.0002,3,44,0.47244094488188976,0.8,0.4230769230769231
33340,HyboNet,4,64,0.0002,3,45,0.4645669291338583,0.8333333333333334,0.4230769230769231
33341,HyboNet,4,64,0.0002,3,46,0.4645669291338583,0.8333333333333334,0.46153846153846156
33342,HyboNet,4,64,0.0002,3,47,0.4645669291338583,0.8333333333333334,0.46153846153846156
33343,HyboNet,4,64,0.0002,3,48,0.4566929133858268,0.8333333333333334,0.46153846153846156
33344,HyboNet,4,64,0.0002,3,49,0.4645669291338583,0.8333333333333334,0.46153846153846156
33345,HyboNet,4,64,0.0002,3,5,0.3858267716535433,0.5666666666666667,0.46153846153846156
33346,HyboNet,4,64,0.0002,3,50,0.4645669291338583,0.8666666666666667,0.46153846153846156
33347,HyboNet,4,64,0.0002,3,51,0.44881889763779526,0.8666666666666667,0.46153846153846156
33348,HyboNet,4,64,0.0002,3,52,0.44881889763779526,0.8666666666666667,0.4230769230769231
33349,HyboNet,4,64,0.0002,3,53,0.4409448818897638,0.8666666666666667,0.38461538461538464
33350,HyboNet,4,64,0.0002,3,54,0.4409448818897638,0.8666666666666667,0.38461538461538464
33351,HyboNet,4,64,0.0002,3,55,0.4409448818897638,0.8666666666666667,0.38461538461538464
33352,HyboNet,4,64,0.0002,3,56,0.4409448818897638,0.8666666666666667,0.34615384615384615
33353,HyboNet,4,64,0.0002,3,57,0.4409448818897638,0.8666666666666667,0.34615384615384615
33354,HyboNet,4,64,0.0002,3,58,0.4330708661417323,0.8666666666666667,0.34615384615384615
33355,HyboNet,4,64,0.0002,3,59,0.4330708661417323,0.9,0.34615384615384615
33356,HyboNet,4,64,0.0002,3,6,0.4645669291338583,0.6,0.46153846153846156
33357,HyboNet,4,64,0.0002,3,60,0.4330708661417323,0.9,0.34615384615384615
33358,HyboNet,4,64,0.0002,3,61,0.4330708661417323,0.9,0.34615384615384615
33359,HyboNet,4,64,0.0002,3,62,0.4330708661417323,0.9,0.34615384615384615
33360,HyboNet,4,64,0.0002,3,63,0.4251968503937008,0.9,0.34615384615384615
33361,HyboNet,4,64,0.0002,3,64,0.4251968503937008,0.9,0.34615384615384615
33362,HyboNet,4,64,0.0002,3,65,0.4330708661417323,0.9,0.34615384615384615
33363,HyboNet,4,64,0.0002,3,66,0.4409448818897638,0.9,0.34615384615384615
33364,HyboNet,4,64,0.0002,3,67,0.4409448818897638,0.9,0.34615384615384615
33365,HyboNet,4,64,0.0002,3,68,0.4409448818897638,0.9,0.34615384615384615
33366,HyboNet,4,64,0.0002,3,69,0.4409448818897638,0.9,0.34615384615384615
33367,HyboNet,4,64,0.0002,3,7,0.5039370078740157,0.6,0.5384615384615384
33368,HyboNet,4,64,0.0002,3,70,0.4409448818897638,0.9,0.34615384615384615
33369,HyboNet,4,64,0.0002,3,71,0.4330708661417323,0.9,0.34615384615384615
33370,HyboNet,4,64,0.0002,3,72,0.4330708661417323,0.9,0.3076923076923077
33371,HyboNet,4,64,0.0002,3,73,0.4251968503937008,0.9,0.3076923076923077
33372,HyboNet,4,64,0.0002,3,74,0.4251968503937008,0.9,0.3076923076923077
33373,HyboNet,4,64,0.0002,3,75,0.4251968503937008,0.9,0.3076923076923077
33374,HyboNet,4,64,0.0002,3,76,0.4251968503937008,0.9,0.3076923076923077
33375,HyboNet,4,64,0.0002,3,77,0.4251968503937008,0.9,0.3076923076923077
33376,HyboNet,4,64,0.0002,3,78,0.4251968503937008,0.9,0.3076923076923077
33377,HyboNet,4,64,0.0002,3,79,0.4251968503937008,0.9333333333333333,0.3076923076923077
33378,HyboNet,4,64,0.0002,3,8,0.5275590551181102,0.6,0.5384615384615384
33379,HyboNet,4,64,0.0002,3,80,0.4251968503937008,0.9333333333333333,0.3076923076923077
33380,HyboNet,4,64,0.0002,3,81,0.4094488188976378,0.9333333333333333,0.3076923076923077
33381,HyboNet,4,64,0.0002,3,82,0.4094488188976378,0.9333333333333333,0.3076923076923077
33382,HyboNet,4,64,0.0002,3,83,0.4015748031496063,0.9333333333333333,0.3076923076923077
33383,HyboNet,4,64,0.0002,3,84,0.4015748031496063,0.9333333333333333,0.3076923076923077
33384,HyboNet,4,64,0.0002,3,85,0.3937007874015748,0.9333333333333333,0.3076923076923077
33385,HyboNet,4,64,0.0002,3,86,0.3937007874015748,0.9333333333333333,0.3076923076923077
33386,HyboNet,4,64,0.0002,3,87,0.3937007874015748,0.9333333333333333,0.3076923076923077
33387,HyboNet,4,64,0.0002,3,88,0.3937007874015748,0.9333333333333333,0.3076923076923077
33388,HyboNet,4,64,0.0002,3,89,0.3858267716535433,0.9333333333333333,0.3076923076923077
33389,HyboNet,4,64,0.0002,3,9,0.5354330708661418,0.6333333333333333,0.5384615384615384
33390,HyboNet,4,64,0.0002,3,90,0.3858267716535433,0.9333333333333333,0.3076923076923077
33391,HyboNet,4,64,0.0002,3,91,0.3858267716535433,0.9333333333333333,0.3076923076923077
33392,HyboNet,4,64,0.0002,3,92,0.3858267716535433,0.9333333333333333,0.3076923076923077
33393,HyboNet,4,64,0.0002,3,93,0.3779527559055118,0.9333333333333333,0.3076923076923077
33394,HyboNet,4,64,0.0002,3,94,0.3779527559055118,0.9333333333333333,0.3076923076923077
33395,HyboNet,4,64,0.0002,3,95,0.3779527559055118,0.9333333333333333,0.34615384615384615
33396,HyboNet,4,64,0.0002,3,96,0.3779527559055118,0.9333333333333333,0.34615384615384615
33397,HyboNet,4,64,0.0002,3,97,0.3779527559055118,0.9333333333333333,0.34615384615384615
33398,HyboNet,4,64,0.0002,3,98,0.3779527559055118,0.9333333333333333,0.34615384615384615
33399,HyboNet,4,64,0.0002,3,99,0.3779527559055118,0.9333333333333333,0.34615384615384615
33400,HyboNet,4,64,0.0002,4,1,0.007874015748031496,0.06666666666666667,0.0
33401,HyboNet,4,64,0.0002,4,10,0.5118110236220472,0.6333333333333333,0.6153846153846154
33402,HyboNet,4,64,0.0002,4,100,0.3700787401574803,0.9333333333333333,0.46153846153846156
33403,HyboNet,4,64,0.0002,4,11,0.5118110236220472,0.6333333333333333,0.6153846153846154
33404,HyboNet,4,64,0.0002,4,12,0.5118110236220472,0.6333333333333333,0.6153846153846154
33405,HyboNet,4,64,0.0002,4,13,0.5118110236220472,0.6333333333333333,0.5769230769230769
33406,HyboNet,4,64,0.0002,4,14,0.5039370078740157,0.6333333333333333,0.5769230769230769
33407,HyboNet,4,64,0.0002,4,15,0.5039370078740157,0.6333333333333333,0.5769230769230769
33408,HyboNet,4,64,0.0002,4,16,0.5039370078740157,0.6333333333333333,0.5769230769230769
33409,HyboNet,4,64,0.0002,4,17,0.5196850393700787,0.6333333333333333,0.5769230769230769
33410,HyboNet,4,64,0.0002,4,18,0.5196850393700787,0.6333333333333333,0.5769230769230769
33411,HyboNet,4,64,0.0002,4,19,0.5275590551181102,0.6333333333333333,0.5769230769230769
33412,HyboNet,4,64,0.0002,4,2,0.03937007874015748,0.13333333333333333,0.0
33413,HyboNet,4,64,0.0002,4,20,0.5275590551181102,0.6333333333333333,0.5769230769230769
33414,HyboNet,4,64,0.0002,4,21,0.5275590551181102,0.6333333333333333,0.5769230769230769
33415,HyboNet,4,64,0.0002,4,22,0.5275590551181102,0.6333333333333333,0.5769230769230769
33416,HyboNet,4,64,0.0002,4,23,0.5275590551181102,0.6333333333333333,0.5769230769230769
33417,HyboNet,4,64,0.0002,4,24,0.5275590551181102,0.6333333333333333,0.5769230769230769
33418,HyboNet,4,64,0.0002,4,25,0.5196850393700787,0.6666666666666666,0.5769230769230769
33419,HyboNet,4,64,0.0002,4,26,0.5275590551181102,0.6666666666666666,0.5769230769230769
33420,HyboNet,4,64,0.0002,4,27,0.5118110236220472,0.7,0.5769230769230769
33421,HyboNet,4,64,0.0002,4,28,0.5118110236220472,0.7,0.5769230769230769
33422,HyboNet,4,64,0.0002,4,29,0.5118110236220472,0.7,0.5769230769230769
33423,HyboNet,4,64,0.0002,4,3,0.08661417322834646,0.2,0.0
33424,HyboNet,4,64,0.0002,4,30,0.5196850393700787,0.7,0.5769230769230769
33425,HyboNet,4,64,0.0002,4,31,0.5196850393700787,0.7,0.5769230769230769
33426,HyboNet,4,64,0.0002,4,32,0.5196850393700787,0.7,0.5769230769230769
33427,HyboNet,4,64,0.0002,4,33,0.5196850393700787,0.7,0.5769230769230769
33428,HyboNet,4,64,0.0002,4,34,0.5196850393700787,0.7,0.5769230769230769
33429,HyboNet,4,64,0.0002,4,35,0.5196850393700787,0.7,0.5769230769230769
33430,HyboNet,4,64,0.0002,4,36,0.5196850393700787,0.7,0.5769230769230769
33431,HyboNet,4,64,0.0002,4,37,0.5118110236220472,0.7,0.5769230769230769
33432,HyboNet,4,64,0.0002,4,38,0.5039370078740157,0.7333333333333333,0.5769230769230769
33433,HyboNet,4,64,0.0002,4,39,0.5039370078740157,0.7666666666666667,0.5769230769230769
33434,HyboNet,4,64,0.0002,4,4,0.25984251968503935,0.26666666666666666,0.3076923076923077
33435,HyboNet,4,64,0.0002,4,40,0.5039370078740157,0.7666666666666667,0.5769230769230769
33436,HyboNet,4,64,0.0002,4,41,0.49606299212598426,0.7666666666666667,0.5769230769230769
33437,HyboNet,4,64,0.0002,4,42,0.49606299212598426,0.7666666666666667,0.5384615384615384
33438,HyboNet,4,64,0.0002,4,43,0.49606299212598426,0.7666666666666667,0.5384615384615384
33439,HyboNet,4,64,0.0002,4,44,0.49606299212598426,0.7666666666666667,0.5384615384615384
33440,HyboNet,4,64,0.0002,4,45,0.49606299212598426,0.7666666666666667,0.5384615384615384
33441,HyboNet,4,64,0.0002,4,46,0.5039370078740157,0.7666666666666667,0.5384615384615384
33442,HyboNet,4,64,0.0002,4,47,0.5039370078740157,0.7666666666666667,0.5
33443,HyboNet,4,64,0.0002,4,48,0.5039370078740157,0.7666666666666667,0.46153846153846156
33444,HyboNet,4,64,0.0002,4,49,0.4881889763779528,0.7666666666666667,0.46153846153846156
33445,HyboNet,4,64,0.0002,4,5,0.4330708661417323,0.4666666666666667,0.4230769230769231
33446,HyboNet,4,64,0.0002,4,50,0.4881889763779528,0.7666666666666667,0.46153846153846156
33447,HyboNet,4,64,0.0002,4,51,0.48031496062992124,0.7666666666666667,0.5
33448,HyboNet,4,64,0.0002,4,52,0.47244094488188976,0.7666666666666667,0.5
33449,HyboNet,4,64,0.0002,4,53,0.47244094488188976,0.7666666666666667,0.5
33450,HyboNet,4,64,0.0002,4,54,0.47244094488188976,0.7666666666666667,0.5
33451,HyboNet,4,64,0.0002,4,55,0.47244094488188976,0.7666666666666667,0.5
33452,HyboNet,4,64,0.0002,4,56,0.47244094488188976,0.8,0.5
33453,HyboNet,4,64,0.0002,4,57,0.47244094488188976,0.8,0.5
33454,HyboNet,4,64,0.0002,4,58,0.44881889763779526,0.8,0.5
33455,HyboNet,4,64,0.0002,4,59,0.4409448818897638,0.8,0.5
33456,HyboNet,4,64,0.0002,4,6,0.44881889763779526,0.6,0.5
33457,HyboNet,4,64,0.0002,4,60,0.4409448818897638,0.8,0.5
33458,HyboNet,4,64,0.0002,4,61,0.44881889763779526,0.8,0.5
33459,HyboNet,4,64,0.0002,4,62,0.44881889763779526,0.8,0.5
33460,HyboNet,4,64,0.0002,4,63,0.4330708661417323,0.8,0.4230769230769231
33461,HyboNet,4,64,0.0002,4,64,0.4094488188976378,0.8,0.4230769230769231
33462,HyboNet,4,64,0.0002,4,65,0.4094488188976378,0.8,0.4230769230769231
33463,HyboNet,4,64,0.0002,4,66,0.4094488188976378,0.8333333333333334,0.4230769230769231
33464,HyboNet,4,64,0.0002,4,67,0.41732283464566927,0.8333333333333334,0.4230769230769231
33465,HyboNet,4,64,0.0002,4,68,0.41732283464566927,0.8333333333333334,0.4230769230769231
33466,HyboNet,4,64,0.0002,4,69,0.41732283464566927,0.8333333333333334,0.4230769230769231
33467,HyboNet,4,64,0.0002,4,7,0.47244094488188976,0.6,0.5
33468,HyboNet,4,64,0.0002,4,70,0.41732283464566927,0.8333333333333334,0.4230769230769231
33469,HyboNet,4,64,0.0002,4,71,0.41732283464566927,0.8333333333333334,0.4230769230769231
33470,HyboNet,4,64,0.0002,4,72,0.41732283464566927,0.8333333333333334,0.4230769230769231
33471,HyboNet,4,64,0.0002,4,73,0.4094488188976378,0.8666666666666667,0.4230769230769231
33472,HyboNet,4,64,0.0002,4,74,0.4094488188976378,0.9,0.4230769230769231
33473,HyboNet,4,64,0.0002,4,75,0.4094488188976378,0.9,0.4230769230769231
33474,HyboNet,4,64,0.0002,4,76,0.4094488188976378,0.9,0.4230769230769231
33475,HyboNet,4,64,0.0002,4,77,0.4015748031496063,0.9,0.4230769230769231
33476,HyboNet,4,64,0.0002,4,78,0.4015748031496063,0.9,0.4230769230769231
33477,HyboNet,4,64,0.0002,4,79,0.4015748031496063,0.9,0.4230769230769231
33478,HyboNet,4,64,0.0002,4,8,0.5039370078740157,0.6333333333333333,0.6153846153846154
33479,HyboNet,4,64,0.0002,4,80,0.4015748031496063,0.9,0.4230769230769231
33480,HyboNet,4,64,0.0002,4,81,0.3937007874015748,0.9,0.46153846153846156
33481,HyboNet,4,64,0.0002,4,82,0.4015748031496063,0.9,0.46153846153846156
33482,HyboNet,4,64,0.0002,4,83,0.4015748031496063,0.9,0.46153846153846156
33483,HyboNet,4,64,0.0002,4,84,0.3937007874015748,0.9,0.46153846153846156
33484,HyboNet,4,64,0.0002,4,85,0.4015748031496063,0.9333333333333333,0.46153846153846156
33485,HyboNet,4,64,0.0002,4,86,0.4094488188976378,0.9333333333333333,0.46153846153846156
33486,HyboNet,4,64,0.0002,4,87,0.3937007874015748,0.9333333333333333,0.46153846153846156
33487,HyboNet,4,64,0.0002,4,88,0.3858267716535433,0.9333333333333333,0.46153846153846156
33488,HyboNet,4,64,0.0002,4,89,0.3858267716535433,0.9333333333333333,0.46153846153846156
33489,HyboNet,4,64,0.0002,4,9,0.5118110236220472,0.6333333333333333,0.6153846153846154
33490,HyboNet,4,64,0.0002,4,90,0.3858267716535433,0.9333333333333333,0.46153846153846156
33491,HyboNet,4,64,0.0002,4,91,0.3937007874015748,0.9333333333333333,0.46153846153846156
33492,HyboNet,4,64,0.0002,4,92,0.3779527559055118,0.9333333333333333,0.46153846153846156
33493,HyboNet,4,64,0.0002,4,93,0.3779527559055118,0.9333333333333333,0.46153846153846156
33494,HyboNet,4,64,0.0002,4,94,0.3700787401574803,0.9333333333333333,0.46153846153846156
33495,HyboNet,4,64,0.0002,4,95,0.36220472440944884,0.9333333333333333,0.46153846153846156
33496,HyboNet,4,64,0.0002,4,96,0.36220472440944884,0.9333333333333333,0.46153846153846156
33497,HyboNet,4,64,0.0002,4,97,0.36220472440944884,0.9333333333333333,0.46153846153846156
33498,HyboNet,4,64,0.0002,4,98,0.3779527559055118,0.9333333333333333,0.46153846153846156
33499,HyboNet,4,64,0.0002,4,99,0.3779527559055118,0.9333333333333333,0.46153846153846156
33500,HyboNet,4,64,0.0002,5,1,0.4409448818897638,0.4666666666666667,0.4230769230769231
33501,HyboNet,4,64,0.0002,5,10,0.5275590551181102,0.6666666666666666,0.5384615384615384
33502,HyboNet,4,64,0.0002,5,100,0.4566929133858268,0.9333333333333333,0.5384615384615384
33503,HyboNet,4,64,0.0002,5,11,0.5196850393700787,0.7,0.5384615384615384
33504,HyboNet,4,64,0.0002,5,12,0.5275590551181102,0.7666666666666667,0.5384615384615384
33505,HyboNet,4,64,0.0002,5,13,0.5275590551181102,0.7666666666666667,0.5384615384615384
33506,HyboNet,4,64,0.0002,5,14,0.5275590551181102,0.7666666666666667,0.5384615384615384
33507,HyboNet,4,64,0.0002,5,15,0.5275590551181102,0.7666666666666667,0.5384615384615384
33508,HyboNet,4,64,0.0002,5,16,0.5275590551181102,0.7333333333333333,0.5384615384615384
33509,HyboNet,4,64,0.0002,5,17,0.5275590551181102,0.7666666666666667,0.5384615384615384
33510,HyboNet,4,64,0.0002,5,18,0.5354330708661418,0.7666666666666667,0.5384615384615384
33511,HyboNet,4,64,0.0002,5,19,0.5433070866141733,0.7666666666666667,0.5384615384615384
33512,HyboNet,4,64,0.0002,5,2,0.48031496062992124,0.5333333333333333,0.5
33513,HyboNet,4,64,0.0002,5,20,0.5433070866141733,0.7666666666666667,0.5384615384615384
33514,HyboNet,4,64,0.0002,5,21,0.5354330708661418,0.7666666666666667,0.5384615384615384
33515,HyboNet,4,64,0.0002,5,22,0.5354330708661418,0.7666666666666667,0.5384615384615384
33516,HyboNet,4,64,0.0002,5,23,0.5196850393700787,0.8,0.5384615384615384
33517,HyboNet,4,64,0.0002,5,24,0.5196850393700787,0.8,0.5384615384615384
33518,HyboNet,4,64,0.0002,5,25,0.5039370078740157,0.8,0.5769230769230769
33519,HyboNet,4,64,0.0002,5,26,0.5118110236220472,0.8,0.5769230769230769
33520,HyboNet,4,64,0.0002,5,27,0.5039370078740157,0.8,0.5769230769230769
33521,HyboNet,4,64,0.0002,5,28,0.5039370078740157,0.8,0.5769230769230769
33522,HyboNet,4,64,0.0002,5,29,0.5039370078740157,0.8333333333333334,0.5769230769230769
33523,HyboNet,4,64,0.0002,5,3,0.5196850393700787,0.6,0.5384615384615384
33524,HyboNet,4,64,0.0002,5,30,0.5118110236220472,0.8333333333333334,0.5769230769230769
33525,HyboNet,4,64,0.0002,5,31,0.5196850393700787,0.8333333333333334,0.5769230769230769
33526,HyboNet,4,64,0.0002,5,32,0.5118110236220472,0.8333333333333334,0.5384615384615384
33527,HyboNet,4,64,0.0002,5,33,0.5196850393700787,0.8333333333333334,0.5384615384615384
33528,HyboNet,4,64,0.0002,5,34,0.5196850393700787,0.8333333333333334,0.5769230769230769
33529,HyboNet,4,64,0.0002,5,35,0.5196850393700787,0.8333333333333334,0.5769230769230769
33530,HyboNet,4,64,0.0002,5,36,0.5196850393700787,0.8333333333333334,0.5769230769230769
33531,HyboNet,4,64,0.0002,5,37,0.5275590551181102,0.8333333333333334,0.5384615384615384
33532,HyboNet,4,64,0.0002,5,38,0.5196850393700787,0.8333333333333334,0.5384615384615384
33533,HyboNet,4,64,0.0002,5,39,0.5196850393700787,0.8333333333333334,0.5384615384615384
33534,HyboNet,4,64,0.0002,5,4,0.5275590551181102,0.6,0.5769230769230769
33535,HyboNet,4,64,0.0002,5,40,0.5118110236220472,0.8333333333333334,0.5384615384615384
33536,HyboNet,4,64,0.0002,5,41,0.5118110236220472,0.8333333333333334,0.5384615384615384
33537,HyboNet,4,64,0.0002,5,42,0.5039370078740157,0.8333333333333334,0.5769230769230769
33538,HyboNet,4,64,0.0002,5,43,0.5039370078740157,0.8333333333333334,0.5769230769230769
33539,HyboNet,4,64,0.0002,5,44,0.49606299212598426,0.8666666666666667,0.5769230769230769
33540,HyboNet,4,64,0.0002,5,45,0.49606299212598426,0.8666666666666667,0.5769230769230769
33541,HyboNet,4,64,0.0002,5,46,0.49606299212598426,0.8666666666666667,0.5769230769230769
33542,HyboNet,4,64,0.0002,5,47,0.5039370078740157,0.8666666666666667,0.5769230769230769
33543,HyboNet,4,64,0.0002,5,48,0.5039370078740157,0.8666666666666667,0.5769230769230769
33544,HyboNet,4,64,0.0002,5,49,0.5039370078740157,0.8666666666666667,0.5769230769230769
33545,HyboNet,4,64,0.0002,5,5,0.5275590551181102,0.6,0.5769230769230769
33546,HyboNet,4,64,0.0002,5,50,0.49606299212598426,0.9,0.5769230769230769
33547,HyboNet,4,64,0.0002,5,51,0.49606299212598426,0.9,0.5769230769230769
33548,HyboNet,4,64,0.0002,5,52,0.49606299212598426,0.9,0.5769230769230769
33549,HyboNet,4,64,0.0002,5,53,0.49606299212598426,0.9,0.5769230769230769
33550,HyboNet,4,64,0.0002,5,54,0.49606299212598426,0.9,0.5769230769230769
33551,HyboNet,4,64,0.0002,5,55,0.49606299212598426,0.9,0.5769230769230769
33552,HyboNet,4,64,0.0002,5,56,0.49606299212598426,0.9,0.5769230769230769
33553,HyboNet,4,64,0.0002,5,57,0.49606299212598426,0.9,0.5769230769230769
33554,HyboNet,4,64,0.0002,5,58,0.49606299212598426,0.9,0.5769230769230769
33555,HyboNet,4,64,0.0002,5,59,0.49606299212598426,0.9333333333333333,0.5769230769230769
33556,HyboNet,4,64,0.0002,5,6,0.5275590551181102,0.6,0.5769230769230769
33557,HyboNet,4,64,0.0002,5,60,0.49606299212598426,0.9333333333333333,0.5769230769230769
33558,HyboNet,4,64,0.0002,5,61,0.49606299212598426,0.9333333333333333,0.5769230769230769
33559,HyboNet,4,64,0.0002,5,62,0.5118110236220472,0.9333333333333333,0.5769230769230769
33560,HyboNet,4,64,0.0002,5,63,0.5118110236220472,0.9333333333333333,0.5769230769230769
33561,HyboNet,4,64,0.0002,5,64,0.5118110236220472,0.9333333333333333,0.5769230769230769
33562,HyboNet,4,64,0.0002,5,65,0.5118110236220472,0.9333333333333333,0.5769230769230769
33563,HyboNet,4,64,0.0002,5,66,0.5118110236220472,0.9333333333333333,0.5769230769230769
33564,HyboNet,4,64,0.0002,5,67,0.5118110236220472,0.9333333333333333,0.5769230769230769
33565,HyboNet,4,64,0.0002,5,68,0.5118110236220472,0.9333333333333333,0.5769230769230769
33566,HyboNet,4,64,0.0002,5,69,0.5118110236220472,0.9333333333333333,0.5769230769230769
33567,HyboNet,4,64,0.0002,5,7,0.5275590551181102,0.6,0.5769230769230769
33568,HyboNet,4,64,0.0002,5,70,0.5039370078740157,0.9333333333333333,0.5769230769230769
33569,HyboNet,4,64,0.0002,5,71,0.5039370078740157,0.9333333333333333,0.5769230769230769
33570,HyboNet,4,64,0.0002,5,72,0.5039370078740157,0.9333333333333333,0.5769230769230769
33571,HyboNet,4,64,0.0002,5,73,0.5039370078740157,0.9333333333333333,0.5769230769230769
33572,HyboNet,4,64,0.0002,5,74,0.5039370078740157,0.9333333333333333,0.5769230769230769
33573,HyboNet,4,64,0.0002,5,75,0.49606299212598426,0.9333333333333333,0.5769230769230769
33574,HyboNet,4,64,0.0002,5,76,0.5039370078740157,0.9333333333333333,0.5769230769230769
33575,HyboNet,4,64,0.0002,5,77,0.5039370078740157,0.9666666666666667,0.5769230769230769
33576,HyboNet,4,64,0.0002,5,78,0.49606299212598426,0.9666666666666667,0.5769230769230769
33577,HyboNet,4,64,0.0002,5,79,0.49606299212598426,0.9666666666666667,0.5769230769230769
33578,HyboNet,4,64,0.0002,5,8,0.5196850393700787,0.6333333333333333,0.5769230769230769
33579,HyboNet,4,64,0.0002,5,80,0.5039370078740157,0.9666666666666667,0.5769230769230769
33580,HyboNet,4,64,0.0002,5,81,0.49606299212598426,0.9666666666666667,0.5769230769230769
33581,HyboNet,4,64,0.0002,5,82,0.49606299212598426,0.9666666666666667,0.5769230769230769
33582,HyboNet,4,64,0.0002,5,83,0.4881889763779528,0.9666666666666667,0.5769230769230769
33583,HyboNet,4,64,0.0002,5,84,0.48031496062992124,0.9666666666666667,0.5769230769230769
33584,HyboNet,4,64,0.0002,5,85,0.48031496062992124,0.9666666666666667,0.5384615384615384
33585,HyboNet,4,64,0.0002,5,86,0.48031496062992124,0.9666666666666667,0.5384615384615384
33586,HyboNet,4,64,0.0002,5,87,0.48031496062992124,0.9666666666666667,0.5384615384615384
33587,HyboNet,4,64,0.0002,5,88,0.4645669291338583,0.9666666666666667,0.5384615384615384
33588,HyboNet,4,64,0.0002,5,89,0.4645669291338583,0.9666666666666667,0.5384615384615384
33589,HyboNet,4,64,0.0002,5,9,0.5196850393700787,0.6333333333333333,0.5384615384615384
33590,HyboNet,4,64,0.0002,5,90,0.4645669291338583,0.9666666666666667,0.5384615384615384
33591,HyboNet,4,64,0.0002,5,91,0.4645669291338583,0.9666666666666667,0.5
33592,HyboNet,4,64,0.0002,5,92,0.4645669291338583,0.9666666666666667,0.5384615384615384
33593,HyboNet,4,64,0.0002,5,93,0.4645669291338583,0.9666666666666667,0.5384615384615384
33594,HyboNet,4,64,0.0002,5,94,0.4645669291338583,0.9666666666666667,0.5384615384615384
33595,HyboNet,4,64,0.0002,5,95,0.4645669291338583,0.9333333333333333,0.5384615384615384
33596,HyboNet,4,64,0.0002,5,96,0.4645669291338583,0.9333333333333333,0.5384615384615384
33597,HyboNet,4,64,0.0002,5,97,0.4566929133858268,0.9666666666666667,0.5384615384615384
33598,HyboNet,4,64,0.0002,5,98,0.4566929133858268,0.9666666666666667,0.5384615384615384
33599,HyboNet,4,64,0.0002,5,99,0.4566929133858268,0.9333333333333333,0.5384615384615384
33600,HyboNet,4,64,0.0002,6,1,0.4094488188976378,0.4,0.5
33601,HyboNet,4,64,0.0002,6,10,0.5275590551181102,0.6333333333333333,0.5769230769230769
33602,HyboNet,4,64,0.0002,6,100,0.3779527559055118,0.9333333333333333,0.4230769230769231
33603,HyboNet,4,64,0.0002,6,11,0.5275590551181102,0.6333333333333333,0.5769230769230769
33604,HyboNet,4,64,0.0002,6,12,0.5275590551181102,0.6333333333333333,0.5769230769230769
33605,HyboNet,4,64,0.0002,6,13,0.5275590551181102,0.6666666666666666,0.5769230769230769
33606,HyboNet,4,64,0.0002,6,14,0.5354330708661418,0.6666666666666666,0.5384615384615384
33607,HyboNet,4,64,0.0002,6,15,0.5275590551181102,0.6666666666666666,0.5384615384615384
33608,HyboNet,4,64,0.0002,6,16,0.5275590551181102,0.6666666666666666,0.5384615384615384
33609,HyboNet,4,64,0.0002,6,17,0.5275590551181102,0.6666666666666666,0.5384615384615384
33610,HyboNet,4,64,0.0002,6,18,0.5275590551181102,0.6666666666666666,0.5384615384615384
33611,HyboNet,4,64,0.0002,6,19,0.5275590551181102,0.6666666666666666,0.5384615384615384
33612,HyboNet,4,64,0.0002,6,2,0.4881889763779528,0.5333333333333333,0.5
33613,HyboNet,4,64,0.0002,6,20,0.5354330708661418,0.6666666666666666,0.5384615384615384
33614,HyboNet,4,64,0.0002,6,21,0.5354330708661418,0.6666666666666666,0.5384615384615384
33615,HyboNet,4,64,0.0002,6,22,0.5354330708661418,0.6666666666666666,0.5384615384615384
33616,HyboNet,4,64,0.0002,6,23,0.5354330708661418,0.7,0.5384615384615384
33617,HyboNet,4,64,0.0002,6,24,0.5354330708661418,0.7333333333333333,0.5384615384615384
33618,HyboNet,4,64,0.0002,6,25,0.5354330708661418,0.7333333333333333,0.5384615384615384
33619,HyboNet,4,64,0.0002,6,26,0.5511811023622047,0.7333333333333333,0.5384615384615384
33620,HyboNet,4,64,0.0002,6,27,0.5511811023622047,0.7666666666666667,0.5384615384615384
33621,HyboNet,4,64,0.0002,6,28,0.5511811023622047,0.7666666666666667,0.5
33622,HyboNet,4,64,0.0002,6,29,0.5196850393700787,0.7666666666666667,0.5
33623,HyboNet,4,64,0.0002,6,3,0.5196850393700787,0.5666666666666667,0.5384615384615384
33624,HyboNet,4,64,0.0002,6,30,0.5196850393700787,0.7666666666666667,0.5
33625,HyboNet,4,64,0.0002,6,31,0.5275590551181102,0.7666666666666667,0.5
33626,HyboNet,4,64,0.0002,6,32,0.5196850393700787,0.7666666666666667,0.5
33627,HyboNet,4,64,0.0002,6,33,0.5196850393700787,0.8,0.5
33628,HyboNet,4,64,0.0002,6,34,0.5196850393700787,0.8,0.46153846153846156
33629,HyboNet,4,64,0.0002,6,35,0.5196850393700787,0.8,0.46153846153846156
33630,HyboNet,4,64,0.0002,6,36,0.5118110236220472,0.8,0.46153846153846156
33631,HyboNet,4,64,0.0002,6,37,0.5118110236220472,0.8,0.46153846153846156
33632,HyboNet,4,64,0.0002,6,38,0.5118110236220472,0.8,0.46153846153846156
33633,HyboNet,4,64,0.0002,6,39,0.5039370078740157,0.8,0.46153846153846156
33634,HyboNet,4,64,0.0002,6,4,0.5275590551181102,0.6,0.5384615384615384
33635,HyboNet,4,64,0.0002,6,40,0.5039370078740157,0.8,0.5
33636,HyboNet,4,64,0.0002,6,41,0.5039370078740157,0.8,0.5
33637,HyboNet,4,64,0.0002,6,42,0.5039370078740157,0.8,0.46153846153846156
33638,HyboNet,4,64,0.0002,6,43,0.5039370078740157,0.8,0.4230769230769231
33639,HyboNet,4,64,0.0002,6,44,0.5039370078740157,0.8333333333333334,0.4230769230769231
33640,HyboNet,4,64,0.0002,6,45,0.5118110236220472,0.8333333333333334,0.4230769230769231
33641,HyboNet,4,64,0.0002,6,46,0.5196850393700787,0.8333333333333334,0.4230769230769231
33642,HyboNet,4,64,0.0002,6,47,0.5039370078740157,0.8333333333333334,0.4230769230769231
33643,HyboNet,4,64,0.0002,6,48,0.47244094488188976,0.8333333333333334,0.4230769230769231
33644,HyboNet,4,64,0.0002,6,49,0.44881889763779526,0.8666666666666667,0.34615384615384615
33645,HyboNet,4,64,0.0002,6,5,0.5354330708661418,0.6,0.5769230769230769
33646,HyboNet,4,64,0.0002,6,50,0.44881889763779526,0.8666666666666667,0.38461538461538464
33647,HyboNet,4,64,0.0002,6,51,0.44881889763779526,0.8666666666666667,0.38461538461538464
33648,HyboNet,4,64,0.0002,6,52,0.4409448818897638,0.8666666666666667,0.38461538461538464
33649,HyboNet,4,64,0.0002,6,53,0.4409448818897638,0.8666666666666667,0.38461538461538464
33650,HyboNet,4,64,0.0002,6,54,0.4409448818897638,0.8666666666666667,0.38461538461538464
33651,HyboNet,4,64,0.0002,6,55,0.4409448818897638,0.8666666666666667,0.38461538461538464
33652,HyboNet,4,64,0.0002,6,56,0.4409448818897638,0.8666666666666667,0.38461538461538464
33653,HyboNet,4,64,0.0002,6,57,0.4409448818897638,0.8666666666666667,0.38461538461538464
33654,HyboNet,4,64,0.0002,6,58,0.4330708661417323,0.8666666666666667,0.38461538461538464
33655,HyboNet,4,64,0.0002,6,59,0.4251968503937008,0.9333333333333333,0.38461538461538464
33656,HyboNet,4,64,0.0002,6,6,0.5354330708661418,0.6,0.5769230769230769
33657,HyboNet,4,64,0.0002,6,60,0.41732283464566927,0.9333333333333333,0.38461538461538464
33658,HyboNet,4,64,0.0002,6,61,0.4094488188976378,0.9333333333333333,0.38461538461538464
33659,HyboNet,4,64,0.0002,6,62,0.4094488188976378,0.9333333333333333,0.38461538461538464
33660,HyboNet,4,64,0.0002,6,63,0.41732283464566927,0.9333333333333333,0.38461538461538464
33661,HyboNet,4,64,0.0002,6,64,0.41732283464566927,0.9333333333333333,0.38461538461538464
33662,HyboNet,4,64,0.0002,6,65,0.4094488188976378,0.9333333333333333,0.38461538461538464
33663,HyboNet,4,64,0.0002,6,66,0.4094488188976378,0.9333333333333333,0.38461538461538464
33664,HyboNet,4,64,0.0002,6,67,0.4094488188976378,0.9333333333333333,0.38461538461538464
33665,HyboNet,4,64,0.0002,6,68,0.4094488188976378,0.9333333333333333,0.38461538461538464
33666,HyboNet,4,64,0.0002,6,69,0.4094488188976378,0.9333333333333333,0.38461538461538464
33667,HyboNet,4,64,0.0002,6,7,0.5275590551181102,0.6,0.5769230769230769
33668,HyboNet,4,64,0.0002,6,70,0.4015748031496063,0.9333333333333333,0.38461538461538464
33669,HyboNet,4,64,0.0002,6,71,0.3937007874015748,0.9333333333333333,0.38461538461538464
33670,HyboNet,4,64,0.0002,6,72,0.3937007874015748,0.9333333333333333,0.38461538461538464
33671,HyboNet,4,64,0.0002,6,73,0.4015748031496063,0.9333333333333333,0.38461538461538464
33672,HyboNet,4,64,0.0002,6,74,0.4015748031496063,0.9333333333333333,0.38461538461538464
33673,HyboNet,4,64,0.0002,6,75,0.4015748031496063,0.9333333333333333,0.38461538461538464
33674,HyboNet,4,64,0.0002,6,76,0.4015748031496063,0.9333333333333333,0.38461538461538464
33675,HyboNet,4,64,0.0002,6,77,0.3937007874015748,0.9333333333333333,0.38461538461538464
33676,HyboNet,4,64,0.0002,6,78,0.3937007874015748,0.9333333333333333,0.38461538461538464
33677,HyboNet,4,64,0.0002,6,79,0.4015748031496063,0.9333333333333333,0.38461538461538464
33678,HyboNet,4,64,0.0002,6,8,0.5275590551181102,0.6,0.5769230769230769
33679,HyboNet,4,64,0.0002,6,80,0.4015748031496063,0.9333333333333333,0.38461538461538464
33680,HyboNet,4,64,0.0002,6,81,0.4015748031496063,0.9333333333333333,0.38461538461538464
33681,HyboNet,4,64,0.0002,6,82,0.4015748031496063,0.9333333333333333,0.38461538461538464
33682,HyboNet,4,64,0.0002,6,83,0.4015748031496063,0.9333333333333333,0.38461538461538464
33683,HyboNet,4,64,0.0002,6,84,0.4015748031496063,0.9333333333333333,0.38461538461538464
33684,HyboNet,4,64,0.0002,6,85,0.4015748031496063,0.9333333333333333,0.38461538461538464
33685,HyboNet,4,64,0.0002,6,86,0.3858267716535433,0.9333333333333333,0.38461538461538464
33686,HyboNet,4,64,0.0002,6,87,0.3858267716535433,0.9333333333333333,0.38461538461538464
33687,HyboNet,4,64,0.0002,6,88,0.3858267716535433,0.9333333333333333,0.38461538461538464
33688,HyboNet,4,64,0.0002,6,89,0.3858267716535433,0.9333333333333333,0.38461538461538464
33689,HyboNet,4,64,0.0002,6,9,0.5275590551181102,0.6,0.5769230769230769
33690,HyboNet,4,64,0.0002,6,90,0.3858267716535433,0.9333333333333333,0.38461538461538464
33691,HyboNet,4,64,0.0002,6,91,0.3937007874015748,0.9333333333333333,0.38461538461538464
33692,HyboNet,4,64,0.0002,6,92,0.3858267716535433,0.9333333333333333,0.38461538461538464
33693,HyboNet,4,64,0.0002,6,93,0.3858267716535433,0.9333333333333333,0.38461538461538464
33694,HyboNet,4,64,0.0002,6,94,0.3858267716535433,0.9333333333333333,0.38461538461538464
33695,HyboNet,4,64,0.0002,6,95,0.3858267716535433,0.9333333333333333,0.38461538461538464
33696,HyboNet,4,64,0.0002,6,96,0.3858267716535433,0.9333333333333333,0.38461538461538464
33697,HyboNet,4,64,0.0002,6,97,0.3858267716535433,0.9333333333333333,0.38461538461538464
33698,HyboNet,4,64,0.0002,6,98,0.3858267716535433,0.9333333333333333,0.38461538461538464
33699,HyboNet,4,64,0.0002,6,99,0.3779527559055118,0.9333333333333333,0.4230769230769231
33700,HyboNet,4,64,0.0002,7,1,0.06299212598425197,0.13333333333333333,0.0
33701,HyboNet,4,64,0.0002,7,10,0.5275590551181102,0.6,0.5769230769230769
33702,HyboNet,4,64,0.0002,7,100,0.3858267716535433,0.9,0.34615384615384615
33703,HyboNet,4,64,0.0002,7,11,0.5196850393700787,0.6,0.5769230769230769
33704,HyboNet,4,64,0.0002,7,12,0.5275590551181102,0.6,0.5769230769230769
33705,HyboNet,4,64,0.0002,7,13,0.5354330708661418,0.6,0.5769230769230769
33706,HyboNet,4,64,0.0002,7,14,0.5354330708661418,0.6,0.5769230769230769
33707,HyboNet,4,64,0.0002,7,15,0.5354330708661418,0.6,0.5769230769230769
33708,HyboNet,4,64,0.0002,7,16,0.5354330708661418,0.6,0.5769230769230769
33709,HyboNet,4,64,0.0002,7,17,0.5275590551181102,0.6,0.5769230769230769
33710,HyboNet,4,64,0.0002,7,18,0.5354330708661418,0.6,0.5769230769230769
33711,HyboNet,4,64,0.0002,7,19,0.5354330708661418,0.6333333333333333,0.5769230769230769
33712,HyboNet,4,64,0.0002,7,2,0.07874015748031496,0.13333333333333333,0.0
33713,HyboNet,4,64,0.0002,7,20,0.5354330708661418,0.6333333333333333,0.5769230769230769
33714,HyboNet,4,64,0.0002,7,21,0.5275590551181102,0.6333333333333333,0.5769230769230769
33715,HyboNet,4,64,0.0002,7,22,0.5354330708661418,0.6333333333333333,0.5769230769230769
33716,HyboNet,4,64,0.0002,7,23,0.5354330708661418,0.6333333333333333,0.5769230769230769
33717,HyboNet,4,64,0.0002,7,24,0.5354330708661418,0.6333333333333333,0.5769230769230769
33718,HyboNet,4,64,0.0002,7,25,0.5354330708661418,0.6333333333333333,0.5769230769230769
33719,HyboNet,4,64,0.0002,7,26,0.5354330708661418,0.6333333333333333,0.5769230769230769
33720,HyboNet,4,64,0.0002,7,27,0.5354330708661418,0.6333333333333333,0.5769230769230769
33721,HyboNet,4,64,0.0002,7,28,0.5354330708661418,0.6333333333333333,0.5769230769230769
33722,HyboNet,4,64,0.0002,7,29,0.5354330708661418,0.6666666666666666,0.5769230769230769
33723,HyboNet,4,64,0.0002,7,3,0.15748031496062992,0.16666666666666666,0.19230769230769232
33724,HyboNet,4,64,0.0002,7,30,0.5354330708661418,0.6666666666666666,0.5769230769230769
33725,HyboNet,4,64,0.0002,7,31,0.5354330708661418,0.6666666666666666,0.5769230769230769
33726,HyboNet,4,64,0.0002,7,32,0.5354330708661418,0.6666666666666666,0.5769230769230769
33727,HyboNet,4,64,0.0002,7,33,0.5354330708661418,0.7,0.5769230769230769
33728,HyboNet,4,64,0.0002,7,34,0.5511811023622047,0.7,0.5769230769230769
33729,HyboNet,4,64,0.0002,7,35,0.5433070866141733,0.7333333333333333,0.5769230769230769
33730,HyboNet,4,64,0.0002,7,36,0.5433070866141733,0.7333333333333333,0.5769230769230769
33731,HyboNet,4,64,0.0002,7,37,0.5433070866141733,0.7666666666666667,0.5769230769230769
33732,HyboNet,4,64,0.0002,7,38,0.5433070866141733,0.7666666666666667,0.5769230769230769
33733,HyboNet,4,64,0.0002,7,39,0.5511811023622047,0.7666666666666667,0.5769230769230769
33734,HyboNet,4,64,0.0002,7,4,0.28346456692913385,0.3333333333333333,0.2692307692307692
33735,HyboNet,4,64,0.0002,7,40,0.5511811023622047,0.7666666666666667,0.5769230769230769
33736,HyboNet,4,64,0.0002,7,41,0.5511811023622047,0.7666666666666667,0.5769230769230769
33737,HyboNet,4,64,0.0002,7,42,0.5511811023622047,0.7666666666666667,0.5769230769230769
33738,HyboNet,4,64,0.0002,7,43,0.5511811023622047,0.7666666666666667,0.5769230769230769
33739,HyboNet,4,64,0.0002,7,44,0.5433070866141733,0.7666666666666667,0.5769230769230769
33740,HyboNet,4,64,0.0002,7,45,0.5433070866141733,0.8,0.5769230769230769
33741,HyboNet,4,64,0.0002,7,46,0.5433070866141733,0.8,0.5769230769230769
33742,HyboNet,4,64,0.0002,7,47,0.5354330708661418,0.8,0.5769230769230769
33743,HyboNet,4,64,0.0002,7,48,0.5196850393700787,0.8,0.6153846153846154
33744,HyboNet,4,64,0.0002,7,49,0.5118110236220472,0.8,0.6153846153846154
33745,HyboNet,4,64,0.0002,7,5,0.3779527559055118,0.4666666666666667,0.38461538461538464
33746,HyboNet,4,64,0.0002,7,50,0.5118110236220472,0.8,0.6153846153846154
33747,HyboNet,4,64,0.0002,7,51,0.5039370078740157,0.8,0.5769230769230769
33748,HyboNet,4,64,0.0002,7,52,0.5039370078740157,0.8,0.5769230769230769
33749,HyboNet,4,64,0.0002,7,53,0.5039370078740157,0.8,0.5384615384615384
33750,HyboNet,4,64,0.0002,7,54,0.49606299212598426,0.8,0.5384615384615384
33751,HyboNet,4,64,0.0002,7,55,0.5039370078740157,0.8,0.5384615384615384
33752,HyboNet,4,64,0.0002,7,56,0.49606299212598426,0.8,0.5384615384615384
33753,HyboNet,4,64,0.0002,7,57,0.49606299212598426,0.8,0.5
33754,HyboNet,4,64,0.0002,7,58,0.48031496062992124,0.8,0.5
33755,HyboNet,4,64,0.0002,7,59,0.4645669291338583,0.8333333333333334,0.5
33756,HyboNet,4,64,0.0002,7,6,0.44881889763779526,0.5666666666666667,0.5
33757,HyboNet,4,64,0.0002,7,60,0.4566929133858268,0.8333333333333334,0.46153846153846156
33758,HyboNet,4,64,0.0002,7,61,0.4330708661417323,0.8333333333333334,0.46153846153846156
33759,HyboNet,4,64,0.0002,7,62,0.41732283464566927,0.8333333333333334,0.46153846153846156
33760,HyboNet,4,64,0.0002,7,63,0.41732283464566927,0.8333333333333334,0.46153846153846156
33761,HyboNet,4,64,0.0002,7,64,0.41732283464566927,0.8333333333333334,0.46153846153846156
33762,HyboNet,4,64,0.0002,7,65,0.4094488188976378,0.8333333333333334,0.46153846153846156
33763,HyboNet,4,64,0.0002,7,66,0.4094488188976378,0.8333333333333334,0.46153846153846156
33764,HyboNet,4,64,0.0002,7,67,0.4094488188976378,0.8333333333333334,0.4230769230769231
33765,HyboNet,4,64,0.0002,7,68,0.4094488188976378,0.8333333333333334,0.38461538461538464
33766,HyboNet,4,64,0.0002,7,69,0.4015748031496063,0.8333333333333334,0.38461538461538464
33767,HyboNet,4,64,0.0002,7,7,0.4881889763779528,0.5666666666666667,0.5769230769230769
33768,HyboNet,4,64,0.0002,7,70,0.4015748031496063,0.8333333333333334,0.38461538461538464
33769,HyboNet,4,64,0.0002,7,71,0.4015748031496063,0.8333333333333334,0.38461538461538464
33770,HyboNet,4,64,0.0002,7,72,0.4015748031496063,0.8333333333333334,0.38461538461538464
33771,HyboNet,4,64,0.0002,7,73,0.4015748031496063,0.8333333333333334,0.38461538461538464
33772,HyboNet,4,64,0.0002,7,74,0.4015748031496063,0.8666666666666667,0.38461538461538464
33773,HyboNet,4,64,0.0002,7,75,0.3858267716535433,0.8666666666666667,0.38461538461538464
33774,HyboNet,4,64,0.0002,7,76,0.3937007874015748,0.8666666666666667,0.38461538461538464
33775,HyboNet,4,64,0.0002,7,77,0.4015748031496063,0.8666666666666667,0.38461538461538464
33776,HyboNet,4,64,0.0002,7,78,0.4015748031496063,0.8666666666666667,0.38461538461538464
33777,HyboNet,4,64,0.0002,7,79,0.4015748031496063,0.8666666666666667,0.38461538461538464
33778,HyboNet,4,64,0.0002,7,8,0.5118110236220472,0.6,0.5769230769230769
33779,HyboNet,4,64,0.0002,7,80,0.4015748031496063,0.8666666666666667,0.38461538461538464
33780,HyboNet,4,64,0.0002,7,81,0.3937007874015748,0.8666666666666667,0.38461538461538464
33781,HyboNet,4,64,0.0002,7,82,0.3937007874015748,0.8666666666666667,0.38461538461538464
33782,HyboNet,4,64,0.0002,7,83,0.4015748031496063,0.8666666666666667,0.38461538461538464
33783,HyboNet,4,64,0.0002,7,84,0.4015748031496063,0.8666666666666667,0.38461538461538464
33784,HyboNet,4,64,0.0002,7,85,0.3937007874015748,0.8666666666666667,0.38461538461538464
33785,HyboNet,4,64,0.0002,7,86,0.3937007874015748,0.8666666666666667,0.38461538461538464
33786,HyboNet,4,64,0.0002,7,87,0.3937007874015748,0.8666666666666667,0.38461538461538464
33787,HyboNet,4,64,0.0002,7,88,0.3858267716535433,0.8666666666666667,0.4230769230769231
33788,HyboNet,4,64,0.0002,7,89,0.3937007874015748,0.8666666666666667,0.38461538461538464
33789,HyboNet,4,64,0.0002,7,9,0.5275590551181102,0.6,0.5769230769230769
33790,HyboNet,4,64,0.0002,7,90,0.3937007874015748,0.9,0.38461538461538464
33791,HyboNet,4,64,0.0002,7,91,0.3858267716535433,0.9,0.34615384615384615
33792,HyboNet,4,64,0.0002,7,92,0.3937007874015748,0.9,0.34615384615384615
33793,HyboNet,4,64,0.0002,7,93,0.3937007874015748,0.9,0.34615384615384615
33794,HyboNet,4,64,0.0002,7,94,0.3858267716535433,0.9,0.38461538461538464
33795,HyboNet,4,64,0.0002,7,95,0.3937007874015748,0.9,0.34615384615384615
33796,HyboNet,4,64,0.0002,7,96,0.3937007874015748,0.9,0.34615384615384615
33797,HyboNet,4,64,0.0002,7,97,0.3858267716535433,0.9,0.34615384615384615
33798,HyboNet,4,64,0.0002,7,98,0.3937007874015748,0.9,0.34615384615384615
33799,HyboNet,4,64,0.0002,7,99,0.3937007874015748,0.9,0.34615384615384615
33800,HyboNet,4,64,0.0002,8,1,0.47244094488188976,0.5666666666666667,0.46153846153846156
33801,HyboNet,4,64,0.0002,8,10,0.4881889763779528,0.7,0.5769230769230769
33802,HyboNet,4,64,0.0002,8,100,0.4015748031496063,1.0,0.3076923076923077
33803,HyboNet,4,64,0.0002,8,11,0.49606299212598426,0.7,0.5384615384615384
33804,HyboNet,4,64,0.0002,8,12,0.49606299212598426,0.7,0.5769230769230769
33805,HyboNet,4,64,0.0002,8,13,0.49606299212598426,0.7,0.5769230769230769
33806,HyboNet,4,64,0.0002,8,14,0.49606299212598426,0.7,0.5769230769230769
33807,HyboNet,4,64,0.0002,8,15,0.4881889763779528,0.7333333333333333,0.5769230769230769
33808,HyboNet,4,64,0.0002,8,16,0.4881889763779528,0.7333333333333333,0.6153846153846154
33809,HyboNet,4,64,0.0002,8,17,0.4881889763779528,0.7666666666666667,0.6153846153846154
33810,HyboNet,4,64,0.0002,8,18,0.47244094488188976,0.7666666666666667,0.5384615384615384
33811,HyboNet,4,64,0.0002,8,19,0.44881889763779526,0.7666666666666667,0.5384615384615384
33812,HyboNet,4,64,0.0002,8,2,0.4881889763779528,0.6,0.5769230769230769
33813,HyboNet,4,64,0.0002,8,20,0.4409448818897638,0.7666666666666667,0.5384615384615384
33814,HyboNet,4,64,0.0002,8,21,0.4409448818897638,0.8,0.5
33815,HyboNet,4,64,0.0002,8,22,0.4409448818897638,0.8,0.5
33816,HyboNet,4,64,0.0002,8,23,0.44881889763779526,0.8,0.5
33817,HyboNet,4,64,0.0002,8,24,0.44881889763779526,0.8,0.5
33818,HyboNet,4,64,0.0002,8,25,0.44881889763779526,0.8,0.5
33819,HyboNet,4,64,0.0002,8,26,0.4409448818897638,0.8,0.5
33820,HyboNet,4,64,0.0002,8,27,0.4409448818897638,0.8333333333333334,0.46153846153846156
33821,HyboNet,4,64,0.0002,8,28,0.4409448818897638,0.8333333333333334,0.46153846153846156
33822,HyboNet,4,64,0.0002,8,29,0.4409448818897638,0.8333333333333334,0.46153846153846156
33823,HyboNet,4,64,0.0002,8,3,0.4881889763779528,0.6,0.5769230769230769
33824,HyboNet,4,64,0.0002,8,30,0.4409448818897638,0.8333333333333334,0.46153846153846156
33825,HyboNet,4,64,0.0002,8,31,0.44881889763779526,0.8333333333333334,0.46153846153846156
33826,HyboNet,4,64,0.0002,8,32,0.44881889763779526,0.8333333333333334,0.46153846153846156
33827,HyboNet,4,64,0.0002,8,33,0.44881889763779526,0.8333333333333334,0.5
33828,HyboNet,4,64,0.0002,8,34,0.44881889763779526,0.8333333333333334,0.5
33829,HyboNet,4,64,0.0002,8,35,0.4566929133858268,0.8333333333333334,0.5
33830,HyboNet,4,64,0.0002,8,36,0.4566929133858268,0.8333333333333334,0.5
33831,HyboNet,4,64,0.0002,8,37,0.4566929133858268,0.8333333333333334,0.46153846153846156
33832,HyboNet,4,64,0.0002,8,38,0.4566929133858268,0.8666666666666667,0.46153846153846156
33833,HyboNet,4,64,0.0002,8,39,0.4645669291338583,0.8666666666666667,0.46153846153846156
33834,HyboNet,4,64,0.0002,8,4,0.4881889763779528,0.6,0.5769230769230769
33835,HyboNet,4,64,0.0002,8,40,0.47244094488188976,0.8666666666666667,0.46153846153846156
33836,HyboNet,4,64,0.0002,8,41,0.47244094488188976,0.8666666666666667,0.46153846153846156
33837,HyboNet,4,64,0.0002,8,42,0.47244094488188976,0.8666666666666667,0.46153846153846156
33838,HyboNet,4,64,0.0002,8,43,0.47244094488188976,0.8666666666666667,0.46153846153846156
33839,HyboNet,4,64,0.0002,8,44,0.4645669291338583,0.8666666666666667,0.46153846153846156
33840,HyboNet,4,64,0.0002,8,45,0.4566929133858268,0.8666666666666667,0.46153846153846156
33841,HyboNet,4,64,0.0002,8,46,0.44881889763779526,0.9,0.46153846153846156
33842,HyboNet,4,64,0.0002,8,47,0.44881889763779526,0.9,0.46153846153846156
33843,HyboNet,4,64,0.0002,8,48,0.4330708661417323,0.9,0.4230769230769231
33844,HyboNet,4,64,0.0002,8,49,0.4409448818897638,0.9,0.3076923076923077
33845,HyboNet,4,64,0.0002,8,5,0.49606299212598426,0.6,0.5769230769230769
33846,HyboNet,4,64,0.0002,8,50,0.4330708661417323,0.9,0.3076923076923077
33847,HyboNet,4,64,0.0002,8,51,0.4330708661417323,0.9,0.3076923076923077
33848,HyboNet,4,64,0.0002,8,52,0.41732283464566927,0.9,0.38461538461538464
33849,HyboNet,4,64,0.0002,8,53,0.4251968503937008,0.9,0.38461538461538464
33850,HyboNet,4,64,0.0002,8,54,0.4251968503937008,0.9,0.34615384615384615
33851,HyboNet,4,64,0.0002,8,55,0.4330708661417323,0.9,0.34615384615384615
33852,HyboNet,4,64,0.0002,8,56,0.4330708661417323,0.9,0.34615384615384615
33853,HyboNet,4,64,0.0002,8,57,0.4330708661417323,0.9,0.34615384615384615
33854,HyboNet,4,64,0.0002,8,58,0.4409448818897638,0.9,0.34615384615384615
33855,HyboNet,4,64,0.0002,8,59,0.4330708661417323,0.9333333333333333,0.34615384615384615
33856,HyboNet,4,64,0.0002,8,6,0.49606299212598426,0.6666666666666666,0.5769230769230769
33857,HyboNet,4,64,0.0002,8,60,0.4330708661417323,0.9333333333333333,0.34615384615384615
33858,HyboNet,4,64,0.0002,8,61,0.4251968503937008,0.9333333333333333,0.34615384615384615
33859,HyboNet,4,64,0.0002,8,62,0.4330708661417323,0.9333333333333333,0.34615384615384615
33860,HyboNet,4,64,0.0002,8,63,0.4330708661417323,0.9333333333333333,0.34615384615384615
33861,HyboNet,4,64,0.0002,8,64,0.4251968503937008,0.9333333333333333,0.38461538461538464
33862,HyboNet,4,64,0.0002,8,65,0.4251968503937008,0.9333333333333333,0.38461538461538464
33863,HyboNet,4,64,0.0002,8,66,0.4251968503937008,0.9333333333333333,0.38461538461538464
33864,HyboNet,4,64,0.0002,8,67,0.4330708661417323,0.9333333333333333,0.38461538461538464
33865,HyboNet,4,64,0.0002,8,68,0.4251968503937008,0.9333333333333333,0.38461538461538464
33866,HyboNet,4,64,0.0002,8,69,0.4251968503937008,0.9333333333333333,0.38461538461538464
33867,HyboNet,4,64,0.0002,8,7,0.49606299212598426,0.7,0.5384615384615384
33868,HyboNet,4,64,0.0002,8,70,0.4251968503937008,0.9333333333333333,0.38461538461538464
33869,HyboNet,4,64,0.0002,8,71,0.4251968503937008,0.9333333333333333,0.38461538461538464
33870,HyboNet,4,64,0.0002,8,72,0.41732283464566927,0.9333333333333333,0.38461538461538464
33871,HyboNet,4,64,0.0002,8,73,0.4015748031496063,0.9666666666666667,0.38461538461538464
33872,HyboNet,4,64,0.0002,8,74,0.4094488188976378,0.9333333333333333,0.38461538461538464
33873,HyboNet,4,64,0.0002,8,75,0.41732283464566927,0.9333333333333333,0.38461538461538464
33874,HyboNet,4,64,0.0002,8,76,0.41732283464566927,0.9333333333333333,0.38461538461538464
33875,HyboNet,4,64,0.0002,8,77,0.4251968503937008,0.9666666666666667,0.38461538461538464
33876,HyboNet,4,64,0.0002,8,78,0.4094488188976378,0.9666666666666667,0.34615384615384615
33877,HyboNet,4,64,0.0002,8,79,0.41732283464566927,0.9666666666666667,0.38461538461538464
33878,HyboNet,4,64,0.0002,8,8,0.4881889763779528,0.7,0.5384615384615384
33879,HyboNet,4,64,0.0002,8,80,0.4094488188976378,0.9666666666666667,0.38461538461538464
33880,HyboNet,4,64,0.0002,8,81,0.4094488188976378,0.9666666666666667,0.38461538461538464
33881,HyboNet,4,64,0.0002,8,82,0.4094488188976378,1.0,0.34615384615384615
33882,HyboNet,4,64,0.0002,8,83,0.4094488188976378,1.0,0.34615384615384615
33883,HyboNet,4,64,0.0002,8,84,0.4094488188976378,1.0,0.34615384615384615
33884,HyboNet,4,64,0.0002,8,85,0.4251968503937008,1.0,0.34615384615384615
33885,HyboNet,4,64,0.0002,8,86,0.41732283464566927,0.9666666666666667,0.34615384615384615
33886,HyboNet,4,64,0.0002,8,87,0.41732283464566927,0.9666666666666667,0.34615384615384615
33887,HyboNet,4,64,0.0002,8,88,0.4094488188976378,0.9666666666666667,0.34615384615384615
33888,HyboNet,4,64,0.0002,8,89,0.4094488188976378,0.9666666666666667,0.34615384615384615
33889,HyboNet,4,64,0.0002,8,9,0.48031496062992124,0.7,0.5769230769230769
33890,HyboNet,4,64,0.0002,8,90,0.4094488188976378,1.0,0.34615384615384615
33891,HyboNet,4,64,0.0002,8,91,0.4015748031496063,1.0,0.34615384615384615
33892,HyboNet,4,64,0.0002,8,92,0.4094488188976378,1.0,0.34615384615384615
33893,HyboNet,4,64,0.0002,8,93,0.4094488188976378,1.0,0.34615384615384615
33894,HyboNet,4,64,0.0002,8,94,0.4094488188976378,1.0,0.34615384615384615
33895,HyboNet,4,64,0.0002,8,95,0.4094488188976378,1.0,0.34615384615384615
33896,HyboNet,4,64,0.0002,8,96,0.4094488188976378,1.0,0.34615384615384615
33897,HyboNet,4,64,0.0002,8,97,0.4094488188976378,1.0,0.34615384615384615
33898,HyboNet,4,64,0.0002,8,98,0.3937007874015748,1.0,0.34615384615384615
33899,HyboNet,4,64,0.0002,8,99,0.4015748031496063,1.0,0.3076923076923077
33900,HyboNet,4,64,0.0002,9,1,0.3543307086614173,0.36666666666666664,0.3076923076923077
33901,HyboNet,4,64,0.0002,9,10,0.5354330708661418,0.6,0.5769230769230769
33902,HyboNet,4,64,0.0002,9,100,0.3937007874015748,0.9666666666666667,0.46153846153846156
33903,HyboNet,4,64,0.0002,9,11,0.5354330708661418,0.6,0.5769230769230769
33904,HyboNet,4,64,0.0002,9,12,0.5354330708661418,0.6333333333333333,0.5769230769230769
33905,HyboNet,4,64,0.0002,9,13,0.5354330708661418,0.6333333333333333,0.5769230769230769
33906,HyboNet,4,64,0.0002,9,14,0.5354330708661418,0.6333333333333333,0.5769230769230769
33907,HyboNet,4,64,0.0002,9,15,0.5354330708661418,0.6333333333333333,0.5769230769230769
33908,HyboNet,4,64,0.0002,9,16,0.5354330708661418,0.6333333333333333,0.5769230769230769
33909,HyboNet,4,64,0.0002,9,17,0.5354330708661418,0.6333333333333333,0.5769230769230769
33910,HyboNet,4,64,0.0002,9,18,0.5354330708661418,0.6333333333333333,0.5769230769230769
33911,HyboNet,4,64,0.0002,9,19,0.5354330708661418,0.6333333333333333,0.5769230769230769
33912,HyboNet,4,64,0.0002,9,2,0.4409448818897638,0.4666666666666667,0.46153846153846156
33913,HyboNet,4,64,0.0002,9,20,0.5354330708661418,0.6333333333333333,0.5769230769230769
33914,HyboNet,4,64,0.0002,9,21,0.5354330708661418,0.6333333333333333,0.5769230769230769
33915,HyboNet,4,64,0.0002,9,22,0.5354330708661418,0.6333333333333333,0.5769230769230769
33916,HyboNet,4,64,0.0002,9,23,0.5354330708661418,0.6333333333333333,0.5769230769230769
33917,HyboNet,4,64,0.0002,9,24,0.5354330708661418,0.6333333333333333,0.5769230769230769
33918,HyboNet,4,64,0.0002,9,25,0.5354330708661418,0.6333333333333333,0.5769230769230769
33919,HyboNet,4,64,0.0002,9,26,0.5354330708661418,0.6666666666666666,0.5769230769230769
33920,HyboNet,4,64,0.0002,9,27,0.5433070866141733,0.6666666666666666,0.5769230769230769
33921,HyboNet,4,64,0.0002,9,28,0.5433070866141733,0.7,0.5769230769230769
33922,HyboNet,4,64,0.0002,9,29,0.5433070866141733,0.7,0.5769230769230769
33923,HyboNet,4,64,0.0002,9,3,0.48031496062992124,0.5333333333333333,0.5769230769230769
33924,HyboNet,4,64,0.0002,9,30,0.5433070866141733,0.7,0.5769230769230769
33925,HyboNet,4,64,0.0002,9,31,0.5354330708661418,0.7,0.5769230769230769
33926,HyboNet,4,64,0.0002,9,32,0.5354330708661418,0.7,0.5769230769230769
33927,HyboNet,4,64,0.0002,9,33,0.5511811023622047,0.7333333333333333,0.5769230769230769
33928,HyboNet,4,64,0.0002,9,34,0.5354330708661418,0.7666666666666667,0.5769230769230769
33929,HyboNet,4,64,0.0002,9,35,0.5196850393700787,0.7666666666666667,0.5769230769230769
33930,HyboNet,4,64,0.0002,9,36,0.5275590551181102,0.7666666666666667,0.5769230769230769
33931,HyboNet,4,64,0.0002,9,37,0.5275590551181102,0.7666666666666667,0.5769230769230769
33932,HyboNet,4,64,0.0002,9,38,0.5275590551181102,0.7666666666666667,0.5769230769230769
33933,HyboNet,4,64,0.0002,9,39,0.5275590551181102,0.7666666666666667,0.5769230769230769
33934,HyboNet,4,64,0.0002,9,4,0.5118110236220472,0.5666666666666667,0.5769230769230769
33935,HyboNet,4,64,0.0002,9,40,0.5275590551181102,0.7666666666666667,0.5384615384615384
33936,HyboNet,4,64,0.0002,9,41,0.5275590551181102,0.7666666666666667,0.5384615384615384
33937,HyboNet,4,64,0.0002,9,42,0.5275590551181102,0.7666666666666667,0.5769230769230769
33938,HyboNet,4,64,0.0002,9,43,0.5275590551181102,0.7666666666666667,0.6153846153846154
33939,HyboNet,4,64,0.0002,9,44,0.5275590551181102,0.7666666666666667,0.6153846153846154
33940,HyboNet,4,64,0.0002,9,45,0.5275590551181102,0.8,0.6153846153846154
33941,HyboNet,4,64,0.0002,9,46,0.5354330708661418,0.8,0.6153846153846154
33942,HyboNet,4,64,0.0002,9,47,0.5354330708661418,0.8,0.6153846153846154
33943,HyboNet,4,64,0.0002,9,48,0.5354330708661418,0.8333333333333334,0.6153846153846154
33944,HyboNet,4,64,0.0002,9,49,0.5354330708661418,0.8333333333333334,0.6153846153846154
33945,HyboNet,4,64,0.0002,9,5,0.5354330708661418,0.6,0.5769230769230769
33946,HyboNet,4,64,0.0002,9,50,0.5354330708661418,0.8333333333333334,0.5769230769230769
33947,HyboNet,4,64,0.0002,9,51,0.5354330708661418,0.8333333333333334,0.5769230769230769
33948,HyboNet,4,64,0.0002,9,52,0.5433070866141733,0.8333333333333334,0.5769230769230769
33949,HyboNet,4,64,0.0002,9,53,0.5433070866141733,0.8333333333333334,0.5769230769230769
33950,HyboNet,4,64,0.0002,9,54,0.5354330708661418,0.8333333333333334,0.5769230769230769
33951,HyboNet,4,64,0.0002,9,55,0.5354330708661418,0.8333333333333334,0.5769230769230769
33952,HyboNet,4,64,0.0002,9,56,0.5196850393700787,0.8333333333333334,0.5769230769230769
33953,HyboNet,4,64,0.0002,9,57,0.5196850393700787,0.8666666666666667,0.5769230769230769
33954,HyboNet,4,64,0.0002,9,58,0.5118110236220472,0.8666666666666667,0.5769230769230769
33955,HyboNet,4,64,0.0002,9,59,0.5118110236220472,0.8666666666666667,0.5769230769230769
33956,HyboNet,4,64,0.0002,9,6,0.5354330708661418,0.6,0.5769230769230769
33957,HyboNet,4,64,0.0002,9,60,0.49606299212598426,0.8666666666666667,0.5769230769230769
33958,HyboNet,4,64,0.0002,9,61,0.49606299212598426,0.8666666666666667,0.5769230769230769
33959,HyboNet,4,64,0.0002,9,62,0.49606299212598426,0.8666666666666667,0.6153846153846154
33960,HyboNet,4,64,0.0002,9,63,0.4881889763779528,0.8666666666666667,0.5769230769230769
33961,HyboNet,4,64,0.0002,9,64,0.4881889763779528,0.8666666666666667,0.6153846153846154
33962,HyboNet,4,64,0.0002,9,65,0.4881889763779528,0.8666666666666667,0.6153846153846154
33963,HyboNet,4,64,0.0002,9,66,0.48031496062992124,0.8666666666666667,0.6153846153846154
33964,HyboNet,4,64,0.0002,9,67,0.4881889763779528,0.8666666666666667,0.6153846153846154
33965,HyboNet,4,64,0.0002,9,68,0.48031496062992124,0.8666666666666667,0.6153846153846154
33966,HyboNet,4,64,0.0002,9,69,0.47244094488188976,0.8666666666666667,0.6153846153846154
33967,HyboNet,4,64,0.0002,9,7,0.5354330708661418,0.6,0.5769230769230769
33968,HyboNet,4,64,0.0002,9,70,0.4645669291338583,0.8666666666666667,0.5769230769230769
33969,HyboNet,4,64,0.0002,9,71,0.4645669291338583,0.8666666666666667,0.5769230769230769
33970,HyboNet,4,64,0.0002,9,72,0.4645669291338583,0.8666666666666667,0.5769230769230769
33971,HyboNet,4,64,0.0002,9,73,0.47244094488188976,0.8666666666666667,0.5769230769230769
33972,HyboNet,4,64,0.0002,9,74,0.4645669291338583,0.8666666666666667,0.5384615384615384
33973,HyboNet,4,64,0.0002,9,75,0.4645669291338583,0.8666666666666667,0.5384615384615384
33974,HyboNet,4,64,0.0002,9,76,0.4645669291338583,0.8666666666666667,0.5384615384615384
33975,HyboNet,4,64,0.0002,9,77,0.4645669291338583,0.8666666666666667,0.5384615384615384
33976,HyboNet,4,64,0.0002,9,78,0.4645669291338583,0.8666666666666667,0.5384615384615384
33977,HyboNet,4,64,0.0002,9,79,0.4566929133858268,0.8666666666666667,0.5384615384615384
33978,HyboNet,4,64,0.0002,9,8,0.5354330708661418,0.6,0.5769230769230769
33979,HyboNet,4,64,0.0002,9,80,0.4566929133858268,0.8666666666666667,0.5384615384615384
33980,HyboNet,4,64,0.0002,9,81,0.4566929133858268,0.8666666666666667,0.5384615384615384
33981,HyboNet,4,64,0.0002,9,82,0.44881889763779526,0.8666666666666667,0.5384615384615384
33982,HyboNet,4,64,0.0002,9,83,0.4409448818897638,0.9,0.5384615384615384
33983,HyboNet,4,64,0.0002,9,84,0.4330708661417323,0.9333333333333333,0.5384615384615384
33984,HyboNet,4,64,0.0002,9,85,0.4251968503937008,0.9333333333333333,0.5384615384615384
33985,HyboNet,4,64,0.0002,9,86,0.4251968503937008,0.9333333333333333,0.5
33986,HyboNet,4,64,0.0002,9,87,0.4251968503937008,0.9333333333333333,0.5
33987,HyboNet,4,64,0.0002,9,88,0.4251968503937008,0.9333333333333333,0.5
33988,HyboNet,4,64,0.0002,9,89,0.4094488188976378,0.9333333333333333,0.5
33989,HyboNet,4,64,0.0002,9,9,0.5354330708661418,0.6,0.5769230769230769
33990,HyboNet,4,64,0.0002,9,90,0.4015748031496063,0.9666666666666667,0.5
33991,HyboNet,4,64,0.0002,9,91,0.4094488188976378,0.9666666666666667,0.5
33992,HyboNet,4,64,0.0002,9,92,0.4094488188976378,0.9666666666666667,0.5
33993,HyboNet,4,64,0.0002,9,93,0.4094488188976378,0.9333333333333333,0.5
33994,HyboNet,4,64,0.0002,9,94,0.4094488188976378,0.9333333333333333,0.5
33995,HyboNet,4,64,0.0002,9,95,0.4015748031496063,0.9666666666666667,0.5
33996,HyboNet,4,64,0.0002,9,96,0.4094488188976378,0.9666666666666667,0.5384615384615384
33997,HyboNet,4,64,0.0002,9,97,0.4094488188976378,0.9666666666666667,0.5
33998,HyboNet,4,64,0.0002,9,98,0.4015748031496063,0.9666666666666667,0.46153846153846156
33999,HyboNet,4,64,0.0002,9,99,0.3937007874015748,0.9666666666666667,0.46153846153846156
34000,HyboNet,4,64,0.001,1,1,0.29133858267716534,0.5,0.3076923076923077
34001,HyboNet,4,64,0.001,1,10,0.5354330708661418,0.6,0.5769230769230769
34002,HyboNet,4,64,0.001,1,100,0.2992125984251969,1.0,0.3076923076923077
34003,HyboNet,4,64,0.001,1,11,0.5275590551181102,0.6333333333333333,0.5769230769230769
34004,HyboNet,4,64,0.001,1,12,0.5354330708661418,0.6333333333333333,0.5769230769230769
34005,HyboNet,4,64,0.001,1,13,0.5354330708661418,0.6333333333333333,0.5769230769230769
34006,HyboNet,4,64,0.001,1,14,0.5275590551181102,0.6,0.5769230769230769
34007,HyboNet,4,64,0.001,1,15,0.5354330708661418,0.6333333333333333,0.5769230769230769
34008,HyboNet,4,64,0.001,1,16,0.5196850393700787,0.7,0.5769230769230769
34009,HyboNet,4,64,0.001,1,17,0.5196850393700787,0.7333333333333333,0.5769230769230769
34010,HyboNet,4,64,0.001,1,18,0.5275590551181102,0.7666666666666667,0.5
34011,HyboNet,4,64,0.001,1,19,0.5354330708661418,0.7666666666666667,0.5
34012,HyboNet,4,64,0.001,1,2,0.5039370078740157,0.6,0.5769230769230769
34013,HyboNet,4,64,0.001,1,20,0.5196850393700787,0.7666666666666667,0.5
34014,HyboNet,4,64,0.001,1,21,0.5354330708661418,0.7666666666666667,0.5
34015,HyboNet,4,64,0.001,1,22,0.5196850393700787,0.7333333333333333,0.5
34016,HyboNet,4,64,0.001,1,23,0.5039370078740157,0.7666666666666667,0.5
34017,HyboNet,4,64,0.001,1,24,0.4881889763779528,0.7666666666666667,0.5
34018,HyboNet,4,64,0.001,1,25,0.5118110236220472,0.7666666666666667,0.5
34019,HyboNet,4,64,0.001,1,26,0.4881889763779528,0.8333333333333334,0.5
34020,HyboNet,4,64,0.001,1,27,0.48031496062992124,0.8666666666666667,0.5
34021,HyboNet,4,64,0.001,1,28,0.48031496062992124,0.8666666666666667,0.46153846153846156
34022,HyboNet,4,64,0.001,1,29,0.48031496062992124,0.9,0.4230769230769231
34023,HyboNet,4,64,0.001,1,3,0.5354330708661418,0.6,0.5769230769230769
34024,HyboNet,4,64,0.001,1,30,0.48031496062992124,0.9,0.4230769230769231
34025,HyboNet,4,64,0.001,1,31,0.47244094488188976,0.9,0.5
34026,HyboNet,4,64,0.001,1,32,0.4645669291338583,0.9,0.5
34027,HyboNet,4,64,0.001,1,33,0.4645669291338583,0.9,0.5
34028,HyboNet,4,64,0.001,1,34,0.47244094488188976,0.9,0.5
34029,HyboNet,4,64,0.001,1,35,0.4645669291338583,0.9,0.46153846153846156
34030,HyboNet,4,64,0.001,1,36,0.47244094488188976,0.9,0.46153846153846156
34031,HyboNet,4,64,0.001,1,37,0.47244094488188976,0.9,0.46153846153846156
34032,HyboNet,4,64,0.001,1,38,0.47244094488188976,0.9,0.46153846153846156
34033,HyboNet,4,64,0.001,1,39,0.47244094488188976,0.9,0.46153846153846156
34034,HyboNet,4,64,0.001,1,4,0.5354330708661418,0.6,0.5769230769230769
34035,HyboNet,4,64,0.001,1,40,0.4566929133858268,0.9333333333333333,0.46153846153846156
34036,HyboNet,4,64,0.001,1,41,0.4566929133858268,0.9333333333333333,0.4230769230769231
34037,HyboNet,4,64,0.001,1,42,0.44881889763779526,0.9333333333333333,0.4230769230769231
34038,HyboNet,4,64,0.001,1,43,0.44881889763779526,0.9,0.4230769230769231
34039,HyboNet,4,64,0.001,1,44,0.44881889763779526,0.9,0.4230769230769231
34040,HyboNet,4,64,0.001,1,45,0.44881889763779526,0.9,0.46153846153846156
34041,HyboNet,4,64,0.001,1,46,0.4330708661417323,0.9,0.5
34042,HyboNet,4,64,0.001,1,47,0.4251968503937008,0.9333333333333333,0.38461538461538464
34043,HyboNet,4,64,0.001,1,48,0.4251968503937008,0.9333333333333333,0.46153846153846156
34044,HyboNet,4,64,0.001,1,49,0.4330708661417323,0.9333333333333333,0.4230769230769231
34045,HyboNet,4,64,0.001,1,5,0.5354330708661418,0.6,0.5769230769230769
34046,HyboNet,4,64,0.001,1,50,0.4330708661417323,0.9333333333333333,0.5
34047,HyboNet,4,64,0.001,1,51,0.4251968503937008,0.9333333333333333,0.4230769230769231
34048,HyboNet,4,64,0.001,1,52,0.4251968503937008,0.9333333333333333,0.38461538461538464
34049,HyboNet,4,64,0.001,1,53,0.4330708661417323,0.9,0.5
34050,HyboNet,4,64,0.001,1,54,0.4409448818897638,0.9,0.46153846153846156
34051,HyboNet,4,64,0.001,1,55,0.41732283464566927,0.9333333333333333,0.46153846153846156
34052,HyboNet,4,64,0.001,1,56,0.41732283464566927,0.9333333333333333,0.38461538461538464
34053,HyboNet,4,64,0.001,1,57,0.4015748031496063,0.9666666666666667,0.4230769230769231
34054,HyboNet,4,64,0.001,1,58,0.4094488188976378,0.9666666666666667,0.46153846153846156
34055,HyboNet,4,64,0.001,1,59,0.4015748031496063,1.0,0.46153846153846156
34056,HyboNet,4,64,0.001,1,6,0.5354330708661418,0.6,0.5769230769230769
34057,HyboNet,4,64,0.001,1,60,0.4251968503937008,0.9666666666666667,0.46153846153846156
34058,HyboNet,4,64,0.001,1,61,0.4251968503937008,0.9666666666666667,0.4230769230769231
34059,HyboNet,4,64,0.001,1,62,0.3937007874015748,0.9666666666666667,0.38461538461538464
34060,HyboNet,4,64,0.001,1,63,0.4015748031496063,1.0,0.34615384615384615
34061,HyboNet,4,64,0.001,1,64,0.3937007874015748,1.0,0.34615384615384615
34062,HyboNet,4,64,0.001,1,65,0.3937007874015748,1.0,0.34615384615384615
34063,HyboNet,4,64,0.001,1,66,0.3779527559055118,1.0,0.34615384615384615
34064,HyboNet,4,64,0.001,1,67,0.3700787401574803,1.0,0.34615384615384615
34065,HyboNet,4,64,0.001,1,68,0.3700787401574803,1.0,0.34615384615384615
34066,HyboNet,4,64,0.001,1,69,0.3700787401574803,1.0,0.34615384615384615
34067,HyboNet,4,64,0.001,1,7,0.5354330708661418,0.6,0.5769230769230769
34068,HyboNet,4,64,0.001,1,70,0.3700787401574803,1.0,0.34615384615384615
34069,HyboNet,4,64,0.001,1,71,0.3937007874015748,1.0,0.34615384615384615
34070,HyboNet,4,64,0.001,1,72,0.3779527559055118,1.0,0.34615384615384615
34071,HyboNet,4,64,0.001,1,73,0.3858267716535433,1.0,0.34615384615384615
34072,HyboNet,4,64,0.001,1,74,0.3858267716535433,1.0,0.34615384615384615
34073,HyboNet,4,64,0.001,1,75,0.3858267716535433,1.0,0.34615384615384615
34074,HyboNet,4,64,0.001,1,76,0.3858267716535433,1.0,0.34615384615384615
34075,HyboNet,4,64,0.001,1,77,0.3858267716535433,1.0,0.34615384615384615
34076,HyboNet,4,64,0.001,1,78,0.3779527559055118,1.0,0.38461538461538464
34077,HyboNet,4,64,0.001,1,79,0.3779527559055118,1.0,0.38461538461538464
34078,HyboNet,4,64,0.001,1,8,0.5354330708661418,0.6,0.5769230769230769
34079,HyboNet,4,64,0.001,1,80,0.3700787401574803,1.0,0.34615384615384615
34080,HyboNet,4,64,0.001,1,81,0.36220472440944884,1.0,0.34615384615384615
34081,HyboNet,4,64,0.001,1,82,0.36220472440944884,1.0,0.34615384615384615
34082,HyboNet,4,64,0.001,1,83,0.3779527559055118,1.0,0.34615384615384615
34083,HyboNet,4,64,0.001,1,84,0.3937007874015748,1.0,0.34615384615384615
34084,HyboNet,4,64,0.001,1,85,0.3937007874015748,1.0,0.3076923076923077
34085,HyboNet,4,64,0.001,1,86,0.3700787401574803,1.0,0.34615384615384615
34086,HyboNet,4,64,0.001,1,87,0.3779527559055118,1.0,0.38461538461538464
34087,HyboNet,4,64,0.001,1,88,0.3858267716535433,1.0,0.38461538461538464
34088,HyboNet,4,64,0.001,1,89,0.4094488188976378,1.0,0.38461538461538464
34089,HyboNet,4,64,0.001,1,9,0.5354330708661418,0.6,0.5769230769230769
34090,HyboNet,4,64,0.001,1,90,0.3937007874015748,1.0,0.38461538461538464
34091,HyboNet,4,64,0.001,1,91,0.3779527559055118,1.0,0.38461538461538464
34092,HyboNet,4,64,0.001,1,92,0.3700787401574803,1.0,0.3076923076923077
34093,HyboNet,4,64,0.001,1,93,0.3543307086614173,1.0,0.2692307692307692
34094,HyboNet,4,64,0.001,1,94,0.3464566929133858,1.0,0.2692307692307692
34095,HyboNet,4,64,0.001,1,95,0.3464566929133858,1.0,0.2692307692307692
34096,HyboNet,4,64,0.001,1,96,0.3464566929133858,1.0,0.2692307692307692
34097,HyboNet,4,64,0.001,1,97,0.3464566929133858,1.0,0.2692307692307692
34098,HyboNet,4,64,0.001,1,98,0.33858267716535434,1.0,0.3076923076923077
34099,HyboNet,4,64,0.001,1,99,0.33858267716535434,1.0,0.2692307692307692
34100,HyboNet,4,64,0.001,10,1,0.2204724409448819,0.3333333333333333,0.23076923076923078
34101,HyboNet,4,64,0.001,10,10,0.5354330708661418,0.6333333333333333,0.5769230769230769
34102,HyboNet,4,64,0.001,10,100,0.3464566929133858,1.0,0.34615384615384615
34103,HyboNet,4,64,0.001,10,11,0.5354330708661418,0.6333333333333333,0.5769230769230769
34104,HyboNet,4,64,0.001,10,12,0.5354330708661418,0.6333333333333333,0.5769230769230769
34105,HyboNet,4,64,0.001,10,13,0.5354330708661418,0.6333333333333333,0.5769230769230769
34106,HyboNet,4,64,0.001,10,14,0.5354330708661418,0.6333333333333333,0.5769230769230769
34107,HyboNet,4,64,0.001,10,15,0.5354330708661418,0.6666666666666666,0.5769230769230769
34108,HyboNet,4,64,0.001,10,16,0.5354330708661418,0.6666666666666666,0.5769230769230769
34109,HyboNet,4,64,0.001,10,17,0.5275590551181102,0.6666666666666666,0.5769230769230769
34110,HyboNet,4,64,0.001,10,18,0.5196850393700787,0.6666666666666666,0.5769230769230769
34111,HyboNet,4,64,0.001,10,19,0.5354330708661418,0.7333333333333333,0.5769230769230769
34112,HyboNet,4,64,0.001,10,2,0.5196850393700787,0.6333333333333333,0.5769230769230769
34113,HyboNet,4,64,0.001,10,20,0.5354330708661418,0.7333333333333333,0.5769230769230769
34114,HyboNet,4,64,0.001,10,21,0.5354330708661418,0.7333333333333333,0.5769230769230769
34115,HyboNet,4,64,0.001,10,22,0.5354330708661418,0.7333333333333333,0.5769230769230769
34116,HyboNet,4,64,0.001,10,23,0.5275590551181102,0.7666666666666667,0.5769230769230769
34117,HyboNet,4,64,0.001,10,24,0.5433070866141733,0.7666666666666667,0.5384615384615384
34118,HyboNet,4,64,0.001,10,25,0.5511811023622047,0.8,0.5384615384615384
34119,HyboNet,4,64,0.001,10,26,0.5511811023622047,0.8,0.5769230769230769
34120,HyboNet,4,64,0.001,10,27,0.5354330708661418,0.7666666666666667,0.5769230769230769
34121,HyboNet,4,64,0.001,10,28,0.5354330708661418,0.7666666666666667,0.5769230769230769
34122,HyboNet,4,64,0.001,10,29,0.5196850393700787,0.7666666666666667,0.5384615384615384
34123,HyboNet,4,64,0.001,10,3,0.5354330708661418,0.6,0.5769230769230769
34124,HyboNet,4,64,0.001,10,30,0.5196850393700787,0.8,0.5384615384615384
34125,HyboNet,4,64,0.001,10,31,0.5196850393700787,0.8,0.5
34126,HyboNet,4,64,0.001,10,32,0.49606299212598426,0.8,0.5
34127,HyboNet,4,64,0.001,10,33,0.44881889763779526,0.8,0.5
34128,HyboNet,4,64,0.001,10,34,0.4409448818897638,0.8333333333333334,0.46153846153846156
34129,HyboNet,4,64,0.001,10,35,0.44881889763779526,0.8333333333333334,0.46153846153846156
34130,HyboNet,4,64,0.001,10,36,0.4566929133858268,0.8333333333333334,0.46153846153846156
34131,HyboNet,4,64,0.001,10,37,0.4409448818897638,0.8333333333333334,0.46153846153846156
34132,HyboNet,4,64,0.001,10,38,0.41732283464566927,0.8666666666666667,0.46153846153846156
34133,HyboNet,4,64,0.001,10,39,0.41732283464566927,0.8666666666666667,0.46153846153846156
34134,HyboNet,4,64,0.001,10,4,0.5354330708661418,0.6,0.5769230769230769
34135,HyboNet,4,64,0.001,10,40,0.4251968503937008,0.8666666666666667,0.46153846153846156
34136,HyboNet,4,64,0.001,10,41,0.44881889763779526,0.8666666666666667,0.46153846153846156
34137,HyboNet,4,64,0.001,10,42,0.4409448818897638,0.9333333333333333,0.5
34138,HyboNet,4,64,0.001,10,43,0.4330708661417323,0.9,0.5
34139,HyboNet,4,64,0.001,10,44,0.4094488188976378,0.9,0.46153846153846156
34140,HyboNet,4,64,0.001,10,45,0.4330708661417323,0.9333333333333333,0.5
34141,HyboNet,4,64,0.001,10,46,0.4409448818897638,0.9333333333333333,0.5
34142,HyboNet,4,64,0.001,10,47,0.4251968503937008,0.9333333333333333,0.46153846153846156
34143,HyboNet,4,64,0.001,10,48,0.41732283464566927,0.9333333333333333,0.46153846153846156
34144,HyboNet,4,64,0.001,10,49,0.4566929133858268,0.9333333333333333,0.5
34145,HyboNet,4,64,0.001,10,5,0.5354330708661418,0.6333333333333333,0.5769230769230769
34146,HyboNet,4,64,0.001,10,50,0.4409448818897638,0.9333333333333333,0.5384615384615384
34147,HyboNet,4,64,0.001,10,51,0.4251968503937008,0.9333333333333333,0.5384615384615384
34148,HyboNet,4,64,0.001,10,52,0.41732283464566927,0.9333333333333333,0.46153846153846156
34149,HyboNet,4,64,0.001,10,53,0.41732283464566927,0.9333333333333333,0.46153846153846156
34150,HyboNet,4,64,0.001,10,54,0.4330708661417323,0.9333333333333333,0.46153846153846156
34151,HyboNet,4,64,0.001,10,55,0.4409448818897638,0.9333333333333333,0.5
34152,HyboNet,4,64,0.001,10,56,0.4409448818897638,0.9333333333333333,0.5
34153,HyboNet,4,64,0.001,10,57,0.4251968503937008,0.9333333333333333,0.46153846153846156
34154,HyboNet,4,64,0.001,10,58,0.41732283464566927,0.9333333333333333,0.4230769230769231
34155,HyboNet,4,64,0.001,10,59,0.3937007874015748,0.9333333333333333,0.4230769230769231
34156,HyboNet,4,64,0.001,10,6,0.5354330708661418,0.6333333333333333,0.5769230769230769
34157,HyboNet,4,64,0.001,10,60,0.4015748031496063,0.9333333333333333,0.46153846153846156
34158,HyboNet,4,64,0.001,10,61,0.4015748031496063,0.9333333333333333,0.46153846153846156
34159,HyboNet,4,64,0.001,10,62,0.3858267716535433,0.9333333333333333,0.38461538461538464
34160,HyboNet,4,64,0.001,10,63,0.3858267716535433,0.9333333333333333,0.38461538461538464
34161,HyboNet,4,64,0.001,10,64,0.41732283464566927,0.9333333333333333,0.4230769230769231
34162,HyboNet,4,64,0.001,10,65,0.41732283464566927,0.9333333333333333,0.38461538461538464
34163,HyboNet,4,64,0.001,10,66,0.3858267716535433,0.9666666666666667,0.38461538461538464
34164,HyboNet,4,64,0.001,10,67,0.36220472440944884,0.9666666666666667,0.34615384615384615
34165,HyboNet,4,64,0.001,10,68,0.3779527559055118,0.9666666666666667,0.38461538461538464
34166,HyboNet,4,64,0.001,10,69,0.4015748031496063,0.9666666666666667,0.38461538461538464
34167,HyboNet,4,64,0.001,10,7,0.5354330708661418,0.6333333333333333,0.5769230769230769
34168,HyboNet,4,64,0.001,10,70,0.4015748031496063,0.9666666666666667,0.38461538461538464
34169,HyboNet,4,64,0.001,10,71,0.4015748031496063,0.9333333333333333,0.38461538461538464
34170,HyboNet,4,64,0.001,10,72,0.3700787401574803,0.9666666666666667,0.38461538461538464
34171,HyboNet,4,64,0.001,10,73,0.36220472440944884,1.0,0.34615384615384615
34172,HyboNet,4,64,0.001,10,74,0.3700787401574803,1.0,0.38461538461538464
34173,HyboNet,4,64,0.001,10,75,0.3779527559055118,1.0,0.38461538461538464
34174,HyboNet,4,64,0.001,10,76,0.3700787401574803,1.0,0.38461538461538464
34175,HyboNet,4,64,0.001,10,77,0.3543307086614173,1.0,0.34615384615384615
34176,HyboNet,4,64,0.001,10,78,0.3464566929133858,1.0,0.34615384615384615
34177,HyboNet,4,64,0.001,10,79,0.3779527559055118,1.0,0.38461538461538464
34178,HyboNet,4,64,0.001,10,8,0.5354330708661418,0.6333333333333333,0.5769230769230769
34179,HyboNet,4,64,0.001,10,80,0.3700787401574803,1.0,0.38461538461538464
34180,HyboNet,4,64,0.001,10,81,0.33858267716535434,1.0,0.34615384615384615
34181,HyboNet,4,64,0.001,10,82,0.2992125984251969,1.0,0.3076923076923077
34182,HyboNet,4,64,0.001,10,83,0.2992125984251969,1.0,0.2692307692307692
34183,HyboNet,4,64,0.001,10,84,0.31496062992125984,1.0,0.34615384615384615
34184,HyboNet,4,64,0.001,10,85,0.33070866141732286,1.0,0.34615384615384615
34185,HyboNet,4,64,0.001,10,86,0.3464566929133858,1.0,0.34615384615384615
34186,HyboNet,4,64,0.001,10,87,0.3464566929133858,1.0,0.34615384615384615
34187,HyboNet,4,64,0.001,10,88,0.33858267716535434,1.0,0.3076923076923077
34188,HyboNet,4,64,0.001,10,89,0.33858267716535434,1.0,0.34615384615384615
34189,HyboNet,4,64,0.001,10,9,0.5354330708661418,0.6333333333333333,0.5769230769230769
34190,HyboNet,4,64,0.001,10,90,0.33858267716535434,1.0,0.3076923076923077
34191,HyboNet,4,64,0.001,10,91,0.3464566929133858,1.0,0.3076923076923077
34192,HyboNet,4,64,0.001,10,92,0.36220472440944884,1.0,0.34615384615384615
34193,HyboNet,4,64,0.001,10,93,0.4015748031496063,1.0,0.4230769230769231
34194,HyboNet,4,64,0.001,10,94,0.3937007874015748,1.0,0.4230769230769231
34195,HyboNet,4,64,0.001,10,95,0.3779527559055118,1.0,0.38461538461538464
34196,HyboNet,4,64,0.001,10,96,0.31496062992125984,1.0,0.34615384615384615
34197,HyboNet,4,64,0.001,10,97,0.2992125984251969,1.0,0.2692307692307692
34198,HyboNet,4,64,0.001,10,98,0.3228346456692913,1.0,0.34615384615384615
34199,HyboNet,4,64,0.001,10,99,0.33070866141732286,1.0,0.34615384615384615
34200,HyboNet,4,64,0.001,2,1,0.5275590551181102,0.6333333333333333,0.6153846153846154
34201,HyboNet,4,64,0.001,2,10,0.4881889763779528,0.7666666666666667,0.5384615384615384
34202,HyboNet,4,64,0.001,2,100,0.33070866141732286,1.0,0.4230769230769231
34203,HyboNet,4,64,0.001,2,11,0.49606299212598426,0.7666666666666667,0.5384615384615384
34204,HyboNet,4,64,0.001,2,12,0.5039370078740157,0.7666666666666667,0.5384615384615384
34205,HyboNet,4,64,0.001,2,13,0.5039370078740157,0.7666666666666667,0.5384615384615384
34206,HyboNet,4,64,0.001,2,14,0.4881889763779528,0.7666666666666667,0.5384615384615384
34207,HyboNet,4,64,0.001,2,15,0.5039370078740157,0.7666666666666667,0.5384615384615384
34208,HyboNet,4,64,0.001,2,16,0.49606299212598426,0.7666666666666667,0.5384615384615384
34209,HyboNet,4,64,0.001,2,17,0.4881889763779528,0.7666666666666667,0.5384615384615384
34210,HyboNet,4,64,0.001,2,18,0.4881889763779528,0.8,0.5
34211,HyboNet,4,64,0.001,2,19,0.47244094488188976,0.8,0.5
34212,HyboNet,4,64,0.001,2,2,0.5118110236220472,0.6333333333333333,0.5769230769230769
34213,HyboNet,4,64,0.001,2,20,0.47244094488188976,0.8333333333333334,0.5
34214,HyboNet,4,64,0.001,2,21,0.47244094488188976,0.8333333333333334,0.46153846153846156
34215,HyboNet,4,64,0.001,2,22,0.48031496062992124,0.8666666666666667,0.4230769230769231
34216,HyboNet,4,64,0.001,2,23,0.47244094488188976,0.8666666666666667,0.46153846153846156
34217,HyboNet,4,64,0.001,2,24,0.47244094488188976,0.9,0.46153846153846156
34218,HyboNet,4,64,0.001,2,25,0.4645669291338583,0.9,0.4230769230769231
34219,HyboNet,4,64,0.001,2,26,0.47244094488188976,0.9,0.4230769230769231
34220,HyboNet,4,64,0.001,2,27,0.47244094488188976,0.9,0.4230769230769231
34221,HyboNet,4,64,0.001,2,28,0.4881889763779528,0.8666666666666667,0.38461538461538464
34222,HyboNet,4,64,0.001,2,29,0.49606299212598426,0.8666666666666667,0.38461538461538464
34223,HyboNet,4,64,0.001,2,3,0.5039370078740157,0.7,0.5384615384615384
34224,HyboNet,4,64,0.001,2,30,0.47244094488188976,0.9,0.4230769230769231
34225,HyboNet,4,64,0.001,2,31,0.47244094488188976,0.9,0.4230769230769231
34226,HyboNet,4,64,0.001,2,32,0.47244094488188976,0.9,0.4230769230769231
34227,HyboNet,4,64,0.001,2,33,0.49606299212598426,0.9,0.4230769230769231
34228,HyboNet,4,64,0.001,2,34,0.4645669291338583,0.9333333333333333,0.4230769230769231
34229,HyboNet,4,64,0.001,2,35,0.47244094488188976,0.9333333333333333,0.4230769230769231
34230,HyboNet,4,64,0.001,2,36,0.47244094488188976,0.9333333333333333,0.4230769230769231
34231,HyboNet,4,64,0.001,2,37,0.4409448818897638,0.9333333333333333,0.46153846153846156
34232,HyboNet,4,64,0.001,2,38,0.4566929133858268,0.9333333333333333,0.46153846153846156
34233,HyboNet,4,64,0.001,2,39,0.4566929133858268,0.9333333333333333,0.4230769230769231
34234,HyboNet,4,64,0.001,2,4,0.5039370078740157,0.7,0.5384615384615384
34235,HyboNet,4,64,0.001,2,40,0.4645669291338583,0.9333333333333333,0.4230769230769231
34236,HyboNet,4,64,0.001,2,41,0.4645669291338583,0.9333333333333333,0.4230769230769231
34237,HyboNet,4,64,0.001,2,42,0.44881889763779526,0.9333333333333333,0.4230769230769231
34238,HyboNet,4,64,0.001,2,43,0.41732283464566927,0.9333333333333333,0.46153846153846156
34239,HyboNet,4,64,0.001,2,44,0.4094488188976378,0.9333333333333333,0.4230769230769231
34240,HyboNet,4,64,0.001,2,45,0.4094488188976378,0.9333333333333333,0.4230769230769231
34241,HyboNet,4,64,0.001,2,46,0.41732283464566927,0.9333333333333333,0.4230769230769231
34242,HyboNet,4,64,0.001,2,47,0.41732283464566927,0.9333333333333333,0.4230769230769231
34243,HyboNet,4,64,0.001,2,48,0.4015748031496063,0.9333333333333333,0.4230769230769231
34244,HyboNet,4,64,0.001,2,49,0.41732283464566927,0.9333333333333333,0.4230769230769231
34245,HyboNet,4,64,0.001,2,5,0.5196850393700787,0.7,0.5384615384615384
34246,HyboNet,4,64,0.001,2,50,0.4094488188976378,0.9333333333333333,0.4230769230769231
34247,HyboNet,4,64,0.001,2,51,0.4015748031496063,0.9333333333333333,0.4230769230769231
34248,HyboNet,4,64,0.001,2,52,0.41732283464566927,0.9333333333333333,0.4230769230769231
34249,HyboNet,4,64,0.001,2,53,0.3937007874015748,0.9666666666666667,0.4230769230769231
34250,HyboNet,4,64,0.001,2,54,0.3937007874015748,0.9666666666666667,0.4230769230769231
34251,HyboNet,4,64,0.001,2,55,0.3858267716535433,0.9666666666666667,0.4230769230769231
34252,HyboNet,4,64,0.001,2,56,0.3858267716535433,0.9666666666666667,0.46153846153846156
34253,HyboNet,4,64,0.001,2,57,0.3937007874015748,0.9666666666666667,0.4230769230769231
34254,HyboNet,4,64,0.001,2,58,0.3937007874015748,1.0,0.4230769230769231
34255,HyboNet,4,64,0.001,2,59,0.3858267716535433,1.0,0.4230769230769231
34256,HyboNet,4,64,0.001,2,6,0.5118110236220472,0.7,0.5384615384615384
34257,HyboNet,4,64,0.001,2,60,0.3858267716535433,1.0,0.4230769230769231
34258,HyboNet,4,64,0.001,2,61,0.3937007874015748,1.0,0.4230769230769231
34259,HyboNet,4,64,0.001,2,62,0.4015748031496063,1.0,0.4230769230769231
34260,HyboNet,4,64,0.001,2,63,0.3937007874015748,1.0,0.4230769230769231
34261,HyboNet,4,64,0.001,2,64,0.3937007874015748,1.0,0.4230769230769231
34262,HyboNet,4,64,0.001,2,65,0.3779527559055118,1.0,0.38461538461538464
34263,HyboNet,4,64,0.001,2,66,0.3858267716535433,1.0,0.38461538461538464
34264,HyboNet,4,64,0.001,2,67,0.36220472440944884,1.0,0.4230769230769231
34265,HyboNet,4,64,0.001,2,68,0.3779527559055118,1.0,0.4230769230769231
34266,HyboNet,4,64,0.001,2,69,0.3858267716535433,1.0,0.46153846153846156
34267,HyboNet,4,64,0.001,2,7,0.5118110236220472,0.7,0.5384615384615384
34268,HyboNet,4,64,0.001,2,70,0.3779527559055118,1.0,0.46153846153846156
34269,HyboNet,4,64,0.001,2,71,0.3700787401574803,1.0,0.46153846153846156
34270,HyboNet,4,64,0.001,2,72,0.3464566929133858,1.0,0.4230769230769231
34271,HyboNet,4,64,0.001,2,73,0.3464566929133858,1.0,0.4230769230769231
34272,HyboNet,4,64,0.001,2,74,0.3543307086614173,1.0,0.38461538461538464
34273,HyboNet,4,64,0.001,2,75,0.3543307086614173,1.0,0.38461538461538464
34274,HyboNet,4,64,0.001,2,76,0.3700787401574803,1.0,0.38461538461538464
34275,HyboNet,4,64,0.001,2,77,0.36220472440944884,1.0,0.4230769230769231
34276,HyboNet,4,64,0.001,2,78,0.3779527559055118,1.0,0.4230769230769231
34277,HyboNet,4,64,0.001,2,79,0.3858267716535433,1.0,0.4230769230769231
34278,HyboNet,4,64,0.001,2,8,0.4881889763779528,0.7333333333333333,0.5384615384615384
34279,HyboNet,4,64,0.001,2,80,0.36220472440944884,1.0,0.4230769230769231
34280,HyboNet,4,64,0.001,2,81,0.3543307086614173,1.0,0.38461538461538464
34281,HyboNet,4,64,0.001,2,82,0.3464566929133858,1.0,0.38461538461538464
34282,HyboNet,4,64,0.001,2,83,0.3779527559055118,1.0,0.4230769230769231
34283,HyboNet,4,64,0.001,2,84,0.3464566929133858,1.0,0.4230769230769231
34284,HyboNet,4,64,0.001,2,85,0.3700787401574803,1.0,0.38461538461538464
34285,HyboNet,4,64,0.001,2,86,0.3779527559055118,1.0,0.38461538461538464
34286,HyboNet,4,64,0.001,2,87,0.3858267716535433,1.0,0.38461538461538464
34287,HyboNet,4,64,0.001,2,88,0.3700787401574803,1.0,0.4230769230769231
34288,HyboNet,4,64,0.001,2,89,0.3700787401574803,1.0,0.4230769230769231
34289,HyboNet,4,64,0.001,2,9,0.4881889763779528,0.7666666666666667,0.5384615384615384
34290,HyboNet,4,64,0.001,2,90,0.3700787401574803,1.0,0.4230769230769231
34291,HyboNet,4,64,0.001,2,91,0.3700787401574803,1.0,0.4230769230769231
34292,HyboNet,4,64,0.001,2,92,0.3700787401574803,1.0,0.4230769230769231
34293,HyboNet,4,64,0.001,2,93,0.3543307086614173,1.0,0.38461538461538464
34294,HyboNet,4,64,0.001,2,94,0.3543307086614173,1.0,0.38461538461538464
34295,HyboNet,4,64,0.001,2,95,0.3543307086614173,1.0,0.38461538461538464
34296,HyboNet,4,64,0.001,2,96,0.36220472440944884,1.0,0.38461538461538464
34297,HyboNet,4,64,0.001,2,97,0.3464566929133858,1.0,0.4230769230769231
34298,HyboNet,4,64,0.001,2,98,0.3228346456692913,1.0,0.4230769230769231
34299,HyboNet,4,64,0.001,2,99,0.33070866141732286,1.0,0.4230769230769231
34300,HyboNet,4,64,0.001,3,1,0.5118110236220472,0.5666666666666667,0.5769230769230769
34301,HyboNet,4,64,0.001,3,10,0.5118110236220472,0.7666666666666667,0.5384615384615384
34302,HyboNet,4,64,0.001,3,100,0.41732283464566927,1.0,0.4230769230769231
34303,HyboNet,4,64,0.001,3,11,0.4881889763779528,0.7666666666666667,0.5384615384615384
34304,HyboNet,4,64,0.001,3,12,0.47244094488188976,0.8,0.4230769230769231
34305,HyboNet,4,64,0.001,3,13,0.4566929133858268,0.8,0.34615384615384615
34306,HyboNet,4,64,0.001,3,14,0.4566929133858268,0.8,0.3076923076923077
34307,HyboNet,4,64,0.001,3,15,0.4566929133858268,0.8333333333333334,0.38461538461538464
34308,HyboNet,4,64,0.001,3,16,0.4566929133858268,0.8333333333333334,0.38461538461538464
34309,HyboNet,4,64,0.001,3,17,0.4566929133858268,0.8333333333333334,0.38461538461538464
34310,HyboNet,4,64,0.001,3,18,0.4566929133858268,0.8666666666666667,0.38461538461538464
34311,HyboNet,4,64,0.001,3,19,0.4566929133858268,0.8666666666666667,0.4230769230769231
34312,HyboNet,4,64,0.001,3,2,0.5196850393700787,0.6,0.5769230769230769
34313,HyboNet,4,64,0.001,3,20,0.4566929133858268,0.8666666666666667,0.4230769230769231
34314,HyboNet,4,64,0.001,3,21,0.44881889763779526,0.9,0.38461538461538464
34315,HyboNet,4,64,0.001,3,22,0.4566929133858268,0.9,0.34615384615384615
34316,HyboNet,4,64,0.001,3,23,0.4566929133858268,0.9,0.34615384615384615
34317,HyboNet,4,64,0.001,3,24,0.4566929133858268,0.9,0.4230769230769231
34318,HyboNet,4,64,0.001,3,25,0.4645669291338583,0.9,0.4230769230769231
34319,HyboNet,4,64,0.001,3,26,0.4566929133858268,0.9,0.4230769230769231
34320,HyboNet,4,64,0.001,3,27,0.4330708661417323,0.9,0.38461538461538464
34321,HyboNet,4,64,0.001,3,28,0.4094488188976378,0.9333333333333333,0.34615384615384615
34322,HyboNet,4,64,0.001,3,29,0.4409448818897638,0.9333333333333333,0.38461538461538464
34323,HyboNet,4,64,0.001,3,3,0.49606299212598426,0.6,0.5769230769230769
34324,HyboNet,4,64,0.001,3,30,0.44881889763779526,0.9333333333333333,0.38461538461538464
34325,HyboNet,4,64,0.001,3,31,0.4015748031496063,0.9333333333333333,0.3076923076923077
34326,HyboNet,4,64,0.001,3,32,0.4015748031496063,0.9333333333333333,0.34615384615384615
34327,HyboNet,4,64,0.001,3,33,0.3937007874015748,0.9333333333333333,0.34615384615384615
34328,HyboNet,4,64,0.001,3,34,0.3779527559055118,0.9333333333333333,0.34615384615384615
34329,HyboNet,4,64,0.001,3,35,0.36220472440944884,0.9333333333333333,0.3076923076923077
34330,HyboNet,4,64,0.001,3,36,0.3779527559055118,0.9333333333333333,0.3076923076923077
34331,HyboNet,4,64,0.001,3,37,0.3700787401574803,0.9333333333333333,0.34615384615384615
34332,HyboNet,4,64,0.001,3,38,0.3779527559055118,0.9333333333333333,0.34615384615384615
34333,HyboNet,4,64,0.001,3,39,0.3543307086614173,0.9666666666666667,0.34615384615384615
34334,HyboNet,4,64,0.001,3,4,0.47244094488188976,0.7333333333333333,0.5384615384615384
34335,HyboNet,4,64,0.001,3,40,0.3543307086614173,0.9666666666666667,0.34615384615384615
34336,HyboNet,4,64,0.001,3,41,0.3543307086614173,1.0,0.34615384615384615
34337,HyboNet,4,64,0.001,3,42,0.3543307086614173,0.9666666666666667,0.34615384615384615
34338,HyboNet,4,64,0.001,3,43,0.3543307086614173,0.9666666666666667,0.2692307692307692
34339,HyboNet,4,64,0.001,3,44,0.36220472440944884,0.9666666666666667,0.3076923076923077
34340,HyboNet,4,64,0.001,3,45,0.3543307086614173,1.0,0.3076923076923077
34341,HyboNet,4,64,0.001,3,46,0.3464566929133858,1.0,0.3076923076923077
34342,HyboNet,4,64,0.001,3,47,0.36220472440944884,1.0,0.3076923076923077
34343,HyboNet,4,64,0.001,3,48,0.3779527559055118,1.0,0.3076923076923077
34344,HyboNet,4,64,0.001,3,49,0.3858267716535433,1.0,0.2692307692307692
34345,HyboNet,4,64,0.001,3,5,0.4409448818897638,0.7666666666666667,0.4230769230769231
34346,HyboNet,4,64,0.001,3,50,0.3858267716535433,1.0,0.2692307692307692
34347,HyboNet,4,64,0.001,3,51,0.36220472440944884,1.0,0.2692307692307692
34348,HyboNet,4,64,0.001,3,52,0.41732283464566927,1.0,0.3076923076923077
34349,HyboNet,4,64,0.001,3,53,0.4094488188976378,1.0,0.3076923076923077
34350,HyboNet,4,64,0.001,3,54,0.41732283464566927,1.0,0.3076923076923077
34351,HyboNet,4,64,0.001,3,55,0.41732283464566927,1.0,0.3076923076923077
34352,HyboNet,4,64,0.001,3,56,0.4015748031496063,1.0,0.3076923076923077
34353,HyboNet,4,64,0.001,3,57,0.4015748031496063,1.0,0.3076923076923077
34354,HyboNet,4,64,0.001,3,58,0.3779527559055118,1.0,0.3076923076923077
34355,HyboNet,4,64,0.001,3,59,0.3464566929133858,1.0,0.23076923076923078
34356,HyboNet,4,64,0.001,3,6,0.44881889763779526,0.7666666666666667,0.4230769230769231
34357,HyboNet,4,64,0.001,3,60,0.36220472440944884,1.0,0.3076923076923077
34358,HyboNet,4,64,0.001,3,61,0.3937007874015748,1.0,0.3076923076923077
34359,HyboNet,4,64,0.001,3,62,0.4094488188976378,1.0,0.3076923076923077
34360,HyboNet,4,64,0.001,3,63,0.4094488188976378,1.0,0.3076923076923077
34361,HyboNet,4,64,0.001,3,64,0.4094488188976378,1.0,0.34615384615384615
34362,HyboNet,4,64,0.001,3,65,0.4094488188976378,1.0,0.34615384615384615
34363,HyboNet,4,64,0.001,3,66,0.41732283464566927,1.0,0.34615384615384615
34364,HyboNet,4,64,0.001,3,67,0.4094488188976378,1.0,0.3076923076923077
34365,HyboNet,4,64,0.001,3,68,0.4094488188976378,1.0,0.3076923076923077
34366,HyboNet,4,64,0.001,3,69,0.4094488188976378,1.0,0.3076923076923077
34367,HyboNet,4,64,0.001,3,7,0.4566929133858268,0.7666666666666667,0.4230769230769231
34368,HyboNet,4,64,0.001,3,70,0.3779527559055118,1.0,0.3076923076923077
34369,HyboNet,4,64,0.001,3,71,0.3858267716535433,1.0,0.3076923076923077
34370,HyboNet,4,64,0.001,3,72,0.3858267716535433,1.0,0.3076923076923077
34371,HyboNet,4,64,0.001,3,73,0.3858267716535433,1.0,0.3076923076923077
34372,HyboNet,4,64,0.001,3,74,0.3779527559055118,1.0,0.3076923076923077
34373,HyboNet,4,64,0.001,3,75,0.3858267716535433,1.0,0.2692307692307692
34374,HyboNet,4,64,0.001,3,76,0.3779527559055118,1.0,0.3076923076923077
34375,HyboNet,4,64,0.001,3,77,0.4094488188976378,1.0,0.3076923076923077
34376,HyboNet,4,64,0.001,3,78,0.4094488188976378,1.0,0.3076923076923077
34377,HyboNet,4,64,0.001,3,79,0.4015748031496063,1.0,0.2692307692307692
34378,HyboNet,4,64,0.001,3,8,0.47244094488188976,0.7666666666666667,0.5
34379,HyboNet,4,64,0.001,3,80,0.3858267716535433,1.0,0.2692307692307692
34380,HyboNet,4,64,0.001,3,81,0.3858267716535433,1.0,0.2692307692307692
34381,HyboNet,4,64,0.001,3,82,0.4015748031496063,1.0,0.3076923076923077
34382,HyboNet,4,64,0.001,3,83,0.4015748031496063,1.0,0.3076923076923077
34383,HyboNet,4,64,0.001,3,84,0.4094488188976378,1.0,0.3076923076923077
34384,HyboNet,4,64,0.001,3,85,0.3937007874015748,1.0,0.3076923076923077
34385,HyboNet,4,64,0.001,3,86,0.3700787401574803,1.0,0.2692307692307692
34386,HyboNet,4,64,0.001,3,87,0.3700787401574803,1.0,0.2692307692307692
34387,HyboNet,4,64,0.001,3,88,0.3700787401574803,1.0,0.2692307692307692
34388,HyboNet,4,64,0.001,3,89,0.3779527559055118,1.0,0.3076923076923077
34389,HyboNet,4,64,0.001,3,9,0.5118110236220472,0.7666666666666667,0.5384615384615384
34390,HyboNet,4,64,0.001,3,90,0.3858267716535433,1.0,0.34615384615384615
34391,HyboNet,4,64,0.001,3,91,0.3937007874015748,1.0,0.34615384615384615
34392,HyboNet,4,64,0.001,3,92,0.3779527559055118,1.0,0.3076923076923077
34393,HyboNet,4,64,0.001,3,93,0.3779527559055118,1.0,0.3076923076923077
34394,HyboNet,4,64,0.001,3,94,0.3858267716535433,1.0,0.34615384615384615
34395,HyboNet,4,64,0.001,3,95,0.3858267716535433,1.0,0.34615384615384615
34396,HyboNet,4,64,0.001,3,96,0.3937007874015748,1.0,0.34615384615384615
34397,HyboNet,4,64,0.001,3,97,0.3858267716535433,1.0,0.34615384615384615
34398,HyboNet,4,64,0.001,3,98,0.3937007874015748,1.0,0.34615384615384615
34399,HyboNet,4,64,0.001,3,99,0.4094488188976378,1.0,0.38461538461538464
34400,HyboNet,4,64,0.001,4,1,0.3937007874015748,0.43333333333333335,0.34615384615384615
34401,HyboNet,4,64,0.001,4,10,0.5354330708661418,0.6,0.5769230769230769
34402,HyboNet,4,64,0.001,4,100,0.3464566929133858,1.0,0.4230769230769231
34403,HyboNet,4,64,0.001,4,11,0.5354330708661418,0.6,0.5769230769230769
34404,HyboNet,4,64,0.001,4,12,0.5275590551181102,0.6,0.5769230769230769
34405,HyboNet,4,64,0.001,4,13,0.5275590551181102,0.6333333333333333,0.5769230769230769
34406,HyboNet,4,64,0.001,4,14,0.5196850393700787,0.6333333333333333,0.5769230769230769
34407,HyboNet,4,64,0.001,4,15,0.5354330708661418,0.7,0.5769230769230769
34408,HyboNet,4,64,0.001,4,16,0.5354330708661418,0.7333333333333333,0.5769230769230769
34409,HyboNet,4,64,0.001,4,17,0.5433070866141733,0.7666666666666667,0.5769230769230769
34410,HyboNet,4,64,0.001,4,18,0.5354330708661418,0.7666666666666667,0.6153846153846154
34411,HyboNet,4,64,0.001,4,19,0.5354330708661418,0.7666666666666667,0.5769230769230769
34412,HyboNet,4,64,0.001,4,2,0.5354330708661418,0.6333333333333333,0.5769230769230769
34413,HyboNet,4,64,0.001,4,20,0.5275590551181102,0.7666666666666667,0.6153846153846154
34414,HyboNet,4,64,0.001,4,21,0.5275590551181102,0.7333333333333333,0.5384615384615384
34415,HyboNet,4,64,0.001,4,22,0.5275590551181102,0.7333333333333333,0.5384615384615384
34416,HyboNet,4,64,0.001,4,23,0.4881889763779528,0.7666666666666667,0.46153846153846156
34417,HyboNet,4,64,0.001,4,24,0.4881889763779528,0.7666666666666667,0.5
34418,HyboNet,4,64,0.001,4,25,0.48031496062992124,0.8,0.5
34419,HyboNet,4,64,0.001,4,26,0.4645669291338583,0.8,0.46153846153846156
34420,HyboNet,4,64,0.001,4,27,0.44881889763779526,0.8333333333333334,0.46153846153846156
34421,HyboNet,4,64,0.001,4,28,0.4409448818897638,0.8333333333333334,0.46153846153846156
34422,HyboNet,4,64,0.001,4,29,0.4409448818897638,0.8,0.46153846153846156
34423,HyboNet,4,64,0.001,4,3,0.5354330708661418,0.6,0.5769230769230769
34424,HyboNet,4,64,0.001,4,30,0.4645669291338583,0.8333333333333334,0.5
34425,HyboNet,4,64,0.001,4,31,0.4566929133858268,0.8666666666666667,0.5
34426,HyboNet,4,64,0.001,4,32,0.44881889763779526,0.9,0.5
34427,HyboNet,4,64,0.001,4,33,0.4409448818897638,0.9333333333333333,0.46153846153846156
34428,HyboNet,4,64,0.001,4,34,0.4409448818897638,0.9333333333333333,0.46153846153846156
34429,HyboNet,4,64,0.001,4,35,0.44881889763779526,0.9333333333333333,0.46153846153846156
34430,HyboNet,4,64,0.001,4,36,0.44881889763779526,0.9333333333333333,0.46153846153846156
34431,HyboNet,4,64,0.001,4,37,0.4566929133858268,0.9333333333333333,0.46153846153846156
34432,HyboNet,4,64,0.001,4,38,0.4566929133858268,0.9666666666666667,0.5
34433,HyboNet,4,64,0.001,4,39,0.4645669291338583,0.9666666666666667,0.5
34434,HyboNet,4,64,0.001,4,4,0.5354330708661418,0.6,0.5769230769230769
34435,HyboNet,4,64,0.001,4,40,0.4566929133858268,0.9666666666666667,0.5
34436,HyboNet,4,64,0.001,4,41,0.4645669291338583,0.9666666666666667,0.46153846153846156
34437,HyboNet,4,64,0.001,4,42,0.4566929133858268,0.9333333333333333,0.5
34438,HyboNet,4,64,0.001,4,43,0.44881889763779526,0.9333333333333333,0.5384615384615384
34439,HyboNet,4,64,0.001,4,44,0.4409448818897638,0.9333333333333333,0.5
34440,HyboNet,4,64,0.001,4,45,0.44881889763779526,0.9333333333333333,0.46153846153846156
34441,HyboNet,4,64,0.001,4,46,0.4330708661417323,0.9333333333333333,0.46153846153846156
34442,HyboNet,4,64,0.001,4,47,0.4330708661417323,0.9333333333333333,0.46153846153846156
34443,HyboNet,4,64,0.001,4,48,0.4330708661417323,0.9333333333333333,0.46153846153846156
34444,HyboNet,4,64,0.001,4,49,0.4251968503937008,0.9333333333333333,0.4230769230769231
34445,HyboNet,4,64,0.001,4,5,0.5354330708661418,0.6,0.5769230769230769
34446,HyboNet,4,64,0.001,4,50,0.4330708661417323,0.9333333333333333,0.5
34447,HyboNet,4,64,0.001,4,51,0.4330708661417323,0.9333333333333333,0.5384615384615384
34448,HyboNet,4,64,0.001,4,52,0.4251968503937008,0.9666666666666667,0.5384615384615384
34449,HyboNet,4,64,0.001,4,53,0.4251968503937008,0.9666666666666667,0.46153846153846156
34450,HyboNet,4,64,0.001,4,54,0.41732283464566927,0.9666666666666667,0.46153846153846156
34451,HyboNet,4,64,0.001,4,55,0.3858267716535433,0.9666666666666667,0.46153846153846156
34452,HyboNet,4,64,0.001,4,56,0.3937007874015748,0.9666666666666667,0.5
34453,HyboNet,4,64,0.001,4,57,0.4015748031496063,0.9666666666666667,0.5
34454,HyboNet,4,64,0.001,4,58,0.4251968503937008,0.9333333333333333,0.4230769230769231
34455,HyboNet,4,64,0.001,4,59,0.41732283464566927,0.9333333333333333,0.46153846153846156
34456,HyboNet,4,64,0.001,4,6,0.5354330708661418,0.6,0.5769230769230769
34457,HyboNet,4,64,0.001,4,60,0.41732283464566927,0.9666666666666667,0.46153846153846156
34458,HyboNet,4,64,0.001,4,61,0.3779527559055118,0.9666666666666667,0.4230769230769231
34459,HyboNet,4,64,0.001,4,62,0.4094488188976378,1.0,0.38461538461538464
34460,HyboNet,4,64,0.001,4,63,0.3779527559055118,1.0,0.4230769230769231
34461,HyboNet,4,64,0.001,4,64,0.3779527559055118,0.9666666666666667,0.5
34462,HyboNet,4,64,0.001,4,65,0.3858267716535433,0.9666666666666667,0.5
34463,HyboNet,4,64,0.001,4,66,0.3937007874015748,0.9666666666666667,0.5
34464,HyboNet,4,64,0.001,4,67,0.3858267716535433,0.9666666666666667,0.5
34465,HyboNet,4,64,0.001,4,68,0.3779527559055118,1.0,0.4230769230769231
34466,HyboNet,4,64,0.001,4,69,0.3858267716535433,1.0,0.4230769230769231
34467,HyboNet,4,64,0.001,4,7,0.5354330708661418,0.6,0.5769230769230769
34468,HyboNet,4,64,0.001,4,70,0.3700787401574803,1.0,0.4230769230769231
34469,HyboNet,4,64,0.001,4,71,0.36220472440944884,1.0,0.5
34470,HyboNet,4,64,0.001,4,72,0.3700787401574803,1.0,0.5
34471,HyboNet,4,64,0.001,4,73,0.3779527559055118,1.0,0.46153846153846156
34472,HyboNet,4,64,0.001,4,74,0.3937007874015748,0.9666666666666667,0.4230769230769231
34473,HyboNet,4,64,0.001,4,75,0.4251968503937008,1.0,0.4230769230769231
34474,HyboNet,4,64,0.001,4,76,0.3858267716535433,1.0,0.4230769230769231
34475,HyboNet,4,64,0.001,4,77,0.3700787401574803,1.0,0.46153846153846156
34476,HyboNet,4,64,0.001,4,78,0.36220472440944884,1.0,0.46153846153846156
34477,HyboNet,4,64,0.001,4,79,0.3700787401574803,1.0,0.46153846153846156
34478,HyboNet,4,64,0.001,4,8,0.5354330708661418,0.6,0.5769230769230769
34479,HyboNet,4,64,0.001,4,80,0.36220472440944884,1.0,0.46153846153846156
34480,HyboNet,4,64,0.001,4,81,0.3700787401574803,1.0,0.4230769230769231
34481,HyboNet,4,64,0.001,4,82,0.3779527559055118,1.0,0.4230769230769231
34482,HyboNet,4,64,0.001,4,83,0.3937007874015748,1.0,0.38461538461538464
34483,HyboNet,4,64,0.001,4,84,0.3858267716535433,1.0,0.38461538461538464
34484,HyboNet,4,64,0.001,4,85,0.3858267716535433,1.0,0.46153846153846156
34485,HyboNet,4,64,0.001,4,86,0.36220472440944884,1.0,0.46153846153846156
34486,HyboNet,4,64,0.001,4,87,0.36220472440944884,1.0,0.46153846153846156
34487,HyboNet,4,64,0.001,4,88,0.36220472440944884,1.0,0.46153846153846156
34488,HyboNet,4,64,0.001,4,89,0.3543307086614173,1.0,0.4230769230769231
34489,HyboNet,4,64,0.001,4,9,0.5354330708661418,0.6,0.5769230769230769
34490,HyboNet,4,64,0.001,4,90,0.3700787401574803,1.0,0.4230769230769231
34491,HyboNet,4,64,0.001,4,91,0.36220472440944884,1.0,0.46153846153846156
34492,HyboNet,4,64,0.001,4,92,0.3543307086614173,1.0,0.46153846153846156
34493,HyboNet,4,64,0.001,4,93,0.3543307086614173,1.0,0.46153846153846156
34494,HyboNet,4,64,0.001,4,94,0.3543307086614173,1.0,0.46153846153846156
34495,HyboNet,4,64,0.001,4,95,0.3543307086614173,1.0,0.46153846153846156
34496,HyboNet,4,64,0.001,4,96,0.3543307086614173,1.0,0.4230769230769231
34497,HyboNet,4,64,0.001,4,97,0.3779527559055118,1.0,0.4230769230769231
34498,HyboNet,4,64,0.001,4,98,0.36220472440944884,1.0,0.38461538461538464
34499,HyboNet,4,64,0.001,4,99,0.3700787401574803,1.0,0.4230769230769231
34500,HyboNet,4,64,0.001,5,1,0.5196850393700787,0.6333333333333333,0.5769230769230769
34501,HyboNet,4,64,0.001,5,10,0.5354330708661418,0.6333333333333333,0.5769230769230769
34502,HyboNet,4,64,0.001,5,100,0.3700787401574803,1.0,0.2692307692307692
34503,HyboNet,4,64,0.001,5,11,0.5354330708661418,0.6333333333333333,0.5769230769230769
34504,HyboNet,4,64,0.001,5,12,0.5275590551181102,0.6333333333333333,0.5769230769230769
34505,HyboNet,4,64,0.001,5,13,0.5196850393700787,0.7,0.5769230769230769
34506,HyboNet,4,64,0.001,5,14,0.5196850393700787,0.7333333333333333,0.5769230769230769
34507,HyboNet,4,64,0.001,5,15,0.5196850393700787,0.7666666666666667,0.5769230769230769
34508,HyboNet,4,64,0.001,5,16,0.5196850393700787,0.7333333333333333,0.5769230769230769
34509,HyboNet,4,64,0.001,5,17,0.5196850393700787,0.7333333333333333,0.5769230769230769
34510,HyboNet,4,64,0.001,5,18,0.5196850393700787,0.7666666666666667,0.5769230769230769
34511,HyboNet,4,64,0.001,5,19,0.5354330708661418,0.7666666666666667,0.5384615384615384
34512,HyboNet,4,64,0.001,5,2,0.5354330708661418,0.6,0.5769230769230769
34513,HyboNet,4,64,0.001,5,20,0.5433070866141733,0.7666666666666667,0.5384615384615384
34514,HyboNet,4,64,0.001,5,21,0.5590551181102362,0.8,0.5384615384615384
34515,HyboNet,4,64,0.001,5,22,0.5590551181102362,0.8666666666666667,0.5384615384615384
34516,HyboNet,4,64,0.001,5,23,0.5669291338582677,0.8333333333333334,0.5384615384615384
34517,HyboNet,4,64,0.001,5,24,0.5590551181102362,0.8,0.5384615384615384
34518,HyboNet,4,64,0.001,5,25,0.5354330708661418,0.9,0.5
34519,HyboNet,4,64,0.001,5,26,0.4881889763779528,0.8333333333333334,0.5384615384615384
34520,HyboNet,4,64,0.001,5,27,0.47244094488188976,0.8333333333333334,0.5
34521,HyboNet,4,64,0.001,5,28,0.48031496062992124,0.8666666666666667,0.5384615384615384
34522,HyboNet,4,64,0.001,5,29,0.48031496062992124,0.8666666666666667,0.5384615384615384
34523,HyboNet,4,64,0.001,5,3,0.5354330708661418,0.6,0.5769230769230769
34524,HyboNet,4,64,0.001,5,30,0.49606299212598426,0.8666666666666667,0.5384615384615384
34525,HyboNet,4,64,0.001,5,31,0.48031496062992124,0.9,0.5384615384615384
34526,HyboNet,4,64,0.001,5,32,0.4409448818897638,0.9333333333333333,0.5
34527,HyboNet,4,64,0.001,5,33,0.4330708661417323,0.9333333333333333,0.46153846153846156
34528,HyboNet,4,64,0.001,5,34,0.48031496062992124,0.9333333333333333,0.5
34529,HyboNet,4,64,0.001,5,35,0.5039370078740157,0.9333333333333333,0.5
34530,HyboNet,4,64,0.001,5,36,0.49606299212598426,0.9333333333333333,0.5
34531,HyboNet,4,64,0.001,5,37,0.47244094488188976,0.9,0.5
34532,HyboNet,4,64,0.001,5,38,0.44881889763779526,0.9,0.46153846153846156
34533,HyboNet,4,64,0.001,5,39,0.4409448818897638,0.9333333333333333,0.5
34534,HyboNet,4,64,0.001,5,4,0.5354330708661418,0.6,0.5769230769230769
34535,HyboNet,4,64,0.001,5,40,0.44881889763779526,0.9333333333333333,0.46153846153846156
34536,HyboNet,4,64,0.001,5,41,0.44881889763779526,0.9333333333333333,0.46153846153846156
34537,HyboNet,4,64,0.001,5,42,0.44881889763779526,0.9333333333333333,0.5
34538,HyboNet,4,64,0.001,5,43,0.4409448818897638,0.9333333333333333,0.46153846153846156
34539,HyboNet,4,64,0.001,5,44,0.44881889763779526,0.9333333333333333,0.5
34540,HyboNet,4,64,0.001,5,45,0.44881889763779526,0.9333333333333333,0.5
34541,HyboNet,4,64,0.001,5,46,0.4566929133858268,0.9333333333333333,0.46153846153846156
34542,HyboNet,4,64,0.001,5,47,0.44881889763779526,0.9333333333333333,0.46153846153846156
34543,HyboNet,4,64,0.001,5,48,0.44881889763779526,0.9666666666666667,0.46153846153846156
34544,HyboNet,4,64,0.001,5,49,0.4409448818897638,0.9333333333333333,0.46153846153846156
34545,HyboNet,4,64,0.001,5,5,0.5354330708661418,0.6333333333333333,0.5769230769230769
34546,HyboNet,4,64,0.001,5,50,0.44881889763779526,0.9333333333333333,0.5
34547,HyboNet,4,64,0.001,5,51,0.4645669291338583,0.9333333333333333,0.5
34548,HyboNet,4,64,0.001,5,52,0.47244094488188976,0.9333333333333333,0.5
34549,HyboNet,4,64,0.001,5,53,0.47244094488188976,0.9333333333333333,0.5384615384615384
34550,HyboNet,4,64,0.001,5,54,0.4566929133858268,0.9333333333333333,0.5
34551,HyboNet,4,64,0.001,5,55,0.4566929133858268,1.0,0.4230769230769231
34552,HyboNet,4,64,0.001,5,56,0.4330708661417323,1.0,0.38461538461538464
34553,HyboNet,4,64,0.001,5,57,0.4251968503937008,1.0,0.34615384615384615
34554,HyboNet,4,64,0.001,5,58,0.44881889763779526,0.9333333333333333,0.4230769230769231
34555,HyboNet,4,64,0.001,5,59,0.44881889763779526,0.9333333333333333,0.4230769230769231
34556,HyboNet,4,64,0.001,5,6,0.5354330708661418,0.6333333333333333,0.5769230769230769
34557,HyboNet,4,64,0.001,5,60,0.44881889763779526,0.9333333333333333,0.4230769230769231
34558,HyboNet,4,64,0.001,5,61,0.4566929133858268,0.9333333333333333,0.4230769230769231
34559,HyboNet,4,64,0.001,5,62,0.4409448818897638,0.9333333333333333,0.4230769230769231
34560,HyboNet,4,64,0.001,5,63,0.4251968503937008,0.9666666666666667,0.4230769230769231
34561,HyboNet,4,64,0.001,5,64,0.4251968503937008,1.0,0.4230769230769231
34562,HyboNet,4,64,0.001,5,65,0.4409448818897638,1.0,0.4230769230769231
34563,HyboNet,4,64,0.001,5,66,0.4645669291338583,1.0,0.4230769230769231
34564,HyboNet,4,64,0.001,5,67,0.4566929133858268,1.0,0.4230769230769231
34565,HyboNet,4,64,0.001,5,68,0.44881889763779526,1.0,0.4230769230769231
34566,HyboNet,4,64,0.001,5,69,0.4409448818897638,0.9666666666666667,0.4230769230769231
34567,HyboNet,4,64,0.001,5,7,0.5354330708661418,0.6333333333333333,0.5769230769230769
34568,HyboNet,4,64,0.001,5,70,0.44881889763779526,0.9666666666666667,0.4230769230769231
34569,HyboNet,4,64,0.001,5,71,0.4409448818897638,0.9666666666666667,0.4230769230769231
34570,HyboNet,4,64,0.001,5,72,0.4330708661417323,0.9666666666666667,0.4230769230769231
34571,HyboNet,4,64,0.001,5,73,0.4409448818897638,0.9666666666666667,0.4230769230769231
34572,HyboNet,4,64,0.001,5,74,0.4251968503937008,1.0,0.38461538461538464
34573,HyboNet,4,64,0.001,5,75,0.4251968503937008,1.0,0.38461538461538464
34574,HyboNet,4,64,0.001,5,76,0.3858267716535433,1.0,0.34615384615384615
34575,HyboNet,4,64,0.001,5,77,0.3937007874015748,1.0,0.34615384615384615
34576,HyboNet,4,64,0.001,5,78,0.41732283464566927,1.0,0.38461538461538464
34577,HyboNet,4,64,0.001,5,79,0.41732283464566927,1.0,0.4230769230769231
34578,HyboNet,4,64,0.001,5,8,0.5354330708661418,0.6333333333333333,0.5769230769230769
34579,HyboNet,4,64,0.001,5,80,0.4015748031496063,1.0,0.4230769230769231
34580,HyboNet,4,64,0.001,5,81,0.4015748031496063,1.0,0.38461538461538464
34581,HyboNet,4,64,0.001,5,82,0.4015748031496063,1.0,0.34615384615384615
34582,HyboNet,4,64,0.001,5,83,0.4094488188976378,1.0,0.34615384615384615
34583,HyboNet,4,64,0.001,5,84,0.3700787401574803,1.0,0.2692307692307692
34584,HyboNet,4,64,0.001,5,85,0.3700787401574803,1.0,0.2692307692307692
34585,HyboNet,4,64,0.001,5,86,0.36220472440944884,1.0,0.2692307692307692
34586,HyboNet,4,64,0.001,5,87,0.3937007874015748,1.0,0.2692307692307692
34587,HyboNet,4,64,0.001,5,88,0.4094488188976378,1.0,0.3076923076923077
34588,HyboNet,4,64,0.001,5,89,0.4094488188976378,1.0,0.34615384615384615
34589,HyboNet,4,64,0.001,5,9,0.5354330708661418,0.6333333333333333,0.5769230769230769
34590,HyboNet,4,64,0.001,5,90,0.3937007874015748,1.0,0.34615384615384615
34591,HyboNet,4,64,0.001,5,91,0.3858267716535433,1.0,0.38461538461538464
34592,HyboNet,4,64,0.001,5,92,0.3779527559055118,1.0,0.38461538461538464
34593,HyboNet,4,64,0.001,5,93,0.3779527559055118,1.0,0.34615384615384615
34594,HyboNet,4,64,0.001,5,94,0.3779527559055118,1.0,0.2692307692307692
34595,HyboNet,4,64,0.001,5,95,0.3543307086614173,1.0,0.34615384615384615
34596,HyboNet,4,64,0.001,5,96,0.3700787401574803,1.0,0.3076923076923077
34597,HyboNet,4,64,0.001,5,97,0.3858267716535433,1.0,0.34615384615384615
34598,HyboNet,4,64,0.001,5,98,0.3779527559055118,1.0,0.34615384615384615
34599,HyboNet,4,64,0.001,5,99,0.36220472440944884,1.0,0.34615384615384615
34600,HyboNet,4,64,0.001,6,1,0.4094488188976378,0.4666666666666667,0.2692307692307692
34601,HyboNet,4,64,0.001,6,10,0.5354330708661418,0.6666666666666666,0.5769230769230769
34602,HyboNet,4,64,0.001,6,100,0.33858267716535434,1.0,0.4230769230769231
34603,HyboNet,4,64,0.001,6,11,0.5354330708661418,0.6666666666666666,0.5769230769230769
34604,HyboNet,4,64,0.001,6,12,0.5354330708661418,0.6666666666666666,0.5769230769230769
34605,HyboNet,4,64,0.001,6,13,0.5433070866141733,0.6666666666666666,0.5769230769230769
34606,HyboNet,4,64,0.001,6,14,0.5354330708661418,0.6666666666666666,0.5384615384615384
34607,HyboNet,4,64,0.001,6,15,0.5275590551181102,0.7333333333333333,0.5384615384615384
34608,HyboNet,4,64,0.001,6,16,0.5118110236220472,0.7666666666666667,0.5384615384615384
34609,HyboNet,4,64,0.001,6,17,0.5196850393700787,0.7666666666666667,0.5384615384615384
34610,HyboNet,4,64,0.001,6,18,0.5118110236220472,0.7666666666666667,0.5
34611,HyboNet,4,64,0.001,6,19,0.5039370078740157,0.8,0.5
34612,HyboNet,4,64,0.001,6,2,0.5354330708661418,0.6,0.5769230769230769
34613,HyboNet,4,64,0.001,6,20,0.4881889763779528,0.8,0.46153846153846156
34614,HyboNet,4,64,0.001,6,21,0.4881889763779528,0.8,0.5
34615,HyboNet,4,64,0.001,6,22,0.5039370078740157,0.8333333333333334,0.5
34616,HyboNet,4,64,0.001,6,23,0.4881889763779528,0.8333333333333334,0.5
34617,HyboNet,4,64,0.001,6,24,0.49606299212598426,0.8333333333333334,0.5
34618,HyboNet,4,64,0.001,6,25,0.49606299212598426,0.8333333333333334,0.5
34619,HyboNet,4,64,0.001,6,26,0.48031496062992124,0.8333333333333334,0.5
34620,HyboNet,4,64,0.001,6,27,0.4881889763779528,0.8333333333333334,0.5
34621,HyboNet,4,64,0.001,6,28,0.48031496062992124,0.8333333333333334,0.5
34622,HyboNet,4,64,0.001,6,29,0.4881889763779528,0.8333333333333334,0.5
34623,HyboNet,4,64,0.001,6,3,0.5354330708661418,0.6,0.5769230769230769
34624,HyboNet,4,64,0.001,6,30,0.47244094488188976,0.8333333333333334,0.5
34625,HyboNet,4,64,0.001,6,31,0.4645669291338583,0.8666666666666667,0.5
34626,HyboNet,4,64,0.001,6,32,0.47244094488188976,0.8666666666666667,0.46153846153846156
34627,HyboNet,4,64,0.001,6,33,0.44881889763779526,0.9,0.46153846153846156
34628,HyboNet,4,64,0.001,6,34,0.41732283464566927,0.9,0.5
34629,HyboNet,4,64,0.001,6,35,0.41732283464566927,0.9333333333333333,0.5
34630,HyboNet,4,64,0.001,6,36,0.41732283464566927,0.9333333333333333,0.5
34631,HyboNet,4,64,0.001,6,37,0.4330708661417323,0.9333333333333333,0.5
34632,HyboNet,4,64,0.001,6,38,0.4015748031496063,0.9333333333333333,0.4230769230769231
34633,HyboNet,4,64,0.001,6,39,0.4094488188976378,0.9333333333333333,0.4230769230769231
34634,HyboNet,4,64,0.001,6,4,0.5354330708661418,0.6,0.5769230769230769
34635,HyboNet,4,64,0.001,6,40,0.4330708661417323,0.9333333333333333,0.46153846153846156
34636,HyboNet,4,64,0.001,6,41,0.4330708661417323,0.9333333333333333,0.46153846153846156
34637,HyboNet,4,64,0.001,6,42,0.4094488188976378,0.9333333333333333,0.4230769230769231
34638,HyboNet,4,64,0.001,6,43,0.4251968503937008,0.9333333333333333,0.46153846153846156
34639,HyboNet,4,64,0.001,6,44,0.4251968503937008,0.9333333333333333,0.5
34640,HyboNet,4,64,0.001,6,45,0.4094488188976378,0.9333333333333333,0.5
34641,HyboNet,4,64,0.001,6,46,0.4015748031496063,0.9333333333333333,0.46153846153846156
34642,HyboNet,4,64,0.001,6,47,0.3937007874015748,0.9333333333333333,0.46153846153846156
34643,HyboNet,4,64,0.001,6,48,0.4094488188976378,0.9333333333333333,0.46153846153846156
34644,HyboNet,4,64,0.001,6,49,0.4015748031496063,0.9333333333333333,0.46153846153846156
34645,HyboNet,4,64,0.001,6,5,0.5354330708661418,0.6,0.5769230769230769
34646,HyboNet,4,64,0.001,6,50,0.41732283464566927,0.9333333333333333,0.5
34647,HyboNet,4,64,0.001,6,51,0.4251968503937008,0.9333333333333333,0.5
34648,HyboNet,4,64,0.001,6,52,0.4094488188976378,0.9333333333333333,0.5
34649,HyboNet,4,64,0.001,6,53,0.4094488188976378,0.9333333333333333,0.46153846153846156
34650,HyboNet,4,64,0.001,6,54,0.4251968503937008,0.9333333333333333,0.46153846153846156
34651,HyboNet,4,64,0.001,6,55,0.41732283464566927,0.9333333333333333,0.46153846153846156
34652,HyboNet,4,64,0.001,6,56,0.4094488188976378,0.9333333333333333,0.46153846153846156
34653,HyboNet,4,64,0.001,6,57,0.4251968503937008,0.9333333333333333,0.5
34654,HyboNet,4,64,0.001,6,58,0.4409448818897638,0.9333333333333333,0.5
34655,HyboNet,4,64,0.001,6,59,0.4094488188976378,0.9333333333333333,0.5
34656,HyboNet,4,64,0.001,6,6,0.5354330708661418,0.6,0.5769230769230769
34657,HyboNet,4,64,0.001,6,60,0.4015748031496063,0.9333333333333333,0.46153846153846156
34658,HyboNet,4,64,0.001,6,61,0.4015748031496063,0.9333333333333333,0.4230769230769231
34659,HyboNet,4,64,0.001,6,62,0.3937007874015748,0.9333333333333333,0.4230769230769231
34660,HyboNet,4,64,0.001,6,63,0.3937007874015748,0.9333333333333333,0.4230769230769231
34661,HyboNet,4,64,0.001,6,64,0.3937007874015748,0.9333333333333333,0.4230769230769231
34662,HyboNet,4,64,0.001,6,65,0.3700787401574803,0.9666666666666667,0.4230769230769231
34663,HyboNet,4,64,0.001,6,66,0.3779527559055118,0.9666666666666667,0.38461538461538464
34664,HyboNet,4,64,0.001,6,67,0.3700787401574803,0.9666666666666667,0.38461538461538464
34665,HyboNet,4,64,0.001,6,68,0.3858267716535433,0.9666666666666667,0.4230769230769231
34666,HyboNet,4,64,0.001,6,69,0.3779527559055118,1.0,0.38461538461538464
34667,HyboNet,4,64,0.001,6,7,0.5354330708661418,0.6,0.5769230769230769
34668,HyboNet,4,64,0.001,6,70,0.3779527559055118,1.0,0.38461538461538464
34669,HyboNet,4,64,0.001,6,71,0.3700787401574803,0.9666666666666667,0.46153846153846156
34670,HyboNet,4,64,0.001,6,72,0.3543307086614173,0.9666666666666667,0.4230769230769231
34671,HyboNet,4,64,0.001,6,73,0.3543307086614173,1.0,0.38461538461538464
34672,HyboNet,4,64,0.001,6,74,0.3464566929133858,1.0,0.4230769230769231
34673,HyboNet,4,64,0.001,6,75,0.3779527559055118,1.0,0.4230769230769231
34674,HyboNet,4,64,0.001,6,76,0.3543307086614173,1.0,0.4230769230769231
34675,HyboNet,4,64,0.001,6,77,0.3543307086614173,1.0,0.4230769230769231
34676,HyboNet,4,64,0.001,6,78,0.3543307086614173,1.0,0.4230769230769231
34677,HyboNet,4,64,0.001,6,79,0.3543307086614173,1.0,0.4230769230769231
34678,HyboNet,4,64,0.001,6,8,0.5354330708661418,0.6,0.5769230769230769
34679,HyboNet,4,64,0.001,6,80,0.3543307086614173,1.0,0.4230769230769231
34680,HyboNet,4,64,0.001,6,81,0.36220472440944884,0.9666666666666667,0.4230769230769231
34681,HyboNet,4,64,0.001,6,82,0.3543307086614173,0.9666666666666667,0.38461538461538464
34682,HyboNet,4,64,0.001,6,83,0.3543307086614173,1.0,0.38461538461538464
34683,HyboNet,4,64,0.001,6,84,0.3543307086614173,1.0,0.38461538461538464
34684,HyboNet,4,64,0.001,6,85,0.36220472440944884,1.0,0.34615384615384615
34685,HyboNet,4,64,0.001,6,86,0.36220472440944884,1.0,0.38461538461538464
34686,HyboNet,4,64,0.001,6,87,0.3543307086614173,1.0,0.4230769230769231
34687,HyboNet,4,64,0.001,6,88,0.3700787401574803,1.0,0.4230769230769231
34688,HyboNet,4,64,0.001,6,89,0.36220472440944884,1.0,0.4230769230769231
34689,HyboNet,4,64,0.001,6,9,0.5354330708661418,0.6333333333333333,0.5769230769230769
34690,HyboNet,4,64,0.001,6,90,0.33858267716535434,1.0,0.4230769230769231
34691,HyboNet,4,64,0.001,6,91,0.33070866141732286,1.0,0.38461538461538464
34692,HyboNet,4,64,0.001,6,92,0.3464566929133858,1.0,0.4230769230769231
34693,HyboNet,4,64,0.001,6,93,0.3464566929133858,1.0,0.4230769230769231
34694,HyboNet,4,64,0.001,6,94,0.3464566929133858,1.0,0.38461538461538464
34695,HyboNet,4,64,0.001,6,95,0.3228346456692913,1.0,0.3076923076923077
34696,HyboNet,4,64,0.001,6,96,0.3228346456692913,1.0,0.34615384615384615
34697,HyboNet,4,64,0.001,6,97,0.33070866141732286,1.0,0.38461538461538464
34698,HyboNet,4,64,0.001,6,98,0.33070866141732286,1.0,0.38461538461538464
34699,HyboNet,4,64,0.001,6,99,0.33858267716535434,1.0,0.38461538461538464
34700,HyboNet,4,64,0.001,7,1,0.5039370078740157,0.6,0.5769230769230769
34701,HyboNet,4,64,0.001,7,10,0.5275590551181102,0.8,0.46153846153846156
34702,HyboNet,4,64,0.001,7,100,0.3937007874015748,1.0,0.38461538461538464
34703,HyboNet,4,64,0.001,7,11,0.5275590551181102,0.7666666666666667,0.5
34704,HyboNet,4,64,0.001,7,12,0.5354330708661418,0.8,0.5384615384615384
34705,HyboNet,4,64,0.001,7,13,0.5354330708661418,0.8,0.5
34706,HyboNet,4,64,0.001,7,14,0.49606299212598426,0.8333333333333334,0.5
34707,HyboNet,4,64,0.001,7,15,0.44881889763779526,0.8333333333333334,0.4230769230769231
34708,HyboNet,4,64,0.001,7,16,0.44881889763779526,0.8666666666666667,0.4230769230769231
34709,HyboNet,4,64,0.001,7,17,0.48031496062992124,0.8333333333333334,0.46153846153846156
34710,HyboNet,4,64,0.001,7,18,0.49606299212598426,0.8333333333333334,0.46153846153846156
34711,HyboNet,4,64,0.001,7,19,0.4881889763779528,0.9,0.46153846153846156
34712,HyboNet,4,64,0.001,7,2,0.48031496062992124,0.6666666666666666,0.5769230769230769
34713,HyboNet,4,64,0.001,7,20,0.44881889763779526,0.9,0.46153846153846156
34714,HyboNet,4,64,0.001,7,21,0.4015748031496063,0.9,0.4230769230769231
34715,HyboNet,4,64,0.001,7,22,0.4251968503937008,0.9,0.4230769230769231
34716,HyboNet,4,64,0.001,7,23,0.44881889763779526,0.9,0.4230769230769231
34717,HyboNet,4,64,0.001,7,24,0.44881889763779526,0.9,0.4230769230769231
34718,HyboNet,4,64,0.001,7,25,0.4566929133858268,0.9,0.4230769230769231
34719,HyboNet,4,64,0.001,7,26,0.44881889763779526,0.9,0.46153846153846156
34720,HyboNet,4,64,0.001,7,27,0.4409448818897638,0.9,0.4230769230769231
34721,HyboNet,4,64,0.001,7,28,0.44881889763779526,0.9,0.4230769230769231
34722,HyboNet,4,64,0.001,7,29,0.4566929133858268,0.9333333333333333,0.4230769230769231
34723,HyboNet,4,64,0.001,7,3,0.5118110236220472,0.6333333333333333,0.6153846153846154
34724,HyboNet,4,64,0.001,7,30,0.44881889763779526,0.9333333333333333,0.4230769230769231
34725,HyboNet,4,64,0.001,7,31,0.44881889763779526,0.9333333333333333,0.4230769230769231
34726,HyboNet,4,64,0.001,7,32,0.4566929133858268,0.9333333333333333,0.4230769230769231
34727,HyboNet,4,64,0.001,7,33,0.4566929133858268,0.9333333333333333,0.4230769230769231
34728,HyboNet,4,64,0.001,7,34,0.4409448818897638,0.9333333333333333,0.4230769230769231
34729,HyboNet,4,64,0.001,7,35,0.4330708661417323,0.9333333333333333,0.4230769230769231
34730,HyboNet,4,64,0.001,7,36,0.41732283464566927,0.9333333333333333,0.4230769230769231
34731,HyboNet,4,64,0.001,7,37,0.4094488188976378,0.9333333333333333,0.46153846153846156
34732,HyboNet,4,64,0.001,7,38,0.3937007874015748,0.9333333333333333,0.4230769230769231
34733,HyboNet,4,64,0.001,7,39,0.4251968503937008,0.9333333333333333,0.4230769230769231
34734,HyboNet,4,64,0.001,7,4,0.5275590551181102,0.6,0.5769230769230769
34735,HyboNet,4,64,0.001,7,40,0.4409448818897638,0.9333333333333333,0.4230769230769231
34736,HyboNet,4,64,0.001,7,41,0.44881889763779526,0.9333333333333333,0.46153846153846156
34737,HyboNet,4,64,0.001,7,42,0.4330708661417323,0.9666666666666667,0.4230769230769231
34738,HyboNet,4,64,0.001,7,43,0.4251968503937008,0.9666666666666667,0.4230769230769231
34739,HyboNet,4,64,0.001,7,44,0.4251968503937008,0.9666666666666667,0.4230769230769231
34740,HyboNet,4,64,0.001,7,45,0.4094488188976378,0.9666666666666667,0.4230769230769231
34741,HyboNet,4,64,0.001,7,46,0.41732283464566927,0.9666666666666667,0.4230769230769231
34742,HyboNet,4,64,0.001,7,47,0.3779527559055118,0.9666666666666667,0.4230769230769231
34743,HyboNet,4,64,0.001,7,48,0.41732283464566927,0.9666666666666667,0.4230769230769231
34744,HyboNet,4,64,0.001,7,49,0.4330708661417323,0.9666666666666667,0.38461538461538464
34745,HyboNet,4,64,0.001,7,5,0.5275590551181102,0.6,0.5769230769230769
34746,HyboNet,4,64,0.001,7,50,0.4251968503937008,0.9666666666666667,0.4230769230769231
34747,HyboNet,4,64,0.001,7,51,0.4251968503937008,0.9666666666666667,0.4230769230769231
34748,HyboNet,4,64,0.001,7,52,0.4251968503937008,0.9666666666666667,0.38461538461538464
34749,HyboNet,4,64,0.001,7,53,0.4094488188976378,1.0,0.4230769230769231
34750,HyboNet,4,64,0.001,7,54,0.3700787401574803,1.0,0.4230769230769231
34751,HyboNet,4,64,0.001,7,55,0.3858267716535433,1.0,0.4230769230769231
34752,HyboNet,4,64,0.001,7,56,0.3937007874015748,0.9666666666666667,0.4230769230769231
34753,HyboNet,4,64,0.001,7,57,0.3858267716535433,0.9666666666666667,0.4230769230769231
34754,HyboNet,4,64,0.001,7,58,0.3779527559055118,0.9666666666666667,0.4230769230769231
34755,HyboNet,4,64,0.001,7,59,0.36220472440944884,1.0,0.4230769230769231
34756,HyboNet,4,64,0.001,7,6,0.5275590551181102,0.6,0.5769230769230769
34757,HyboNet,4,64,0.001,7,60,0.3464566929133858,1.0,0.4230769230769231
34758,HyboNet,4,64,0.001,7,61,0.33858267716535434,1.0,0.38461538461538464
34759,HyboNet,4,64,0.001,7,62,0.3464566929133858,1.0,0.34615384615384615
34760,HyboNet,4,64,0.001,7,63,0.3543307086614173,1.0,0.38461538461538464
34761,HyboNet,4,64,0.001,7,64,0.36220472440944884,0.9666666666666667,0.4230769230769231
34762,HyboNet,4,64,0.001,7,65,0.4015748031496063,0.9666666666666667,0.4230769230769231
34763,HyboNet,4,64,0.001,7,66,0.4094488188976378,0.9666666666666667,0.4230769230769231
34764,HyboNet,4,64,0.001,7,67,0.3858267716535433,0.9666666666666667,0.4230769230769231
34765,HyboNet,4,64,0.001,7,68,0.3779527559055118,1.0,0.4230769230769231
34766,HyboNet,4,64,0.001,7,69,0.3464566929133858,1.0,0.38461538461538464
34767,HyboNet,4,64,0.001,7,7,0.5433070866141733,0.7,0.5769230769230769
34768,HyboNet,4,64,0.001,7,70,0.33858267716535434,1.0,0.38461538461538464
34769,HyboNet,4,64,0.001,7,71,0.3937007874015748,1.0,0.4230769230769231
34770,HyboNet,4,64,0.001,7,72,0.4015748031496063,1.0,0.4230769230769231
34771,HyboNet,4,64,0.001,7,73,0.3937007874015748,1.0,0.4230769230769231
34772,HyboNet,4,64,0.001,7,74,0.3464566929133858,1.0,0.4230769230769231
34773,HyboNet,4,64,0.001,7,75,0.31496062992125984,1.0,0.38461538461538464
34774,HyboNet,4,64,0.001,7,76,0.2992125984251969,1.0,0.34615384615384615
34775,HyboNet,4,64,0.001,7,77,0.2992125984251969,1.0,0.34615384615384615
34776,HyboNet,4,64,0.001,7,78,0.3228346456692913,1.0,0.34615384615384615
34777,HyboNet,4,64,0.001,7,79,0.3543307086614173,1.0,0.4230769230769231
34778,HyboNet,4,64,0.001,7,8,0.5118110236220472,0.7666666666666667,0.5384615384615384
34779,HyboNet,4,64,0.001,7,80,0.3543307086614173,1.0,0.4230769230769231
34780,HyboNet,4,64,0.001,7,81,0.3779527559055118,1.0,0.4230769230769231
34781,HyboNet,4,64,0.001,7,82,0.3779527559055118,1.0,0.4230769230769231
34782,HyboNet,4,64,0.001,7,83,0.36220472440944884,1.0,0.4230769230769231
34783,HyboNet,4,64,0.001,7,84,0.3464566929133858,1.0,0.4230769230769231
34784,HyboNet,4,64,0.001,7,85,0.33070866141732286,1.0,0.34615384615384615
34785,HyboNet,4,64,0.001,7,86,0.30708661417322836,1.0,0.34615384615384615
34786,HyboNet,4,64,0.001,7,87,0.31496062992125984,1.0,0.38461538461538464
34787,HyboNet,4,64,0.001,7,88,0.3700787401574803,1.0,0.4230769230769231
34788,HyboNet,4,64,0.001,7,89,0.41732283464566927,1.0,0.4230769230769231
34789,HyboNet,4,64,0.001,7,9,0.5433070866141733,0.8,0.5
34790,HyboNet,4,64,0.001,7,90,0.44881889763779526,1.0,0.4230769230769231
34791,HyboNet,4,64,0.001,7,91,0.4409448818897638,1.0,0.4230769230769231
34792,HyboNet,4,64,0.001,7,92,0.4330708661417323,1.0,0.4230769230769231
34793,HyboNet,4,64,0.001,7,93,0.4094488188976378,1.0,0.4230769230769231
34794,HyboNet,4,64,0.001,7,94,0.3858267716535433,1.0,0.38461538461538464
34795,HyboNet,4,64,0.001,7,95,0.4094488188976378,1.0,0.38461538461538464
34796,HyboNet,4,64,0.001,7,96,0.4015748031496063,1.0,0.38461538461538464
34797,HyboNet,4,64,0.001,7,97,0.3700787401574803,1.0,0.38461538461538464
34798,HyboNet,4,64,0.001,7,98,0.36220472440944884,1.0,0.38461538461538464
34799,HyboNet,4,64,0.001,7,99,0.3858267716535433,1.0,0.38461538461538464
34800,HyboNet,4,64,0.001,8,1,0.4251968503937008,0.5,0.5384615384615384
34801,HyboNet,4,64,0.001,8,10,0.5275590551181102,0.6666666666666666,0.5769230769230769
34802,HyboNet,4,64,0.001,8,100,0.3858267716535433,1.0,0.34615384615384615
34803,HyboNet,4,64,0.001,8,11,0.5275590551181102,0.6333333333333333,0.5769230769230769
34804,HyboNet,4,64,0.001,8,12,0.5275590551181102,0.6666666666666666,0.5769230769230769
34805,HyboNet,4,64,0.001,8,13,0.5275590551181102,0.6666666666666666,0.5769230769230769
34806,HyboNet,4,64,0.001,8,14,0.5275590551181102,0.7333333333333333,0.5769230769230769
34807,HyboNet,4,64,0.001,8,15,0.5354330708661418,0.7,0.6153846153846154
34808,HyboNet,4,64,0.001,8,16,0.5275590551181102,0.7,0.6153846153846154
34809,HyboNet,4,64,0.001,8,17,0.5354330708661418,0.7666666666666667,0.6153846153846154
34810,HyboNet,4,64,0.001,8,18,0.5196850393700787,0.8,0.6153846153846154
34811,HyboNet,4,64,0.001,8,19,0.5196850393700787,0.8,0.5769230769230769
34812,HyboNet,4,64,0.001,8,2,0.5275590551181102,0.6,0.5769230769230769
34813,HyboNet,4,64,0.001,8,20,0.5118110236220472,0.8,0.5769230769230769
34814,HyboNet,4,64,0.001,8,21,0.5275590551181102,0.8,0.5769230769230769
34815,HyboNet,4,64,0.001,8,22,0.5354330708661418,0.8333333333333334,0.5769230769230769
34816,HyboNet,4,64,0.001,8,23,0.5118110236220472,0.9,0.5769230769230769
34817,HyboNet,4,64,0.001,8,24,0.5039370078740157,0.8333333333333334,0.46153846153846156
34818,HyboNet,4,64,0.001,8,25,0.5039370078740157,0.8333333333333334,0.46153846153846156
34819,HyboNet,4,64,0.001,8,26,0.49606299212598426,0.8333333333333334,0.46153846153846156
34820,HyboNet,4,64,0.001,8,27,0.49606299212598426,0.8666666666666667,0.46153846153846156
34821,HyboNet,4,64,0.001,8,28,0.4881889763779528,0.8666666666666667,0.4230769230769231
34822,HyboNet,4,64,0.001,8,29,0.47244094488188976,0.8666666666666667,0.46153846153846156
34823,HyboNet,4,64,0.001,8,3,0.5354330708661418,0.6,0.5769230769230769
34824,HyboNet,4,64,0.001,8,30,0.48031496062992124,0.9,0.46153846153846156
34825,HyboNet,4,64,0.001,8,31,0.47244094488188976,0.8666666666666667,0.46153846153846156
34826,HyboNet,4,64,0.001,8,32,0.4881889763779528,0.8666666666666667,0.46153846153846156
34827,HyboNet,4,64,0.001,8,33,0.47244094488188976,0.8666666666666667,0.46153846153846156
34828,HyboNet,4,64,0.001,8,34,0.47244094488188976,0.8666666666666667,0.5
34829,HyboNet,4,64,0.001,8,35,0.47244094488188976,0.8666666666666667,0.5
34830,HyboNet,4,64,0.001,8,36,0.4566929133858268,0.8666666666666667,0.5
34831,HyboNet,4,64,0.001,8,37,0.4645669291338583,0.9,0.46153846153846156
34832,HyboNet,4,64,0.001,8,38,0.4566929133858268,0.9333333333333333,0.46153846153846156
34833,HyboNet,4,64,0.001,8,39,0.4330708661417323,0.9333333333333333,0.46153846153846156
34834,HyboNet,4,64,0.001,8,4,0.5354330708661418,0.6,0.5769230769230769
34835,HyboNet,4,64,0.001,8,40,0.4566929133858268,0.9333333333333333,0.5
34836,HyboNet,4,64,0.001,8,41,0.44881889763779526,0.9333333333333333,0.5
34837,HyboNet,4,64,0.001,8,42,0.4330708661417323,0.9,0.5
34838,HyboNet,4,64,0.001,8,43,0.4330708661417323,0.9333333333333333,0.5
34839,HyboNet,4,64,0.001,8,44,0.4330708661417323,0.9333333333333333,0.5
34840,HyboNet,4,64,0.001,8,45,0.4330708661417323,0.9333333333333333,0.5
34841,HyboNet,4,64,0.001,8,46,0.4330708661417323,0.9333333333333333,0.46153846153846156
34842,HyboNet,4,64,0.001,8,47,0.4251968503937008,0.9333333333333333,0.46153846153846156
34843,HyboNet,4,64,0.001,8,48,0.4330708661417323,0.9333333333333333,0.46153846153846156
34844,HyboNet,4,64,0.001,8,49,0.4251968503937008,0.9666666666666667,0.46153846153846156
34845,HyboNet,4,64,0.001,8,5,0.5354330708661418,0.6,0.5769230769230769
34846,HyboNet,4,64,0.001,8,50,0.4330708661417323,0.9666666666666667,0.46153846153846156
34847,HyboNet,4,64,0.001,8,51,0.4251968503937008,1.0,0.46153846153846156
34848,HyboNet,4,64,0.001,8,52,0.41732283464566927,1.0,0.46153846153846156
34849,HyboNet,4,64,0.001,8,53,0.4094488188976378,1.0,0.46153846153846156
34850,HyboNet,4,64,0.001,8,54,0.4094488188976378,1.0,0.46153846153846156
34851,HyboNet,4,64,0.001,8,55,0.3779527559055118,1.0,0.46153846153846156
34852,HyboNet,4,64,0.001,8,56,0.3937007874015748,1.0,0.46153846153846156
34853,HyboNet,4,64,0.001,8,57,0.3858267716535433,1.0,0.4230769230769231
34854,HyboNet,4,64,0.001,8,58,0.3700787401574803,1.0,0.4230769230769231
34855,HyboNet,4,64,0.001,8,59,0.3858267716535433,1.0,0.46153846153846156
34856,HyboNet,4,64,0.001,8,6,0.5275590551181102,0.6666666666666666,0.5769230769230769
34857,HyboNet,4,64,0.001,8,60,0.36220472440944884,1.0,0.46153846153846156
34858,HyboNet,4,64,0.001,8,61,0.3543307086614173,1.0,0.4230769230769231
34859,HyboNet,4,64,0.001,8,62,0.36220472440944884,1.0,0.46153846153846156
34860,HyboNet,4,64,0.001,8,63,0.4094488188976378,1.0,0.46153846153846156
34861,HyboNet,4,64,0.001,8,64,0.4409448818897638,1.0,0.46153846153846156
34862,HyboNet,4,64,0.001,8,65,0.4409448818897638,1.0,0.4230769230769231
34863,HyboNet,4,64,0.001,8,66,0.4330708661417323,1.0,0.46153846153846156
34864,HyboNet,4,64,0.001,8,67,0.3858267716535433,1.0,0.38461538461538464
34865,HyboNet,4,64,0.001,8,68,0.3858267716535433,1.0,0.38461538461538464
34866,HyboNet,4,64,0.001,8,69,0.4251968503937008,1.0,0.4230769230769231
34867,HyboNet,4,64,0.001,8,7,0.5275590551181102,0.6666666666666666,0.5769230769230769
34868,HyboNet,4,64,0.001,8,70,0.4251968503937008,1.0,0.4230769230769231
34869,HyboNet,4,64,0.001,8,71,0.4409448818897638,1.0,0.46153846153846156
34870,HyboNet,4,64,0.001,8,72,0.44881889763779526,1.0,0.46153846153846156
34871,HyboNet,4,64,0.001,8,73,0.4015748031496063,1.0,0.4230769230769231
34872,HyboNet,4,64,0.001,8,74,0.4015748031496063,1.0,0.38461538461538464
34873,HyboNet,4,64,0.001,8,75,0.4015748031496063,1.0,0.38461538461538464
34874,HyboNet,4,64,0.001,8,76,0.3779527559055118,1.0,0.34615384615384615
34875,HyboNet,4,64,0.001,8,77,0.3700787401574803,1.0,0.34615384615384615
34876,HyboNet,4,64,0.001,8,78,0.3543307086614173,1.0,0.3076923076923077
34877,HyboNet,4,64,0.001,8,79,0.3700787401574803,1.0,0.34615384615384615
34878,HyboNet,4,64,0.001,8,8,0.5275590551181102,0.6666666666666666,0.5769230769230769
34879,HyboNet,4,64,0.001,8,80,0.3543307086614173,1.0,0.38461538461538464
34880,HyboNet,4,64,0.001,8,81,0.36220472440944884,1.0,0.38461538461538464
34881,HyboNet,4,64,0.001,8,82,0.3464566929133858,1.0,0.34615384615384615
34882,HyboNet,4,64,0.001,8,83,0.33858267716535434,1.0,0.34615384615384615
34883,HyboNet,4,64,0.001,8,84,0.3543307086614173,1.0,0.34615384615384615
34884,HyboNet,4,64,0.001,8,85,0.36220472440944884,1.0,0.34615384615384615
34885,HyboNet,4,64,0.001,8,86,0.33858267716535434,1.0,0.34615384615384615
34886,HyboNet,4,64,0.001,8,87,0.31496062992125984,1.0,0.2692307692307692
34887,HyboNet,4,64,0.001,8,88,0.30708661417322836,1.0,0.2692307692307692
34888,HyboNet,4,64,0.001,8,89,0.2992125984251969,1.0,0.2692307692307692
34889,HyboNet,4,64,0.001,8,9,0.5275590551181102,0.6666666666666666,0.5769230769230769
34890,HyboNet,4,64,0.001,8,90,0.31496062992125984,1.0,0.2692307692307692
34891,HyboNet,4,64,0.001,8,91,0.3228346456692913,1.0,0.2692307692307692
34892,HyboNet,4,64,0.001,8,92,0.3228346456692913,1.0,0.2692307692307692
34893,HyboNet,4,64,0.001,8,93,0.3464566929133858,1.0,0.3076923076923077
34894,HyboNet,4,64,0.001,8,94,0.3543307086614173,1.0,0.3076923076923077
34895,HyboNet,4,64,0.001,8,95,0.3464566929133858,1.0,0.34615384615384615
34896,HyboNet,4,64,0.001,8,96,0.3779527559055118,1.0,0.34615384615384615
34897,HyboNet,4,64,0.001,8,97,0.4094488188976378,1.0,0.46153846153846156
34898,HyboNet,4,64,0.001,8,98,0.4094488188976378,1.0,0.46153846153846156
34899,HyboNet,4,64,0.001,8,99,0.4094488188976378,1.0,0.4230769230769231
34900,HyboNet,4,64,0.001,9,1,0.44881889763779526,0.5666666666666667,0.5769230769230769
34901,HyboNet,4,64,0.001,9,10,0.4881889763779528,0.7,0.5
34902,HyboNet,4,64,0.001,9,100,0.3700787401574803,1.0,0.3076923076923077
34903,HyboNet,4,64,0.001,9,11,0.4881889763779528,0.7,0.5
34904,HyboNet,4,64,0.001,9,12,0.47244094488188976,0.7333333333333333,0.5
34905,HyboNet,4,64,0.001,9,13,0.4645669291338583,0.8,0.5
34906,HyboNet,4,64,0.001,9,14,0.4645669291338583,0.8,0.5384615384615384
34907,HyboNet,4,64,0.001,9,15,0.4409448818897638,0.8,0.5384615384615384
34908,HyboNet,4,64,0.001,9,16,0.4251968503937008,0.8666666666666667,0.46153846153846156
34909,HyboNet,4,64,0.001,9,17,0.41732283464566927,0.8666666666666667,0.46153846153846156
34910,HyboNet,4,64,0.001,9,18,0.4566929133858268,0.8666666666666667,0.5
34911,HyboNet,4,64,0.001,9,19,0.44881889763779526,0.8333333333333334,0.46153846153846156
34912,HyboNet,4,64,0.001,9,2,0.5354330708661418,0.6,0.5769230769230769
34913,HyboNet,4,64,0.001,9,20,0.41732283464566927,0.8666666666666667,0.46153846153846156
34914,HyboNet,4,64,0.001,9,21,0.4015748031496063,0.9,0.4230769230769231
34915,HyboNet,4,64,0.001,9,22,0.3779527559055118,0.9333333333333333,0.38461538461538464
34916,HyboNet,4,64,0.001,9,23,0.3779527559055118,0.9333333333333333,0.38461538461538464
34917,HyboNet,4,64,0.001,9,24,0.3937007874015748,0.9666666666666667,0.46153846153846156
34918,HyboNet,4,64,0.001,9,25,0.3937007874015748,0.9666666666666667,0.46153846153846156
34919,HyboNet,4,64,0.001,9,26,0.3858267716535433,0.9666666666666667,0.46153846153846156
34920,HyboNet,4,64,0.001,9,27,0.3858267716535433,0.9666666666666667,0.46153846153846156
34921,HyboNet,4,64,0.001,9,28,0.3937007874015748,0.9666666666666667,0.5
34922,HyboNet,4,64,0.001,9,29,0.4330708661417323,0.9666666666666667,0.5384615384615384
34923,HyboNet,4,64,0.001,9,3,0.5275590551181102,0.6,0.5769230769230769
34924,HyboNet,4,64,0.001,9,30,0.4409448818897638,0.9666666666666667,0.5
34925,HyboNet,4,64,0.001,9,31,0.4251968503937008,0.9666666666666667,0.5384615384615384
34926,HyboNet,4,64,0.001,9,32,0.41732283464566927,0.9333333333333333,0.46153846153846156
34927,HyboNet,4,64,0.001,9,33,0.3779527559055118,0.9333333333333333,0.4230769230769231
34928,HyboNet,4,64,0.001,9,34,0.3779527559055118,0.9333333333333333,0.4230769230769231
34929,HyboNet,4,64,0.001,9,35,0.3779527559055118,0.9333333333333333,0.4230769230769231
34930,HyboNet,4,64,0.001,9,36,0.3779527559055118,0.9333333333333333,0.4230769230769231
34931,HyboNet,4,64,0.001,9,37,0.3700787401574803,0.9333333333333333,0.4230769230769231
34932,HyboNet,4,64,0.001,9,38,0.3779527559055118,0.9333333333333333,0.4230769230769231
34933,HyboNet,4,64,0.001,9,39,0.3700787401574803,0.9333333333333333,0.46153846153846156
34934,HyboNet,4,64,0.001,9,4,0.5354330708661418,0.6,0.5769230769230769
34935,HyboNet,4,64,0.001,9,40,0.3700787401574803,0.9333333333333333,0.4230769230769231
34936,HyboNet,4,64,0.001,9,41,0.3858267716535433,0.9666666666666667,0.34615384615384615
34937,HyboNet,4,64,0.001,9,42,0.3858267716535433,0.9666666666666667,0.34615384615384615
34938,HyboNet,4,64,0.001,9,43,0.3858267716535433,0.9666666666666667,0.38461538461538464
34939,HyboNet,4,64,0.001,9,44,0.3937007874015748,0.9666666666666667,0.38461538461538464
34940,HyboNet,4,64,0.001,9,45,0.3779527559055118,0.9666666666666667,0.38461538461538464
34941,HyboNet,4,64,0.001,9,46,0.3858267716535433,0.9666666666666667,0.34615384615384615
34942,HyboNet,4,64,0.001,9,47,0.3858267716535433,0.9666666666666667,0.34615384615384615
34943,HyboNet,4,64,0.001,9,48,0.3779527559055118,0.9666666666666667,0.34615384615384615
34944,HyboNet,4,64,0.001,9,49,0.3779527559055118,0.9666666666666667,0.34615384615384615
34945,HyboNet,4,64,0.001,9,5,0.5511811023622047,0.6333333333333333,0.5769230769230769
34946,HyboNet,4,64,0.001,9,50,0.3779527559055118,0.9666666666666667,0.38461538461538464
34947,HyboNet,4,64,0.001,9,51,0.3779527559055118,0.9666666666666667,0.4230769230769231
34948,HyboNet,4,64,0.001,9,52,0.3700787401574803,0.9666666666666667,0.34615384615384615
34949,HyboNet,4,64,0.001,9,53,0.3858267716535433,0.9666666666666667,0.34615384615384615
34950,HyboNet,4,64,0.001,9,54,0.36220472440944884,0.9666666666666667,0.2692307692307692
34951,HyboNet,4,64,0.001,9,55,0.3937007874015748,0.9666666666666667,0.34615384615384615
34952,HyboNet,4,64,0.001,9,56,0.3937007874015748,0.9666666666666667,0.34615384615384615
34953,HyboNet,4,64,0.001,9,57,0.3858267716535433,0.9666666666666667,0.34615384615384615
34954,HyboNet,4,64,0.001,9,58,0.3543307086614173,1.0,0.3076923076923077
34955,HyboNet,4,64,0.001,9,59,0.36220472440944884,1.0,0.3076923076923077
34956,HyboNet,4,64,0.001,9,6,0.5118110236220472,0.6666666666666666,0.5769230769230769
34957,HyboNet,4,64,0.001,9,60,0.3858267716535433,1.0,0.3076923076923077
34958,HyboNet,4,64,0.001,9,61,0.3858267716535433,1.0,0.3076923076923077
34959,HyboNet,4,64,0.001,9,62,0.3700787401574803,0.9666666666666667,0.3076923076923077
34960,HyboNet,4,64,0.001,9,63,0.3779527559055118,0.9666666666666667,0.3076923076923077
34961,HyboNet,4,64,0.001,9,64,0.3937007874015748,1.0,0.3076923076923077
34962,HyboNet,4,64,0.001,9,65,0.3937007874015748,1.0,0.3076923076923077
34963,HyboNet,4,64,0.001,9,66,0.3858267716535433,1.0,0.3076923076923077
34964,HyboNet,4,64,0.001,9,67,0.3858267716535433,1.0,0.3076923076923077
34965,HyboNet,4,64,0.001,9,68,0.3858267716535433,1.0,0.3076923076923077
34966,HyboNet,4,64,0.001,9,69,0.3779527559055118,1.0,0.3076923076923077
34967,HyboNet,4,64,0.001,9,7,0.47244094488188976,0.7333333333333333,0.5
34968,HyboNet,4,64,0.001,9,70,0.3858267716535433,1.0,0.3076923076923077
34969,HyboNet,4,64,0.001,9,71,0.3700787401574803,1.0,0.3076923076923077
34970,HyboNet,4,64,0.001,9,72,0.36220472440944884,1.0,0.3076923076923077
34971,HyboNet,4,64,0.001,9,73,0.3779527559055118,1.0,0.3076923076923077
34972,HyboNet,4,64,0.001,9,74,0.3700787401574803,1.0,0.3076923076923077
34973,HyboNet,4,64,0.001,9,75,0.3543307086614173,1.0,0.3076923076923077
34974,HyboNet,4,64,0.001,9,76,0.36220472440944884,1.0,0.3076923076923077
34975,HyboNet,4,64,0.001,9,77,0.36220472440944884,1.0,0.3076923076923077
34976,HyboNet,4,64,0.001,9,78,0.36220472440944884,1.0,0.3076923076923077
34977,HyboNet,4,64,0.001,9,79,0.36220472440944884,1.0,0.3076923076923077
34978,HyboNet,4,64,0.001,9,8,0.47244094488188976,0.7333333333333333,0.5
34979,HyboNet,4,64,0.001,9,80,0.36220472440944884,1.0,0.3076923076923077
34980,HyboNet,4,64,0.001,9,81,0.36220472440944884,1.0,0.3076923076923077
34981,HyboNet,4,64,0.001,9,82,0.36220472440944884,1.0,0.3076923076923077
34982,HyboNet,4,64,0.001,9,83,0.36220472440944884,1.0,0.3076923076923077
34983,HyboNet,4,64,0.001,9,84,0.3464566929133858,1.0,0.3076923076923077
34984,HyboNet,4,64,0.001,9,85,0.3543307086614173,1.0,0.3076923076923077
34985,HyboNet,4,64,0.001,9,86,0.3543307086614173,1.0,0.3076923076923077
34986,HyboNet,4,64,0.001,9,87,0.3464566929133858,1.0,0.3076923076923077
34987,HyboNet,4,64,0.001,9,88,0.3700787401574803,1.0,0.3076923076923077
34988,HyboNet,4,64,0.001,9,89,0.3858267716535433,1.0,0.3076923076923077
34989,HyboNet,4,64,0.001,9,9,0.47244094488188976,0.7,0.5
34990,HyboNet,4,64,0.001,9,90,0.3700787401574803,1.0,0.34615384615384615
34991,HyboNet,4,64,0.001,9,91,0.3858267716535433,1.0,0.34615384615384615
34992,HyboNet,4,64,0.001,9,92,0.4015748031496063,1.0,0.3076923076923077
34993,HyboNet,4,64,0.001,9,93,0.3700787401574803,1.0,0.3076923076923077
34994,HyboNet,4,64,0.001,9,94,0.36220472440944884,1.0,0.3076923076923077
34995,HyboNet,4,64,0.001,9,95,0.3543307086614173,1.0,0.3076923076923077
34996,HyboNet,4,64,0.001,9,96,0.3543307086614173,1.0,0.3076923076923077
34997,HyboNet,4,64,0.001,9,97,0.3543307086614173,1.0,0.3076923076923077
34998,HyboNet,4,64,0.001,9,98,0.36220472440944884,1.0,0.3076923076923077
34999,HyboNet,4,64,0.001,9,99,0.3700787401574803,1.0,0.3076923076923077
35000,HyboNet,4,64,0.005,1,1,0.5354330708661418,0.6,0.5769230769230769
35001,HyboNet,4,64,0.005,1,10,0.5433070866141733,0.6666666666666666,0.5769230769230769
35002,HyboNet,4,64,0.005,1,100,0.4251968503937008,1.0,0.38461538461538464
35003,HyboNet,4,64,0.005,1,11,0.5354330708661418,0.7333333333333333,0.5384615384615384
35004,HyboNet,4,64,0.005,1,12,0.5433070866141733,0.7333333333333333,0.5384615384615384
35005,HyboNet,4,64,0.005,1,13,0.5433070866141733,0.7333333333333333,0.5769230769230769
35006,HyboNet,4,64,0.005,1,14,0.5433070866141733,0.7,0.5769230769230769
35007,HyboNet,4,64,0.005,1,15,0.5511811023622047,0.7,0.5769230769230769
35008,HyboNet,4,64,0.005,1,16,0.5433070866141733,0.7,0.5769230769230769
35009,HyboNet,4,64,0.005,1,17,0.5590551181102362,0.7666666666666667,0.5384615384615384
35010,HyboNet,4,64,0.005,1,18,0.5196850393700787,0.7333333333333333,0.5
35011,HyboNet,4,64,0.005,1,19,0.4645669291338583,0.7666666666666667,0.46153846153846156
35012,HyboNet,4,64,0.005,1,2,0.5433070866141733,0.6666666666666666,0.5769230769230769
35013,HyboNet,4,64,0.005,1,20,0.5039370078740157,0.8,0.5
35014,HyboNet,4,64,0.005,1,21,0.5275590551181102,0.7666666666666667,0.5384615384615384
35015,HyboNet,4,64,0.005,1,22,0.5275590551181102,0.8333333333333334,0.5769230769230769
35016,HyboNet,4,64,0.005,1,23,0.5118110236220472,0.8333333333333334,0.5384615384615384
35017,HyboNet,4,64,0.005,1,24,0.4881889763779528,0.8333333333333334,0.46153846153846156
35018,HyboNet,4,64,0.005,1,25,0.47244094488188976,0.8,0.46153846153846156
35019,HyboNet,4,64,0.005,1,26,0.49606299212598426,0.8,0.5
35020,HyboNet,4,64,0.005,1,27,0.4566929133858268,0.8,0.46153846153846156
35021,HyboNet,4,64,0.005,1,28,0.4330708661417323,0.8666666666666667,0.4230769230769231
35022,HyboNet,4,64,0.005,1,29,0.47244094488188976,0.8666666666666667,0.38461538461538464
35023,HyboNet,4,64,0.005,1,3,0.3858267716535433,0.6666666666666666,0.2692307692307692
35024,HyboNet,4,64,0.005,1,30,0.4881889763779528,0.8666666666666667,0.46153846153846156
35025,HyboNet,4,64,0.005,1,31,0.4881889763779528,0.8666666666666667,0.46153846153846156
35026,HyboNet,4,64,0.005,1,32,0.44881889763779526,0.8666666666666667,0.4230769230769231
35027,HyboNet,4,64,0.005,1,33,0.4409448818897638,0.8666666666666667,0.4230769230769231
35028,HyboNet,4,64,0.005,1,34,0.4645669291338583,0.9333333333333333,0.46153846153846156
35029,HyboNet,4,64,0.005,1,35,0.4881889763779528,0.9333333333333333,0.5
35030,HyboNet,4,64,0.005,1,36,0.47244094488188976,0.9333333333333333,0.46153846153846156
35031,HyboNet,4,64,0.005,1,37,0.4566929133858268,0.9,0.4230769230769231
35032,HyboNet,4,64,0.005,1,38,0.4015748031496063,0.8666666666666667,0.34615384615384615
35033,HyboNet,4,64,0.005,1,39,0.5039370078740157,0.9333333333333333,0.46153846153846156
35034,HyboNet,4,64,0.005,1,4,0.5354330708661418,0.6666666666666666,0.5769230769230769
35035,HyboNet,4,64,0.005,1,40,0.5354330708661418,0.8666666666666667,0.5769230769230769
35036,HyboNet,4,64,0.005,1,41,0.5196850393700787,0.8666666666666667,0.5384615384615384
35037,HyboNet,4,64,0.005,1,42,0.5275590551181102,0.8666666666666667,0.5384615384615384
35038,HyboNet,4,64,0.005,1,43,0.5275590551181102,0.9333333333333333,0.5384615384615384
35039,HyboNet,4,64,0.005,1,44,0.47244094488188976,0.9333333333333333,0.4230769230769231
35040,HyboNet,4,64,0.005,1,45,0.3858267716535433,0.9666666666666667,0.38461538461538464
35041,HyboNet,4,64,0.005,1,46,0.3464566929133858,0.9333333333333333,0.2692307692307692
35042,HyboNet,4,64,0.005,1,47,0.4566929133858268,0.9333333333333333,0.4230769230769231
35043,HyboNet,4,64,0.005,1,48,0.5118110236220472,0.9333333333333333,0.5769230769230769
35044,HyboNet,4,64,0.005,1,49,0.5196850393700787,0.9,0.5384615384615384
35045,HyboNet,4,64,0.005,1,5,0.5354330708661418,0.6,0.5769230769230769
35046,HyboNet,4,64,0.005,1,50,0.5196850393700787,0.9,0.5384615384615384
35047,HyboNet,4,64,0.005,1,51,0.5354330708661418,0.8666666666666667,0.5384615384615384
35048,HyboNet,4,64,0.005,1,52,0.5275590551181102,0.9333333333333333,0.5769230769230769
35049,HyboNet,4,64,0.005,1,53,0.5039370078740157,0.9666666666666667,0.5
35050,HyboNet,4,64,0.005,1,54,0.4330708661417323,0.9333333333333333,0.4230769230769231
35051,HyboNet,4,64,0.005,1,55,0.4094488188976378,0.9333333333333333,0.4230769230769231
35052,HyboNet,4,64,0.005,1,56,0.3700787401574803,0.9333333333333333,0.3076923076923077
35053,HyboNet,4,64,0.005,1,57,0.3700787401574803,0.9666666666666667,0.3076923076923077
35054,HyboNet,4,64,0.005,1,58,0.3700787401574803,0.9666666666666667,0.34615384615384615
35055,HyboNet,4,64,0.005,1,59,0.4015748031496063,0.9333333333333333,0.38461538461538464
35056,HyboNet,4,64,0.005,1,6,0.5354330708661418,0.6,0.5769230769230769
35057,HyboNet,4,64,0.005,1,60,0.4330708661417323,0.9333333333333333,0.4230769230769231
35058,HyboNet,4,64,0.005,1,61,0.4330708661417323,0.9333333333333333,0.4230769230769231
35059,HyboNet,4,64,0.005,1,62,0.44881889763779526,0.9333333333333333,0.46153846153846156
35060,HyboNet,4,64,0.005,1,63,0.4409448818897638,0.9333333333333333,0.46153846153846156
35061,HyboNet,4,64,0.005,1,64,0.41732283464566927,0.9333333333333333,0.4230769230769231
35062,HyboNet,4,64,0.005,1,65,0.41732283464566927,0.9333333333333333,0.4230769230769231
35063,HyboNet,4,64,0.005,1,66,0.4094488188976378,0.9333333333333333,0.4230769230769231
35064,HyboNet,4,64,0.005,1,67,0.4015748031496063,0.9333333333333333,0.4230769230769231
35065,HyboNet,4,64,0.005,1,68,0.3858267716535433,0.9333333333333333,0.4230769230769231
35066,HyboNet,4,64,0.005,1,69,0.3779527559055118,0.9333333333333333,0.4230769230769231
35067,HyboNet,4,64,0.005,1,7,0.5354330708661418,0.6,0.5769230769230769
35068,HyboNet,4,64,0.005,1,70,0.3700787401574803,0.9333333333333333,0.4230769230769231
35069,HyboNet,4,64,0.005,1,71,0.3779527559055118,0.9333333333333333,0.4230769230769231
35070,HyboNet,4,64,0.005,1,72,0.3700787401574803,0.9666666666666667,0.3076923076923077
35071,HyboNet,4,64,0.005,1,73,0.4015748031496063,0.9666666666666667,0.38461538461538464
35072,HyboNet,4,64,0.005,1,74,0.41732283464566927,0.9666666666666667,0.4230769230769231
35073,HyboNet,4,64,0.005,1,75,0.4251968503937008,0.9666666666666667,0.4230769230769231
35074,HyboNet,4,64,0.005,1,76,0.4330708661417323,0.9666666666666667,0.46153846153846156
35075,HyboNet,4,64,0.005,1,77,0.4251968503937008,0.9666666666666667,0.46153846153846156
35076,HyboNet,4,64,0.005,1,78,0.41732283464566927,0.9333333333333333,0.46153846153846156
35077,HyboNet,4,64,0.005,1,79,0.41732283464566927,0.9666666666666667,0.46153846153846156
35078,HyboNet,4,64,0.005,1,8,0.5354330708661418,0.6,0.5769230769230769
35079,HyboNet,4,64,0.005,1,80,0.4330708661417323,1.0,0.4230769230769231
35080,HyboNet,4,64,0.005,1,81,0.41732283464566927,1.0,0.38461538461538464
35081,HyboNet,4,64,0.005,1,82,0.41732283464566927,1.0,0.46153846153846156
35082,HyboNet,4,64,0.005,1,83,0.4251968503937008,0.9666666666666667,0.46153846153846156
35083,HyboNet,4,64,0.005,1,84,0.4251968503937008,1.0,0.4230769230769231
35084,HyboNet,4,64,0.005,1,85,0.4251968503937008,1.0,0.4230769230769231
35085,HyboNet,4,64,0.005,1,86,0.4251968503937008,1.0,0.4230769230769231
35086,HyboNet,4,64,0.005,1,87,0.41732283464566927,0.9666666666666667,0.46153846153846156
35087,HyboNet,4,64,0.005,1,88,0.4409448818897638,0.9666666666666667,0.46153846153846156
35088,HyboNet,4,64,0.005,1,89,0.4251968503937008,0.9666666666666667,0.4230769230769231
35089,HyboNet,4,64,0.005,1,9,0.5354330708661418,0.6,0.5769230769230769
35090,HyboNet,4,64,0.005,1,90,0.3937007874015748,1.0,0.38461538461538464
35091,HyboNet,4,64,0.005,1,91,0.3700787401574803,1.0,0.38461538461538464
35092,HyboNet,4,64,0.005,1,92,0.3464566929133858,1.0,0.3076923076923077
35093,HyboNet,4,64,0.005,1,93,0.33858267716535434,1.0,0.34615384615384615
35094,HyboNet,4,64,0.005,1,94,0.3779527559055118,1.0,0.38461538461538464
35095,HyboNet,4,64,0.005,1,95,0.3937007874015748,1.0,0.38461538461538464
35096,HyboNet,4,64,0.005,1,96,0.4094488188976378,1.0,0.38461538461538464
35097,HyboNet,4,64,0.005,1,97,0.4251968503937008,1.0,0.38461538461538464
35098,HyboNet,4,64,0.005,1,98,0.4330708661417323,1.0,0.38461538461538464
35099,HyboNet,4,64,0.005,1,99,0.41732283464566927,1.0,0.34615384615384615
35100,HyboNet,4,64,0.005,10,1,0.5354330708661418,0.6,0.5769230769230769
35101,HyboNet,4,64,0.005,10,10,0.5354330708661418,0.6,0.5769230769230769
35102,HyboNet,4,64,0.005,10,100,0.3464566929133858,1.0,0.3076923076923077
35103,HyboNet,4,64,0.005,10,11,0.5354330708661418,0.6,0.5769230769230769
35104,HyboNet,4,64,0.005,10,12,0.5354330708661418,0.6,0.5769230769230769
35105,HyboNet,4,64,0.005,10,13,0.5354330708661418,0.6,0.5769230769230769
35106,HyboNet,4,64,0.005,10,14,0.5354330708661418,0.6,0.5769230769230769
35107,HyboNet,4,64,0.005,10,15,0.5354330708661418,0.6333333333333333,0.5769230769230769
35108,HyboNet,4,64,0.005,10,16,0.5275590551181102,0.6666666666666666,0.5769230769230769
35109,HyboNet,4,64,0.005,10,17,0.5196850393700787,0.7,0.5769230769230769
35110,HyboNet,4,64,0.005,10,18,0.5196850393700787,0.7333333333333333,0.5384615384615384
35111,HyboNet,4,64,0.005,10,19,0.5354330708661418,0.7666666666666667,0.5769230769230769
35112,HyboNet,4,64,0.005,10,2,0.5354330708661418,0.6,0.5769230769230769
35113,HyboNet,4,64,0.005,10,20,0.5354330708661418,0.8,0.5384615384615384
35114,HyboNet,4,64,0.005,10,21,0.49606299212598426,0.8333333333333334,0.5384615384615384
35115,HyboNet,4,64,0.005,10,22,0.5433070866141733,0.8,0.5769230769230769
35116,HyboNet,4,64,0.005,10,23,0.5433070866141733,0.8,0.5769230769230769
35117,HyboNet,4,64,0.005,10,24,0.49606299212598426,0.8333333333333334,0.5384615384615384
35118,HyboNet,4,64,0.005,10,25,0.4330708661417323,0.8333333333333334,0.38461538461538464
35119,HyboNet,4,64,0.005,10,26,0.4566929133858268,0.9,0.46153846153846156
35120,HyboNet,4,64,0.005,10,27,0.5039370078740157,0.8666666666666667,0.5384615384615384
35121,HyboNet,4,64,0.005,10,28,0.5511811023622047,0.8333333333333334,0.5384615384615384
35122,HyboNet,4,64,0.005,10,29,0.5354330708661418,0.8333333333333334,0.5769230769230769
35123,HyboNet,4,64,0.005,10,3,0.5354330708661418,0.6,0.5769230769230769
35124,HyboNet,4,64,0.005,10,30,0.4881889763779528,0.8666666666666667,0.5
35125,HyboNet,4,64,0.005,10,31,0.49606299212598426,0.8666666666666667,0.5
35126,HyboNet,4,64,0.005,10,32,0.48031496062992124,0.9333333333333333,0.5
35127,HyboNet,4,64,0.005,10,33,0.5196850393700787,0.9333333333333333,0.5384615384615384
35128,HyboNet,4,64,0.005,10,34,0.5354330708661418,0.9,0.5384615384615384
35129,HyboNet,4,64,0.005,10,35,0.49606299212598426,0.9,0.46153846153846156
35130,HyboNet,4,64,0.005,10,36,0.4645669291338583,0.9,0.46153846153846156
35131,HyboNet,4,64,0.005,10,37,0.3858267716535433,0.8666666666666667,0.38461538461538464
35132,HyboNet,4,64,0.005,10,38,0.4645669291338583,0.9333333333333333,0.46153846153846156
35133,HyboNet,4,64,0.005,10,39,0.4881889763779528,0.9333333333333333,0.5
35134,HyboNet,4,64,0.005,10,4,0.5354330708661418,0.6,0.5769230769230769
35135,HyboNet,4,64,0.005,10,40,0.4881889763779528,0.9,0.5
35136,HyboNet,4,64,0.005,10,41,0.4881889763779528,0.9333333333333333,0.5
35137,HyboNet,4,64,0.005,10,42,0.4881889763779528,0.9333333333333333,0.5384615384615384
35138,HyboNet,4,64,0.005,10,43,0.44881889763779526,0.9333333333333333,0.46153846153846156
35139,HyboNet,4,64,0.005,10,44,0.3779527559055118,0.8666666666666667,0.23076923076923078
35140,HyboNet,4,64,0.005,10,45,0.4094488188976378,0.9333333333333333,0.38461538461538464
35141,HyboNet,4,64,0.005,10,46,0.47244094488188976,0.9333333333333333,0.46153846153846156
35142,HyboNet,4,64,0.005,10,47,0.5039370078740157,0.9333333333333333,0.5
35143,HyboNet,4,64,0.005,10,48,0.48031496062992124,0.9333333333333333,0.46153846153846156
35144,HyboNet,4,64,0.005,10,49,0.4645669291338583,0.9333333333333333,0.46153846153846156
35145,HyboNet,4,64,0.005,10,5,0.5354330708661418,0.6,0.5769230769230769
35146,HyboNet,4,64,0.005,10,50,0.44881889763779526,0.9333333333333333,0.46153846153846156
35147,HyboNet,4,64,0.005,10,51,0.3937007874015748,0.9333333333333333,0.38461538461538464
35148,HyboNet,4,64,0.005,10,52,0.3779527559055118,0.9333333333333333,0.34615384615384615
35149,HyboNet,4,64,0.005,10,53,0.3937007874015748,0.9333333333333333,0.34615384615384615
35150,HyboNet,4,64,0.005,10,54,0.4015748031496063,0.9333333333333333,0.3076923076923077
35151,HyboNet,4,64,0.005,10,55,0.41732283464566927,0.9333333333333333,0.38461538461538464
35152,HyboNet,4,64,0.005,10,56,0.4645669291338583,0.9333333333333333,0.46153846153846156
35153,HyboNet,4,64,0.005,10,57,0.4409448818897638,0.9333333333333333,0.46153846153846156
35154,HyboNet,4,64,0.005,10,58,0.44881889763779526,0.9333333333333333,0.46153846153846156
35155,HyboNet,4,64,0.005,10,59,0.44881889763779526,0.9333333333333333,0.46153846153846156
35156,HyboNet,4,64,0.005,10,6,0.5354330708661418,0.6,0.5769230769230769
35157,HyboNet,4,64,0.005,10,60,0.4566929133858268,0.9333333333333333,0.46153846153846156
35158,HyboNet,4,64,0.005,10,61,0.4566929133858268,0.9333333333333333,0.46153846153846156
35159,HyboNet,4,64,0.005,10,62,0.4015748031496063,0.9333333333333333,0.38461538461538464
35160,HyboNet,4,64,0.005,10,63,0.3779527559055118,0.9333333333333333,0.2692307692307692
35161,HyboNet,4,64,0.005,10,64,0.30708661417322836,0.9333333333333333,0.23076923076923078
35162,HyboNet,4,64,0.005,10,65,0.44881889763779526,0.9333333333333333,0.4230769230769231
35163,HyboNet,4,64,0.005,10,66,0.5196850393700787,0.9333333333333333,0.5769230769230769
35164,HyboNet,4,64,0.005,10,67,0.5275590551181102,0.9333333333333333,0.5384615384615384
35165,HyboNet,4,64,0.005,10,68,0.5039370078740157,0.9333333333333333,0.5384615384615384
35166,HyboNet,4,64,0.005,10,69,0.5039370078740157,0.9333333333333333,0.5384615384615384
35167,HyboNet,4,64,0.005,10,7,0.5354330708661418,0.6,0.5769230769230769
35168,HyboNet,4,64,0.005,10,70,0.49606299212598426,0.9333333333333333,0.5384615384615384
35169,HyboNet,4,64,0.005,10,71,0.5196850393700787,1.0,0.5769230769230769
35170,HyboNet,4,64,0.005,10,72,0.47244094488188976,1.0,0.5384615384615384
35171,HyboNet,4,64,0.005,10,73,0.4645669291338583,0.9666666666666667,0.46153846153846156
35172,HyboNet,4,64,0.005,10,74,0.44881889763779526,0.9666666666666667,0.46153846153846156
35173,HyboNet,4,64,0.005,10,75,0.3858267716535433,0.9666666666666667,0.38461538461538464
35174,HyboNet,4,64,0.005,10,76,0.4015748031496063,0.9666666666666667,0.34615384615384615
35175,HyboNet,4,64,0.005,10,77,0.3858267716535433,0.9333333333333333,0.3076923076923077
35176,HyboNet,4,64,0.005,10,78,0.3464566929133858,0.9666666666666667,0.2692307692307692
35177,HyboNet,4,64,0.005,10,79,0.33858267716535434,1.0,0.2692307692307692
35178,HyboNet,4,64,0.005,10,8,0.5354330708661418,0.6,0.5769230769230769
35179,HyboNet,4,64,0.005,10,80,0.3779527559055118,1.0,0.2692307692307692
35180,HyboNet,4,64,0.005,10,81,0.3779527559055118,1.0,0.38461538461538464
35181,HyboNet,4,64,0.005,10,82,0.4251968503937008,0.9666666666666667,0.38461538461538464
35182,HyboNet,4,64,0.005,10,83,0.41732283464566927,1.0,0.38461538461538464
35183,HyboNet,4,64,0.005,10,84,0.4409448818897638,1.0,0.4230769230769231
35184,HyboNet,4,64,0.005,10,85,0.44881889763779526,1.0,0.4230769230769231
35185,HyboNet,4,64,0.005,10,86,0.44881889763779526,1.0,0.4230769230769231
35186,HyboNet,4,64,0.005,10,87,0.44881889763779526,1.0,0.38461538461538464
35187,HyboNet,4,64,0.005,10,88,0.4094488188976378,1.0,0.3076923076923077
35188,HyboNet,4,64,0.005,10,89,0.3543307086614173,0.9666666666666667,0.2692307692307692
35189,HyboNet,4,64,0.005,10,9,0.5354330708661418,0.6,0.5769230769230769
35190,HyboNet,4,64,0.005,10,90,0.3937007874015748,1.0,0.3076923076923077
35191,HyboNet,4,64,0.005,10,91,0.41732283464566927,1.0,0.34615384615384615
35192,HyboNet,4,64,0.005,10,92,0.4409448818897638,1.0,0.38461538461538464
35193,HyboNet,4,64,0.005,10,93,0.4330708661417323,1.0,0.34615384615384615
35194,HyboNet,4,64,0.005,10,94,0.3700787401574803,1.0,0.2692307692307692
35195,HyboNet,4,64,0.005,10,95,0.3700787401574803,1.0,0.3076923076923077
35196,HyboNet,4,64,0.005,10,96,0.4566929133858268,1.0,0.38461538461538464
35197,HyboNet,4,64,0.005,10,97,0.44881889763779526,1.0,0.38461538461538464
35198,HyboNet,4,64,0.005,10,98,0.44881889763779526,1.0,0.38461538461538464
35199,HyboNet,4,64,0.005,10,99,0.3779527559055118,1.0,0.3076923076923077
35200,HyboNet,4,64,0.005,2,1,0.5354330708661418,0.6,0.5769230769230769
35201,HyboNet,4,64,0.005,2,10,0.5354330708661418,0.6,0.5769230769230769
35202,HyboNet,4,64,0.005,2,100,0.4094488188976378,1.0,0.3076923076923077
35203,HyboNet,4,64,0.005,2,11,0.5354330708661418,0.6,0.5769230769230769
35204,HyboNet,4,64,0.005,2,12,0.5354330708661418,0.6,0.5769230769230769
35205,HyboNet,4,64,0.005,2,13,0.5354330708661418,0.6,0.5769230769230769
35206,HyboNet,4,64,0.005,2,14,0.5354330708661418,0.6333333333333333,0.5769230769230769
35207,HyboNet,4,64,0.005,2,15,0.5354330708661418,0.7333333333333333,0.5769230769230769
35208,HyboNet,4,64,0.005,2,16,0.5354330708661418,0.7333333333333333,0.5769230769230769
35209,HyboNet,4,64,0.005,2,17,0.5275590551181102,0.7333333333333333,0.5769230769230769
35210,HyboNet,4,64,0.005,2,18,0.5275590551181102,0.7333333333333333,0.5384615384615384
35211,HyboNet,4,64,0.005,2,19,0.5275590551181102,0.8,0.5384615384615384
35212,HyboNet,4,64,0.005,2,2,0.5354330708661418,0.6,0.5769230769230769
35213,HyboNet,4,64,0.005,2,20,0.49606299212598426,0.8333333333333334,0.46153846153846156
35214,HyboNet,4,64,0.005,2,21,0.5275590551181102,0.8333333333333334,0.5
35215,HyboNet,4,64,0.005,2,22,0.5275590551181102,0.8,0.5384615384615384
35216,HyboNet,4,64,0.005,2,23,0.5118110236220472,0.8,0.5384615384615384
35217,HyboNet,4,64,0.005,2,24,0.5354330708661418,0.8333333333333334,0.5384615384615384
35218,HyboNet,4,64,0.005,2,25,0.5511811023622047,0.8666666666666667,0.5
35219,HyboNet,4,64,0.005,2,26,0.5039370078740157,0.8666666666666667,0.5384615384615384
35220,HyboNet,4,64,0.005,2,27,0.48031496062992124,0.9,0.5384615384615384
35221,HyboNet,4,64,0.005,2,28,0.47244094488188976,0.9,0.5
35222,HyboNet,4,64,0.005,2,29,0.48031496062992124,0.8666666666666667,0.46153846153846156
35223,HyboNet,4,64,0.005,2,3,0.5354330708661418,0.6333333333333333,0.5769230769230769
35224,HyboNet,4,64,0.005,2,30,0.5118110236220472,0.9333333333333333,0.5384615384615384
35225,HyboNet,4,64,0.005,2,31,0.5196850393700787,0.9,0.5384615384615384
35226,HyboNet,4,64,0.005,2,32,0.5275590551181102,0.9,0.5769230769230769
35227,HyboNet,4,64,0.005,2,33,0.5196850393700787,0.9,0.5769230769230769
35228,HyboNet,4,64,0.005,2,34,0.4645669291338583,0.8666666666666667,0.5
35229,HyboNet,4,64,0.005,2,35,0.44881889763779526,0.9,0.46153846153846156
35230,HyboNet,4,64,0.005,2,36,0.4566929133858268,0.9,0.5
35231,HyboNet,4,64,0.005,2,37,0.44881889763779526,0.9666666666666667,0.5
35232,HyboNet,4,64,0.005,2,38,0.4330708661417323,1.0,0.5
35233,HyboNet,4,64,0.005,2,39,0.4251968503937008,1.0,0.5
35234,HyboNet,4,64,0.005,2,4,0.5354330708661418,0.6,0.5769230769230769
35235,HyboNet,4,64,0.005,2,40,0.44881889763779526,0.9333333333333333,0.5
35236,HyboNet,4,64,0.005,2,41,0.4566929133858268,0.9333333333333333,0.5
35237,HyboNet,4,64,0.005,2,42,0.3858267716535433,1.0,0.4230769230769231
35238,HyboNet,4,64,0.005,2,43,0.3858267716535433,0.9666666666666667,0.38461538461538464
35239,HyboNet,4,64,0.005,2,44,0.3937007874015748,1.0,0.4230769230769231
35240,HyboNet,4,64,0.005,2,45,0.41732283464566927,0.9666666666666667,0.46153846153846156
35241,HyboNet,4,64,0.005,2,46,0.3937007874015748,0.9333333333333333,0.46153846153846156
35242,HyboNet,4,64,0.005,2,47,0.3858267716535433,0.9333333333333333,0.4230769230769231
35243,HyboNet,4,64,0.005,2,48,0.3700787401574803,1.0,0.4230769230769231
35244,HyboNet,4,64,0.005,2,49,0.36220472440944884,1.0,0.3076923076923077
35245,HyboNet,4,64,0.005,2,5,0.5354330708661418,0.6,0.5769230769230769
35246,HyboNet,4,64,0.005,2,50,0.3543307086614173,1.0,0.38461538461538464
35247,HyboNet,4,64,0.005,2,51,0.4094488188976378,1.0,0.46153846153846156
35248,HyboNet,4,64,0.005,2,52,0.4251968503937008,1.0,0.5
35249,HyboNet,4,64,0.005,2,53,0.4330708661417323,1.0,0.46153846153846156
35250,HyboNet,4,64,0.005,2,54,0.41732283464566927,1.0,0.4230769230769231
35251,HyboNet,4,64,0.005,2,55,0.3858267716535433,1.0,0.38461538461538464
35252,HyboNet,4,64,0.005,2,56,0.3937007874015748,1.0,0.38461538461538464
35253,HyboNet,4,64,0.005,2,57,0.4015748031496063,1.0,0.38461538461538464
35254,HyboNet,4,64,0.005,2,58,0.3858267716535433,1.0,0.3076923076923077
35255,HyboNet,4,64,0.005,2,59,0.4015748031496063,1.0,0.34615384615384615
35256,HyboNet,4,64,0.005,2,6,0.5354330708661418,0.6,0.5769230769230769
35257,HyboNet,4,64,0.005,2,60,0.4094488188976378,1.0,0.38461538461538464
35258,HyboNet,4,64,0.005,2,61,0.4015748031496063,1.0,0.38461538461538464
35259,HyboNet,4,64,0.005,2,62,0.4094488188976378,1.0,0.38461538461538464
35260,HyboNet,4,64,0.005,2,63,0.4094488188976378,1.0,0.38461538461538464
35261,HyboNet,4,64,0.005,2,64,0.3858267716535433,1.0,0.38461538461538464
35262,HyboNet,4,64,0.005,2,65,0.36220472440944884,1.0,0.23076923076923078
35263,HyboNet,4,64,0.005,2,66,0.30708661417322836,1.0,0.23076923076923078
35264,HyboNet,4,64,0.005,2,67,0.30708661417322836,1.0,0.2692307692307692
35265,HyboNet,4,64,0.005,2,68,0.3700787401574803,1.0,0.2692307692307692
35266,HyboNet,4,64,0.005,2,69,0.4015748031496063,1.0,0.34615384615384615
35267,HyboNet,4,64,0.005,2,7,0.5354330708661418,0.6,0.5769230769230769
35268,HyboNet,4,64,0.005,2,70,0.3937007874015748,1.0,0.38461538461538464
35269,HyboNet,4,64,0.005,2,71,0.41732283464566927,1.0,0.3076923076923077
35270,HyboNet,4,64,0.005,2,72,0.4015748031496063,1.0,0.2692307692307692
35271,HyboNet,4,64,0.005,2,73,0.4015748031496063,1.0,0.34615384615384615
35272,HyboNet,4,64,0.005,2,74,0.4015748031496063,1.0,0.3076923076923077
35273,HyboNet,4,64,0.005,2,75,0.3779527559055118,1.0,0.34615384615384615
35274,HyboNet,4,64,0.005,2,76,0.36220472440944884,1.0,0.34615384615384615
35275,HyboNet,4,64,0.005,2,77,0.3858267716535433,1.0,0.23076923076923078
35276,HyboNet,4,64,0.005,2,78,0.3543307086614173,1.0,0.23076923076923078
35277,HyboNet,4,64,0.005,2,79,0.4251968503937008,1.0,0.4230769230769231
35278,HyboNet,4,64,0.005,2,8,0.5354330708661418,0.6,0.5769230769230769
35279,HyboNet,4,64,0.005,2,80,0.44881889763779526,1.0,0.5
35280,HyboNet,4,64,0.005,2,81,0.4409448818897638,0.9666666666666667,0.5
35281,HyboNet,4,64,0.005,2,82,0.4409448818897638,1.0,0.5
35282,HyboNet,4,64,0.005,2,83,0.4409448818897638,1.0,0.46153846153846156
35283,HyboNet,4,64,0.005,2,84,0.4251968503937008,1.0,0.38461538461538464
35284,HyboNet,4,64,0.005,2,85,0.36220472440944884,1.0,0.2692307692307692
35285,HyboNet,4,64,0.005,2,86,0.30708661417322836,0.9666666666666667,0.2692307692307692
35286,HyboNet,4,64,0.005,2,87,0.3543307086614173,1.0,0.2692307692307692
35287,HyboNet,4,64,0.005,2,88,0.4015748031496063,1.0,0.38461538461538464
35288,HyboNet,4,64,0.005,2,89,0.41732283464566927,1.0,0.46153846153846156
35289,HyboNet,4,64,0.005,2,9,0.5354330708661418,0.6,0.5769230769230769
35290,HyboNet,4,64,0.005,2,90,0.4094488188976378,1.0,0.46153846153846156
35291,HyboNet,4,64,0.005,2,91,0.41732283464566927,1.0,0.4230769230769231
35292,HyboNet,4,64,0.005,2,92,0.4251968503937008,1.0,0.46153846153846156
35293,HyboNet,4,64,0.005,2,93,0.41732283464566927,1.0,0.38461538461538464
35294,HyboNet,4,64,0.005,2,94,0.3779527559055118,1.0,0.2692307692307692
35295,HyboNet,4,64,0.005,2,95,0.3543307086614173,1.0,0.2692307692307692
35296,HyboNet,4,64,0.005,2,96,0.36220472440944884,1.0,0.2692307692307692
35297,HyboNet,4,64,0.005,2,97,0.4094488188976378,1.0,0.3076923076923077
35298,HyboNet,4,64,0.005,2,98,0.4251968503937008,1.0,0.3076923076923077
35299,HyboNet,4,64,0.005,2,99,0.4251968503937008,1.0,0.34615384615384615
35300,HyboNet,4,64,0.005,3,1,0.5354330708661418,0.6,0.5769230769230769
35301,HyboNet,4,64,0.005,3,10,0.5354330708661418,0.6,0.5769230769230769
35302,HyboNet,4,64,0.005,3,100,0.4015748031496063,1.0,0.38461538461538464
35303,HyboNet,4,64,0.005,3,11,0.5354330708661418,0.6,0.5769230769230769
35304,HyboNet,4,64,0.005,3,12,0.5354330708661418,0.6,0.5769230769230769
35305,HyboNet,4,64,0.005,3,13,0.5354330708661418,0.6,0.5769230769230769
35306,HyboNet,4,64,0.005,3,14,0.5354330708661418,0.6,0.5769230769230769
35307,HyboNet,4,64,0.005,3,15,0.5354330708661418,0.6,0.5769230769230769
35308,HyboNet,4,64,0.005,3,16,0.5354330708661418,0.6,0.5769230769230769
35309,HyboNet,4,64,0.005,3,17,0.5354330708661418,0.6,0.5769230769230769
35310,HyboNet,4,64,0.005,3,18,0.5354330708661418,0.6,0.5769230769230769
35311,HyboNet,4,64,0.005,3,19,0.5354330708661418,0.6,0.5769230769230769
35312,HyboNet,4,64,0.005,3,2,0.5354330708661418,0.6,0.5769230769230769
35313,HyboNet,4,64,0.005,3,20,0.5354330708661418,0.6,0.5769230769230769
35314,HyboNet,4,64,0.005,3,21,0.5354330708661418,0.6,0.5769230769230769
35315,HyboNet,4,64,0.005,3,22,0.5354330708661418,0.6,0.5769230769230769
35316,HyboNet,4,64,0.005,3,23,0.5354330708661418,0.6,0.5769230769230769
35317,HyboNet,4,64,0.005,3,24,0.5354330708661418,0.6,0.5769230769230769
35318,HyboNet,4,64,0.005,3,25,0.5354330708661418,0.6,0.5769230769230769
35319,HyboNet,4,64,0.005,3,26,0.5354330708661418,0.6,0.5769230769230769
35320,HyboNet,4,64,0.005,3,27,0.5354330708661418,0.6333333333333333,0.5769230769230769
35321,HyboNet,4,64,0.005,3,28,0.5275590551181102,0.6666666666666666,0.5769230769230769
35322,HyboNet,4,64,0.005,3,29,0.5275590551181102,0.7666666666666667,0.5769230769230769
35323,HyboNet,4,64,0.005,3,3,0.5354330708661418,0.6,0.5769230769230769
35324,HyboNet,4,64,0.005,3,30,0.5354330708661418,0.7666666666666667,0.5769230769230769
35325,HyboNet,4,64,0.005,3,31,0.5275590551181102,0.7666666666666667,0.5384615384615384
35326,HyboNet,4,64,0.005,3,32,0.5433070866141733,0.7666666666666667,0.5384615384615384
35327,HyboNet,4,64,0.005,3,33,0.5275590551181102,0.8,0.5
35328,HyboNet,4,64,0.005,3,34,0.5039370078740157,0.8,0.5
35329,HyboNet,4,64,0.005,3,35,0.5433070866141733,0.7666666666666667,0.5384615384615384
35330,HyboNet,4,64,0.005,3,36,0.5354330708661418,0.7666666666666667,0.5384615384615384
35331,HyboNet,4,64,0.005,3,37,0.5354330708661418,0.8,0.5769230769230769
35332,HyboNet,4,64,0.005,3,38,0.4881889763779528,0.8666666666666667,0.46153846153846156
35333,HyboNet,4,64,0.005,3,39,0.4645669291338583,0.8666666666666667,0.4230769230769231
35334,HyboNet,4,64,0.005,3,4,0.5354330708661418,0.6,0.5769230769230769
35335,HyboNet,4,64,0.005,3,40,0.47244094488188976,0.8666666666666667,0.4230769230769231
35336,HyboNet,4,64,0.005,3,41,0.47244094488188976,0.8666666666666667,0.4230769230769231
35337,HyboNet,4,64,0.005,3,42,0.48031496062992124,0.8666666666666667,0.46153846153846156
35338,HyboNet,4,64,0.005,3,43,0.4645669291338583,0.9333333333333333,0.46153846153846156
35339,HyboNet,4,64,0.005,3,44,0.48031496062992124,0.9,0.46153846153846156
35340,HyboNet,4,64,0.005,3,45,0.4645669291338583,0.9,0.46153846153846156
35341,HyboNet,4,64,0.005,3,46,0.47244094488188976,0.9333333333333333,0.4230769230769231
35342,HyboNet,4,64,0.005,3,47,0.4566929133858268,0.9333333333333333,0.4230769230769231
35343,HyboNet,4,64,0.005,3,48,0.4645669291338583,0.9333333333333333,0.4230769230769231
35344,HyboNet,4,64,0.005,3,49,0.44881889763779526,0.9,0.46153846153846156
35345,HyboNet,4,64,0.005,3,5,0.5354330708661418,0.6,0.5769230769230769
35346,HyboNet,4,64,0.005,3,50,0.4645669291338583,0.9333333333333333,0.46153846153846156
35347,HyboNet,4,64,0.005,3,51,0.49606299212598426,0.9,0.5
35348,HyboNet,4,64,0.005,3,52,0.47244094488188976,0.9333333333333333,0.46153846153846156
35349,HyboNet,4,64,0.005,3,53,0.47244094488188976,0.9333333333333333,0.46153846153846156
35350,HyboNet,4,64,0.005,3,54,0.48031496062992124,0.9666666666666667,0.46153846153846156
35351,HyboNet,4,64,0.005,3,55,0.4409448818897638,0.9333333333333333,0.46153846153846156
35352,HyboNet,4,64,0.005,3,56,0.4251968503937008,0.9333333333333333,0.4230769230769231
35353,HyboNet,4,64,0.005,3,57,0.4094488188976378,0.9333333333333333,0.38461538461538464
35354,HyboNet,4,64,0.005,3,58,0.4330708661417323,0.9666666666666667,0.4230769230769231
35355,HyboNet,4,64,0.005,3,59,0.48031496062992124,0.9333333333333333,0.5
35356,HyboNet,4,64,0.005,3,6,0.5354330708661418,0.6,0.5769230769230769
35357,HyboNet,4,64,0.005,3,60,0.49606299212598426,0.9333333333333333,0.46153846153846156
35358,HyboNet,4,64,0.005,3,61,0.49606299212598426,0.9333333333333333,0.5
35359,HyboNet,4,64,0.005,3,62,0.48031496062992124,0.9333333333333333,0.46153846153846156
35360,HyboNet,4,64,0.005,3,63,0.41732283464566927,1.0,0.34615384615384615
35361,HyboNet,4,64,0.005,3,64,0.44881889763779526,0.9333333333333333,0.5
35362,HyboNet,4,64,0.005,3,65,0.48031496062992124,0.9333333333333333,0.5
35363,HyboNet,4,64,0.005,3,66,0.4881889763779528,0.9333333333333333,0.5
35364,HyboNet,4,64,0.005,3,67,0.4566929133858268,0.9333333333333333,0.5384615384615384
35365,HyboNet,4,64,0.005,3,68,0.3700787401574803,1.0,0.3076923076923077
35366,HyboNet,4,64,0.005,3,69,0.33070866141732286,0.9666666666666667,0.2692307692307692
35367,HyboNet,4,64,0.005,3,7,0.5354330708661418,0.6,0.5769230769230769
35368,HyboNet,4,64,0.005,3,70,0.3228346456692913,0.9666666666666667,0.2692307692307692
35369,HyboNet,4,64,0.005,3,71,0.3464566929133858,0.9666666666666667,0.2692307692307692
35370,HyboNet,4,64,0.005,3,72,0.3543307086614173,1.0,0.34615384615384615
35371,HyboNet,4,64,0.005,3,73,0.4015748031496063,0.9666666666666667,0.34615384615384615
35372,HyboNet,4,64,0.005,3,74,0.3543307086614173,0.9666666666666667,0.2692307692307692
35373,HyboNet,4,64,0.005,3,75,0.41732283464566927,0.9333333333333333,0.4230769230769231
35374,HyboNet,4,64,0.005,3,76,0.4094488188976378,0.9666666666666667,0.4230769230769231
35375,HyboNet,4,64,0.005,3,77,0.4015748031496063,1.0,0.34615384615384615
35376,HyboNet,4,64,0.005,3,78,0.3543307086614173,1.0,0.2692307692307692
35377,HyboNet,4,64,0.005,3,79,0.36220472440944884,1.0,0.2692307692307692
35378,HyboNet,4,64,0.005,3,8,0.5354330708661418,0.6,0.5769230769230769
35379,HyboNet,4,64,0.005,3,80,0.3937007874015748,1.0,0.3076923076923077
35380,HyboNet,4,64,0.005,3,81,0.4015748031496063,0.9666666666666667,0.4230769230769231
35381,HyboNet,4,64,0.005,3,82,0.41732283464566927,0.9666666666666667,0.4230769230769231
35382,HyboNet,4,64,0.005,3,83,0.3543307086614173,1.0,0.2692307692307692
35383,HyboNet,4,64,0.005,3,84,0.3228346456692913,0.9666666666666667,0.23076923076923078
35384,HyboNet,4,64,0.005,3,85,0.2992125984251969,1.0,0.2692307692307692
35385,HyboNet,4,64,0.005,3,86,0.3228346456692913,1.0,0.3076923076923077
35386,HyboNet,4,64,0.005,3,87,0.4409448818897638,0.9666666666666667,0.46153846153846156
35387,HyboNet,4,64,0.005,3,88,0.48031496062992124,0.9333333333333333,0.5
35388,HyboNet,4,64,0.005,3,89,0.4566929133858268,0.9666666666666667,0.5
35389,HyboNet,4,64,0.005,3,9,0.5354330708661418,0.6,0.5769230769230769
35390,HyboNet,4,64,0.005,3,90,0.3937007874015748,1.0,0.38461538461538464
35391,HyboNet,4,64,0.005,3,91,0.2992125984251969,1.0,0.3076923076923077
35392,HyboNet,4,64,0.005,3,92,0.28346456692913385,1.0,0.3076923076923077
35393,HyboNet,4,64,0.005,3,93,0.3464566929133858,1.0,0.3076923076923077
35394,HyboNet,4,64,0.005,3,94,0.4094488188976378,1.0,0.34615384615384615
35395,HyboNet,4,64,0.005,3,95,0.3858267716535433,1.0,0.4230769230769231
35396,HyboNet,4,64,0.005,3,96,0.3937007874015748,1.0,0.34615384615384615
35397,HyboNet,4,64,0.005,3,97,0.30708661417322836,1.0,0.2692307692307692
35398,HyboNet,4,64,0.005,3,98,0.2755905511811024,1.0,0.23076923076923078
35399,HyboNet,4,64,0.005,3,99,0.3700787401574803,1.0,0.34615384615384615
35400,HyboNet,4,64,0.005,4,1,0.5354330708661418,0.6,0.5769230769230769
35401,HyboNet,4,64,0.005,4,10,0.5354330708661418,0.6,0.5769230769230769
35402,HyboNet,4,64,0.005,4,100,0.5118110236220472,0.9666666666666667,0.5
35403,HyboNet,4,64,0.005,4,11,0.5354330708661418,0.6,0.5769230769230769
35404,HyboNet,4,64,0.005,4,12,0.5354330708661418,0.6,0.5769230769230769
35405,HyboNet,4,64,0.005,4,13,0.5354330708661418,0.6,0.5769230769230769
35406,HyboNet,4,64,0.005,4,14,0.5354330708661418,0.6,0.5769230769230769
35407,HyboNet,4,64,0.005,4,15,0.5354330708661418,0.6,0.5769230769230769
35408,HyboNet,4,64,0.005,4,16,0.5354330708661418,0.6,0.5769230769230769
35409,HyboNet,4,64,0.005,4,17,0.5354330708661418,0.6,0.5769230769230769
35410,HyboNet,4,64,0.005,4,18,0.5354330708661418,0.6,0.5769230769230769
35411,HyboNet,4,64,0.005,4,19,0.5354330708661418,0.6,0.5769230769230769
35412,HyboNet,4,64,0.005,4,2,0.5354330708661418,0.6,0.5769230769230769
35413,HyboNet,4,64,0.005,4,20,0.5354330708661418,0.6,0.5769230769230769
35414,HyboNet,4,64,0.005,4,21,0.5354330708661418,0.6,0.5769230769230769
35415,HyboNet,4,64,0.005,4,22,0.5354330708661418,0.6,0.5769230769230769
35416,HyboNet,4,64,0.005,4,23,0.5354330708661418,0.6,0.5769230769230769
35417,HyboNet,4,64,0.005,4,24,0.5354330708661418,0.6,0.5769230769230769
35418,HyboNet,4,64,0.005,4,25,0.5354330708661418,0.6,0.5769230769230769
35419,HyboNet,4,64,0.005,4,26,0.5354330708661418,0.6,0.5769230769230769
35420,HyboNet,4,64,0.005,4,27,0.5354330708661418,0.6,0.5769230769230769
35421,HyboNet,4,64,0.005,4,28,0.5354330708661418,0.6,0.5769230769230769
35422,HyboNet,4,64,0.005,4,29,0.5354330708661418,0.6,0.5769230769230769
35423,HyboNet,4,64,0.005,4,3,0.5354330708661418,0.6,0.5769230769230769
35424,HyboNet,4,64,0.005,4,30,0.5354330708661418,0.6,0.5769230769230769
35425,HyboNet,4,64,0.005,4,31,0.5354330708661418,0.6,0.5769230769230769
35426,HyboNet,4,64,0.005,4,32,0.5354330708661418,0.6333333333333333,0.5769230769230769
35427,HyboNet,4,64,0.005,4,33,0.5196850393700787,0.6333333333333333,0.5769230769230769
35428,HyboNet,4,64,0.005,4,34,0.5196850393700787,0.7333333333333333,0.5769230769230769
35429,HyboNet,4,64,0.005,4,35,0.5433070866141733,0.7666666666666667,0.5384615384615384
35430,HyboNet,4,64,0.005,4,36,0.5433070866141733,0.7666666666666667,0.5384615384615384
35431,HyboNet,4,64,0.005,4,37,0.5433070866141733,0.8,0.5384615384615384
35432,HyboNet,4,64,0.005,4,38,0.5590551181102362,0.8333333333333334,0.5384615384615384
35433,HyboNet,4,64,0.005,4,39,0.5511811023622047,0.8,0.5
35434,HyboNet,4,64,0.005,4,4,0.5354330708661418,0.6,0.5769230769230769
35435,HyboNet,4,64,0.005,4,40,0.5669291338582677,0.8333333333333334,0.5384615384615384
35436,HyboNet,4,64,0.005,4,41,0.5511811023622047,0.8333333333333334,0.5769230769230769
35437,HyboNet,4,64,0.005,4,42,0.5354330708661418,0.8,0.5384615384615384
35438,HyboNet,4,64,0.005,4,43,0.5196850393700787,0.8333333333333334,0.4230769230769231
35439,HyboNet,4,64,0.005,4,44,0.5039370078740157,0.8333333333333334,0.5769230769230769
35440,HyboNet,4,64,0.005,4,45,0.49606299212598426,0.8666666666666667,0.5
35441,HyboNet,4,64,0.005,4,46,0.5039370078740157,0.8333333333333334,0.5
35442,HyboNet,4,64,0.005,4,47,0.49606299212598426,0.8333333333333334,0.46153846153846156
35443,HyboNet,4,64,0.005,4,48,0.49606299212598426,0.8333333333333334,0.46153846153846156
35444,HyboNet,4,64,0.005,4,49,0.5039370078740157,0.9,0.46153846153846156
35445,HyboNet,4,64,0.005,4,5,0.5354330708661418,0.6,0.5769230769230769
35446,HyboNet,4,64,0.005,4,50,0.5118110236220472,0.9,0.5769230769230769
35447,HyboNet,4,64,0.005,4,51,0.5118110236220472,0.9333333333333333,0.5
35448,HyboNet,4,64,0.005,4,52,0.5039370078740157,0.9333333333333333,0.5
35449,HyboNet,4,64,0.005,4,53,0.5196850393700787,0.9,0.5
35450,HyboNet,4,64,0.005,4,54,0.5039370078740157,0.9,0.5384615384615384
35451,HyboNet,4,64,0.005,4,55,0.5039370078740157,0.9,0.5
35452,HyboNet,4,64,0.005,4,56,0.5275590551181102,0.9333333333333333,0.5384615384615384
35453,HyboNet,4,64,0.005,4,57,0.4566929133858268,0.9333333333333333,0.4230769230769231
35454,HyboNet,4,64,0.005,4,58,0.4645669291338583,0.9,0.38461538461538464
35455,HyboNet,4,64,0.005,4,59,0.49606299212598426,0.9,0.5
35456,HyboNet,4,64,0.005,4,6,0.5354330708661418,0.6,0.5769230769230769
35457,HyboNet,4,64,0.005,4,60,0.5354330708661418,0.9333333333333333,0.5769230769230769
35458,HyboNet,4,64,0.005,4,61,0.5433070866141733,0.9333333333333333,0.5769230769230769
35459,HyboNet,4,64,0.005,4,62,0.5275590551181102,0.9333333333333333,0.5
35460,HyboNet,4,64,0.005,4,63,0.4881889763779528,0.9333333333333333,0.5
35461,HyboNet,4,64,0.005,4,64,0.5511811023622047,0.9333333333333333,0.5384615384615384
35462,HyboNet,4,64,0.005,4,65,0.5196850393700787,0.9333333333333333,0.5384615384615384
35463,HyboNet,4,64,0.005,4,66,0.5275590551181102,0.9333333333333333,0.5769230769230769
35464,HyboNet,4,64,0.005,4,67,0.4645669291338583,0.9666666666666667,0.5384615384615384
35465,HyboNet,4,64,0.005,4,68,0.5118110236220472,0.9666666666666667,0.46153846153846156
35466,HyboNet,4,64,0.005,4,69,0.5275590551181102,0.9333333333333333,0.5769230769230769
35467,HyboNet,4,64,0.005,4,7,0.5354330708661418,0.6,0.5769230769230769
35468,HyboNet,4,64,0.005,4,70,0.5433070866141733,0.9333333333333333,0.5384615384615384
35469,HyboNet,4,64,0.005,4,71,0.5433070866141733,0.9333333333333333,0.5769230769230769
35470,HyboNet,4,64,0.005,4,72,0.5433070866141733,0.9333333333333333,0.6153846153846154
35471,HyboNet,4,64,0.005,4,73,0.5433070866141733,0.9666666666666667,0.4230769230769231
35472,HyboNet,4,64,0.005,4,74,0.5511811023622047,0.9333333333333333,0.6153846153846154
35473,HyboNet,4,64,0.005,4,75,0.5354330708661418,0.9333333333333333,0.6153846153846154
35474,HyboNet,4,64,0.005,4,76,0.5433070866141733,0.9333333333333333,0.6153846153846154
35475,HyboNet,4,64,0.005,4,77,0.5590551181102362,0.9333333333333333,0.5769230769230769
35476,HyboNet,4,64,0.005,4,78,0.49606299212598426,0.9666666666666667,0.4230769230769231
35477,HyboNet,4,64,0.005,4,79,0.5354330708661418,1.0,0.5384615384615384
35478,HyboNet,4,64,0.005,4,8,0.5354330708661418,0.6,0.5769230769230769
35479,HyboNet,4,64,0.005,4,80,0.5354330708661418,0.9333333333333333,0.6153846153846154
35480,HyboNet,4,64,0.005,4,81,0.5433070866141733,0.9333333333333333,0.6538461538461539
35481,HyboNet,4,64,0.005,4,82,0.5433070866141733,0.9333333333333333,0.6153846153846154
35482,HyboNet,4,64,0.005,4,83,0.5275590551181102,0.9333333333333333,0.6153846153846154
35483,HyboNet,4,64,0.005,4,84,0.49606299212598426,1.0,0.4230769230769231
35484,HyboNet,4,64,0.005,4,85,0.4645669291338583,1.0,0.4230769230769231
35485,HyboNet,4,64,0.005,4,86,0.5039370078740157,1.0,0.4230769230769231
35486,HyboNet,4,64,0.005,4,87,0.5196850393700787,0.9666666666666667,0.46153846153846156
35487,HyboNet,4,64,0.005,4,88,0.5118110236220472,0.9333333333333333,0.46153846153846156
35488,HyboNet,4,64,0.005,4,89,0.49606299212598426,0.9666666666666667,0.46153846153846156
35489,HyboNet,4,64,0.005,4,9,0.5354330708661418,0.6,0.5769230769230769
35490,HyboNet,4,64,0.005,4,90,0.4645669291338583,0.9666666666666667,0.38461538461538464
35491,HyboNet,4,64,0.005,4,91,0.4094488188976378,1.0,0.3076923076923077
35492,HyboNet,4,64,0.005,4,92,0.4094488188976378,1.0,0.2692307692307692
35493,HyboNet,4,64,0.005,4,93,0.41732283464566927,1.0,0.2692307692307692
35494,HyboNet,4,64,0.005,4,94,0.44881889763779526,0.9666666666666667,0.3076923076923077
35495,HyboNet,4,64,0.005,4,95,0.4566929133858268,0.9666666666666667,0.34615384615384615
35496,HyboNet,4,64,0.005,4,96,0.4251968503937008,0.9666666666666667,0.34615384615384615
35497,HyboNet,4,64,0.005,4,97,0.3779527559055118,1.0,0.3076923076923077
35498,HyboNet,4,64,0.005,4,98,0.33858267716535434,0.9666666666666667,0.2692307692307692
35499,HyboNet,4,64,0.005,4,99,0.4409448818897638,1.0,0.3076923076923077
35500,HyboNet,4,64,0.005,5,1,0.5354330708661418,0.6,0.5769230769230769
35501,HyboNet,4,64,0.005,5,10,0.5354330708661418,0.6,0.5769230769230769
35502,HyboNet,4,64,0.005,5,100,0.4409448818897638,0.9666666666666667,0.4230769230769231
35503,HyboNet,4,64,0.005,5,11,0.5354330708661418,0.6,0.5769230769230769
35504,HyboNet,4,64,0.005,5,12,0.5354330708661418,0.6,0.5769230769230769
35505,HyboNet,4,64,0.005,5,13,0.5354330708661418,0.6,0.5769230769230769
35506,HyboNet,4,64,0.005,5,14,0.5354330708661418,0.6,0.5769230769230769
35507,HyboNet,4,64,0.005,5,15,0.5354330708661418,0.6,0.5769230769230769
35508,HyboNet,4,64,0.005,5,16,0.5354330708661418,0.6,0.5769230769230769
35509,HyboNet,4,64,0.005,5,17,0.5354330708661418,0.6,0.5769230769230769
35510,HyboNet,4,64,0.005,5,18,0.5354330708661418,0.6,0.5769230769230769
35511,HyboNet,4,64,0.005,5,19,0.5354330708661418,0.6,0.5769230769230769
35512,HyboNet,4,64,0.005,5,2,0.5354330708661418,0.6,0.5769230769230769
35513,HyboNet,4,64,0.005,5,20,0.5354330708661418,0.6,0.5769230769230769
35514,HyboNet,4,64,0.005,5,21,0.5354330708661418,0.6,0.5769230769230769
35515,HyboNet,4,64,0.005,5,22,0.5354330708661418,0.6,0.5769230769230769
35516,HyboNet,4,64,0.005,5,23,0.5354330708661418,0.6,0.5769230769230769
35517,HyboNet,4,64,0.005,5,24,0.5354330708661418,0.6,0.5769230769230769
35518,HyboNet,4,64,0.005,5,25,0.5354330708661418,0.6,0.5769230769230769
35519,HyboNet,4,64,0.005,5,26,0.5354330708661418,0.6,0.5769230769230769
35520,HyboNet,4,64,0.005,5,27,0.5354330708661418,0.6,0.5769230769230769
35521,HyboNet,4,64,0.005,5,28,0.5354330708661418,0.6,0.5769230769230769
35522,HyboNet,4,64,0.005,5,29,0.5354330708661418,0.6,0.5769230769230769
35523,HyboNet,4,64,0.005,5,3,0.5354330708661418,0.6,0.5769230769230769
35524,HyboNet,4,64,0.005,5,30,0.5354330708661418,0.6,0.5769230769230769
35525,HyboNet,4,64,0.005,5,31,0.5354330708661418,0.6,0.5769230769230769
35526,HyboNet,4,64,0.005,5,32,0.5354330708661418,0.6,0.5769230769230769
35527,HyboNet,4,64,0.005,5,33,0.5354330708661418,0.6,0.5769230769230769
35528,HyboNet,4,64,0.005,5,34,0.5354330708661418,0.6,0.5769230769230769
35529,HyboNet,4,64,0.005,5,35,0.5354330708661418,0.6,0.5769230769230769
35530,HyboNet,4,64,0.005,5,36,0.5354330708661418,0.6,0.5769230769230769
35531,HyboNet,4,64,0.005,5,37,0.5354330708661418,0.6,0.5769230769230769
35532,HyboNet,4,64,0.005,5,38,0.5275590551181102,0.6,0.5769230769230769
35533,HyboNet,4,64,0.005,5,39,0.5275590551181102,0.6333333333333333,0.5769230769230769
35534,HyboNet,4,64,0.005,5,4,0.5354330708661418,0.6,0.5769230769230769
35535,HyboNet,4,64,0.005,5,40,0.5275590551181102,0.7,0.5769230769230769
35536,HyboNet,4,64,0.005,5,41,0.5433070866141733,0.7333333333333333,0.5769230769230769
35537,HyboNet,4,64,0.005,5,42,0.5275590551181102,0.7333333333333333,0.5
35538,HyboNet,4,64,0.005,5,43,0.5354330708661418,0.7666666666666667,0.5
35539,HyboNet,4,64,0.005,5,44,0.5118110236220472,0.8333333333333334,0.5
35540,HyboNet,4,64,0.005,5,45,0.49606299212598426,0.8333333333333334,0.46153846153846156
35541,HyboNet,4,64,0.005,5,46,0.4881889763779528,0.8333333333333334,0.46153846153846156
35542,HyboNet,4,64,0.005,5,47,0.4881889763779528,0.8333333333333334,0.46153846153846156
35543,HyboNet,4,64,0.005,5,48,0.4881889763779528,0.8333333333333334,0.46153846153846156
35544,HyboNet,4,64,0.005,5,49,0.48031496062992124,0.8333333333333334,0.46153846153846156
35545,HyboNet,4,64,0.005,5,5,0.5354330708661418,0.6,0.5769230769230769
35546,HyboNet,4,64,0.005,5,50,0.47244094488188976,0.8333333333333334,0.5
35547,HyboNet,4,64,0.005,5,51,0.4566929133858268,0.9,0.46153846153846156
35548,HyboNet,4,64,0.005,5,52,0.4409448818897638,0.9,0.38461538461538464
35549,HyboNet,4,64,0.005,5,53,0.4015748031496063,0.9,0.34615384615384615
35550,HyboNet,4,64,0.005,5,54,0.4566929133858268,0.9,0.46153846153846156
35551,HyboNet,4,64,0.005,5,55,0.4566929133858268,0.9,0.46153846153846156
35552,HyboNet,4,64,0.005,5,56,0.4330708661417323,0.8333333333333334,0.4230769230769231
35553,HyboNet,4,64,0.005,5,57,0.4881889763779528,0.8666666666666667,0.5
35554,HyboNet,4,64,0.005,5,58,0.49606299212598426,0.8666666666666667,0.5
35555,HyboNet,4,64,0.005,5,59,0.49606299212598426,0.8666666666666667,0.5
35556,HyboNet,4,64,0.005,5,6,0.5354330708661418,0.6,0.5769230769230769
35557,HyboNet,4,64,0.005,5,60,0.49606299212598426,0.8666666666666667,0.5
35558,HyboNet,4,64,0.005,5,61,0.44881889763779526,0.7666666666666667,0.3076923076923077
35559,HyboNet,4,64,0.005,5,62,0.49606299212598426,0.8666666666666667,0.5384615384615384
35560,HyboNet,4,64,0.005,5,63,0.5275590551181102,0.8666666666666667,0.5384615384615384
35561,HyboNet,4,64,0.005,5,64,0.5275590551181102,0.8666666666666667,0.5769230769230769
35562,HyboNet,4,64,0.005,5,65,0.5275590551181102,0.8666666666666667,0.5769230769230769
35563,HyboNet,4,64,0.005,5,66,0.4881889763779528,0.8666666666666667,0.5
35564,HyboNet,4,64,0.005,5,67,0.4645669291338583,0.8666666666666667,0.46153846153846156
35565,HyboNet,4,64,0.005,5,68,0.44881889763779526,0.8666666666666667,0.34615384615384615
35566,HyboNet,4,64,0.005,5,69,0.4409448818897638,0.8666666666666667,0.34615384615384615
35567,HyboNet,4,64,0.005,5,7,0.5354330708661418,0.6,0.5769230769230769
35568,HyboNet,4,64,0.005,5,70,0.4409448818897638,0.9333333333333333,0.46153846153846156
35569,HyboNet,4,64,0.005,5,71,0.4330708661417323,0.9333333333333333,0.46153846153846156
35570,HyboNet,4,64,0.005,5,72,0.4409448818897638,0.9333333333333333,0.46153846153846156
35571,HyboNet,4,64,0.005,5,73,0.44881889763779526,0.9333333333333333,0.46153846153846156
35572,HyboNet,4,64,0.005,5,74,0.4409448818897638,0.9333333333333333,0.46153846153846156
35573,HyboNet,4,64,0.005,5,75,0.4251968503937008,0.9333333333333333,0.46153846153846156
35574,HyboNet,4,64,0.005,5,76,0.4409448818897638,0.9333333333333333,0.46153846153846156
35575,HyboNet,4,64,0.005,5,77,0.4330708661417323,0.9333333333333333,0.46153846153846156
35576,HyboNet,4,64,0.005,5,78,0.4566929133858268,0.9333333333333333,0.46153846153846156
35577,HyboNet,4,64,0.005,5,79,0.4645669291338583,0.9333333333333333,0.46153846153846156
35578,HyboNet,4,64,0.005,5,8,0.5354330708661418,0.6,0.5769230769230769
35579,HyboNet,4,64,0.005,5,80,0.4409448818897638,0.9333333333333333,0.46153846153846156
35580,HyboNet,4,64,0.005,5,81,0.4330708661417323,0.9333333333333333,0.46153846153846156
35581,HyboNet,4,64,0.005,5,82,0.4330708661417323,0.9333333333333333,0.46153846153846156
35582,HyboNet,4,64,0.005,5,83,0.4251968503937008,0.9333333333333333,0.46153846153846156
35583,HyboNet,4,64,0.005,5,84,0.4251968503937008,0.9333333333333333,0.46153846153846156
35584,HyboNet,4,64,0.005,5,85,0.4409448818897638,0.9333333333333333,0.4230769230769231
35585,HyboNet,4,64,0.005,5,86,0.4409448818897638,0.9333333333333333,0.34615384615384615
35586,HyboNet,4,64,0.005,5,87,0.41732283464566927,0.9333333333333333,0.34615384615384615
35587,HyboNet,4,64,0.005,5,88,0.4094488188976378,0.9666666666666667,0.3076923076923077
35588,HyboNet,4,64,0.005,5,89,0.4015748031496063,1.0,0.3076923076923077
35589,HyboNet,4,64,0.005,5,9,0.5354330708661418,0.6,0.5769230769230769
35590,HyboNet,4,64,0.005,5,90,0.4015748031496063,1.0,0.3076923076923077
35591,HyboNet,4,64,0.005,5,91,0.4015748031496063,0.9333333333333333,0.3076923076923077
35592,HyboNet,4,64,0.005,5,92,0.44881889763779526,0.9333333333333333,0.38461538461538464
35593,HyboNet,4,64,0.005,5,93,0.4645669291338583,0.9333333333333333,0.5
35594,HyboNet,4,64,0.005,5,94,0.5118110236220472,0.9333333333333333,0.5384615384615384
35595,HyboNet,4,64,0.005,5,95,0.5118110236220472,0.9333333333333333,0.5384615384615384
35596,HyboNet,4,64,0.005,5,96,0.4566929133858268,0.9333333333333333,0.5
35597,HyboNet,4,64,0.005,5,97,0.44881889763779526,1.0,0.4230769230769231
35598,HyboNet,4,64,0.005,5,98,0.4251968503937008,0.9666666666666667,0.3076923076923077
35599,HyboNet,4,64,0.005,5,99,0.4251968503937008,0.9666666666666667,0.3076923076923077
35600,HyboNet,4,64,0.005,6,1,0.5354330708661418,0.6,0.5769230769230769
35601,HyboNet,4,64,0.005,6,10,0.5354330708661418,0.6,0.5769230769230769
35602,HyboNet,4,64,0.005,6,100,0.4409448818897638,0.9333333333333333,0.4230769230769231
35603,HyboNet,4,64,0.005,6,11,0.5354330708661418,0.6,0.5769230769230769
35604,HyboNet,4,64,0.005,6,12,0.5354330708661418,0.6,0.5769230769230769
35605,HyboNet,4,64,0.005,6,13,0.5354330708661418,0.6,0.5769230769230769
35606,HyboNet,4,64,0.005,6,14,0.5354330708661418,0.6,0.5769230769230769
35607,HyboNet,4,64,0.005,6,15,0.5354330708661418,0.6,0.5769230769230769
35608,HyboNet,4,64,0.005,6,16,0.5354330708661418,0.6,0.5769230769230769
35609,HyboNet,4,64,0.005,6,17,0.5354330708661418,0.6,0.5769230769230769
35610,HyboNet,4,64,0.005,6,18,0.5354330708661418,0.6,0.5769230769230769
35611,HyboNet,4,64,0.005,6,19,0.5354330708661418,0.6,0.5769230769230769
35612,HyboNet,4,64,0.005,6,2,0.5354330708661418,0.6,0.5769230769230769
35613,HyboNet,4,64,0.005,6,20,0.5354330708661418,0.6,0.5769230769230769
35614,HyboNet,4,64,0.005,6,21,0.5354330708661418,0.6,0.5769230769230769
35615,HyboNet,4,64,0.005,6,22,0.5354330708661418,0.6,0.5769230769230769
35616,HyboNet,4,64,0.005,6,23,0.5354330708661418,0.6,0.5769230769230769
35617,HyboNet,4,64,0.005,6,24,0.5354330708661418,0.6,0.5769230769230769
35618,HyboNet,4,64,0.005,6,25,0.5354330708661418,0.6,0.5769230769230769
35619,HyboNet,4,64,0.005,6,26,0.5354330708661418,0.6333333333333333,0.5769230769230769
35620,HyboNet,4,64,0.005,6,27,0.5354330708661418,0.6333333333333333,0.5769230769230769
35621,HyboNet,4,64,0.005,6,28,0.5354330708661418,0.6333333333333333,0.5769230769230769
35622,HyboNet,4,64,0.005,6,29,0.5354330708661418,0.6666666666666666,0.5769230769230769
35623,HyboNet,4,64,0.005,6,3,0.5354330708661418,0.6,0.5769230769230769
35624,HyboNet,4,64,0.005,6,30,0.5275590551181102,0.7,0.5769230769230769
35625,HyboNet,4,64,0.005,6,31,0.5590551181102362,0.7333333333333333,0.5
35626,HyboNet,4,64,0.005,6,32,0.5196850393700787,0.7333333333333333,0.5
35627,HyboNet,4,64,0.005,6,33,0.5196850393700787,0.8,0.46153846153846156
35628,HyboNet,4,64,0.005,6,34,0.5039370078740157,0.7666666666666667,0.46153846153846156
35629,HyboNet,4,64,0.005,6,35,0.5039370078740157,0.7666666666666667,0.46153846153846156
35630,HyboNet,4,64,0.005,6,36,0.5275590551181102,0.8,0.46153846153846156
35631,HyboNet,4,64,0.005,6,37,0.5275590551181102,0.8,0.46153846153846156
35632,HyboNet,4,64,0.005,6,38,0.5354330708661418,0.8,0.46153846153846156
35633,HyboNet,4,64,0.005,6,39,0.5196850393700787,0.8,0.46153846153846156
35634,HyboNet,4,64,0.005,6,4,0.5354330708661418,0.6,0.5769230769230769
35635,HyboNet,4,64,0.005,6,40,0.5196850393700787,0.8333333333333334,0.46153846153846156
35636,HyboNet,4,64,0.005,6,41,0.5118110236220472,0.8666666666666667,0.46153846153846156
35637,HyboNet,4,64,0.005,6,42,0.4881889763779528,0.8666666666666667,0.46153846153846156
35638,HyboNet,4,64,0.005,6,43,0.4881889763779528,0.9,0.46153846153846156
35639,HyboNet,4,64,0.005,6,44,0.49606299212598426,0.9,0.46153846153846156
35640,HyboNet,4,64,0.005,6,45,0.4881889763779528,0.9,0.46153846153846156
35641,HyboNet,4,64,0.005,6,46,0.4881889763779528,0.8333333333333334,0.5
35642,HyboNet,4,64,0.005,6,47,0.48031496062992124,0.9,0.46153846153846156
35643,HyboNet,4,64,0.005,6,48,0.49606299212598426,0.8333333333333334,0.5
35644,HyboNet,4,64,0.005,6,49,0.48031496062992124,0.9,0.46153846153846156
35645,HyboNet,4,64,0.005,6,5,0.5354330708661418,0.6,0.5769230769230769
35646,HyboNet,4,64,0.005,6,50,0.4881889763779528,0.9,0.5384615384615384
35647,HyboNet,4,64,0.005,6,51,0.48031496062992124,0.9,0.5384615384615384
35648,HyboNet,4,64,0.005,6,52,0.44881889763779526,0.9333333333333333,0.4230769230769231
35649,HyboNet,4,64,0.005,6,53,0.47244094488188976,0.9,0.46153846153846156
35650,HyboNet,4,64,0.005,6,54,0.44881889763779526,0.9333333333333333,0.46153846153846156
35651,HyboNet,4,64,0.005,6,55,0.47244094488188976,0.9333333333333333,0.46153846153846156
35652,HyboNet,4,64,0.005,6,56,0.4645669291338583,0.9333333333333333,0.5
35653,HyboNet,4,64,0.005,6,57,0.48031496062992124,0.9333333333333333,0.46153846153846156
35654,HyboNet,4,64,0.005,6,58,0.48031496062992124,0.9333333333333333,0.46153846153846156
35655,HyboNet,4,64,0.005,6,59,0.47244094488188976,0.9333333333333333,0.46153846153846156
35656,HyboNet,4,64,0.005,6,6,0.5354330708661418,0.6,0.5769230769230769
35657,HyboNet,4,64,0.005,6,60,0.44881889763779526,0.9333333333333333,0.46153846153846156
35658,HyboNet,4,64,0.005,6,61,0.4566929133858268,0.9333333333333333,0.46153846153846156
35659,HyboNet,4,64,0.005,6,62,0.47244094488188976,0.9333333333333333,0.46153846153846156
35660,HyboNet,4,64,0.005,6,63,0.4645669291338583,0.9333333333333333,0.46153846153846156
35661,HyboNet,4,64,0.005,6,64,0.4645669291338583,0.9333333333333333,0.46153846153846156
35662,HyboNet,4,64,0.005,6,65,0.4645669291338583,0.9333333333333333,0.46153846153846156
35663,HyboNet,4,64,0.005,6,66,0.4645669291338583,0.9333333333333333,0.46153846153846156
35664,HyboNet,4,64,0.005,6,67,0.47244094488188976,0.9333333333333333,0.46153846153846156
35665,HyboNet,4,64,0.005,6,68,0.47244094488188976,0.9333333333333333,0.46153846153846156
35666,HyboNet,4,64,0.005,6,69,0.48031496062992124,0.9333333333333333,0.5
35667,HyboNet,4,64,0.005,6,7,0.5354330708661418,0.6,0.5769230769230769
35668,HyboNet,4,64,0.005,6,70,0.5118110236220472,0.9333333333333333,0.5384615384615384
35669,HyboNet,4,64,0.005,6,71,0.49606299212598426,0.9333333333333333,0.5384615384615384
35670,HyboNet,4,64,0.005,6,72,0.47244094488188976,0.9333333333333333,0.46153846153846156
35671,HyboNet,4,64,0.005,6,73,0.4645669291338583,0.9333333333333333,0.46153846153846156
35672,HyboNet,4,64,0.005,6,74,0.47244094488188976,0.9333333333333333,0.46153846153846156
35673,HyboNet,4,64,0.005,6,75,0.47244094488188976,0.9333333333333333,0.46153846153846156
35674,HyboNet,4,64,0.005,6,76,0.5118110236220472,0.9333333333333333,0.5
35675,HyboNet,4,64,0.005,6,77,0.5196850393700787,0.9333333333333333,0.5769230769230769
35676,HyboNet,4,64,0.005,6,78,0.5275590551181102,0.9333333333333333,0.5769230769230769
35677,HyboNet,4,64,0.005,6,79,0.5118110236220472,0.9333333333333333,0.5
35678,HyboNet,4,64,0.005,6,8,0.5354330708661418,0.6,0.5769230769230769
35679,HyboNet,4,64,0.005,6,80,0.48031496062992124,0.9666666666666667,0.5
35680,HyboNet,4,64,0.005,6,81,0.4251968503937008,0.9333333333333333,0.46153846153846156
35681,HyboNet,4,64,0.005,6,82,0.48031496062992124,0.9666666666666667,0.5
35682,HyboNet,4,64,0.005,6,83,0.48031496062992124,0.9333333333333333,0.5
35683,HyboNet,4,64,0.005,6,84,0.47244094488188976,0.9333333333333333,0.5
35684,HyboNet,4,64,0.005,6,85,0.47244094488188976,0.9333333333333333,0.5
35685,HyboNet,4,64,0.005,6,86,0.47244094488188976,0.9333333333333333,0.5
35686,HyboNet,4,64,0.005,6,87,0.48031496062992124,0.9333333333333333,0.46153846153846156
35687,HyboNet,4,64,0.005,6,88,0.4645669291338583,0.9333333333333333,0.46153846153846156
35688,HyboNet,4,64,0.005,6,89,0.4409448818897638,0.9333333333333333,0.46153846153846156
35689,HyboNet,4,64,0.005,6,9,0.5354330708661418,0.6,0.5769230769230769
35690,HyboNet,4,64,0.005,6,90,0.4409448818897638,1.0,0.4230769230769231
35691,HyboNet,4,64,0.005,6,91,0.4645669291338583,0.9666666666666667,0.46153846153846156
35692,HyboNet,4,64,0.005,6,92,0.44881889763779526,0.9666666666666667,0.46153846153846156
35693,HyboNet,4,64,0.005,6,93,0.44881889763779526,0.9333333333333333,0.46153846153846156
35694,HyboNet,4,64,0.005,6,94,0.4566929133858268,0.9333333333333333,0.46153846153846156
35695,HyboNet,4,64,0.005,6,95,0.44881889763779526,0.9333333333333333,0.46153846153846156
35696,HyboNet,4,64,0.005,6,96,0.44881889763779526,0.9666666666666667,0.46153846153846156
35697,HyboNet,4,64,0.005,6,97,0.4566929133858268,0.9666666666666667,0.46153846153846156
35698,HyboNet,4,64,0.005,6,98,0.44881889763779526,1.0,0.46153846153846156
35699,HyboNet,4,64,0.005,6,99,0.4409448818897638,0.9666666666666667,0.46153846153846156
35700,HyboNet,4,64,0.005,7,1,0.5354330708661418,0.6,0.5769230769230769
35701,HyboNet,4,64,0.005,7,10,0.5354330708661418,0.6,0.5769230769230769
35702,HyboNet,4,64,0.005,7,100,0.4251968503937008,1.0,0.5
35703,HyboNet,4,64,0.005,7,11,0.5354330708661418,0.6,0.5769230769230769
35704,HyboNet,4,64,0.005,7,12,0.5354330708661418,0.6,0.5769230769230769
35705,HyboNet,4,64,0.005,7,13,0.5354330708661418,0.6,0.5769230769230769
35706,HyboNet,4,64,0.005,7,14,0.5354330708661418,0.6,0.5769230769230769
35707,HyboNet,4,64,0.005,7,15,0.5354330708661418,0.6,0.5769230769230769
35708,HyboNet,4,64,0.005,7,16,0.5354330708661418,0.6,0.5769230769230769
35709,HyboNet,4,64,0.005,7,17,0.5354330708661418,0.6,0.5769230769230769
35710,HyboNet,4,64,0.005,7,18,0.5354330708661418,0.6,0.5769230769230769
35711,HyboNet,4,64,0.005,7,19,0.5354330708661418,0.6,0.5769230769230769
35712,HyboNet,4,64,0.005,7,2,0.5354330708661418,0.6,0.5769230769230769
35713,HyboNet,4,64,0.005,7,20,0.5354330708661418,0.6,0.5769230769230769
35714,HyboNet,4,64,0.005,7,21,0.5354330708661418,0.6,0.5769230769230769
35715,HyboNet,4,64,0.005,7,22,0.5354330708661418,0.6,0.5769230769230769
35716,HyboNet,4,64,0.005,7,23,0.5354330708661418,0.6,0.5769230769230769
35717,HyboNet,4,64,0.005,7,24,0.5354330708661418,0.6,0.5769230769230769
35718,HyboNet,4,64,0.005,7,25,0.5354330708661418,0.6,0.5769230769230769
35719,HyboNet,4,64,0.005,7,26,0.5354330708661418,0.6,0.5769230769230769
35720,HyboNet,4,64,0.005,7,27,0.5354330708661418,0.6,0.5769230769230769
35721,HyboNet,4,64,0.005,7,28,0.5354330708661418,0.6,0.5769230769230769
35722,HyboNet,4,64,0.005,7,29,0.5354330708661418,0.6,0.5769230769230769
35723,HyboNet,4,64,0.005,7,3,0.5354330708661418,0.6,0.5769230769230769
35724,HyboNet,4,64,0.005,7,30,0.5354330708661418,0.6333333333333333,0.5769230769230769
35725,HyboNet,4,64,0.005,7,31,0.5275590551181102,0.6666666666666666,0.5769230769230769
35726,HyboNet,4,64,0.005,7,32,0.5275590551181102,0.6666666666666666,0.5769230769230769
35727,HyboNet,4,64,0.005,7,33,0.5196850393700787,0.7333333333333333,0.5769230769230769
35728,HyboNet,4,64,0.005,7,34,0.5354330708661418,0.7333333333333333,0.5384615384615384
35729,HyboNet,4,64,0.005,7,35,0.5118110236220472,0.7666666666666667,0.46153846153846156
35730,HyboNet,4,64,0.005,7,36,0.5275590551181102,0.7666666666666667,0.38461538461538464
35731,HyboNet,4,64,0.005,7,37,0.5275590551181102,0.7666666666666667,0.4230769230769231
35732,HyboNet,4,64,0.005,7,38,0.5196850393700787,0.7666666666666667,0.38461538461538464
35733,HyboNet,4,64,0.005,7,39,0.5275590551181102,0.8333333333333334,0.4230769230769231
35734,HyboNet,4,64,0.005,7,4,0.5354330708661418,0.6,0.5769230769230769
35735,HyboNet,4,64,0.005,7,40,0.5118110236220472,0.8,0.4230769230769231
35736,HyboNet,4,64,0.005,7,41,0.49606299212598426,0.8333333333333334,0.46153846153846156
35737,HyboNet,4,64,0.005,7,42,0.4881889763779528,0.8333333333333334,0.46153846153846156
35738,HyboNet,4,64,0.005,7,43,0.5039370078740157,0.8666666666666667,0.46153846153846156
35739,HyboNet,4,64,0.005,7,44,0.4881889763779528,0.8666666666666667,0.46153846153846156
35740,HyboNet,4,64,0.005,7,45,0.41732283464566927,0.8666666666666667,0.5
35741,HyboNet,4,64,0.005,7,46,0.4330708661417323,0.8333333333333334,0.5
35742,HyboNet,4,64,0.005,7,47,0.3937007874015748,0.8333333333333334,0.46153846153846156
35743,HyboNet,4,64,0.005,7,48,0.44881889763779526,0.8666666666666667,0.5
35744,HyboNet,4,64,0.005,7,49,0.44881889763779526,0.8666666666666667,0.5
35745,HyboNet,4,64,0.005,7,5,0.5354330708661418,0.6,0.5769230769230769
35746,HyboNet,4,64,0.005,7,50,0.4015748031496063,0.9,0.46153846153846156
35747,HyboNet,4,64,0.005,7,51,0.3464566929133858,0.8333333333333334,0.23076923076923078
35748,HyboNet,4,64,0.005,7,52,0.4645669291338583,0.9,0.5
35749,HyboNet,4,64,0.005,7,53,0.4881889763779528,0.7666666666666667,0.5
35750,HyboNet,4,64,0.005,7,54,0.5196850393700787,0.7666666666666667,0.4230769230769231
35751,HyboNet,4,64,0.005,7,55,0.48031496062992124,0.8,0.5
35752,HyboNet,4,64,0.005,7,56,0.49606299212598426,0.8333333333333334,0.46153846153846156
35753,HyboNet,4,64,0.005,7,57,0.4881889763779528,0.8666666666666667,0.5
35754,HyboNet,4,64,0.005,7,58,0.41732283464566927,0.8666666666666667,0.5
35755,HyboNet,4,64,0.005,7,59,0.3700787401574803,0.8666666666666667,0.34615384615384615
35756,HyboNet,4,64,0.005,7,6,0.5354330708661418,0.6,0.5769230769230769
35757,HyboNet,4,64,0.005,7,60,0.3543307086614173,0.9,0.2692307692307692
35758,HyboNet,4,64,0.005,7,61,0.4015748031496063,0.9333333333333333,0.5
35759,HyboNet,4,64,0.005,7,62,0.4330708661417323,0.8666666666666667,0.5
35760,HyboNet,4,64,0.005,7,63,0.4645669291338583,0.8666666666666667,0.5
35761,HyboNet,4,64,0.005,7,64,0.44881889763779526,0.9,0.5
35762,HyboNet,4,64,0.005,7,65,0.4409448818897638,0.9333333333333333,0.5
35763,HyboNet,4,64,0.005,7,66,0.44881889763779526,0.9333333333333333,0.5
35764,HyboNet,4,64,0.005,7,67,0.4330708661417323,0.9,0.46153846153846156
35765,HyboNet,4,64,0.005,7,68,0.4251968503937008,0.8666666666666667,0.4230769230769231
35766,HyboNet,4,64,0.005,7,69,0.44881889763779526,0.8666666666666667,0.5
35767,HyboNet,4,64,0.005,7,7,0.5354330708661418,0.6,0.5769230769230769
35768,HyboNet,4,64,0.005,7,70,0.47244094488188976,0.9,0.5
35769,HyboNet,4,64,0.005,7,71,0.47244094488188976,0.9,0.5
35770,HyboNet,4,64,0.005,7,72,0.48031496062992124,0.9,0.5
35771,HyboNet,4,64,0.005,7,73,0.44881889763779526,0.9333333333333333,0.5
35772,HyboNet,4,64,0.005,7,74,0.41732283464566927,0.9666666666666667,0.5384615384615384
35773,HyboNet,4,64,0.005,7,75,0.4094488188976378,0.9666666666666667,0.46153846153846156
35774,HyboNet,4,64,0.005,7,76,0.3858267716535433,0.9666666666666667,0.4230769230769231
35775,HyboNet,4,64,0.005,7,77,0.4015748031496063,0.9666666666666667,0.38461538461538464
35776,HyboNet,4,64,0.005,7,78,0.4015748031496063,0.9666666666666667,0.46153846153846156
35777,HyboNet,4,64,0.005,7,79,0.3937007874015748,0.9666666666666667,0.46153846153846156
35778,HyboNet,4,64,0.005,7,8,0.5354330708661418,0.6,0.5769230769230769
35779,HyboNet,4,64,0.005,7,80,0.41732283464566927,0.9666666666666667,0.5
35780,HyboNet,4,64,0.005,7,81,0.4330708661417323,0.9666666666666667,0.5
35781,HyboNet,4,64,0.005,7,82,0.4330708661417323,0.9666666666666667,0.5
35782,HyboNet,4,64,0.005,7,83,0.4330708661417323,0.9333333333333333,0.5
35783,HyboNet,4,64,0.005,7,84,0.44881889763779526,0.9333333333333333,0.5
35784,HyboNet,4,64,0.005,7,85,0.4409448818897638,0.9333333333333333,0.5
35785,HyboNet,4,64,0.005,7,86,0.4409448818897638,0.9333333333333333,0.5
35786,HyboNet,4,64,0.005,7,87,0.4409448818897638,0.9666666666666667,0.5
35787,HyboNet,4,64,0.005,7,88,0.4409448818897638,0.9666666666666667,0.5384615384615384
35788,HyboNet,4,64,0.005,7,89,0.4330708661417323,0.9666666666666667,0.5
35789,HyboNet,4,64,0.005,7,9,0.5354330708661418,0.6,0.5769230769230769
35790,HyboNet,4,64,0.005,7,90,0.4409448818897638,0.9666666666666667,0.5
35791,HyboNet,4,64,0.005,7,91,0.4094488188976378,1.0,0.5
35792,HyboNet,4,64,0.005,7,92,0.4094488188976378,1.0,0.4230769230769231
35793,HyboNet,4,64,0.005,7,93,0.4409448818897638,0.9666666666666667,0.5
35794,HyboNet,4,64,0.005,7,94,0.4409448818897638,0.9666666666666667,0.5
35795,HyboNet,4,64,0.005,7,95,0.44881889763779526,0.9666666666666667,0.5
35796,HyboNet,4,64,0.005,7,96,0.4566929133858268,0.9666666666666667,0.5
35797,HyboNet,4,64,0.005,7,97,0.44881889763779526,0.9666666666666667,0.5
35798,HyboNet,4,64,0.005,7,98,0.44881889763779526,1.0,0.5
35799,HyboNet,4,64,0.005,7,99,0.4409448818897638,1.0,0.5
35800,HyboNet,4,64,0.005,8,1,0.5354330708661418,0.6,0.5769230769230769
35801,HyboNet,4,64,0.005,8,10,0.5354330708661418,0.6,0.5769230769230769
35802,HyboNet,4,64,0.005,8,100,0.4409448818897638,0.9333333333333333,0.46153846153846156
35803,HyboNet,4,64,0.005,8,11,0.5354330708661418,0.6,0.5769230769230769
35804,HyboNet,4,64,0.005,8,12,0.5354330708661418,0.6,0.5769230769230769
35805,HyboNet,4,64,0.005,8,13,0.5354330708661418,0.6,0.5769230769230769
35806,HyboNet,4,64,0.005,8,14,0.5354330708661418,0.6,0.5769230769230769
35807,HyboNet,4,64,0.005,8,15,0.5354330708661418,0.6,0.5769230769230769
35808,HyboNet,4,64,0.005,8,16,0.5354330708661418,0.6,0.5769230769230769
35809,HyboNet,4,64,0.005,8,17,0.5354330708661418,0.6,0.5769230769230769
35810,HyboNet,4,64,0.005,8,18,0.5354330708661418,0.6,0.5769230769230769
35811,HyboNet,4,64,0.005,8,19,0.5354330708661418,0.6,0.5769230769230769
35812,HyboNet,4,64,0.005,8,2,0.5354330708661418,0.6,0.5769230769230769
35813,HyboNet,4,64,0.005,8,20,0.5354330708661418,0.6,0.5769230769230769
35814,HyboNet,4,64,0.005,8,21,0.5354330708661418,0.6,0.5769230769230769
35815,HyboNet,4,64,0.005,8,22,0.5354330708661418,0.6,0.5769230769230769
35816,HyboNet,4,64,0.005,8,23,0.5354330708661418,0.6,0.5769230769230769
35817,HyboNet,4,64,0.005,8,24,0.5354330708661418,0.6,0.5769230769230769
35818,HyboNet,4,64,0.005,8,25,0.5354330708661418,0.6,0.5769230769230769
35819,HyboNet,4,64,0.005,8,26,0.5354330708661418,0.6,0.5769230769230769
35820,HyboNet,4,64,0.005,8,27,0.5354330708661418,0.6,0.5769230769230769
35821,HyboNet,4,64,0.005,8,28,0.5354330708661418,0.7,0.5384615384615384
35822,HyboNet,4,64,0.005,8,29,0.5196850393700787,0.7,0.5384615384615384
35823,HyboNet,4,64,0.005,8,3,0.5354330708661418,0.6,0.5769230769230769
35824,HyboNet,4,64,0.005,8,30,0.5118110236220472,0.7333333333333333,0.5384615384615384
35825,HyboNet,4,64,0.005,8,31,0.5196850393700787,0.8,0.5769230769230769
35826,HyboNet,4,64,0.005,8,32,0.5196850393700787,0.8,0.5
35827,HyboNet,4,64,0.005,8,33,0.5275590551181102,0.8,0.5769230769230769
35828,HyboNet,4,64,0.005,8,34,0.5196850393700787,0.8,0.5384615384615384
35829,HyboNet,4,64,0.005,8,35,0.5275590551181102,0.8,0.5769230769230769
35830,HyboNet,4,64,0.005,8,36,0.4881889763779528,0.8666666666666667,0.46153846153846156
35831,HyboNet,4,64,0.005,8,37,0.4881889763779528,0.8333333333333334,0.46153846153846156
35832,HyboNet,4,64,0.005,8,38,0.5039370078740157,0.8333333333333334,0.5
35833,HyboNet,4,64,0.005,8,39,0.4881889763779528,0.8666666666666667,0.5
35834,HyboNet,4,64,0.005,8,4,0.5354330708661418,0.6,0.5769230769230769
35835,HyboNet,4,64,0.005,8,40,0.4330708661417323,0.8666666666666667,0.5
35836,HyboNet,4,64,0.005,8,41,0.4645669291338583,0.8666666666666667,0.46153846153846156
35837,HyboNet,4,64,0.005,8,42,0.4566929133858268,0.8666666666666667,0.5
35838,HyboNet,4,64,0.005,8,43,0.48031496062992124,0.9,0.46153846153846156
35839,HyboNet,4,64,0.005,8,44,0.4566929133858268,0.9333333333333333,0.46153846153846156
35840,HyboNet,4,64,0.005,8,45,0.4251968503937008,0.8666666666666667,0.5
35841,HyboNet,4,64,0.005,8,46,0.4015748031496063,0.9,0.46153846153846156
35842,HyboNet,4,64,0.005,8,47,0.48031496062992124,0.8666666666666667,0.5
35843,HyboNet,4,64,0.005,8,48,0.5196850393700787,0.8,0.5769230769230769
35844,HyboNet,4,64,0.005,8,49,0.5275590551181102,0.8333333333333334,0.5769230769230769
35845,HyboNet,4,64,0.005,8,5,0.5354330708661418,0.6,0.5769230769230769
35846,HyboNet,4,64,0.005,8,50,0.5118110236220472,0.8333333333333334,0.5384615384615384
35847,HyboNet,4,64,0.005,8,51,0.4881889763779528,0.8666666666666667,0.46153846153846156
35848,HyboNet,4,64,0.005,8,52,0.4645669291338583,0.9,0.5
35849,HyboNet,4,64,0.005,8,53,0.44881889763779526,0.9333333333333333,0.46153846153846156
35850,HyboNet,4,64,0.005,8,54,0.4409448818897638,0.9333333333333333,0.46153846153846156
35851,HyboNet,4,64,0.005,8,55,0.44881889763779526,0.9,0.38461538461538464
35852,HyboNet,4,64,0.005,8,56,0.44881889763779526,0.9333333333333333,0.38461538461538464
35853,HyboNet,4,64,0.005,8,57,0.4094488188976378,0.9,0.38461538461538464
35854,HyboNet,4,64,0.005,8,58,0.44881889763779526,0.9333333333333333,0.5
35855,HyboNet,4,64,0.005,8,59,0.4566929133858268,0.9333333333333333,0.5
35856,HyboNet,4,64,0.005,8,6,0.5354330708661418,0.6,0.5769230769230769
35857,HyboNet,4,64,0.005,8,60,0.4409448818897638,0.9333333333333333,0.5
35858,HyboNet,4,64,0.005,8,61,0.44881889763779526,0.9666666666666667,0.4230769230769231
35859,HyboNet,4,64,0.005,8,62,0.4251968503937008,0.9666666666666667,0.4230769230769231
35860,HyboNet,4,64,0.005,8,63,0.4251968503937008,0.9333333333333333,0.46153846153846156
35861,HyboNet,4,64,0.005,8,64,0.4409448818897638,0.9333333333333333,0.46153846153846156
35862,HyboNet,4,64,0.005,8,65,0.4094488188976378,0.9333333333333333,0.4230769230769231
35863,HyboNet,4,64,0.005,8,66,0.4094488188976378,0.9,0.34615384615384615
35864,HyboNet,4,64,0.005,8,67,0.41732283464566927,0.9333333333333333,0.4230769230769231
35865,HyboNet,4,64,0.005,8,68,0.4409448818897638,0.9333333333333333,0.4230769230769231
35866,HyboNet,4,64,0.005,8,69,0.4409448818897638,0.9333333333333333,0.4230769230769231
35867,HyboNet,4,64,0.005,8,7,0.5354330708661418,0.6,0.5769230769230769
35868,HyboNet,4,64,0.005,8,70,0.4094488188976378,0.9333333333333333,0.4230769230769231
35869,HyboNet,4,64,0.005,8,71,0.4015748031496063,0.9333333333333333,0.38461538461538464
35870,HyboNet,4,64,0.005,8,72,0.4094488188976378,0.9333333333333333,0.38461538461538464
35871,HyboNet,4,64,0.005,8,73,0.4094488188976378,0.9333333333333333,0.38461538461538464
35872,HyboNet,4,64,0.005,8,74,0.4409448818897638,0.9333333333333333,0.4230769230769231
35873,HyboNet,4,64,0.005,8,75,0.4409448818897638,0.9333333333333333,0.5
35874,HyboNet,4,64,0.005,8,76,0.4566929133858268,0.9333333333333333,0.5
35875,HyboNet,4,64,0.005,8,77,0.44881889763779526,0.9333333333333333,0.5
35876,HyboNet,4,64,0.005,8,78,0.4330708661417323,0.9333333333333333,0.4230769230769231
35877,HyboNet,4,64,0.005,8,79,0.4094488188976378,0.8666666666666667,0.34615384615384615
35878,HyboNet,4,64,0.005,8,8,0.5354330708661418,0.6,0.5769230769230769
35879,HyboNet,4,64,0.005,8,80,0.4645669291338583,0.9333333333333333,0.5
35880,HyboNet,4,64,0.005,8,81,0.4645669291338583,0.9333333333333333,0.46153846153846156
35881,HyboNet,4,64,0.005,8,82,0.4645669291338583,0.9333333333333333,0.5
35882,HyboNet,4,64,0.005,8,83,0.4645669291338583,0.9333333333333333,0.46153846153846156
35883,HyboNet,4,64,0.005,8,84,0.44881889763779526,0.9666666666666667,0.5
35884,HyboNet,4,64,0.005,8,85,0.4251968503937008,0.9666666666666667,0.46153846153846156
35885,HyboNet,4,64,0.005,8,86,0.3464566929133858,0.8333333333333334,0.3076923076923077
35886,HyboNet,4,64,0.005,8,87,0.4330708661417323,0.9333333333333333,0.46153846153846156
35887,HyboNet,4,64,0.005,8,88,0.4881889763779528,0.9333333333333333,0.5
35888,HyboNet,4,64,0.005,8,89,0.5118110236220472,0.9333333333333333,0.5384615384615384
35889,HyboNet,4,64,0.005,8,9,0.5354330708661418,0.6,0.5769230769230769
35890,HyboNet,4,64,0.005,8,90,0.5118110236220472,0.9,0.5384615384615384
35891,HyboNet,4,64,0.005,8,91,0.5118110236220472,0.9333333333333333,0.5384615384615384
35892,HyboNet,4,64,0.005,8,92,0.4881889763779528,0.9333333333333333,0.46153846153846156
35893,HyboNet,4,64,0.005,8,93,0.4645669291338583,0.9666666666666667,0.46153846153846156
35894,HyboNet,4,64,0.005,8,94,0.41732283464566927,0.9666666666666667,0.46153846153846156
35895,HyboNet,4,64,0.005,8,95,0.3464566929133858,0.9666666666666667,0.3076923076923077
35896,HyboNet,4,64,0.005,8,96,0.3228346456692913,0.9666666666666667,0.3076923076923077
35897,HyboNet,4,64,0.005,8,97,0.3228346456692913,0.9666666666666667,0.2692307692307692
35898,HyboNet,4,64,0.005,8,98,0.3700787401574803,0.9333333333333333,0.34615384615384615
35899,HyboNet,4,64,0.005,8,99,0.41732283464566927,0.9333333333333333,0.34615384615384615
35900,HyboNet,4,64,0.005,9,1,0.5354330708661418,0.6,0.5769230769230769
35901,HyboNet,4,64,0.005,9,10,0.5354330708661418,0.6,0.5769230769230769
35902,HyboNet,4,64,0.005,9,100,0.44881889763779526,0.9333333333333333,0.4230769230769231
35903,HyboNet,4,64,0.005,9,11,0.5354330708661418,0.6,0.5769230769230769
35904,HyboNet,4,64,0.005,9,12,0.5354330708661418,0.6,0.5769230769230769
35905,HyboNet,4,64,0.005,9,13,0.5354330708661418,0.6,0.5769230769230769
35906,HyboNet,4,64,0.005,9,14,0.5354330708661418,0.6,0.5769230769230769
35907,HyboNet,4,64,0.005,9,15,0.5354330708661418,0.6,0.5769230769230769
35908,HyboNet,4,64,0.005,9,16,0.5354330708661418,0.6,0.5769230769230769
35909,HyboNet,4,64,0.005,9,17,0.5354330708661418,0.6,0.5769230769230769
35910,HyboNet,4,64,0.005,9,18,0.5354330708661418,0.6,0.5769230769230769
35911,HyboNet,4,64,0.005,9,19,0.5354330708661418,0.6,0.5769230769230769
35912,HyboNet,4,64,0.005,9,2,0.5354330708661418,0.6,0.5769230769230769
35913,HyboNet,4,64,0.005,9,20,0.5354330708661418,0.6,0.5769230769230769
35914,HyboNet,4,64,0.005,9,21,0.5354330708661418,0.6,0.5769230769230769
35915,HyboNet,4,64,0.005,9,22,0.5354330708661418,0.6,0.5769230769230769
35916,HyboNet,4,64,0.005,9,23,0.5354330708661418,0.6,0.5769230769230769
35917,HyboNet,4,64,0.005,9,24,0.5354330708661418,0.6,0.5769230769230769
35918,HyboNet,4,64,0.005,9,25,0.5354330708661418,0.6,0.5769230769230769
35919,HyboNet,4,64,0.005,9,26,0.5354330708661418,0.6,0.5769230769230769
35920,HyboNet,4,64,0.005,9,27,0.5354330708661418,0.6,0.5769230769230769
35921,HyboNet,4,64,0.005,9,28,0.5354330708661418,0.6,0.5769230769230769
35922,HyboNet,4,64,0.005,9,29,0.5354330708661418,0.6,0.5769230769230769
35923,HyboNet,4,64,0.005,9,3,0.5354330708661418,0.6,0.5769230769230769
35924,HyboNet,4,64,0.005,9,30,0.5354330708661418,0.6,0.5769230769230769
35925,HyboNet,4,64,0.005,9,31,0.5354330708661418,0.6333333333333333,0.5769230769230769
35926,HyboNet,4,64,0.005,9,32,0.5433070866141733,0.7333333333333333,0.5769230769230769
35927,HyboNet,4,64,0.005,9,33,0.5590551181102362,0.7333333333333333,0.5
35928,HyboNet,4,64,0.005,9,34,0.5354330708661418,0.8,0.5
35929,HyboNet,4,64,0.005,9,35,0.5275590551181102,0.8,0.5
35930,HyboNet,4,64,0.005,9,36,0.5275590551181102,0.8,0.5
35931,HyboNet,4,64,0.005,9,37,0.5511811023622047,0.8,0.5384615384615384
35932,HyboNet,4,64,0.005,9,38,0.5511811023622047,0.8,0.5769230769230769
35933,HyboNet,4,64,0.005,9,39,0.5354330708661418,0.8,0.5769230769230769
35934,HyboNet,4,64,0.005,9,4,0.5354330708661418,0.6,0.5769230769230769
35935,HyboNet,4,64,0.005,9,40,0.5118110236220472,0.8,0.5384615384615384
35936,HyboNet,4,64,0.005,9,41,0.5196850393700787,0.8666666666666667,0.5384615384615384
35937,HyboNet,4,64,0.005,9,42,0.5039370078740157,0.8,0.5384615384615384
35938,HyboNet,4,64,0.005,9,43,0.5196850393700787,0.8,0.5384615384615384
35939,HyboNet,4,64,0.005,9,44,0.47244094488188976,0.8666666666666667,0.46153846153846156
35940,HyboNet,4,64,0.005,9,45,0.41732283464566927,0.8333333333333334,0.46153846153846156
35941,HyboNet,4,64,0.005,9,46,0.4330708661417323,0.8666666666666667,0.46153846153846156
35942,HyboNet,4,64,0.005,9,47,0.49606299212598426,0.8333333333333334,0.5
35943,HyboNet,4,64,0.005,9,48,0.5039370078740157,0.8333333333333334,0.5769230769230769
35944,HyboNet,4,64,0.005,9,49,0.5039370078740157,0.8333333333333334,0.5
35945,HyboNet,4,64,0.005,9,5,0.5354330708661418,0.6,0.5769230769230769
35946,HyboNet,4,64,0.005,9,50,0.44881889763779526,0.9,0.46153846153846156
35947,HyboNet,4,64,0.005,9,51,0.4330708661417323,0.9,0.46153846153846156
35948,HyboNet,4,64,0.005,9,52,0.4881889763779528,0.8666666666666667,0.5
35949,HyboNet,4,64,0.005,9,53,0.5275590551181102,0.8666666666666667,0.5384615384615384
35950,HyboNet,4,64,0.005,9,54,0.5275590551181102,0.9,0.5769230769230769
35951,HyboNet,4,64,0.005,9,55,0.5196850393700787,0.9,0.5384615384615384
35952,HyboNet,4,64,0.005,9,56,0.44881889763779526,0.8,0.4230769230769231
35953,HyboNet,4,64,0.005,9,57,0.44881889763779526,0.8666666666666667,0.4230769230769231
35954,HyboNet,4,64,0.005,9,58,0.5118110236220472,0.9333333333333333,0.5769230769230769
35955,HyboNet,4,64,0.005,9,59,0.5354330708661418,0.9,0.5769230769230769
35956,HyboNet,4,64,0.005,9,6,0.5354330708661418,0.6,0.5769230769230769
35957,HyboNet,4,64,0.005,9,60,0.5354330708661418,0.9,0.5769230769230769
35958,HyboNet,4,64,0.005,9,61,0.5196850393700787,0.9333333333333333,0.5769230769230769
35959,HyboNet,4,64,0.005,9,62,0.5118110236220472,0.9333333333333333,0.5769230769230769
35960,HyboNet,4,64,0.005,9,63,0.4881889763779528,0.9333333333333333,0.5
35961,HyboNet,4,64,0.005,9,64,0.47244094488188976,0.9333333333333333,0.46153846153846156
35962,HyboNet,4,64,0.005,9,65,0.48031496062992124,0.9333333333333333,0.5
35963,HyboNet,4,64,0.005,9,66,0.4881889763779528,0.9333333333333333,0.5384615384615384
35964,HyboNet,4,64,0.005,9,67,0.4881889763779528,0.9333333333333333,0.5384615384615384
35965,HyboNet,4,64,0.005,9,68,0.49606299212598426,0.9333333333333333,0.5384615384615384
35966,HyboNet,4,64,0.005,9,69,0.48031496062992124,0.9333333333333333,0.5
35967,HyboNet,4,64,0.005,9,7,0.5354330708661418,0.6,0.5769230769230769
35968,HyboNet,4,64,0.005,9,70,0.4881889763779528,0.9333333333333333,0.5
35969,HyboNet,4,64,0.005,9,71,0.4881889763779528,0.9333333333333333,0.5384615384615384
35970,HyboNet,4,64,0.005,9,72,0.4881889763779528,0.9333333333333333,0.5384615384615384
35971,HyboNet,4,64,0.005,9,73,0.5039370078740157,0.9333333333333333,0.5384615384615384
35972,HyboNet,4,64,0.005,9,74,0.5039370078740157,0.9333333333333333,0.5384615384615384
35973,HyboNet,4,64,0.005,9,75,0.49606299212598426,0.9333333333333333,0.5384615384615384
35974,HyboNet,4,64,0.005,9,76,0.4881889763779528,0.9333333333333333,0.5
35975,HyboNet,4,64,0.005,9,77,0.4881889763779528,0.9333333333333333,0.5
35976,HyboNet,4,64,0.005,9,78,0.49606299212598426,0.9333333333333333,0.5384615384615384
35977,HyboNet,4,64,0.005,9,79,0.49606299212598426,0.9333333333333333,0.5384615384615384
35978,HyboNet,4,64,0.005,9,8,0.5354330708661418,0.6,0.5769230769230769
35979,HyboNet,4,64,0.005,9,80,0.49606299212598426,0.9333333333333333,0.5384615384615384
35980,HyboNet,4,64,0.005,9,81,0.48031496062992124,0.9333333333333333,0.46153846153846156
35981,HyboNet,4,64,0.005,9,82,0.4645669291338583,0.9333333333333333,0.4230769230769231
35982,HyboNet,4,64,0.005,9,83,0.4645669291338583,0.9333333333333333,0.4230769230769231
35983,HyboNet,4,64,0.005,9,84,0.48031496062992124,0.9333333333333333,0.5384615384615384
35984,HyboNet,4,64,0.005,9,85,0.5039370078740157,0.9333333333333333,0.5769230769230769
35985,HyboNet,4,64,0.005,9,86,0.49606299212598426,0.9333333333333333,0.5769230769230769
35986,HyboNet,4,64,0.005,9,87,0.5039370078740157,0.9333333333333333,0.5384615384615384
35987,HyboNet,4,64,0.005,9,88,0.4881889763779528,0.9333333333333333,0.46153846153846156
35988,HyboNet,4,64,0.005,9,89,0.44881889763779526,0.9333333333333333,0.4230769230769231
35989,HyboNet,4,64,0.005,9,9,0.5354330708661418,0.6,0.5769230769230769
35990,HyboNet,4,64,0.005,9,90,0.4645669291338583,0.9333333333333333,0.4230769230769231
35991,HyboNet,4,64,0.005,9,91,0.4566929133858268,0.9333333333333333,0.46153846153846156
35992,HyboNet,4,64,0.005,9,92,0.5118110236220472,0.9333333333333333,0.5384615384615384
35993,HyboNet,4,64,0.005,9,93,0.5118110236220472,0.9333333333333333,0.5769230769230769
35994,HyboNet,4,64,0.005,9,94,0.5039370078740157,0.9333333333333333,0.5384615384615384
35995,HyboNet,4,64,0.005,9,95,0.4566929133858268,0.9333333333333333,0.46153846153846156
35996,HyboNet,4,64,0.005,9,96,0.48031496062992124,0.9333333333333333,0.4230769230769231
35997,HyboNet,4,64,0.005,9,97,0.4330708661417323,0.9333333333333333,0.4230769230769231
35998,HyboNet,4,64,0.005,9,98,0.3779527559055118,0.9333333333333333,0.4230769230769231
35999,HyboNet,4,64,0.005,9,99,0.4330708661417323,0.9333333333333333,0.4230769230769231
